cellnumber     x-coordinate     y-coordinate     z-coordinate velocity-magnitude 
         1  1.999999955E-02 -2.583321184E-02  6.562000141E-03  2.959302964E+00 
         2  1.999994740E-02 -2.602700889E-02  6.562000141E-03  1.610103779E+00 
         3  1.999998651E-02 -2.607314475E-02  6.562000141E-03  1.909744235E+00 
         4  1.999999955E-02 -2.615704387E-02  6.562000141E-03  1.680908316E+00 
         5  1.999999955E-02 -2.630104311E-02  6.562000141E-03  1.773183043E+00 
         6  1.999999955E-02 -2.644504420E-02  6.562000141E-03  1.894013313E+00 
         7  1.999999955E-02 -2.658904344E-02  6.562000141E-03  2.371918560E+00 
         8  1.999999955E-02 -2.673304267E-02  6.562000141E-03  3.681403923E+00 
         9  1.999999955E-02 -2.687704377E-02  6.562000141E-03  5.352212414E+00 
        10  1.999999955E-02 -2.702104300E-02  6.562000141E-03  6.686690745E+00 
        11  1.999999955E-02 -2.716504410E-02  6.562000141E-03  7.144594790E+00 
        12  1.999999955E-02 -2.730904333E-02  6.562000141E-03  7.223998948E+00 
        13  1.999999955E-02 -2.745304257E-02  6.562000141E-03  7.233287325E+00 
        14  1.999999955E-02 -2.759704366E-02  6.562000141E-03  7.244463257E+00 
        15  1.999999955E-02 -2.774104290E-02  6.562000141E-03  7.274689204E+00 
        16  1.999999955E-02 -2.788504399E-02  6.562000141E-03  7.316367953E+00 
        17  1.999999955E-02 -2.802904323E-02  6.562000141E-03  7.363461682E+00 
        18  1.999999955E-02 -2.817304432E-02  6.562000141E-03  7.413441700E+00 
        19  1.999999955E-02 -2.831704356E-02  6.562000141E-03  7.465627527E+00 
        20  1.999999955E-02 -2.846104279E-02  6.562000141E-03  7.519986988E+00 
        21  1.999999955E-02 -2.860504389E-02  6.562000141E-03  7.576840018E+00 
        22  1.999999955E-02 -2.874904312E-02  6.562000141E-03  7.636701392E+00 
        23  1.999999955E-02 -2.889304422E-02  6.562000141E-03  7.699914573E+00 
        24  1.999999955E-02 -2.903704345E-02  6.562000141E-03  7.765845937E+00 
        25  1.999999955E-02 -2.918104269E-02  6.562000141E-03  7.831950635E+00 
        26  1.999999955E-02 -2.932504378E-02  6.562000141E-03  7.893275408E+00 
        27  1.999999955E-02 -2.946904302E-02  6.562000141E-03  7.939811948E+00 
        28  1.999999955E-02 -2.959104441E-02  6.562000141E-03  7.935396125E+00 
        29  1.999999955E-02 -2.971169166E-02  6.562000606E-03  7.847419903E+00 
        30  1.999999955E-02 -2.980891429E-02  6.562000141E-03  7.603182006E+00 
        31  1.999999955E-02 -2.984774485E-02  6.562000141E-03  7.231284323E+00 
        32  1.999996044E-02 -2.592459694E-02  6.562000141E-03  2.270484214E+00 
