cellnumber     x-coordinate     y-coordinate     z-coordinate velocity-magnitude 
         1  1.999999955E-02 -2.583321184E-02  6.562000141E-03  3.877411975E+00 
         2  1.999994740E-02 -2.602700889E-02  6.562000141E-03  2.047903984E+00 
         3  1.999998651E-02 -2.607314475E-02  6.562000141E-03  2.427359770E+00 
         4  1.999999955E-02 -2.615704387E-02  6.562000141E-03  1.681480945E+00 
         5  1.999999955E-02 -2.630104311E-02  6.562000141E-03  1.320585782E+00 
         6  1.999999955E-02 -2.644504420E-02  6.562000141E-03  1.421560334E+00 
         7  1.999999955E-02 -2.658904344E-02  6.562000141E-03  1.873265292E+00 
         8  1.999999955E-02 -2.673304267E-02  6.562000141E-03  2.888919268E+00 
         9  1.999999955E-02 -2.687704377E-02  6.562000141E-03  4.432494089E+00 
        10  1.999999955E-02 -2.702104300E-02  6.562000141E-03  6.156645927E+00 
        11  1.999999955E-02 -2.716504410E-02  6.562000141E-03  7.301029071E+00 
        12  1.999999955E-02 -2.730904333E-02  6.562000141E-03  7.591010475E+00 
        13  1.999999955E-02 -2.745304257E-02  6.562000141E-03  7.607320493E+00 
        14  1.999999955E-02 -2.759704366E-02  6.562000141E-03  7.603380704E+00 
        15  1.999999955E-02 -2.774104290E-02  6.562000141E-03  7.608485474E+00 
        16  1.999999955E-02 -2.788504399E-02  6.562000141E-03  7.619066969E+00 
        17  1.999999955E-02 -2.802904323E-02  6.562000141E-03  7.629604750E+00 
        18  1.999999955E-02 -2.817304432E-02  6.562000141E-03  7.638721618E+00 
        19  1.999999955E-02 -2.831704356E-02  6.562000141E-03  7.647973225E+00 
        20  1.999999955E-02 -2.846104279E-02  6.562000141E-03  7.659297449E+00 
        21  1.999999955E-02 -2.860504389E-02  6.562000141E-03  7.674298838E+00 
        22  1.999999955E-02 -2.874904312E-02  6.562000141E-03  7.694456962E+00 
        23  1.999999955E-02 -2.889304422E-02  6.562000141E-03  7.720927610E+00 
        24  1.999999955E-02 -2.903704345E-02  6.562000141E-03  7.753527446E+00 
        25  1.999999955E-02 -2.918104269E-02  6.562000141E-03  7.790908856E+00 
        26  1.999999955E-02 -2.932504378E-02  6.562000141E-03  7.829060169E+00 
        27  1.999999955E-02 -2.946904302E-02  6.562000141E-03  7.857931808E+00 
        28  1.999999955E-02 -2.959104441E-02  6.562000141E-03  7.849676604E+00 
        29  1.999999955E-02 -2.971169166E-02  6.562000606E-03  7.770837052E+00 
        30  1.999999955E-02 -2.980891429E-02  6.562000141E-03  7.555018244E+00 
        31  1.999999955E-02 -2.984774485E-02  6.562000141E-03  7.223072015E+00 
        32  1.999996044E-02 -2.592459694E-02  6.562000141E-03  3.092887667E+00 
