cellnumber     x-coordinate     y-coordinate     z-coordinate velocity-magnitude 
         1  1.999999955E-02 -2.583321184E-02  6.562000141E-03  3.912428775E+00 
         2  1.999994740E-02 -2.602700889E-02  6.562000141E-03  2.340040285E+00 
         3  1.999998651E-02 -2.607314475E-02  6.562000141E-03  2.878534005E+00 
         4  1.999999955E-02 -2.615704387E-02  6.562000141E-03  2.677321943E+00 
         5  1.999999955E-02 -2.630104311E-02  6.562000141E-03  2.777538329E+00 
         6  1.999999955E-02 -2.644504420E-02  6.562000141E-03  2.546176003E+00 
         7  1.999999955E-02 -2.658904344E-02  6.562000141E-03  2.060857790E+00 
         8  1.999999955E-02 -2.673304267E-02  6.562000141E-03  2.276678791E+00 
         9  1.999999955E-02 -2.687704377E-02  6.562000141E-03  3.606004607E+00 
        10  1.999999955E-02 -2.702104300E-02  6.562000141E-03  5.385287465E+00 
        11  1.999999955E-02 -2.716504410E-02  6.562000141E-03  6.806752840E+00 
        12  1.999999955E-02 -2.730904333E-02  6.562000141E-03  7.183789466E+00 
        13  1.999999955E-02 -2.745304257E-02  6.562000141E-03  7.185935232E+00 
        14  1.999999955E-02 -2.759704366E-02  6.562000141E-03  7.149815676E+00 
        15  1.999999955E-02 -2.774104290E-02  6.562000141E-03  7.168757958E+00 
        16  1.999999955E-02 -2.788504399E-02  6.562000141E-03  7.221974418E+00 
        17  1.999999955E-02 -2.802904323E-02  6.562000141E-03  7.287435066E+00 
        18  1.999999955E-02 -2.817304432E-02  6.562000141E-03  7.357732219E+00 
        19  1.999999955E-02 -2.831704356E-02  6.562000141E-03  7.431067440E+00 
        20  1.999999955E-02 -2.846104279E-02  6.562000141E-03  7.505861043E+00 
        21  1.999999955E-02 -2.860504389E-02  6.562000141E-03  7.580544378E+00 
        22  1.999999955E-02 -2.874904312E-02  6.562000141E-03  7.653913512E+00 
        23  1.999999955E-02 -2.889304422E-02  6.562000141E-03  7.724919876E+00 
        24  1.999999955E-02 -2.903704345E-02  6.562000141E-03  7.791925191E+00 
        25  1.999999955E-02 -2.918104269E-02  6.562000141E-03  7.851998408E+00 
        26  1.999999955E-02 -2.932504378E-02  6.562000141E-03  7.901108215E+00 
        27  1.999999955E-02 -2.946904302E-02  6.562000141E-03  7.930332494E+00 
        28  1.999999955E-02 -2.959104441E-02  6.562000141E-03  7.913197128E+00 
        29  1.999999955E-02 -2.971169166E-02  6.562000606E-03  7.809309805E+00 
        30  1.999999955E-02 -2.980891429E-02  6.562000141E-03  7.587293771E+00 
        31  1.999999955E-02 -2.984774485E-02  6.562000141E-03  7.290224226E+00 
        32  1.999996044E-02 -2.592459694E-02  6.562000141E-03  3.269754605E+00 
