(title "Mean Velocity Magnitude")
(labels "Position" "Mean Velocity Magnitude")

((xy/key/label "quadrant-1")
0.01116	3.46442
0.01092	3.3858
0.01068	3.30826
0.01044	3.2278
0.00283539	1.03901
0.00285227	1.02287
0.00287257	0.995267
0.00289702	0.953233
0.00292645	0.899324
0.00296193	0.846242
0.0030191	0.80108
0.00306352	0.783279
0.00312345	0.747264
0.00321752	0.733647
0.00330914	0.706505
0.00348	0.683955
0.00372	0.649046
0.00396	0.615123
0.0042	0.587016
0.00444	0.567277
0.00468	0.560784
0.00492	0.572108
0.00516	0.597389
0.0054	0.625389
0.00564	0.6543
0.00588	0.676509
0.00612	0.674538
0.00636	0.681401
0.0066	0.766773
0.00684	1.0383
0.00708	1.47849
0.00732	1.87764
0.00756	2.11037
0.0078	2.19779
0.00804	2.24886
0.00828	2.37096
0.00852	2.57678
0.00876	2.73801
0.009	2.79088
0.00924	2.82349
0.00948	2.88561
0.00972	2.96826
0.00996	3.05447
0.0102	3.14239
0.01764	5.43154
0.0174	5.47463
0.01716	5.49725
0.01692	5.50682
0.01668	5.52746
0.01644	5.5461
0.0162	5.52963
0.01596	5.48148
0.01572	5.41542
0.01548	5.32722
0.01524	5.22775
0.015	5.12343
0.01476	5.01447
0.01452	4.90622
0.01428	4.79914
0.01404	4.68942
0.0138	4.57578
0.01356	4.46316
0.01332	4.35688
0.01308	4.25729
0.01284	4.16085
0.0126	4.06315
0.01236	3.96072
0.01212	3.85304
0.01188	3.74415
0.01164	3.64117
0.0114	3.54832
0.0189513	5.23879
0.0188597	5.25955
0.0187341	5.27246
0.0185817	5.29008
0.01836	5.31142
0.01812	5.33829
0.01788	5.38153
0.0212054	0.493592
0.0211884	1.50739
0.021168	2.51527
0.0211436	3.32114
0.0211143	3.85383
0.0210791	4.14047
0.0210207	4.29261
0.0209479	4.33549
0.0208796	4.37877
0.0208271	4.42026
0.0207692	4.40788
0.0206786	4.45394
0.0205888	4.49906
0.0205008	4.57556
0.0204128	4.65061
0.0203248	4.73734
0.0202368	4.81505
0.0201488	4.88881
0.0200608	4.95166
0.0199728	5.0019
0.0198848	5.03834
0.0197968	5.05886
0.0197088	5.06644
0.0196208	5.06432
0.0195328	5.05683
0.0194448	5.04847
0.0193548	5.04861
0.0192639	5.0487
0.0191973	5.04806
0.0190995	5.07898
0.0189934	5.1003
0.0247726	0.137742
0.024793	0.43577
0.0248175	0.783989
0.0248357	1.13489
0.0248519	1.08545
0.024883	1.38562
0.0249261	1.66787
0.0249524	1.97563
0.0249921	2.04449
0.0250402	2.36134
0.0251243	2.4347
0.0252527	2.84408
0.0253446	3.08237
0.0254292	3.08474
0.0255168	3.22758
0.0256048	3.21173
0.0256928	3.24391
0.0257808	3.22363
0.0258688	3.20692
0.0260448	3.00654
0.0262208	2.94141
0.0263968	2.88218
0.0265728	2.89449
0.0267488	2.86348
0.0269248	2.95188
0.0271008	2.93706
0.0272768	3.03641
0.0274528	3.01466
0.0276288	3.03746
0.0278048	2.98008
0.0279808	2.83013
0.0281568	2.72211
0.0283328	2.37146
0.0285088	2.235
0.0286848	1.703
0.0288608	1.56622
0.0290368	0.985682
0.0292128	0.904025
0.0293888	0.462645
0.0295648	0.437993
0.0297408	0.245558
0.0298901	0.246198
)
