cellnumber     x-coordinate     y-coordinate     z-coordinate velocity-magnitude 
         1  1.999999955E-02 -2.984774485E-02  6.562000141E-03  4.572377053E+00 
         2  1.999999955E-02 -2.980891429E-02  6.562000141E-03  5.930402681E+00 
         3  1.999999955E-02 -2.971169166E-02  6.562000141E-03  6.963655549E+00 
         4  1.999999955E-02 -2.959104441E-02  6.562000141E-03  7.138979288E+00 
         5  1.999999955E-02 -2.946904302E-02  6.562000141E-03  7.389197906E+00 
         6  1.999999955E-02 -2.932504192E-02  6.562000141E-03  7.506344770E+00 
         7  1.999999955E-02 -2.918104269E-02  6.562000141E-03  7.356204283E+00 
         8  1.999999955E-02 -2.903704345E-02  6.562000141E-03  7.008870500E+00 
         9  1.999999955E-02 -2.889304236E-02  6.562000141E-03  6.548026808E+00 
        10  1.999999955E-02 -2.874904312E-02  6.562000141E-03  6.237759756E+00 
        11  1.999999955E-02 -2.860504203E-02  6.562000141E-03  6.055741402E+00 
        12  1.999999955E-02 -2.846104279E-02  6.562000141E-03  6.009106429E+00 
        13  1.999999955E-02 -2.831704356E-02  6.562000141E-03  6.142005911E+00 
        14  1.999999955E-02 -2.817304246E-02  6.562000141E-03  6.518542846E+00 
        15  1.999999955E-02 -2.802904323E-02  6.562000141E-03  7.041612318E+00 
        16  1.999999955E-02 -2.788504213E-02  6.562000141E-03  7.360992361E+00 
        17  1.999999955E-02 -2.774104290E-02  6.562000141E-03  7.281477069E+00 
        18  1.999999955E-02 -2.759704366E-02  6.562000141E-03  7.238872319E+00 
        19  1.999999955E-02 -2.745304257E-02  6.562000141E-03  6.984478473E+00 
        20  1.999999955E-02 -2.730904333E-02  6.562000141E-03  6.664105637E+00 
        21  1.999999955E-02 -2.716504224E-02  6.562000141E-03  6.639571256E+00 
        22  1.999999955E-02 -2.702104300E-02  6.562000141E-03  6.802991389E+00 
        23  1.999999955E-02 -2.687704377E-02  6.562000141E-03  6.954994791E+00 
        24  1.999999955E-02 -2.673304267E-02  6.562000141E-03  6.919067062E+00 
        25  1.999999955E-02 -2.658904344E-02  6.562000141E-03  6.699914135E+00 
        26  1.999999955E-02 -2.644504420E-02  6.562000141E-03  6.621371664E+00 
        27  1.999999955E-02 -2.630104311E-02  6.562000141E-03  6.639862479E+00 
        28  1.999999955E-02 -2.615704387E-02  6.562000141E-03  6.774316301E+00 
        29  1.999998651E-02 -2.607314475E-02  6.562000141E-03  7.068496766E+00 
        30  1.999994740E-02 -2.602700889E-02  6.562000141E-03  6.912185006E+00 
        31  1.999996044E-02 -2.592459694E-02  6.562000141E-03  6.192108750E+00 
        32  1.999999955E-02 -2.583321184E-02  6.561999675E-03  4.615097904E+00 
