cellnumber     x-coordinate     y-coordinate     z-coordinate velocity-magnitude 
         1  1.999999955E-02 -2.984774485E-02  6.562000141E-03  2.743498598E+00 
         2  1.999999955E-02 -2.980891429E-02  6.562000141E-03  3.188013118E+00 
         3  1.999999955E-02 -2.971169166E-02  6.562000141E-03  4.082457686E+00 
         4  1.999999955E-02 -2.959104441E-02  6.562000141E-03  5.655509988E+00 
         5  1.999999955E-02 -2.946904302E-02  6.562000141E-03  6.170385084E+00 
         6  1.999999955E-02 -2.932504192E-02  6.562000141E-03  6.176643154E+00 
         7  1.999999955E-02 -2.918104269E-02  6.562000141E-03  6.673601749E+00 
         8  1.999999955E-02 -2.903704345E-02  6.562000141E-03  7.025563938E+00 
         9  1.999999955E-02 -2.889304236E-02  6.562000141E-03  7.215916143E+00 
        10  1.999999955E-02 -2.874904312E-02  6.562000141E-03  7.403226316E+00 
        11  1.999999955E-02 -2.860504203E-02  6.562000141E-03  7.410315526E+00 
        12  1.999999955E-02 -2.846104279E-02  6.562000141E-03  7.479557993E+00 
        13  1.999999955E-02 -2.831704356E-02  6.562000141E-03  7.493134822E+00 
        14  1.999999955E-02 -2.817304246E-02  6.562000141E-03  7.526672325E+00 
        15  1.999999955E-02 -2.802904323E-02  6.562000141E-03  7.586583717E+00 
        16  1.999999955E-02 -2.788504213E-02  6.562000141E-03  7.571806719E+00 
        17  1.999999955E-02 -2.774104290E-02  6.562000141E-03  7.507887682E+00 
        18  1.999999955E-02 -2.759704366E-02  6.562000141E-03  7.394188706E+00 
        19  1.999999955E-02 -2.745304257E-02  6.562000141E-03  7.397916836E+00 
        20  1.999999955E-02 -2.730904333E-02  6.562000141E-03  7.484282744E+00 
        21  1.999999955E-02 -2.716504224E-02  6.562000141E-03  7.513876933E+00 
        22  1.999999955E-02 -2.702104300E-02  6.562000141E-03  7.488714012E+00 
        23  1.999999955E-02 -2.687704377E-02  6.562000141E-03  7.391874513E+00 
        24  1.999999955E-02 -2.673304267E-02  6.562000141E-03  7.340975848E+00 
        25  1.999999955E-02 -2.658904344E-02  6.562000141E-03  7.336871136E+00 
        26  1.999999955E-02 -2.644504420E-02  6.562000141E-03  7.342974660E+00 
        27  1.999999955E-02 -2.630104311E-02  6.562000141E-03  7.342326825E+00 
        28  1.999999955E-02 -2.615704387E-02  6.562000141E-03  7.287552263E+00 
        29  1.999998651E-02 -2.607314475E-02  6.562000141E-03  6.523939171E+00 
        30  1.999994740E-02 -2.602700889E-02  6.562000141E-03  7.218899918E+00 
        31  1.999996044E-02 -2.592459694E-02  6.562000141E-03  6.522740806E+00 
        32  1.999999955E-02 -2.583321184E-02  6.561999675E-03  6.301838309E+00 
