cellnumber     x-coordinate     y-coordinate     z-coordinate velocity-magnitude 
         1 -1.156249549E-02 -1.156249736E-02  6.562000141E-03  5.699787504E+00 
         2 -1.168749575E-02 -1.168749668E-02  6.562000141E-03  5.727493547E+00 
         3 -1.181249600E-02 -1.181249693E-02  6.562000141E-03  5.788115547E+00 
         4 -1.193749625E-02 -1.193749718E-02  6.562000141E-03  5.825751212E+00 
         5 -1.206249557E-02 -1.206249651E-02  6.562000141E-03  5.889422740E+00 
         6 -1.218749583E-02 -1.218749676E-02  6.562000141E-03  6.022983693E+00 
         7 -1.231249608E-02 -1.231249701E-02  6.562000141E-03  6.211345441E+00 
         8 -7.312495261E-03 -7.312497124E-03  6.562000141E-03  4.246614881E+00 
         9 -7.437495515E-03 -7.437497377E-03  6.562000141E-03  4.228772259E+00 
        10 -7.562495302E-03 -7.562497165E-03  6.562000141E-03  4.126556034E+00 
        11 -7.687495556E-03 -7.687497418E-03  6.562000141E-03  3.768443911E+00 
        12 -7.812495343E-03 -7.812497206E-03  6.562000141E-03  3.536819861E+00 
        13 -7.937495597E-03 -7.937497459E-03  6.562000141E-03  3.452319415E+00 
        14 -8.062495850E-03 -8.062497713E-03  6.562000141E-03  3.539249332E+00 
        15 -8.187495172E-03 -8.187497035E-03  6.562000141E-03  3.759073953E+00 
        16 -8.312495425E-03 -8.312497288E-03  6.562000141E-03  4.156854661E+00 
        17 -8.437495679E-03 -8.437497541E-03  6.562000141E-03  4.293020432E+00 
        18 -8.562495932E-03 -8.562496863E-03  6.562000141E-03  4.345384043E+00 
        19 -8.687495254E-03 -8.687497117E-03  6.562000141E-03  4.364403544E+00 
        20 -8.812495507E-03 -8.812497370E-03  6.562000141E-03  4.434867145E+00 
        21 -8.937495761E-03 -8.937497623E-03  6.562000141E-03  4.558044249E+00 
        22 -9.062496014E-03 -9.062496945E-03  6.562000141E-03  4.670660140E+00 
        23 -9.187495336E-03 -9.187497199E-03  6.562000141E-03  4.708221964E+00 
        24 -9.312495589E-03 -9.312497452E-03  6.562000141E-03  4.677287331E+00 
        25 -9.437495843E-03 -9.437496774E-03  6.562000141E-03  4.715726206E+00 
        26 -9.562496096E-03 -9.562497027E-03  6.562000141E-03  4.715532954E+00 
        27 -9.687495418E-03 -9.687497281E-03  6.562000141E-03  4.578972873E+00 
        28 -9.812495671E-03 -9.812497534E-03  6.562000141E-03  4.470242805E+00 
        29 -9.937495925E-03 -9.937496856E-03  6.562000141E-03  4.518873862E+00 
        30 -1.006249525E-02 -1.006249711E-02  6.562000141E-03  4.741425864E+00 
        31 -1.018749550E-02 -1.018749736E-02  6.562000141E-03  4.958755242E+00 
        32 -1.031249575E-02 -1.031249668E-02  6.562000141E-03  5.047466561E+00 
        33 -1.043749601E-02 -1.043749694E-02  6.562000141E-03  5.054255060E+00 
        34 -1.056249533E-02 -1.056249719E-02  6.562000141E-03  5.041253976E+00 
        35 -1.068749558E-02 -1.068749744E-02  6.562000141E-03  5.031604858E+00 
        36 -1.081249584E-02 -1.081249677E-02  6.562000141E-03  5.282892404E+00 
        37 -1.093749609E-02 -1.093749702E-02  6.562000141E-03  5.592758619E+00 
        38 -1.106249541E-02 -1.106249727E-02  6.562000141E-03  5.566086117E+00 
        39 -1.118749566E-02 -1.118749660E-02  6.562000141E-03  5.624886806E+00 
        40 -1.131249592E-02 -1.131249685E-02  6.562000141E-03  5.703804789E+00 
        41 -1.143749617E-02 -1.143749710E-02  6.562000141E-03  5.714863250E+00 
        42 -1.243749633E-02 -1.243749727E-02  6.562000141E-03  6.364620897E+00 
        43 -1.256249566E-02 -1.256249659E-02  6.562000141E-03  6.443798658E+00 
        44 -1.268749591E-02 -1.268749684E-02  6.562000141E-03  6.490235776E+00 
        45 -1.281249616E-02 -1.281249709E-02  6.562000141E-03  6.527120854E+00 
        46 -3.812495153E-03 -3.812497482E-03  6.562000141E-03  1.599024142E+00 
        47 -3.687495133E-03 -3.687497461E-03  6.562000141E-03  1.391067560E+00 
        48 -3.562495112E-03 -3.562497441E-03  6.562000141E-03  1.324039593E+00 
        49 -3.437495092E-03 -3.437497420E-03  6.562000141E-03  1.403641456E+00 
        50 -3.312495071E-03 -3.312497633E-03  6.562000141E-03  1.555496445E+00 
        51 -3.187495051E-03 -3.187497612E-03  6.562000141E-03  1.701816912E+00 
        52 -3.061021678E-03 -3.061023075E-03  6.562000606E-03  1.861216940E+00 
        53 -2.973292954E-03 -2.973292954E-03  6.562000606E-03  1.517067768E+00 
        54 -2.937367652E-03 -2.937367652E-03  6.562000141E-03  1.354557051E+00 
        55 -2.915092511E-03 -2.915092511E-03  6.562000141E-03  1.323143022E+00 
        56 -2.896590624E-03 -2.896590624E-03  6.562000141E-03  1.299224649E+00 
        57 -2.881214023E-03 -2.881214023E-03  6.562000606E-03  1.299356203E+00 
        58 -2.868429059E-03 -2.868429059E-03  6.562000141E-03  1.311104501E+00 
        59 -2.857795218E-03 -2.857794985E-03  6.562000606E-03  1.333219484E+00 
        60 -2.848947421E-03 -2.848947421E-03  6.562000606E-03  1.360693046E+00 
        61 -2.841583686E-03 -2.841583686E-03  6.562000606E-03  1.390633628E+00 
        62 -2.835454186E-03 -2.835454186E-03  6.562000141E-03  1.420569800E+00 
        63 -2.830350772E-03 -2.830350772E-03  6.562000606E-03  1.448990756E+00 
        64 -1.693749614E-02 -1.693749614E-02  6.562000141E-03  7.957705247E+00 
        65 -1.681249589E-02 -1.681249589E-02  6.562000141E-03  8.052763883E+00 
        66 -1.668749563E-02 -1.668749563E-02  6.562000141E-03  8.201652895E+00 
        67 -1.656249538E-02 -1.656249538E-02  6.562000141E-03  8.258888359E+00 
        68 -1.643749513E-02 -1.643749699E-02  6.562000141E-03  8.041371447E+00 
        69 -1.631249674E-02 -1.631249674E-02  6.562000141E-03  7.695232490E+00 
        70 -1.618749648E-02 -1.618749648E-02  6.562000141E-03  7.662730776E+00 
        71 -1.606249623E-02 -1.606249623E-02  6.562000141E-03  7.700992049E+00 
        72 -1.593749598E-02 -1.593749598E-02  6.562000141E-03  7.773235066E+00 
        73 -1.581249572E-02 -1.581249572E-02  6.562000141E-03  7.917295452E+00 
        74 -1.568749547E-02 -1.568749547E-02  6.562000141E-03  8.081987496E+00 
        75 -1.556249615E-02 -1.556249708E-02  6.562000141E-03  8.037659657E+00 
        76 -1.543749589E-02 -1.543749683E-02  6.562000141E-03  7.933461604E+00 
        77 -1.531249657E-02 -1.531249657E-02  6.562000141E-03  7.961839428E+00 
        78 -1.518749632E-02 -1.518749632E-02  6.562000141E-03  7.963229959E+00 
        79 -1.506249607E-02 -1.506249700E-02  6.562000141E-03  7.681788321E+00 
        80 -1.493749581E-02 -1.493749674E-02  6.562000141E-03  7.181337184E+00 
        81 -1.481249649E-02 -1.481249649E-02  6.562000141E-03  7.355307852E+00 
        82 -1.468749624E-02 -1.468749717E-02  6.562000141E-03  7.390379385E+00 
        83 -1.456249598E-02 -1.456249692E-02  6.562000141E-03  7.394056082E+00 
        84 -1.443749573E-02 -1.443749666E-02  6.562000141E-03  7.360037148E+00 
        85 -1.431249641E-02 -1.431249641E-02  6.562000141E-03  7.277048645E+00 
        86 -1.418749616E-02 -1.418749709E-02  6.562000141E-03  7.165527914E+00 
        87 -1.406249590E-02 -1.406249683E-02  6.562000141E-03  7.087677886E+00 
        88 -1.393749565E-02 -1.393749658E-02  6.562000141E-03  7.030153313E+00 
        89 -1.381249633E-02 -1.381249726E-02  6.562000141E-03  6.976801780E+00 
        90 -1.368749607E-02 -1.368749700E-02  6.562000141E-03  6.931231402E+00 
        91 -1.356249582E-02 -1.356249675E-02  6.562000141E-03  6.878110509E+00 
        92 -1.343749557E-02 -1.343749650E-02  6.562000141E-03  6.812407284E+00 
        93 -1.331249624E-02 -1.331249718E-02  6.562000141E-03  6.739689496E+00 
        94 -1.318749599E-02 -1.318749692E-02  6.562000141E-03  6.668915877E+00 
        95 -1.306249574E-02 -1.306249667E-02  6.562000141E-03  6.609208994E+00 
        96 -1.293749548E-02 -1.293749642E-02  6.562000141E-03  6.563535266E+00 
        97 -7.187495474E-03 -7.187497336E-03  6.562000141E-03  4.136399227E+00 
        98 -7.062495220E-03 -7.062497549E-03  6.562000141E-03  3.909730609E+00 
        99 -6.937495433E-03 -6.937497295E-03  6.562000141E-03  3.518122638E+00 
       100 -6.812495179E-03 -6.812497508E-03  6.562000141E-03  3.050666016E+00 
       101 -6.687495392E-03 -6.687497254E-03  6.562000141E-03  2.674047420E+00 
       102 -6.562495604E-03 -6.562497467E-03  6.562000141E-03  2.531291360E+00 
       103 -6.437495351E-03 -6.437497213E-03  6.562000141E-03  2.153882949E+00 
       104 -6.312495563E-03 -6.312497426E-03  6.562000141E-03  1.833202209E+00 
       105 -6.187495310E-03 -6.187497638E-03  6.562000141E-03  1.643935909E+00 
       106 -6.062495522E-03 -6.062497385E-03  6.562000141E-03  1.548914990E+00 
       107 -5.937495269E-03 -5.937497597E-03  6.562000141E-03  1.753524608E+00 
       108 -5.812495481E-03 -5.812497344E-03  6.562000141E-03  1.821945221E+00 
       109 -5.687495228E-03 -5.687497556E-03  6.562000141E-03  1.094050333E+00 
       110 -5.562495440E-03 -5.562497303E-03  6.562000141E-03  1.365829130E+00 
       111 -5.437495187E-03 -5.437497515E-03  6.562000141E-03  1.358775511E+00 
       112 -5.312495399E-03 -5.312497262E-03  6.562000141E-03  1.085881736E+00 
       113 -5.187495146E-03 -5.187497474E-03  6.562000141E-03  1.136523897E+00 
       114 -5.062495358E-03 -5.062497687E-03  6.562000141E-03  1.158222252E+00 
       115 -4.937495105E-03 -4.937497433E-03  6.562000141E-03  1.129545774E+00 
       116 -4.812495317E-03 -4.812497646E-03  6.562000141E-03  1.034431858E+00 
       117 -4.687495064E-03 -4.687497392E-03  6.562000141E-03  9.245197054E-01 
       118 -4.562495276E-03 -4.562497605E-03  6.562000141E-03  9.123582279E-01 
       119 -4.437495023E-03 -4.437497351E-03  6.562000141E-03  1.122779711E+00 
       120 -4.312495235E-03 -4.312497564E-03  6.562000141E-03  1.368435540E+00 
       121 -4.187494982E-03 -4.187497776E-03  6.562000141E-03  1.542073553E+00 
       122 -4.062495194E-03 -4.062497523E-03  6.562000141E-03  1.642130458E+00 
       123 -3.937494941E-03 -3.937497735E-03  6.562000141E-03  1.762855715E+00 
       124 -1.706249639E-02 -1.706249639E-02  6.562000141E-03  7.922996767E+00 
       125 -1.718749665E-02 -1.718749665E-02  6.562000141E-03  7.955418180E+00 
       126 -1.731249690E-02 -1.731249690E-02  6.562000141E-03  7.925259729E+00 
       127 -1.743749529E-02 -1.743749715E-02  6.562000141E-03  7.931906786E+00 
       128 -1.756249554E-02 -1.756249554E-02  6.562000141E-03  7.758274702E+00 
       129 -1.768749580E-02 -1.768749580E-02  6.562000141E-03  7.518772286E+00 
       130 -1.781249605E-02 -1.781249605E-02  6.562000141E-03  7.316863247E+00 
       131 -1.793749630E-02 -1.793749630E-02  6.562000141E-03  7.340993106E+00 
       132 -1.806249656E-02 -1.806249656E-02  6.562000141E-03  7.652822222E+00 
       133 -1.818749681E-02 -1.818749681E-02  6.562000141E-03  7.933082619E+00 
       134 -1.831249706E-02 -1.831249706E-02  6.562000141E-03  8.312377257E+00 
       135 -1.843749546E-02 -1.843749546E-02  6.562000141E-03  8.197664741E+00 
       136 -1.856249571E-02 -1.856249571E-02  6.562000141E-03  7.754469173E+00 
       137 -1.868749596E-02 -1.868749596E-02  6.562000141E-03  7.614061075E+00 
       138 -1.880909875E-02 -1.880909875E-02  6.562000606E-03  7.841779917E+00 
       139 -1.890101843E-02 -1.890101843E-02  6.562000141E-03  8.121826582E+00 
       140 -1.895096339E-02 -1.895096339E-02  6.562000141E-03  8.248559805E+00 
       141 -2.121081017E-02 -2.121081017E-02  6.562000141E-03  1.724755606E-01 
       142 -2.120563947E-02 -2.120563947E-02  6.562000141E-03  5.176682807E-01 
       143 -2.119943500E-02 -2.119943500E-02  6.562000606E-03  9.226709358E-01 
       144 -2.119199000E-02 -2.119199000E-02  6.562000141E-03  1.388300477E+00 
       145 -2.118305862E-02 -2.118305862E-02  6.562000141E-03  1.908413657E+00 
       146 -2.117234282E-02 -2.117234282E-02  6.562000606E-03  2.466259483E+00 
       147 -2.115948685E-02 -2.115948685E-02  6.562000606E-03  3.038292858E+00 
       148 -2.114406601E-02 -2.114406601E-02  6.562000606E-03  3.622792887E+00 
       149 -2.112556621E-02 -2.112556621E-02  6.562000606E-03  4.213092014E+00 
       150 -2.110337466E-02 -2.110337466E-02  6.562000606E-03  4.801878796E+00 
       151 -2.106651478E-02 -2.106651478E-02  6.562000606E-03  5.494712004E+00 
       152 -2.102797665E-02 -2.102797665E-02  6.562000141E-03  5.798522672E+00 
       153 -2.100796066E-02 -2.100796066E-02  6.562000141E-03  6.065901265E+00 
       154 -2.095155232E-02 -2.095155232E-02  6.562000141E-03  6.184709595E+00 
       155 -2.089514025E-02 -2.089514025E-02  6.562000606E-03  6.367799494E+00 
       156 -2.082296833E-02 -2.082296833E-02  6.562000141E-03  6.225194662E+00 
       157 -2.075096965E-02 -2.075096965E-02  6.562000141E-03  6.041598357E+00 
       158 -2.067896910E-02 -2.067896910E-02  6.562000141E-03  5.833065997E+00 
       159 -2.060696855E-02 -2.060696855E-02  6.562000141E-03  5.656537469E+00 
       160 -2.053496800E-02 -2.053496800E-02  6.562000141E-03  5.525865276E+00 
       161 -2.046296932E-02 -2.046296932E-02  6.562000141E-03  5.228404489E+00 
       162 -2.039096877E-02 -2.039096877E-02  6.562000141E-03  5.195211663E+00 
       163 -2.031897008E-02 -2.031897008E-02  6.562000141E-03  5.048236651E+00 
       164 -2.024696954E-02 -2.024696954E-02  6.562000141E-03  5.249048531E+00 
       165 -2.017496899E-02 -2.017496899E-02  6.562000141E-03  5.214446338E+00 
       166 -2.010296844E-02 -2.010296844E-02  6.562000141E-03  5.454843495E+00 
       167 -2.003096975E-02 -2.003096975E-02  6.562000141E-03  5.683453000E+00 
       168 -1.995896921E-02 -1.995896921E-02  6.562000141E-03  6.040978876E+00 
       169 -1.988696866E-02 -1.988696866E-02  6.562000141E-03  6.074532657E+00 
       170 -1.981496811E-02 -1.981496811E-02  6.562000141E-03  6.041689017E+00 
       171 -1.974296942E-02 -1.974296942E-02  6.562000606E-03  5.896352171E+00 
       172 -1.967096888E-02 -1.967096888E-02  6.562000606E-03  5.771169370E+00 
       173 -1.959897019E-02 -1.959897019E-02  6.562000606E-03  5.865293205E+00 
       174 -1.952696964E-02 -1.952696964E-02  6.562000606E-03  5.783763678E+00 
       175 -1.945497096E-02 -1.945497096E-02  6.562000606E-03  6.051663605E+00 
       176 -1.938297041E-02 -1.938297041E-02  6.562000606E-03  6.253978967E+00 
       177 -1.931096986E-02 -1.931096986E-02  6.562000606E-03  6.730005780E+00 
       178 -1.923896931E-02 -1.923896931E-02  6.562000141E-03  7.276962404E+00 
       179 -1.916676201E-02 -1.916676201E-02  6.562000141E-03  7.711566723E+00 
       180 -1.912219450E-02 -1.912219450E-02  6.562000606E-03  7.992559412E+00 
       181 -1.904013008E-02 -1.904013008E-02  6.562000606E-03  8.042171119E+00 
       182 -1.898222044E-02 -1.898222044E-02  6.562000606E-03  8.040985966E+00 
