cellnumber     x-coordinate     y-coordinate     z-coordinate velocity-magnitude 
         1 -1.895096339E-02 -1.895096339E-02  6.562000606E-03  7.257601405E+00 
         2 -1.890101843E-02 -1.890101843E-02  6.562000606E-03  7.302498528E+00 
         3 -1.880909875E-02 -1.880909875E-02  6.562000141E-03  7.290143588E+00 
         4 -1.868749596E-02 -1.868749596E-02  6.562000141E-03  7.447887205E+00 
         5 -1.856249571E-02 -1.856249571E-02  6.562000141E-03  7.896836532E+00 
         6 -1.843749546E-02 -1.843749732E-02  6.562000141E-03  8.324406703E+00 
         7 -1.831249520E-02 -1.831249706E-02  6.562000141E-03  8.423683710E+00 
         8 -1.818749495E-02 -1.818749681E-02  6.562000141E-03  8.182117896E+00 
         9 -1.806249656E-02 -1.806249656E-02  6.562000141E-03  8.019518056E+00 
        10 -1.793749630E-02 -1.793749630E-02  6.562000141E-03  8.015708254E+00 
        11 -1.781249605E-02 -1.781249605E-02  6.562000141E-03  7.784168063E+00 
        12 -1.768749580E-02 -1.768749580E-02  6.562000141E-03  7.717036108E+00 
        13 -1.756249554E-02 -1.756249554E-02  6.562000141E-03  7.576478616E+00 
        14 -1.743749529E-02 -1.743749715E-02  6.562000141E-03  7.529023384E+00 
        15 -1.731249504E-02 -1.731249690E-02  6.562000141E-03  7.480221532E+00 
        16 -1.718749665E-02 -1.718749665E-02  6.562000141E-03  7.520131911E+00 
        17 -1.706249639E-02 -1.706249639E-02  6.562000141E-03  7.889537856E+00 
        18 -1.693749614E-02 -1.693749614E-02  6.562000141E-03  7.985742561E+00 
        19 -1.681249589E-02 -1.681249589E-02  6.562000141E-03  7.846230013E+00 
        20 -1.668749563E-02 -1.668749563E-02  6.562000141E-03  7.812266112E+00 
        21 -2.121081017E-02 -2.121081017E-02  6.562000141E-03  2.520900993E-01 
        22 -2.120563947E-02 -2.120563947E-02  6.562000141E-03  7.613109548E-01 
        23 -2.119943500E-02 -2.119943500E-02  6.562000606E-03  1.367825927E+00 
        24 -2.119199000E-02 -2.119199000E-02  6.562000141E-03  2.075549101E+00 
        25 -2.118305862E-02 -2.118305862E-02  6.562000141E-03  2.863742250E+00 
        26 -2.117234282E-02 -2.117234282E-02  6.562000606E-03  3.672287331E+00 
        27 -2.115948685E-02 -2.115948685E-02  6.562000606E-03  4.410676286E+00 
        28 -2.114406601E-02 -2.114406601E-02  6.562000606E-03  4.998371345E+00 
        29 -2.112556621E-02 -2.112556621E-02  6.562000606E-03  5.393261187E+00 
        30 -2.110337466E-02 -2.110337466E-02  6.562000606E-03  5.633313389E+00 
        31 -2.106651478E-02 -2.106651478E-02  6.562000606E-03  5.821649383E+00 
        32 -2.102797665E-02 -2.102797665E-02  6.562000141E-03  5.909508916E+00 
        33 -2.100796066E-02 -2.100796066E-02  6.562000141E-03  5.834051107E+00 
        34 -2.095155232E-02 -2.095155232E-02  6.562000141E-03  5.985542900E+00 
        35 -2.089514025E-02 -2.089514025E-02  6.562000141E-03  5.964513560E+00 
        36 -2.082296833E-02 -2.082296833E-02  6.562000141E-03  6.011086428E+00 
        37 -2.075096965E-02 -2.075096965E-02  6.562000606E-03  6.042224911E+00 
        38 -2.067896910E-02 -2.067896910E-02  6.562000606E-03  6.111576823E+00 
        39 -2.060697041E-02 -2.060697041E-02  6.562000606E-03  6.178750337E+00 
        40 -2.053496987E-02 -2.053496987E-02  6.562000141E-03  6.299719138E+00 
        41 -2.046296932E-02 -2.046296932E-02  6.562000141E-03  6.299799871E+00 
        42 -2.039097063E-02 -2.039097063E-02  6.562000606E-03  6.477382342E+00 
        43 -2.031897008E-02 -2.031897008E-02  6.562000606E-03  6.496139061E+00 
        44 -2.024696954E-02 -2.024696954E-02  6.562000141E-03  6.704764963E+00 
        45 -2.017496899E-02 -2.017496899E-02  6.562000141E-03  6.721454452E+00 
        46 -2.010297030E-02 -2.010297030E-02  6.562000141E-03  6.911315960E+00 
        47 -2.003096975E-02 -2.003096975E-02  6.562000141E-03  6.872129734E+00 
        48 -1.995896921E-02 -1.995896921E-02  6.562000141E-03  7.061448421E+00 
        49 -1.988696866E-02 -1.988696866E-02  6.562000141E-03  6.985191278E+00 
        50 -1.981496997E-02 -1.981496997E-02  6.562000141E-03  7.039652147E+00 
        51 -1.974296942E-02 -1.974296942E-02  6.562000141E-03  6.655069426E+00 
        52 -1.967096888E-02 -1.967096888E-02  6.562000141E-03  6.565260992E+00 
        53 -1.959896833E-02 -1.959896833E-02  6.562000141E-03  6.451036827E+00 
        54 -1.952696964E-02 -1.952696964E-02  6.562000141E-03  6.500682748E+00 
        55 -1.945496909E-02 -1.945496909E-02  6.562000141E-03  6.705676058E+00 
        56 -1.938296854E-02 -1.938296854E-02  6.562000141E-03  6.764309951E+00 
        57 -1.931096986E-02 -1.931096986E-02  6.562000141E-03  7.020479817E+00 
        58 -1.923896931E-02 -1.923896931E-02  6.562000141E-03  6.951757831E+00 
        59 -1.916676201E-02 -1.916676201E-02  6.562000141E-03  7.156752038E+00 
        60 -1.912219450E-02 -1.912219450E-02  6.562000606E-03  7.116558968E+00 
        61 -1.904012822E-02 -1.904012822E-02  6.562000141E-03  7.223713786E+00 
        62 -1.898222044E-02 -1.898222044E-02  6.562000606E-03  7.438664397E+00 
        63 -1.156249549E-02 -1.156249736E-02  6.562000141E-03  5.641558314E+00 
        64 -1.143749524E-02 -1.143749710E-02  6.562000141E-03  5.351546601E+00 
        65 -1.131249592E-02 -1.131249685E-02  6.562000141E-03  5.342318868E+00 
        66 -1.118749566E-02 -1.118749753E-02  6.562000141E-03  5.397365999E+00 
        67 -1.106249541E-02 -1.106249727E-02  6.562000141E-03  5.279434992E+00 
        68 -1.093749516E-02 -1.093749702E-02  6.562000141E-03  5.195924379E+00 
        69 -1.081249584E-02 -1.081249677E-02  6.562000141E-03  5.161183988E+00 
        70 -1.068749558E-02 -1.068749744E-02  6.562000141E-03  5.168545544E+00 
        71 -1.056249533E-02 -1.056249719E-02  6.562000141E-03  5.140916756E+00 
        72 -1.043749601E-02 -1.043749694E-02  6.562000141E-03  5.071423290E+00 
        73 -1.031249575E-02 -1.031249762E-02  6.562000141E-03  4.984207435E+00 
        74 -1.018749550E-02 -1.018749736E-02  6.562000141E-03  4.936858284E+00 
        75 -1.006249525E-02 -1.006249711E-02  6.562000141E-03  4.964248931E+00 
        76 -9.937495925E-03 -9.937496856E-03  6.562000141E-03  4.995979576E+00 
        77 -9.812495671E-03 -9.812497534E-03  6.562000141E-03  5.005172910E+00 
        78 -9.687495418E-03 -9.687497281E-03  6.562000141E-03  5.028336181E+00 
        79 -9.562495165E-03 -9.562497027E-03  6.562000141E-03  5.181101104E+00 
        80 -9.437495843E-03 -9.437497705E-03  6.562000141E-03  4.924278268E+00 
        81 -9.312495589E-03 -9.312497452E-03  6.562000141E-03  4.976187075E+00 
        82 -9.187495336E-03 -9.187497199E-03  6.562000141E-03  4.865322837E+00 
        83 -9.062495083E-03 -9.062496945E-03  6.562000141E-03  4.642213639E+00 
        84 -8.937495761E-03 -8.937497623E-03  6.562000141E-03  4.608500100E+00 
        85 -8.812495507E-03 -8.812497370E-03  6.562000141E-03  4.365732239E+00 
        86 -8.687495254E-03 -8.687497117E-03  6.562000141E-03  3.955296644E+00 
        87 -8.562495001E-03 -8.562497795E-03  6.562000141E-03  3.743741616E+00 
        88 -8.437495679E-03 -8.437497541E-03  6.562000141E-03  3.422339190E+00 
        89 -8.312495425E-03 -8.312497288E-03  6.562000141E-03  3.558588660E+00 
        90 -8.187495172E-03 -8.187497035E-03  6.562000141E-03  3.875365568E+00 
        91 -8.062495850E-03 -8.062497713E-03  6.562000141E-03  3.975767884E+00 
        92 -7.937495597E-03 -7.937497459E-03  6.562000141E-03  3.931927954E+00 
        93 -7.812495343E-03 -7.812497206E-03  6.562000141E-03  3.804749672E+00 
        94 -7.687495556E-03 -7.687497418E-03  6.562000141E-03  3.573883124E+00 
        95 -7.562495302E-03 -7.562497631E-03  6.562000141E-03  3.214029910E+00 
        96 -7.437495515E-03 -7.437497377E-03  6.562000141E-03  2.947464340E+00 
        97 -7.312495261E-03 -7.312497590E-03  6.562000141E-03  2.818348953E+00 
        98 -7.187495474E-03 -7.187497336E-03  6.562000141E-03  2.630308932E+00 
        99 -7.062495220E-03 -7.062497549E-03  6.562000141E-03  2.229154099E+00 
       100 -6.937495433E-03 -6.937497295E-03  6.562000141E-03  2.014284698E+00 
       101 -6.812495179E-03 -6.812497508E-03  6.562000141E-03  1.906527161E+00 
       102 -6.687495392E-03 -6.687497254E-03  6.562000141E-03  1.565809787E+00 
       103 -6.562495138E-03 -6.562497467E-03  6.562000141E-03  1.387275268E+00 
       104 -6.437495351E-03 -6.437497679E-03  6.562000141E-03  1.249510718E+00 
       105 -6.312495098E-03 -6.312497426E-03  6.562000141E-03  1.366375292E+00 
       106 -6.187495310E-03 -6.187497638E-03  6.562000141E-03  1.416588521E+00 
       107 -6.062495057E-03 -6.062497385E-03  6.562000141E-03  1.446922726E+00 
       108 -5.937495269E-03 -5.937497597E-03  6.562000141E-03  1.501069025E+00 
       109 -5.812495016E-03 -5.812497344E-03  6.562000141E-03  1.536908274E+00 
       110 -5.687495228E-03 -5.687497556E-03  6.562000141E-03  1.580445973E+00 
       111 -5.562495440E-03 -5.562497769E-03  6.562000141E-03  1.572706087E+00 
       112 -1.656249538E-02 -1.656249724E-02  6.562000141E-03  7.943445964E+00 
       113 -1.643749513E-02 -1.643749699E-02  6.562000141E-03  8.021064772E+00 
       114 -1.631249487E-02 -1.631249674E-02  6.562000141E-03  8.045264683E+00 
       115 -1.618749648E-02 -1.618749648E-02  6.562000141E-03  7.947414722E+00 
       116 -1.606249623E-02 -1.606249623E-02  6.562000141E-03  7.765945145E+00 
       117 -1.593749598E-02 -1.593749598E-02  6.562000141E-03  7.503835486E+00 
       118 -1.581249572E-02 -1.581249572E-02  6.562000141E-03  7.391906101E+00 
       119 -1.568749547E-02 -1.568749733E-02  6.562000141E-03  7.659817899E+00 
       120 -1.556249615E-02 -1.556249708E-02  6.562000141E-03  7.884998484E+00 
       121 -1.543749589E-02 -1.543749683E-02  6.562000141E-03  7.946034595E+00 
       122 -1.531249564E-02 -1.531249657E-02  6.562000141E-03  7.747054826E+00 
       123 -1.518749632E-02 -1.518749725E-02  6.562000141E-03  8.120426858E+00 
       124 -1.506249607E-02 -1.506249700E-02  6.562000141E-03  8.345839443E+00 
       125 -1.493749581E-02 -1.493749674E-02  6.562000141E-03  8.589395275E+00 
       126 -1.481249556E-02 -1.481249649E-02  6.562000141E-03  8.558272567E+00 
       127 -1.468749624E-02 -1.468749717E-02  6.562000141E-03  8.358183384E+00 
       128 -1.456249598E-02 -1.456249692E-02  6.562000141E-03  7.982350050E+00 
       129 -1.443749573E-02 -1.443749666E-02  6.562000141E-03  7.747055369E+00 
       130 -1.431249548E-02 -1.431249734E-02  6.562000141E-03  7.606733051E+00 
       131 -1.418749616E-02 -1.418749709E-02  6.562000141E-03  7.463671263E+00 
       132 -1.406249590E-02 -1.406249683E-02  6.562000141E-03  7.294178481E+00 
       133 -1.393749565E-02 -1.393749658E-02  6.562000141E-03  7.160225863E+00 
       134 -1.381249540E-02 -1.381249726E-02  6.562000141E-03  7.083064831E+00 
       135 -1.368749607E-02 -1.368749700E-02  6.562000141E-03  7.040497614E+00 
       136 -1.356249582E-02 -1.356249675E-02  6.562000141E-03  6.989298575E+00 
       137 -1.343749557E-02 -1.343749743E-02  6.562000141E-03  6.938186606E+00 
       138 -1.331249531E-02 -1.331249718E-02  6.562000141E-03  6.880685168E+00 
       139 -1.318749599E-02 -1.318749692E-02  6.562000141E-03  6.830426987E+00 
       140 -1.306249574E-02 -1.306249667E-02  6.562000141E-03  6.764335895E+00 
       141 -1.293749548E-02 -1.293749735E-02  6.562000141E-03  6.706555468E+00 
       142 -1.281249616E-02 -1.281249709E-02  6.562000141E-03  6.654646921E+00 
       143 -1.268749591E-02 -1.268749684E-02  6.562000141E-03  6.599006166E+00 
       144 -1.256249566E-02 -1.256249752E-02  6.562000141E-03  6.515188817E+00 
       145 -1.243749540E-02 -1.243749727E-02  6.562000141E-03  6.346213485E+00 
       146 -1.231249608E-02 -1.231249701E-02  6.562000141E-03  6.113910388E+00 
       147 -1.218749583E-02 -1.218749676E-02  6.562000141E-03  5.905397097E+00 
       148 -1.206249557E-02 -1.206249744E-02  6.562000141E-03  5.803160772E+00 
       149 -1.193749532E-02 -1.193749718E-02  6.562000141E-03  5.791715971E+00 
       150 -1.181249600E-02 -1.181249693E-02  6.562000141E-03  5.793980186E+00 
       151 -1.168749575E-02 -1.168749761E-02  6.562000141E-03  5.773295950E+00 
       152 -5.437495187E-03 -5.437497515E-03  6.562000141E-03  1.360455955E+00 
       153 -5.312495399E-03 -5.312497728E-03  6.562000141E-03  1.130514379E+00 
       154 -5.187495146E-03 -5.187497474E-03  6.562000141E-03  9.639513198E-01 
       155 -5.062495358E-03 -5.062497687E-03  6.562000141E-03  9.466401603E-01 
       156 -4.937495105E-03 -4.937497433E-03  6.562000141E-03  1.045858426E+00 
       157 -4.812495317E-03 -4.812497646E-03  6.562000141E-03  1.156121029E+00 
       158 -4.687495064E-03 -4.687497392E-03  6.562000141E-03  1.187240274E+00 
       159 -4.562495276E-03 -4.562497605E-03  6.562000141E-03  1.131017548E+00 
       160 -4.437495023E-03 -4.437497817E-03  6.562000141E-03  1.120837878E+00 
       161 -4.312495235E-03 -4.312497564E-03  6.562000141E-03  1.185080471E+00 
       162 -4.187494982E-03 -4.187497776E-03  6.562000141E-03  1.317169052E+00 
       163 -4.062495194E-03 -4.062497523E-03  6.562000141E-03  1.376893074E+00 
       164 -3.937494941E-03 -3.937497735E-03  6.562000141E-03  1.276374890E+00 
       165 -3.812494921E-03 -3.812497482E-03  6.562000141E-03  1.159545520E+00 
       166 -3.687494900E-03 -3.687497461E-03  6.562000141E-03  1.214515495E+00 
       167 -3.562494880E-03 -3.562497674E-03  6.562000141E-03  1.424765881E+00 
       168 -3.437494859E-03 -3.437497653E-03  6.562000141E-03  1.589102490E+00 
       169 -3.312494839E-03 -3.312497633E-03  6.562000141E-03  1.460093141E+00 
       170 -3.187495051E-03 -3.187497612E-03  6.562000141E-03  1.257511832E+00 
       171 -3.061021678E-03 -3.061023075E-03  6.562000141E-03  1.501076527E+00 
       172 -2.973292721E-03 -2.973292721E-03  6.562000606E-03  1.810049273E+00 
       173 -2.937367652E-03 -2.937367652E-03  6.562000141E-03  1.927138397E+00 
       174 -2.915092511E-03 -2.915092511E-03  6.562000141E-03  1.972889450E+00 
       175 -2.896590624E-03 -2.896590624E-03  6.562000141E-03  1.979969807E+00 
       176 -2.881214023E-03 -2.881214023E-03  6.562000606E-03  1.944354067E+00 
       177 -2.868429059E-03 -2.868429059E-03  6.562000141E-03  1.872417878E+00 
       178 -2.857794985E-03 -2.857794985E-03  6.562000141E-03  1.783420957E+00 
       179 -2.848947421E-03 -2.848947421E-03  6.562000141E-03  1.693693434E+00 
       180 -2.841583686E-03 -2.841583686E-03  6.562000141E-03  1.613136698E+00 
       181 -2.835454186E-03 -2.835454186E-03  6.562000606E-03  1.545290024E+00 
       182 -2.830350772E-03 -2.830350772E-03  6.562000141E-03  1.490423430E+00 
