cellnumber     x-coordinate     y-coordinate     z-coordinate velocity-magnitude 
         1 -2.121081017E-02 -2.121081017E-02  6.562000141E-03  2.002075415E-01 
         2 -2.120563947E-02 -2.120563947E-02  6.562000141E-03  5.708905120E-01 
         3 -2.119943500E-02 -2.119943500E-02  6.562000141E-03  9.829210643E-01 
         4 -2.119199000E-02 -2.119199000E-02  6.562000141E-03  1.452900777E+00 
         5 -2.118305862E-02 -2.118305862E-02  6.562000141E-03  2.005661584E+00 
         6 -2.117234282E-02 -2.117234282E-02  6.562000606E-03  2.663567105E+00 
         7 -2.115948685E-02 -2.115948685E-02  6.562000606E-03  3.450649011E+00 
         8 -2.114406601E-02 -2.114406601E-02  6.562000606E-03  4.387723257E+00 
         9 -2.112556621E-02 -2.112556621E-02  6.562000606E-03  5.390919006E+00 
        10 -2.110337466E-02 -2.110337466E-02  6.562000606E-03  6.221519698E+00 
        11 -2.106651478E-02 -2.106651478E-02  6.562000606E-03  6.671989959E+00 
        12 -2.102797665E-02 -2.102797665E-02  6.562000141E-03  6.489739781E+00 
        13 -2.100796066E-02 -2.100796066E-02  6.562000141E-03  6.912712945E+00 
        14 -2.095155232E-02 -2.095155232E-02  6.562000141E-03  6.623939680E+00 
        15 -2.089514025E-02 -2.089514025E-02  6.562000141E-03  6.732388208E+00 
        16 -2.082296833E-02 -2.082296833E-02  6.562000141E-03  6.828070477E+00 
        17 -2.075096965E-02 -2.075096965E-02  6.562000141E-03  7.306358036E+00 
        18 -2.067896910E-02 -2.067896910E-02  6.562000141E-03  7.605817027E+00 
        19 -2.060696855E-02 -2.060696855E-02  6.562000141E-03  7.746192747E+00 
        20 -2.053496800E-02 -2.053496800E-02  6.562000141E-03  7.688874039E+00 
        21 -2.046296932E-02 -2.046296932E-02  6.562000606E-03  7.781840954E+00 
        22 -2.039096877E-02 -2.039096877E-02  6.562000141E-03  7.742022981E+00 
        23 -2.031897008E-02 -2.031897008E-02  6.562000141E-03  7.682874015E+00 
        24 -1.556249615E-02 -1.556249708E-02  6.562000141E-03  8.239794879E+00 
        25 -1.568749547E-02 -1.568749733E-02  6.562000141E-03  8.483838274E+00 
        26 -1.581249572E-02 -1.581249572E-02  6.562000141E-03  8.582607609E+00 
        27 -1.593749598E-02 -1.593749598E-02  6.562000141E-03  8.638336463E+00 
        28 -1.606249623E-02 -1.606249623E-02  6.562000141E-03  8.551307210E+00 
        29 -1.618749648E-02 -1.618749648E-02  6.562000141E-03  8.134599498E+00 
        30 -1.631249674E-02 -1.631249674E-02  6.562000141E-03  8.234083739E+00 
        31 -1.643749513E-02 -1.643749699E-02  6.562000141E-03  8.437029619E+00 
        32 -1.656249538E-02 -1.656249724E-02  6.562000141E-03  8.243345763E+00 
        33 -1.668749563E-02 -1.668749563E-02  6.562000141E-03  8.289879112E+00 
        34 -1.681249589E-02 -1.681249589E-02  6.562000141E-03  8.557872836E+00 
        35 -1.895096339E-02 -1.895096339E-02  6.562000606E-03  6.711894210E+00 
        36 -1.890101843E-02 -1.890101843E-02  6.562000141E-03  6.633156002E+00 
        37 -1.880909875E-02 -1.880909875E-02  6.562000141E-03  7.195513829E+00 
        38 -1.868749596E-02 -1.868749596E-02  6.562000141E-03  7.430844934E+00 
        39 -1.856249571E-02 -1.856249571E-02  6.562000141E-03  7.615490172E+00 
        40 -1.843749546E-02 -1.843749546E-02  6.562000141E-03  8.055300519E+00 
        41 -1.831249520E-02 -1.831249706E-02  6.562000141E-03  8.322090761E+00 
        42 -1.818749681E-02 -1.818749681E-02  6.562000141E-03  8.298186044E+00 
        43 -1.806249656E-02 -1.806249656E-02  6.562000141E-03  8.331250074E+00 
        44 -1.793749630E-02 -1.793749630E-02  6.562000141E-03  8.469458039E+00 
        45 -1.781249605E-02 -1.781249605E-02  6.562000141E-03  8.777425034E+00 
        46 -1.768749580E-02 -1.768749580E-02  6.562000141E-03  8.996161421E+00 
        47 -1.756249554E-02 -1.756249554E-02  6.562000141E-03  8.838364770E+00 
        48 -1.743749529E-02 -1.743749715E-02  6.562000141E-03  8.701070114E+00 
        49 -1.731249504E-02 -1.731249690E-02  6.562000141E-03  8.490689609E+00 
        50 -1.718749665E-02 -1.718749665E-02  6.562000141E-03  8.489881549E+00 
        51 -1.706249639E-02 -1.706249639E-02  6.562000141E-03  8.708032204E+00 
        52 -1.693749614E-02 -1.693749614E-02  6.562000141E-03  8.779830544E+00 
        53 -2.024696954E-02 -2.024696954E-02  6.562000141E-03  7.451938268E+00 
        54 -2.017496899E-02 -2.017496899E-02  6.562000141E-03  7.220303932E+00 
        55 -2.010296844E-02 -2.010296844E-02  6.562000141E-03  6.906615717E+00 
        56 -2.003096975E-02 -2.003096975E-02  6.562000141E-03  6.581024549E+00 
        57 -1.995896734E-02 -1.995896734E-02  6.562000141E-03  6.435112870E+00 
        58 -1.988696866E-02 -1.988696866E-02  6.562000141E-03  6.157109984E+00 
        59 -1.981496997E-02 -1.981496997E-02  6.562000141E-03  6.178267203E+00 
        60 -1.974296942E-02 -1.974296942E-02  6.562000606E-03  5.898208171E+00 
        61 -1.967096888E-02 -1.967096888E-02  6.562000141E-03  5.890724420E+00 
        62 -1.959896833E-02 -1.959896833E-02  6.562000606E-03  5.542174675E+00 
        63 -1.952696964E-02 -1.952696964E-02  6.562000141E-03  5.467872875E+00 
        64 -1.945496909E-02 -1.945496909E-02  6.562000606E-03  5.241173346E+00 
        65 -1.938296854E-02 -1.938296854E-02  6.562000141E-03  5.213591051E+00 
        66 -1.931096986E-02 -1.931096986E-02  6.562000141E-03  5.309566721E+00 
        67 -1.923896931E-02 -1.923896931E-02  6.562000141E-03  5.527390606E+00 
        68 -1.916676387E-02 -1.916676387E-02  6.562000606E-03  5.843011661E+00 
        69 -1.912219450E-02 -1.912219450E-02  6.562000606E-03  6.212993568E+00 
        70 -1.904012822E-02 -1.904012822E-02  6.562000141E-03  6.449102376E+00 
        71 -1.898222044E-02 -1.898222044E-02  6.562000606E-03  6.740229066E+00 
        72 -6.187495310E-03 -6.187497638E-03  6.562000141E-03  1.279450152E+00 
        73 -6.062495522E-03 -6.062497385E-03  6.562000141E-03  1.000360505E+00 
        74 -5.937495269E-03 -5.937497597E-03  6.562000141E-03  1.114947417E+00 
        75 -5.812495481E-03 -5.812497344E-03  6.562000141E-03  1.372993672E+00 
        76 -5.687495228E-03 -5.687497556E-03  6.562000141E-03  1.519965645E+00 
        77 -5.562495440E-03 -5.562497303E-03  6.562000141E-03  1.437595346E+00 
        78 -5.437495187E-03 -5.437497515E-03  6.562000141E-03  1.325284298E+00 
        79 -5.312495399E-03 -5.312497728E-03  6.562000141E-03  1.277627603E+00 
        80 -5.187495146E-03 -5.187497474E-03  6.562000141E-03  1.232488948E+00 
        81 -5.062495358E-03 -5.062497687E-03  6.562000141E-03  1.249565952E+00 
        82 -4.937495105E-03 -4.937497433E-03  6.562000141E-03  1.453231301E+00 
        83 -4.812495317E-03 -4.812497646E-03  6.562000141E-03  1.561685447E+00 
        84 -4.687495064E-03 -4.687497392E-03  6.562000141E-03  1.489222028E+00 
        85 -4.562495276E-03 -4.562497605E-03  6.562000141E-03  1.369130510E+00 
        86 -4.437495023E-03 -4.437497817E-03  6.562000141E-03  1.257443252E+00 
        87 -4.312495235E-03 -4.312497564E-03  6.562000141E-03  1.148482837E+00 
        88 -4.187494982E-03 -4.187497776E-03  6.562000141E-03  1.133721467E+00 
        89 -4.062495194E-03 -4.062497523E-03  6.562000141E-03  1.297242324E+00 
        90 -3.937494941E-03 -3.937497735E-03  6.562000141E-03  1.404668563E+00 
        91 -3.812494921E-03 -3.812497482E-03  6.562000141E-03  1.273767030E+00 
        92 -3.687494900E-03 -3.687497461E-03  6.562000141E-03  1.380874520E+00 
        93 -3.562494880E-03 -3.562497441E-03  6.562000141E-03  1.560171710E+00 
        94 -3.437495092E-03 -3.437497653E-03  6.562000141E-03  1.620254801E+00 
        95 -3.312495071E-03 -3.312497633E-03  6.562000141E-03  1.772813095E+00 
        96 -3.187495051E-03 -3.187497612E-03  6.562000141E-03  1.895429898E+00 
        97 -3.061021678E-03 -3.061023075E-03  6.562000606E-03  1.975926728E+00 
        98 -2.973292954E-03 -2.973292954E-03  6.562000606E-03  2.016645053E+00 
        99 -2.937367652E-03 -2.937367652E-03  6.562000141E-03  2.008835529E+00 
       100 -2.915092744E-03 -2.915092744E-03  6.562000141E-03  1.974844267E+00 
       101 -2.896590624E-03 -2.896590624E-03  6.562000141E-03  1.914328072E+00 
       102 -2.881214023E-03 -2.881214023E-03  6.562000606E-03  1.837714796E+00 
       103 -2.868429059E-03 -2.868429059E-03  6.562000141E-03  1.756556374E+00 
       104 -2.857795218E-03 -2.857795218E-03  6.562000606E-03  1.679726478E+00 
       105 -2.848947421E-03 -2.848947421E-03  6.562001072E-03  1.612623546E+00 
       106 -2.841583686E-03 -2.841583686E-03  6.562000606E-03  1.557162603E+00 
       107 -2.835454186E-03 -2.835454186E-03  6.562000606E-03  1.513221016E+00 
       108 -2.830350772E-03 -2.830350772E-03  6.562000141E-03  1.479466479E+00 
       109 -1.543749589E-02 -1.543749683E-02  6.562000141E-03  8.043416781E+00 
       110 -1.531249564E-02 -1.531249657E-02  6.562000141E-03  7.866292901E+00 
       111 -1.518749632E-02 -1.518749725E-02  6.562000141E-03  7.672037955E+00 
       112 -1.506249607E-02 -1.506249700E-02  6.562000141E-03  7.693966916E+00 
       113 -1.493749581E-02 -1.493749674E-02  6.562000141E-03  7.767998169E+00 
       114 -1.481249556E-02 -1.481249649E-02  6.562000141E-03  7.758937648E+00 
       115 -1.468749624E-02 -1.468749717E-02  6.562000141E-03  7.724230576E+00 
       116 -1.456249598E-02 -1.456249692E-02  6.562000141E-03  7.540641892E+00 
       117 -1.443749573E-02 -1.443749666E-02  6.562000141E-03  7.333322023E+00 
       118 -1.431249641E-02 -1.431249641E-02  6.562000141E-03  7.162161274E+00 
       119 -1.418749616E-02 -1.418749709E-02  6.562000141E-03  7.087168468E+00 
       120 -9.312495589E-03 -9.312497452E-03  6.562000141E-03  4.627891256E+00 
       121 -9.437495843E-03 -9.437496774E-03  6.562000141E-03  4.881613161E+00 
       122 -9.562495165E-03 -9.562497027E-03  6.562000141E-03  5.091946892E+00 
       123 -9.687495418E-03 -9.687497281E-03  6.562000141E-03  5.127025946E+00 
       124 -9.812495671E-03 -9.812497534E-03  6.562000141E-03  5.184660980E+00 
       125 -9.937495925E-03 -9.937496856E-03  6.562000141E-03  5.276716638E+00 
       126 -1.006249525E-02 -1.006249711E-02  6.562000141E-03  5.318728616E+00 
       127 -1.018749550E-02 -1.018749736E-02  6.562000141E-03  5.338540291E+00 
       128 -1.031249575E-02 -1.031249762E-02  6.562000141E-03  5.388224228E+00 
       129 -1.043749601E-02 -1.043749694E-02  6.562000141E-03  5.441024818E+00 
       130 -1.056249533E-02 -1.056249719E-02  6.562000141E-03  5.419130477E+00 
       131 -1.068749558E-02 -1.068749744E-02  6.562000141E-03  5.324201189E+00 
       132 -1.081249584E-02 -1.081249677E-02  6.562000141E-03  5.200113615E+00 
       133 -1.093749609E-02 -1.093749702E-02  6.562000141E-03  5.154590731E+00 
       134 -1.106249541E-02 -1.106249727E-02  6.562000141E-03  5.195178184E+00 
       135 -1.118749566E-02 -1.118749753E-02  6.562000141E-03  5.350642115E+00 
       136 -1.131249592E-02 -1.131249685E-02  6.562000141E-03  5.553863145E+00 
       137 -1.143749617E-02 -1.143749710E-02  6.562000141E-03  5.696229458E+00 
       138 -1.406249590E-02 -1.406249683E-02  6.562000141E-03  7.086141672E+00 
       139 -1.393749565E-02 -1.393749658E-02  6.562000141E-03  7.040178897E+00 
       140 -1.381249633E-02 -1.381249726E-02  6.562000141E-03  6.937415579E+00 
       141 -1.368749607E-02 -1.368749700E-02  6.562000141E-03  6.798222763E+00 
       142 -1.356249582E-02 -1.356249675E-02  6.562000141E-03  6.627556375E+00 
       143 -1.343749557E-02 -1.343749650E-02  6.562000141E-03  6.472517736E+00 
       144 -1.331249624E-02 -1.331249718E-02  6.562000141E-03  6.413083372E+00 
       145 -1.318749599E-02 -1.318749692E-02  6.562000141E-03  6.438259751E+00 
       146 -1.306249574E-02 -1.306249667E-02  6.562000141E-03  6.442598595E+00 
       147 -1.293749548E-02 -1.293749735E-02  6.562000141E-03  6.437718808E+00 
       148 -1.281249616E-02 -1.281249709E-02  6.562000141E-03  6.411237895E+00 
       149 -1.268749591E-02 -1.268749684E-02  6.562000141E-03  6.326202130E+00 
       150 -1.256249566E-02 -1.256249659E-02  6.562000141E-03  6.210770644E+00 
       151 -1.243749540E-02 -1.243749727E-02  6.562000141E-03  6.121583275E+00 
       152 -1.231249608E-02 -1.231249701E-02  6.562000141E-03  6.076558974E+00 
       153 -1.218749583E-02 -1.218749676E-02  6.562000141E-03  6.059208347E+00 
       154 -1.206249557E-02 -1.206249744E-02  6.562000141E-03  6.040426807E+00 
       155 -1.193749532E-02 -1.193749718E-02  6.562000141E-03  6.000812977E+00 
       156 -1.181249600E-02 -1.181249693E-02  6.562000141E-03  5.943240304E+00 
       157 -1.168749575E-02 -1.168749668E-02  6.562000141E-03  5.875051914E+00 
       158 -1.156249549E-02 -1.156249736E-02  6.562000141E-03  5.797411210E+00 
       159 -6.312495098E-03 -6.312497426E-03  6.562000141E-03  1.674617925E+00 
       160 -6.437495351E-03 -6.437497213E-03  6.562000141E-03  1.907373079E+00 
       161 -6.562495138E-03 -6.562497467E-03  6.562000141E-03  1.905474250E+00 
       162 -6.687495392E-03 -6.687497254E-03  6.562000141E-03  2.080865431E+00 
       163 -6.812495179E-03 -6.812497508E-03  6.562000141E-03  2.405034775E+00 
       164 -6.937495433E-03 -6.937497295E-03  6.562000141E-03  2.766134164E+00 
       165 -7.062495220E-03 -7.062497549E-03  6.562000141E-03  2.929573239E+00 
       166 -7.187495474E-03 -7.187497336E-03  6.562000141E-03  2.787815488E+00 
       167 -7.312495261E-03 -7.312497590E-03  6.562000141E-03  2.842609916E+00 
       168 -7.437495515E-03 -7.437497377E-03  6.562000141E-03  3.308301846E+00 
       169 -7.562495302E-03 -7.562497165E-03  6.562000141E-03  3.592718888E+00 
       170 -7.687495556E-03 -7.687497418E-03  6.562000141E-03  3.504104754E+00 
       171 -7.812495343E-03 -7.812497206E-03  6.562000141E-03  3.474529340E+00 
       172 -7.937495597E-03 -7.937497459E-03  6.562000141E-03  3.654539122E+00 
       173 -8.062495850E-03 -8.062497713E-03  6.562000141E-03  3.936290785E+00 
       174 -8.187495172E-03 -8.187497035E-03  6.562000141E-03  4.549032163E+00 
       175 -8.312495425E-03 -8.312497288E-03  6.562000141E-03  4.463485020E+00 
       176 -8.437495679E-03 -8.437497541E-03  6.562000141E-03  4.375465265E+00 
       177 -8.562495932E-03 -8.562496863E-03  6.562000141E-03  4.286425140E+00 
       178 -8.687495254E-03 -8.687497117E-03  6.562000141E-03  4.288903016E+00 
       179 -8.812495507E-03 -8.812497370E-03  6.562000141E-03  4.405393318E+00 
       180 -8.937495761E-03 -8.937497623E-03  6.562000141E-03  4.441324387E+00 
       181 -9.062495083E-03 -9.062496945E-03  6.562000141E-03  4.404935813E+00 
       182 -9.187495336E-03 -9.187497199E-03  6.562000141E-03  4.423168455E+00 
