cellnumber     x-coordinate     y-coordinate     z-coordinate velocity-magnitude 
         1 -7.062495220E-03 -7.062497549E-03  6.562000141E-03  2.197228353E+00 
         2 -6.937495433E-03 -6.937497295E-03  6.562000141E-03  2.137799538E+00 
         3 -6.812495179E-03 -6.812497508E-03  6.562000141E-03  2.174730678E+00 
         4 -6.687495392E-03 -6.687497254E-03  6.562000141E-03  2.016894164E+00 
         5 -6.562495138E-03 -6.562497467E-03  6.562000141E-03  1.692545612E+00 
         6 -6.437495351E-03 -6.437497213E-03  6.562000141E-03  1.333199956E+00 
         7 -6.312495098E-03 -6.312497426E-03  6.562000141E-03  1.138141457E+00 
         8 -6.187495310E-03 -6.187497638E-03  6.562000141E-03  9.775510361E-01 
         9 -6.062495522E-03 -6.062497385E-03  6.562000141E-03  8.290233448E-01 
        10 -5.937495269E-03 -5.937497597E-03  6.562000141E-03  7.220007406E-01 
        11 -5.812495481E-03 -5.812497344E-03  6.562000141E-03  6.524606107E-01 
        12 -5.687495228E-03 -5.687497556E-03  6.562000141E-03  6.147610747E-01 
        13 -5.562495440E-03 -5.562497303E-03  6.562000141E-03  5.948765870E-01 
        14 -5.437495187E-03 -5.437497515E-03  6.562000141E-03  5.676782583E-01 
        15 -5.312495399E-03 -5.312497728E-03  6.562000141E-03  5.392887569E-01 
        16 -5.187495146E-03 -5.187497474E-03  6.562000141E-03  5.283965770E-01 
        17 -5.062495358E-03 -5.062497687E-03  6.562000141E-03  5.126223849E-01 
        18 -4.937495105E-03 -4.937497433E-03  6.562000141E-03  4.826570879E-01 
        19 -4.812495317E-03 -4.812497646E-03  6.562000141E-03  4.648777497E-01 
        20 -4.687495064E-03 -4.687497392E-03  6.562000141E-03  4.513140794E-01 
        21 -4.562495276E-03 -4.562497605E-03  6.562000141E-03  4.370680382E-01 
        22 -4.437495023E-03 -4.437497817E-03  6.562000141E-03  4.241421949E-01 
        23 -4.312495235E-03 -4.312497564E-03  6.562000141E-03  3.967849324E-01 
        24 -4.187494982E-03 -4.187497776E-03  6.562000141E-03  3.755015314E-01 
        25 -4.062495194E-03 -4.062497523E-03  6.562000141E-03  3.918525868E-01 
        26 -3.937494941E-03 -3.937497735E-03  6.562000141E-03  4.736652152E-01 
        27 -3.812494921E-03 -3.812497482E-03  6.562000141E-03  5.779563495E-01 
        28 -3.687494900E-03 -3.687497461E-03  6.562000141E-03  6.590480929E-01 
        29 -3.562494880E-03 -3.562497441E-03  6.562000141E-03  7.188146268E-01 
        30 -3.437495092E-03 -3.437497653E-03  6.562000141E-03  7.800864521E-01 
        31 -3.312495071E-03 -3.312497633E-03  6.562000141E-03  7.054903366E-01 
        32 -3.187495051E-03 -3.187497612E-03  6.562000141E-03  5.259362002E-01 
        33 -3.061021678E-03 -3.061023075E-03  6.562000606E-03  5.066425486E-01 
        34 -2.973292954E-03 -2.973292954E-03  6.562000606E-03  6.646165435E-01 
        35 -2.937367884E-03 -2.937367884E-03  6.562000141E-03  7.595133591E-01 
        36 -2.915092744E-03 -2.915092744E-03  6.562000141E-03  8.226448435E-01 
        37 -2.896590624E-03 -2.896590624E-03  6.562000606E-03  8.741702159E-01 
        38 -2.881214023E-03 -2.881214023E-03  6.562000606E-03  9.159182272E-01 
        39 -2.868429059E-03 -2.868429059E-03  6.562000141E-03  9.495077805E-01 
        40 -2.857794985E-03 -2.857794985E-03  6.562000606E-03  9.764606527E-01 
        41 -2.848947421E-03 -2.848947421E-03  6.562000606E-03  9.980861252E-01 
        42 -2.841583686E-03 -2.841583686E-03  6.562000606E-03  1.015444644E+00 
        43 -2.835453954E-03 -2.835453954E-03  6.562000606E-03  1.029394910E+00 
        44 -2.830350772E-03 -2.830350772E-03  6.562000141E-03  1.040657814E+00 
        45 -7.687495556E-03 -7.687497418E-03  6.562000141E-03  2.131200182E+00 
        46 -7.562495302E-03 -7.562497165E-03  6.562000141E-03  2.045450736E+00 
        47 -7.437495515E-03 -7.437497377E-03  6.562000141E-03  2.107084309E+00 
        48 -7.312495261E-03 -7.312497590E-03  6.562000141E-03  2.275347355E+00 
        49 -7.187495474E-03 -7.187497336E-03  6.562000141E-03  2.267325636E+00 
        50 -7.812495343E-03 -7.812497206E-03  6.562000141E-03  2.261500868E+00 
        51 -7.937495597E-03 -7.937497459E-03  6.562000141E-03  2.513036183E+00 
        52 -8.062495850E-03 -8.062497713E-03  6.562000141E-03  2.725575701E+00 
        53 -8.187495172E-03 -8.187497035E-03  6.562000141E-03  2.861759538E+00 
        54 -8.312495425E-03 -8.312497288E-03  6.562000141E-03  2.941732106E+00 
        55 -8.437495679E-03 -8.437497541E-03  6.562000141E-03  2.981458258E+00 
        56 -8.562495932E-03 -8.562496863E-03  6.562000141E-03  3.000030768E+00 
        57 -8.687495254E-03 -8.687497117E-03  6.562000141E-03  3.007022680E+00 
        58 -8.812495507E-03 -8.812497370E-03  6.562000141E-03  3.008116498E+00 
        59 -8.937495761E-03 -8.937497623E-03  6.562000141E-03  2.999314339E+00 
        60 -9.062495083E-03 -9.062496945E-03  6.562000141E-03  2.981755478E+00 
        61 -9.187495336E-03 -9.187497199E-03  6.562000141E-03  2.979529956E+00 
        62 -9.312495589E-03 -9.312497452E-03  6.562000141E-03  3.030636541E+00 
        63 -9.437495843E-03 -9.437496774E-03  6.562000141E-03  3.044076155E+00 
        64 -9.562495165E-03 -9.562497027E-03  6.562000141E-03  2.969683087E+00 
        65 -9.687495418E-03 -9.687497281E-03  6.562000141E-03  2.921324510E+00 
        66 -9.812495671E-03 -9.812497534E-03  6.562000141E-03  3.034685334E+00 
        67 -9.937495925E-03 -9.937496856E-03  6.562000141E-03  3.117350095E+00 
        68 -1.006249525E-02 -1.006249711E-02  6.562000141E-03  3.207286945E+00 
        69 -1.018749550E-02 -1.018749736E-02  6.562000141E-03  3.315058869E+00 
        70 -1.031249575E-02 -1.031249762E-02  6.562000141E-03  3.400214559E+00 
        71 -1.043749601E-02 -1.043749694E-02  6.562000141E-03  3.467089042E+00 
        72 -1.056249533E-02 -1.056249719E-02  6.562000141E-03  3.534083233E+00 
        73 -1.068749558E-02 -1.068749744E-02  6.562000141E-03  3.609987273E+00 
        74 -1.081249584E-02 -1.081249677E-02  6.562000141E-03  3.700222377E+00 
        75 -1.093749609E-02 -1.093749702E-02  6.562000141E-03  3.790919431E+00 
        76 -1.106249541E-02 -1.106249727E-02  6.562000141E-03  3.862940653E+00 
        77 -1.556249615E-02 -1.556249708E-02  6.562000141E-03  6.085469231E+00 
        78 -1.543749589E-02 -1.543749683E-02  6.562000141E-03  6.000457553E+00 
        79 -1.531249564E-02 -1.531249657E-02  6.562000141E-03  5.962237488E+00 
        80 -1.518749632E-02 -1.518749725E-02  6.562000141E-03  6.086631868E+00 
        81 -1.506249607E-02 -1.506249700E-02  6.562000141E-03  5.996579160E+00 
        82 -1.493749581E-02 -1.493749674E-02  6.562000141E-03  5.885093223E+00 
        83 -1.481249556E-02 -1.481249649E-02  6.562000141E-03  5.908337781E+00 
        84 -1.468749624E-02 -1.468749717E-02  6.562000141E-03  5.899120821E+00 
        85 -1.456249598E-02 -1.456249692E-02  6.562000141E-03  5.807801849E+00 
        86 -1.443749573E-02 -1.443749666E-02  6.562000141E-03  5.682065676E+00 
        87 -1.431249641E-02 -1.431249641E-02  6.562000141E-03  5.568209666E+00 
        88 -1.418749616E-02 -1.418749709E-02  6.562000141E-03  5.454493105E+00 
        89 -1.406249590E-02 -1.406249683E-02  6.562000141E-03  5.348133736E+00 
        90 -1.393749565E-02 -1.393749658E-02  6.562000141E-03  5.275211020E+00 
        91 -1.381249633E-02 -1.381249726E-02  6.562000141E-03  5.222482577E+00 
        92 -1.368749607E-02 -1.368749700E-02  6.562000141E-03  5.167135494E+00 
        93 -1.356249582E-02 -1.356249675E-02  6.562000141E-03  5.100053228E+00 
        94 -1.343749557E-02 -1.343749650E-02  6.562000141E-03  5.027175229E+00 
        95 -1.331249624E-02 -1.331249718E-02  6.562000141E-03  4.956554864E+00 
        96 -1.318749599E-02 -1.318749692E-02  6.562000141E-03  4.892051559E+00 
        97 -1.306249574E-02 -1.306249667E-02  6.562000141E-03  4.833168348E+00 
        98 -1.293749548E-02 -1.293749735E-02  6.562000141E-03  4.776639188E+00 
        99 -1.281249616E-02 -1.281249709E-02  6.562000141E-03  4.718306329E+00 
       100 -1.268749591E-02 -1.268749684E-02  6.562000141E-03  4.657068898E+00 
       101 -1.256249566E-02 -1.256249659E-02  6.562000141E-03  4.596531900E+00 
       102 -1.243749540E-02 -1.243749727E-02  6.562000141E-03  4.537919143E+00 
       103 -1.231249608E-02 -1.231249701E-02  6.562000141E-03  4.473982332E+00 
       104 -1.218749583E-02 -1.218749676E-02  6.562000141E-03  4.398768051E+00 
       105 -1.206249557E-02 -1.206249744E-02  6.562000141E-03  4.315791138E+00 
       106 -1.193749532E-02 -1.193749718E-02  6.562000141E-03  4.233473686E+00 
       107 -1.181249600E-02 -1.181249693E-02  6.562000141E-03  4.157318099E+00 
       108 -1.168749575E-02 -1.168749668E-02  6.562000141E-03  4.088636405E+00 
       109 -1.156249549E-02 -1.156249736E-02  6.562000141E-03  4.030462466E+00 
       110 -1.143749617E-02 -1.143749710E-02  6.562000141E-03  3.985338516E+00 
       111 -1.131249592E-02 -1.131249685E-02  6.562000141E-03  3.949728597E+00 
       112 -1.118749566E-02 -1.118749753E-02  6.562000141E-03  3.912929200E+00 
       113 -1.898222044E-02 -1.898222044E-02  6.562000606E-03  5.046185502E+00 
       114 -1.904012822E-02 -1.904012822E-02  6.562000141E-03  5.032950766E+00 
       115 -1.912219450E-02 -1.912219450E-02  6.562000606E-03  5.014596938E+00 
       116 -1.916676387E-02 -1.916676387E-02  6.562000606E-03  4.961057460E+00 
       117 -1.923896931E-02 -1.923896931E-02  6.562000141E-03  4.893743346E+00 
       118 -1.931096986E-02 -1.931096986E-02  6.562000606E-03  4.868595840E+00 
       119 -1.938296854E-02 -1.938296854E-02  6.562000141E-03  4.826084921E+00 
       120 -1.945496909E-02 -1.945496909E-02  6.562000606E-03  4.801175715E+00 
       121 -1.952696964E-02 -1.952696964E-02  6.562000141E-03  4.728088122E+00 
       122 -1.959896833E-02 -1.959896833E-02  6.562000606E-03  4.716429567E+00 
       123 -1.967096888E-02 -1.967096888E-02  6.562000141E-03  4.579419832E+00 
       124 -1.974296942E-02 -1.974296942E-02  6.562000606E-03  4.511897769E+00 
       125 -1.981496811E-02 -1.981496811E-02  6.562000141E-03  4.350063406E+00 
       126 -1.988697052E-02 -1.988697052E-02  6.562000141E-03  4.272024247E+00 
       127 -1.995896921E-02 -1.995896921E-02  6.562000141E-03  4.146535359E+00 
       128 -2.003096975E-02 -2.003096975E-02  6.562000141E-03  4.111585950E+00 
       129 -2.010296844E-02 -2.010296844E-02  6.562000141E-03  4.113441573E+00 
       130 -2.017496899E-02 -2.017496899E-02  6.562000141E-03  3.968841822E+00 
       131 -2.024696954E-02 -2.024696954E-02  6.562000141E-03  3.932124690E+00 
       132 -2.031897008E-02 -2.031897008E-02  6.562000606E-03  3.829247227E+00 
       133 -2.039096877E-02 -2.039096877E-02  6.562000141E-03  4.019385368E+00 
       134 -2.046296932E-02 -2.046296932E-02  6.562000141E-03  4.150405767E+00 
       135 -2.053496987E-02 -2.053496987E-02  6.562000606E-03  4.308402370E+00 
       136 -2.060696855E-02 -2.060696855E-02  6.562000141E-03  4.244448122E+00 
       137 -2.067896910E-02 -2.067896910E-02  6.562000141E-03  4.147695501E+00 
       138 -2.075096779E-02 -2.075096779E-02  6.562000141E-03  3.855884476E+00 
       139 -2.082296833E-02 -2.082296833E-02  6.562000141E-03  3.642717396E+00 
       140 -2.089514025E-02 -2.089514025E-02  6.562000141E-03  3.565969080E+00 
       141 -2.095155232E-02 -2.095155232E-02  6.562000141E-03  3.349908967E+00 
       142 -2.100796066E-02 -2.100796066E-02  6.562000141E-03  3.191069848E+00 
       143 -2.102797665E-02 -2.102797665E-02  6.562000141E-03  3.202891529E+00 
       144 -2.106651478E-02 -2.106651478E-02  6.562000606E-03  2.706963335E+00 
       145 -2.110337466E-02 -2.110337466E-02  6.562000606E-03  2.303153173E+00 
       146 -2.112556621E-02 -2.112556621E-02  6.562000606E-03  1.970247949E+00 
       147 -2.114406601E-02 -2.114406601E-02  6.562000606E-03  1.641677088E+00 
       148 -2.115948685E-02 -2.115948685E-02  6.562000606E-03  1.326635617E+00 
       149 -2.117234282E-02 -2.117234282E-02  6.562000606E-03  1.035429274E+00 
       150 -2.118305862E-02 -2.118305862E-02  6.562000141E-03  7.736375754E-01 
       151 -2.119199000E-02 -2.119199000E-02  6.562000141E-03  5.465251879E-01 
       152 -2.119943500E-02 -2.119943500E-02  6.562000606E-03  3.549170963E-01 
       153 -2.120563947E-02 -2.120563947E-02  6.562000141E-03  1.960271935E-01 
       154 -2.121081017E-02 -2.121081017E-02  6.562000141E-03  6.489805647E-02 
       155 -1.568749547E-02 -1.568749733E-02  6.562000141E-03  6.428478507E+00 
       156 -1.581249572E-02 -1.581249572E-02  6.562000141E-03  6.521180048E+00 
       157 -1.593749598E-02 -1.593749598E-02  6.562000141E-03  6.416115182E+00 
       158 -1.606249623E-02 -1.606249623E-02  6.562000141E-03  6.272543894E+00 
       159 -1.618749648E-02 -1.618749648E-02  6.562000141E-03  6.138834426E+00 
       160 -1.631249674E-02 -1.631249674E-02  6.562000141E-03  5.968581239E+00 
       161 -1.643749513E-02 -1.643749699E-02  6.562000141E-03  5.688072292E+00 
       162 -1.656249538E-02 -1.656249724E-02  6.562000141E-03  5.434219051E+00 
       163 -1.668749563E-02 -1.668749563E-02  6.562000141E-03  5.259891801E+00 
       164 -1.681249589E-02 -1.681249589E-02  6.562000141E-03  5.259208568E+00 
       165 -1.693749614E-02 -1.693749614E-02  6.562000141E-03  5.300850695E+00 
       166 -1.706249639E-02 -1.706249639E-02  6.562000141E-03  5.295791476E+00 
       167 -1.718749665E-02 -1.718749665E-02  6.562000141E-03  5.195968202E+00 
       168 -1.731249504E-02 -1.731249690E-02  6.562000141E-03  5.167939978E+00 
       169 -1.743749529E-02 -1.743749715E-02  6.562000141E-03  5.082021807E+00 
       170 -1.756249554E-02 -1.756249554E-02  6.562000141E-03  4.910226974E+00 
       171 -1.768749580E-02 -1.768749580E-02  6.562000141E-03  4.874246524E+00 
       172 -1.781249605E-02 -1.781249605E-02  6.562000141E-03  5.003632104E+00 
       173 -1.793749630E-02 -1.793749630E-02  6.562000141E-03  5.147745600E+00 
       174 -1.806249656E-02 -1.806249656E-02  6.562000141E-03  5.252258254E+00 
       175 -1.818749681E-02 -1.818749681E-02  6.562000141E-03  5.351110960E+00 
       176 -1.831249520E-02 -1.831249706E-02  6.562000141E-03  5.267893422E+00 
       177 -1.843749546E-02 -1.843749546E-02  6.562000141E-03  5.114852216E+00 
       178 -1.856249571E-02 -1.856249571E-02  6.562000141E-03  5.019709969E+00 
       179 -1.868749596E-02 -1.868749596E-02  6.562000141E-03  4.996884026E+00 
       180 -1.880909875E-02 -1.880909875E-02  6.562000141E-03  4.938082656E+00 
       181 -1.890101843E-02 -1.890101843E-02  6.562000606E-03  4.952466938E+00 
       182 -1.895096339E-02 -1.895096339E-02  6.562000606E-03  4.969648209E+00 
