cellnumber     x-coordinate     y-coordinate     z-coordinate velocity-magnitude 
         1 -1.106250379E-02 -1.106249355E-02  6.562000141E-03  4.092811848E+00 
         2 -1.118750311E-02 -1.118749380E-02  6.562000141E-03  4.146677146E+00 
         3 -1.131250337E-02 -1.131249405E-02  6.562000141E-03  4.219891420E+00 
         4 -1.143750362E-02 -1.143749338E-02  6.562000141E-03  4.304841212E+00 
         5 -1.156250387E-02 -1.156249363E-02  6.562000141E-03  4.382030693E+00 
         6 -1.168750320E-02 -1.168749388E-02  6.562000141E-03  4.446312131E+00 
         7 -1.181250345E-02 -1.181249321E-02  6.562000141E-03  4.495111083E+00 
         8 -1.193750370E-02 -1.193749346E-02  6.562000141E-03  4.531083927E+00 
         9 -1.206250396E-02 -1.206249371E-02  6.562000141E-03  4.563152382E+00 
        10 -1.218750328E-02 -1.218749397E-02  6.562000141E-03  4.602519380E+00 
        11 -1.231250353E-02 -1.231249329E-02  6.562000141E-03  4.657228307E+00 
        12 -1.243750378E-02 -1.243749354E-02  6.562000141E-03  4.727481281E+00 
        13 -1.256250404E-02 -1.256249379E-02  6.562000141E-03  4.794790615E+00 
        14 -1.268750336E-02 -1.268749312E-02  6.562000141E-03  4.843407096E+00 
        15 -1.281250361E-02 -1.281249337E-02  6.562000141E-03  4.868564566E+00 
        16 -1.293750387E-02 -1.293749362E-02  6.562000141E-03  4.879844752E+00 
        17 -1.306250412E-02 -1.306249388E-02  6.562000141E-03  4.879544878E+00 
        18 -1.318750344E-02 -1.318749320E-02  6.562000141E-03  4.899178440E+00 
        19 -1.331250370E-02 -1.331249345E-02  6.562000141E-03  4.977627487E+00 
        20 -1.343750395E-02 -1.343749370E-02  6.562000141E-03  5.055633380E+00 
        21 -1.356250420E-02 -1.356249303E-02  6.562000141E-03  5.105271128E+00 
        22 -1.368750352E-02 -1.368749328E-02  6.562000141E-03  5.142288517E+00 
        23 -1.381250378E-02 -1.381249353E-02  6.562000141E-03  5.198673519E+00 
        24 -1.393750403E-02 -1.393749379E-02  6.562000141E-03  5.288810771E+00 
        25 -1.406250335E-02 -1.406249311E-02  6.562000141E-03  5.415406142E+00 
        26 -1.418750361E-02 -1.418749336E-02  6.562000141E-03  5.548983320E+00 
        27 -1.431250386E-02 -1.431249361E-02  6.562000141E-03  5.672650461E+00 
        28 -1.443750411E-02 -1.443749294E-02  6.562000141E-03  5.786015263E+00 
        29 -6.062502973E-03 -6.062494125E-03  6.562000141E-03  1.150721666E+00 
        30 -6.187502760E-03 -6.187494379E-03  6.562000141E-03  1.254939162E+00 
        31 -6.312503014E-03 -6.312494166E-03  6.562000141E-03  1.331563171E+00 
        32 -6.437502801E-03 -6.437493954E-03  6.562000141E-03  1.508584100E+00 
        33 -6.562503055E-03 -6.562494207E-03  6.562000141E-03  1.828983851E+00 
        34 -6.687502842E-03 -6.687493995E-03  6.562000141E-03  2.047817200E+00 
        35 -6.812503096E-03 -6.812494248E-03  6.562000141E-03  1.903653451E+00 
        36 -6.937502883E-03 -6.937494036E-03  6.562000141E-03  1.738737542E+00 
        37 -7.062503137E-03 -7.062494289E-03  6.562000141E-03  1.642713242E+00 
        38 -7.187502924E-03 -7.187494077E-03  6.562000141E-03  1.865365100E+00 
        39 -7.312503178E-03 -7.312493864E-03  6.562000141E-03  2.057625914E+00 
        40 -7.437502965E-03 -7.437494118E-03  6.562000141E-03  2.158327529E+00 
        41 -7.562503219E-03 -7.562493905E-03  6.562000141E-03  2.238845466E+00 
        42 -7.687503006E-03 -7.687494159E-03  6.562000141E-03  2.309030431E+00 
        43 -7.812502794E-03 -7.812493946E-03  6.562000141E-03  2.396947391E+00 
        44 -7.937503047E-03 -7.937493734E-03  6.562000141E-03  2.549399660E+00 
        45 -8.062503301E-03 -8.062493987E-03  6.562000141E-03  2.734657902E+00 
        46 -8.187503554E-03 -8.187494241E-03  6.562000141E-03  2.879556754E+00 
        47 -8.312502876E-03 -8.312493563E-03  6.562000141E-03  2.984797411E+00 
        48 -8.437503129E-03 -8.437493816E-03  6.562000141E-03  3.056746296E+00 
        49 -8.562503383E-03 -8.562494069E-03  6.562000141E-03  3.077953983E+00 
        50 -8.687503636E-03 -8.687494323E-03  6.562000141E-03  3.080918371E+00 
        51 -8.812502958E-03 -8.812493645E-03  6.562000141E-03  3.103244156E+00 
        52 -8.937503211E-03 -8.937493898E-03  6.562000141E-03  3.155709464E+00 
        53 -9.062503465E-03 -9.062494151E-03  6.562000141E-03  3.221883016E+00 
        54 -9.187503718E-03 -9.187493473E-03  6.562000141E-03  3.280400236E+00 
        55 -9.312503040E-03 -9.312493727E-03  6.562000141E-03  3.327234746E+00 
        56 -9.437503293E-03 -9.437493980E-03  6.562000141E-03  3.368484824E+00 
        57 -9.562503546E-03 -9.562494233E-03  6.562000141E-03  3.395134066E+00 
        58 -9.687502868E-03 -9.687493555E-03  6.562000141E-03  3.400561078E+00 
        59 -9.812503122E-03 -9.812493809E-03  6.562000141E-03  3.438995912E+00 
        60 -9.937503375E-03 -9.937494062E-03  6.562000141E-03  3.569155233E+00 
        61 -1.006250363E-02 -1.006249338E-02  6.562000141E-03  3.660840498E+00 
        62 -1.018750295E-02 -1.018749364E-02  6.562000141E-03  3.696751475E+00 
        63 -1.031250320E-02 -1.031249389E-02  6.562000141E-03  3.740722478E+00 
        64 -1.043750346E-02 -1.043749414E-02  6.562000141E-03  3.817262747E+00 
        65 -1.056250371E-02 -1.056249347E-02  6.562000141E-03  3.891636616E+00 
        66 -1.068750303E-02 -1.068749372E-02  6.562000141E-03  3.949036225E+00 
        67 -1.081250329E-02 -1.081249397E-02  6.562000141E-03  3.996748003E+00 
        68 -1.093750354E-02 -1.093749329E-02  6.562000141E-03  4.044369126E+00 
        69 -1.856250316E-02 -1.856249198E-02  6.562000141E-03  5.680844808E+00 
        70 -1.843750477E-02 -1.843749173E-02  6.562000141E-03  5.800534677E+00 
        71 -1.831250452E-02 -1.831249334E-02  6.562000141E-03  5.653145930E+00 
        72 -1.818750426E-02 -1.818749309E-02  6.562000141E-03  5.397100975E+00 
        73 -1.806250401E-02 -1.806249283E-02  6.562000141E-03  5.367953256E+00 
        74 -1.793750376E-02 -1.793749258E-02  6.562000141E-03  5.296772280E+00 
        75 -1.781250350E-02 -1.781249233E-02  6.562000141E-03  5.315934375E+00 
        76 -1.768750325E-02 -1.768749207E-02  6.562000141E-03  5.281466271E+00 
        77 -1.456250343E-02 -1.456249319E-02  6.562000141E-03  5.930033274E+00 
        78 -1.468750369E-02 -1.468749344E-02  6.562000141E-03  6.014508039E+00 
        79 -1.481250394E-02 -1.481249370E-02  6.562000141E-03  6.045211220E+00 
        80 -1.493750419E-02 -1.493749302E-02  6.562000141E-03  6.052093638E+00 
        81 -1.506250352E-02 -1.506249327E-02  6.562000141E-03  6.080584668E+00 
        82 -1.518750377E-02 -1.518749353E-02  6.562000141E-03  6.165021286E+00 
        83 -1.531250402E-02 -1.531249285E-02  6.562000141E-03  6.352094021E+00 
        84 -1.543750428E-02 -1.543749310E-02  6.562000141E-03  6.363304169E+00 
        85 -1.556250360E-02 -1.556249335E-02  6.562000141E-03  6.060536838E+00 
        86 -1.568750292E-02 -1.568749361E-02  6.562000141E-03  5.661453405E+00 
        87 -1.581250317E-02 -1.581249200E-02  6.562000141E-03  5.593116512E+00 
        88 -1.593750343E-02 -1.593749225E-02  6.562000141E-03  5.521483127E+00 
        89 -1.606250368E-02 -1.606249250E-02  6.562000141E-03  5.468853292E+00 
        90 -1.618750393E-02 -1.618749276E-02  6.562000141E-03  5.512772073E+00 
        91 -1.631250419E-02 -1.631249301E-02  6.562000141E-03  5.543337454E+00 
        92 -1.643750444E-02 -1.643749326E-02  6.562000141E-03  5.528923705E+00 
        93 -1.656250469E-02 -1.656249352E-02  6.562000141E-03  5.470871123E+00 
        94 -1.668750308E-02 -1.668749191E-02  6.562000141E-03  5.378790151E+00 
        95 -1.681250334E-02 -1.681249216E-02  6.562000141E-03  5.301708757E+00 
        96 -1.693750359E-02 -1.693749242E-02  6.562000141E-03  5.269147257E+00 
        97 -1.706250384E-02 -1.706249267E-02  6.562000141E-03  5.241362324E+00 
        98 -1.718750410E-02 -1.718749292E-02  6.562000141E-03  5.233373981E+00 
        99 -1.731250435E-02 -1.731249318E-02  6.562000141E-03  5.215185386E+00 
       100 -1.743750460E-02 -1.743749343E-02  6.562000141E-03  5.208650309E+00 
       101 -1.756250486E-02 -1.756249182E-02  6.562000141E-03  5.219976108E+00 
       102 -1.895638742E-02 -1.895638742E-02  6.561999675E-03  4.560710098E+00 
       103 -1.889957115E-02 -1.889957115E-02  6.562000141E-03  4.589650256E+00 
       104 -1.880222559E-02 -1.880222000E-02  6.562000141E-03  4.794958981E+00 
       105 -1.868750341E-02 -1.868749224E-02  6.562000141E-03  5.058389541E+00 
       106 -1.898222044E-02 -1.898222044E-02  6.562000606E-03  4.420375262E+00 
       107 -1.904012822E-02 -1.904012822E-02  6.562000141E-03  4.392223798E+00 
       108 -1.912219450E-02 -1.912219450E-02  6.562000606E-03  4.428416648E+00 
       109 -1.916676387E-02 -1.916676387E-02  6.562000606E-03  4.492993863E+00 
       110 -1.923896931E-02 -1.923896931E-02  6.562000141E-03  4.506211331E+00 
       111 -1.931096986E-02 -1.931096986E-02  6.562000606E-03  4.602109260E+00 
       112 -1.938296854E-02 -1.938296854E-02  6.562000141E-03  4.665509587E+00 
       113 -1.945496909E-02 -1.945496909E-02  6.562000606E-03  4.661473734E+00 
       114 -1.952696964E-02 -1.952696964E-02  6.562000141E-03  4.647596473E+00 
       115 -1.959896833E-02 -1.959896833E-02  6.562000606E-03  4.555898354E+00 
       116 -1.967096888E-02 -1.967096888E-02  6.562000141E-03  4.499359320E+00 
       117 -1.974296942E-02 -1.974296942E-02  6.562000606E-03  4.371475576E+00 
       118 -1.981496811E-02 -1.981496811E-02  6.562000141E-03  4.225790056E+00 
       119 -1.988697052E-02 -1.988697052E-02  6.562000141E-03  4.097337396E+00 
       120 -1.995896921E-02 -1.995896921E-02  6.562000141E-03  4.030299915E+00 
       121 -2.003096975E-02 -2.003096975E-02  6.562000141E-03  4.005799213E+00 
       122 -2.010296844E-02 -2.010296844E-02  6.562000141E-03  4.111087177E+00 
       123 -2.017496899E-02 -2.017496899E-02  6.562000141E-03  4.355012524E+00 
       124 -2.024696954E-02 -2.024696954E-02  6.562000141E-03  4.552468700E+00 
       125 -2.031897008E-02 -2.031897008E-02  6.562000606E-03  4.682530792E+00 
       126 -2.039096877E-02 -2.039096877E-02  6.562000141E-03  4.732060126E+00 
       127 -2.046296932E-02 -2.046296932E-02  6.562000141E-03  4.689656983E+00 
       128 -2.053496987E-02 -2.053496987E-02  6.562000606E-03  4.778663554E+00 
       129 -2.060696855E-02 -2.060696855E-02  6.562000141E-03  4.915491595E+00 
       130 -2.067896910E-02 -2.067896910E-02  6.562000141E-03  5.100562424E+00 
       131 -2.075096779E-02 -2.075096779E-02  6.562000141E-03  5.112628343E+00 
       132 -2.082296833E-02 -2.082296833E-02  6.562000141E-03  5.154722440E+00 
       133 -2.089514025E-02 -2.089514025E-02  6.562000141E-03  5.049307403E+00 
       134 -2.095155232E-02 -2.095155232E-02  6.562000141E-03  4.983214391E+00 
       135 -2.100796066E-02 -2.100796066E-02  6.562000141E-03  4.875228652E+00 
       136 -2.102797665E-02 -2.102797665E-02  6.562000141E-03  4.883914813E+00 
       137 -2.106651478E-02 -2.106651478E-02  6.562000606E-03  4.592309655E+00 
       138 -2.110337466E-02 -2.110337466E-02  6.562000606E-03  4.198046936E+00 
       139 -2.112556621E-02 -2.112556621E-02  6.562000606E-03  3.801990740E+00 
       140 -2.114406601E-02 -2.114406601E-02  6.562000606E-03  3.251192578E+00 
       141 -2.115948685E-02 -2.115948685E-02  6.562000606E-03  2.619467008E+00 
       142 -2.117234282E-02 -2.117234282E-02  6.562000606E-03  2.030002742E+00 
       143 -2.118305862E-02 -2.118305862E-02  6.562000141E-03  1.519731370E+00 
       144 -2.119199000E-02 -2.119199000E-02  6.562000141E-03  1.086862642E+00 
       145 -2.119943500E-02 -2.119943500E-02  6.562000606E-03  7.186116331E-01 
       146 -2.120563947E-02 -2.120563947E-02  6.562000141E-03  4.038607842E-01 
       147 -2.121081017E-02 -2.121081017E-02  6.562000141E-03  1.352362325E-01 
       148 -5.937502719E-03 -5.937494338E-03  6.562000141E-03  1.050619776E+00 
       149 -5.812502932E-03 -5.812494084E-03  6.562000141E-03  1.156543164E+00 
       150 -5.687502678E-03 -5.687494297E-03  6.562000141E-03  1.278798913E+00 
       151 -5.562502891E-03 -5.562494043E-03  6.562000141E-03  1.310918467E+00 
       152 -5.437502638E-03 -5.437494256E-03  6.562000141E-03  1.373196432E+00 
       153 -5.312502850E-03 -5.312494468E-03  6.562000141E-03  1.403506448E+00 
       154 -5.187503062E-03 -5.187494215E-03  6.562000141E-03  1.265517123E+00 
       155 -5.062502809E-03 -5.062494427E-03  6.562000141E-03  1.191761572E+00 
       156 -4.937503021E-03 -4.937494174E-03  6.562000141E-03  1.150869985E+00 
       157 -4.812502768E-03 -4.812494386E-03  6.562000141E-03  9.443886384E-01 
       158 -4.687502980E-03 -4.687494133E-03  6.562000141E-03  8.813739765E-01 
       159 -4.562502727E-03 -4.562494345E-03  6.562000141E-03  8.687405564E-01 
       160 -4.437502939E-03 -4.437494557E-03  6.562000141E-03  7.842243901E-01 
       161 -4.312502686E-03 -4.312494304E-03  6.562000141E-03  6.930287320E-01 
       162 -4.187502898E-03 -4.187494516E-03  6.562000141E-03  6.294068331E-01 
       163 -4.062502645E-03 -4.062494263E-03  6.562000141E-03  6.114941863E-01 
       164 -3.937502392E-03 -3.937494475E-03  6.562000141E-03  5.990165787E-01 
       165 -3.812502604E-03 -3.812494222E-03  6.562000141E-03  5.739150900E-01 
       166 -3.687502583E-03 -3.687494202E-03  6.562000141E-03  5.706498518E-01 
       167 -3.562502563E-03 -3.562494414E-03  6.562000141E-03  5.677735814E-01 
       168 -3.437502543E-03 -3.437494393E-03  6.562000141E-03  5.392649103E-01 
       169 -3.312502522E-03 -3.312494373E-03  6.562000141E-03  5.044738665E-01 
       170 -3.187502502E-03 -3.187494352E-03  6.562000141E-03  4.781530085E-01 
       171 -3.062231233E-03 -3.062227042E-03  6.562000141E-03  4.644368642E-01 
       172 -2.974424278E-03 -2.974424278E-03  6.562000141E-03  4.663550867E-01 
       173 -2.937239828E-03 -2.937239828E-03  6.562000606E-03  4.953488171E-01 
       174 -2.915001474E-03 -2.915001474E-03  6.562000606E-03  5.418087582E-01 
       175 -2.896528924E-03 -2.896528924E-03  6.562000606E-03  6.015208228E-01 
       176 -2.881176071E-03 -2.881176071E-03  6.562000606E-03  6.702764706E-01 
       177 -2.868410433E-03 -2.868410433E-03  6.562000141E-03  7.413003948E-01 
       178 -2.857792191E-03 -2.857792191E-03  6.562000141E-03  8.100244146E-01 
       179 -2.848957200E-03 -2.848957200E-03  6.562000141E-03  8.734925846E-01 
       180 -2.841604175E-03 -2.841604175E-03  6.562000606E-03  9.304163283E-01 
       181 -2.835483057E-03 -2.835483057E-03  6.562000606E-03  9.804829873E-01 
       182 -2.830386627E-03 -2.830386627E-03  6.562000606E-03  1.023925788E+00 
