cellnumber     x-coordinate     y-coordinate     z-coordinate velocity-magnitude 
         1 -7.812495343E-03 -7.812497206E-03  6.562000141E-03  2.533693913E+00 
         2 -7.937495597E-03 -7.937497459E-03  6.562000141E-03  2.652894127E+00 
         3 -8.062495850E-03 -8.062496781E-03  6.562000141E-03  2.827189818E+00 
         4 -8.187495172E-03 -8.187497035E-03  6.562000141E-03  2.975724745E+00 
         5 -8.312495425E-03 -8.312497288E-03  6.562000141E-03  3.024810058E+00 
         6 -8.437495679E-03 -8.437497541E-03  6.562000141E-03  3.006943288E+00 
         7 -8.562495932E-03 -8.562496863E-03  6.562000141E-03  2.974761972E+00 
         8 -8.687495254E-03 -8.687497117E-03  6.562000141E-03  2.994916622E+00 
         9 -8.812495507E-03 -8.812497370E-03  6.562000141E-03  3.055707348E+00 
        10 -8.937495761E-03 -8.937496692E-03  6.562000141E-03  3.092384187E+00 
        11 -9.062496014E-03 -9.062496945E-03  6.562000141E-03  3.100793653E+00 
        12 -9.187495336E-03 -9.187497199E-03  6.562000141E-03  3.109465828E+00 
        13 -9.312495589E-03 -9.312497452E-03  6.562000141E-03  3.138998806E+00 
        14 -9.437495843E-03 -9.437496774E-03  6.562000141E-03  3.184928788E+00 
        15 -9.562496096E-03 -9.562497027E-03  6.562000141E-03  3.239470525E+00 
        16 -9.687495418E-03 -9.687497281E-03  6.562000141E-03  3.301681835E+00 
        17 -9.812495671E-03 -9.812497534E-03  6.562000141E-03  3.352549557E+00 
        18 -9.937495925E-03 -9.937496856E-03  6.562000141E-03  3.369986050E+00 
        19 -1.006249618E-02 -1.006249711E-02  6.562000141E-03  3.384102671E+00 
        20 -1.018749550E-02 -1.018749736E-02  6.562000141E-03  3.430126346E+00 
        21 -1.031249575E-02 -1.031249668E-02  6.562000141E-03  3.502253863E+00 
        22 -1.043749601E-02 -1.043749694E-02  6.562000141E-03  3.582655775E+00 
        23 -1.056249626E-02 -1.056249719E-02  6.562000141E-03  3.672175960E+00 
        24 -1.068749558E-02 -1.068749744E-02  6.562000141E-03  3.771802264E+00 
        25 -1.081249584E-02 -1.081249677E-02  6.562000141E-03  3.876011288E+00 
        26 -1.093749609E-02 -1.093749702E-02  6.562000141E-03  3.999761715E+00 
        27 -1.106249541E-02 -1.106249727E-02  6.562000141E-03  4.135060491E+00 
        28 -7.062495686E-03 -7.062497083E-03  6.562000141E-03  2.230170614E+00 
        29 -6.937495433E-03 -6.937497295E-03  6.562000141E-03  1.874675707E+00 
        30 -6.812495645E-03 -6.812497508E-03  6.562000141E-03  1.514627571E+00 
        31 -6.687495392E-03 -6.687497254E-03  6.562000141E-03  1.434689199E+00 
        32 -6.562495604E-03 -6.562497467E-03  6.562000141E-03  1.444716975E+00 
        33 -6.437495351E-03 -6.437497213E-03  6.562000141E-03  1.383571107E+00 
        34 -6.312495563E-03 -6.312497426E-03  6.562000141E-03  1.410838404E+00 
        35 -6.187495310E-03 -6.187497173E-03  6.562000141E-03  1.305154648E+00 
        36 -6.062495522E-03 -6.062497385E-03  6.562000141E-03  1.084810820E+00 
        37 -5.937495269E-03 -5.937497597E-03  6.562000141E-03  8.640498027E-01 
        38 -5.812495481E-03 -5.812497344E-03  6.562000141E-03  7.467729176E-01 
        39 -5.687495228E-03 -5.687497556E-03  6.562000141E-03  5.948177925E-01 
        40 -5.562495440E-03 -5.562497303E-03  6.562000141E-03  4.369264811E-01 
        41 -5.437495187E-03 -5.437497515E-03  6.562000141E-03  3.757370939E-01 
        42 -5.312495399E-03 -5.312497262E-03  6.562000141E-03  3.452742940E-01 
        43 -5.187495146E-03 -5.187497474E-03  6.562000141E-03  3.697493850E-01 
        44 -5.062495358E-03 -5.062497687E-03  6.562000141E-03  4.119749063E-01 
        45 -4.937495105E-03 -4.937497433E-03  6.562000141E-03  4.619337273E-01 
        46 -4.812495317E-03 -4.812497646E-03  6.562000141E-03  4.950522634E-01 
        47 -4.687495064E-03 -4.687497392E-03  6.562000141E-03  5.343743570E-01 
        48 -4.562495276E-03 -4.562497605E-03  6.562000141E-03  5.835310099E-01 
        49 -4.437495023E-03 -4.437497351E-03  6.562000141E-03  6.411680383E-01 
        50 -4.312495235E-03 -4.312497564E-03  6.562000141E-03  6.622423139E-01 
        51 -4.187495448E-03 -4.187497776E-03  6.562000141E-03  6.847917908E-01 
        52 -4.062495194E-03 -4.062497523E-03  6.562000141E-03  6.287537940E-01 
        53 -3.937494941E-03 -3.937497269E-03  6.562000141E-03  5.395572181E-01 
        54 -3.812495153E-03 -3.812497482E-03  6.562000141E-03  4.864181706E-01 
        55 -3.687495133E-03 -3.687497461E-03  6.562000141E-03  4.619717115E-01 
        56 -3.562495112E-03 -3.562497441E-03  6.562000141E-03  4.555470276E-01 
        57 -3.437495092E-03 -3.437497420E-03  6.562000141E-03  4.544496452E-01 
        58 -3.312495071E-03 -3.312497633E-03  6.562000141E-03  4.590658099E-01 
        59 -3.187495051E-03 -3.187497612E-03  6.562000141E-03  5.096326688E-01 
        60 -3.061021911E-03 -3.061023075E-03  6.562000606E-03  6.301458969E-01 
        61 -2.973292954E-03 -2.973292954E-03  6.562000606E-03  7.645994867E-01 
        62 -2.937367652E-03 -2.937367652E-03  6.562000141E-03  8.460353178E-01 
        63 -2.915092511E-03 -2.915092511E-03  6.562000606E-03  9.011352989E-01 
        64 -2.896590624E-03 -2.896590624E-03  6.562000606E-03  9.462171789E-01 
        65 -2.881214023E-03 -2.881214023E-03  6.562000141E-03  9.806782328E-01 
        66 -2.868429059E-03 -2.868429059E-03  6.561999675E-03  1.004918021E+00 
        67 -2.857795218E-03 -2.857795218E-03  6.562000141E-03  1.021017852E+00 
        68 -2.848947188E-03 -2.848947188E-03  6.562000606E-03  1.031269897E+00 
        69 -2.841583686E-03 -2.841583686E-03  6.562000606E-03  1.037740010E+00 
        70 -2.835454186E-03 -2.835454186E-03  6.562000606E-03  1.041944748E+00 
        71 -2.830350772E-03 -2.830350772E-03  6.562000141E-03  1.044841070E+00 
        72 -7.687495556E-03 -7.687497418E-03  6.562000141E-03  2.480112326E+00 
        73 -7.562495302E-03 -7.562497165E-03  6.562000141E-03  2.512841956E+00 
        74 -7.437495515E-03 -7.437497377E-03  6.562000141E-03  2.642465405E+00 
        75 -7.312495727E-03 -7.312497124E-03  6.562000141E-03  2.667538888E+00 
        76 -7.187495474E-03 -7.187497336E-03  6.562000141E-03  2.494480050E+00 
        77 -1.556249615E-02 -1.556249615E-02  6.562000141E-03  5.028126093E+00 
        78 -1.543749589E-02 -1.543749683E-02  6.562000141E-03  5.109422957E+00 
        79 -1.531249657E-02 -1.531249657E-02  6.562000141E-03  5.262863818E+00 
        80 -1.518749632E-02 -1.518749632E-02  6.562000141E-03  5.412869985E+00 
        81 -1.506249607E-02 -1.506249700E-02  6.562000141E-03  5.465333638E+00 
        82 -1.493749581E-02 -1.493749674E-02  6.562000141E-03  5.371432202E+00 
        83 -1.481249649E-02 -1.481249649E-02  6.562000141E-03  5.375880427E+00 
        84 -1.468749624E-02 -1.468749624E-02  6.562000141E-03  5.531778766E+00 
        85 -1.456249598E-02 -1.456249692E-02  6.562000141E-03  5.643430353E+00 
        86 -1.443749573E-02 -1.443749666E-02  6.562000141E-03  5.669557820E+00 
        87 -1.431249641E-02 -1.431249641E-02  6.562000141E-03  5.582617351E+00 
        88 -1.418749616E-02 -1.418749709E-02  6.562000141E-03  5.703372062E+00 
        89 -1.406249590E-02 -1.406249683E-02  6.562000141E-03  5.735147255E+00 
        90 -1.393749658E-02 -1.393749658E-02  6.562000141E-03  5.692461267E+00 
        91 -1.381249633E-02 -1.381249633E-02  6.562000141E-03  5.598248521E+00 
        92 -1.368749607E-02 -1.368749700E-02  6.562000141E-03  5.491248084E+00 
        93 -1.356249582E-02 -1.356249675E-02  6.562000141E-03  5.396246880E+00 
        94 -1.343749650E-02 -1.343749650E-02  6.562000141E-03  5.313619562E+00 
        95 -1.331249624E-02 -1.331249718E-02  6.562000141E-03  5.242290972E+00 
        96 -1.318749599E-02 -1.318749692E-02  6.562000141E-03  5.182922946E+00 
        97 -1.306249574E-02 -1.306249667E-02  6.562000141E-03  5.134630480E+00 
        98 -1.293749642E-02 -1.293749642E-02  6.562000141E-03  5.092180392E+00 
        99 -1.281249616E-02 -1.281249709E-02  6.562000141E-03  5.050808379E+00 
       100 -1.268749591E-02 -1.268749684E-02  6.562000141E-03  5.009346276E+00 
       101 -1.256249566E-02 -1.256249659E-02  6.562000141E-03  4.964471070E+00 
       102 -1.243749633E-02 -1.243749727E-02  6.562000141E-03  4.908684808E+00 
       103 -1.231249608E-02 -1.231249701E-02  6.562000141E-03  4.839139939E+00 
       104 -1.218749583E-02 -1.218749676E-02  6.562000141E-03  4.763663526E+00 
       105 -1.206249557E-02 -1.206249651E-02  6.562000141E-03  4.691242812E+00 
       106 -1.193749625E-02 -1.193749718E-02  6.562000141E-03  4.630947156E+00 
       107 -1.181249600E-02 -1.181249693E-02  6.562000141E-03  4.579164535E+00 
       108 -1.168749575E-02 -1.168749668E-02  6.562000141E-03  4.526570492E+00 
       109 -1.156249549E-02 -1.156249736E-02  6.562000141E-03  4.467744286E+00 
       110 -1.143749617E-02 -1.143749710E-02  6.562000141E-03  4.404643458E+00 
       111 -1.131249592E-02 -1.131249685E-02  6.562000141E-03  4.332281433E+00 
       112 -1.118749566E-02 -1.118749660E-02  6.562000141E-03  4.247026982E+00 
       113 -1.898222044E-02 -1.898222044E-02  6.562000606E-03  4.687089126E+00 
       114 -1.904012822E-02 -1.904012822E-02  6.562000141E-03  4.508254093E+00 
       115 -1.912219450E-02 -1.912219450E-02  6.562000606E-03  4.461750136E+00 
       116 -1.916676387E-02 -1.916676387E-02  6.562000606E-03  4.271366188E+00 
       117 -1.923896931E-02 -1.923896931E-02  6.562000141E-03  4.234002802E+00 
       118 -1.931096986E-02 -1.931096986E-02  6.562000606E-03  4.102965800E+00 
       119 -1.938296854E-02 -1.938296854E-02  6.562000141E-03  4.086547334E+00 
       120 -1.945496909E-02 -1.945496909E-02  6.562000606E-03  4.089392060E+00 
       121 -1.952696964E-02 -1.952696964E-02  6.562000141E-03  4.184262493E+00 
       122 -1.959896833E-02 -1.959896833E-02  6.562000606E-03  4.212968292E+00 
       123 -1.967096888E-02 -1.967096888E-02  6.562000141E-03  4.234520443E+00 
       124 -1.974296942E-02 -1.974296942E-02  6.562000606E-03  4.204304688E+00 
       125 -1.981496811E-02 -1.981496811E-02  6.562000141E-03  4.067576649E+00 
       126 -1.988697052E-02 -1.988697052E-02  6.562000141E-03  3.911211853E+00 
       127 -1.995896921E-02 -1.995896921E-02  6.562000141E-03  3.848066230E+00 
       128 -2.003096975E-02 -2.003096975E-02  6.562000141E-03  3.877164931E+00 
       129 -2.010296844E-02 -2.010296844E-02  6.562000141E-03  3.845385084E+00 
       130 -2.017496899E-02 -2.017496899E-02  6.562000141E-03  3.875310206E+00 
       131 -2.024696954E-02 -2.024696954E-02  6.562000141E-03  3.911056149E+00 
       132 -2.031897008E-02 -2.031897008E-02  6.562000606E-03  3.986988096E+00 
       133 -2.039096877E-02 -2.039096877E-02  6.562000141E-03  4.125698348E+00 
       134 -2.046296932E-02 -2.046296932E-02  6.562000141E-03  4.171509509E+00 
       135 -2.053496987E-02 -2.053496987E-02  6.562000606E-03  4.320375604E+00 
       136 -2.060696855E-02 -2.060696855E-02  6.562000141E-03  4.358692686E+00 
       137 -2.067896910E-02 -2.067896910E-02  6.562000141E-03  4.446709372E+00 
       138 -2.075096779E-02 -2.075096779E-02  6.562000141E-03  4.481356547E+00 
       139 -2.082296833E-02 -2.082296833E-02  6.562000141E-03  4.507782612E+00 
       140 -2.089514025E-02 -2.089514025E-02  6.562000141E-03  4.583211135E+00 
       141 -2.095155232E-02 -2.095155232E-02  6.562000141E-03  4.691962636E+00 
       142 -2.100796066E-02 -2.100796066E-02  6.562000141E-03  4.719988944E+00 
       143 -2.102797665E-02 -2.102797665E-02  6.562000141E-03  4.700152118E+00 
       144 -2.106651478E-02 -2.106651478E-02  6.562000606E-03  4.624616133E+00 
       145 -2.110337466E-02 -2.110337466E-02  6.562000606E-03  4.105965195E+00 
       146 -2.112556621E-02 -2.112556621E-02  6.562000606E-03  3.364967321E+00 
       147 -2.114406601E-02 -2.114406601E-02  6.562000606E-03  2.619532387E+00 
       148 -2.115948685E-02 -2.115948685E-02  6.562000606E-03  1.991367910E+00 
       149 -2.117234282E-02 -2.117234282E-02  6.562000606E-03  1.498511006E+00 
       150 -2.118305862E-02 -2.118305862E-02  6.562000141E-03  1.104367585E+00 
       151 -2.119199000E-02 -2.119199000E-02  6.562000141E-03  7.813748617E-01 
       152 -2.119943500E-02 -2.119943500E-02  6.562000606E-03  5.113202333E-01 
       153 -2.120563947E-02 -2.120563947E-02  6.562000141E-03  2.841612899E-01 
       154 -2.121081017E-02 -2.121081017E-02  6.562000141E-03  9.388654155E-02 
       155 -1.568749547E-02 -1.568749547E-02  6.562000141E-03  5.162129805E+00 
       156 -1.581249572E-02 -1.581249572E-02  6.562000141E-03  5.303775561E+00 
       157 -1.593749598E-02 -1.593749598E-02  6.562000141E-03  5.386787296E+00 
       158 -1.606249623E-02 -1.606249623E-02  6.562000141E-03  5.602090444E+00 
       159 -1.618749648E-02 -1.618749648E-02  6.562000141E-03  5.966524596E+00 
       160 -1.631249674E-02 -1.631249674E-02  6.562000141E-03  6.332090167E+00 
       161 -1.643749699E-02 -1.643749699E-02  6.562000141E-03  6.463911224E+00 
       162 -1.656249538E-02 -1.656249538E-02  6.562000141E-03  6.482208547E+00 
       163 -1.668749563E-02 -1.668749563E-02  6.562000141E-03  6.378781184E+00 
       164 -1.681249589E-02 -1.681249589E-02  6.562000141E-03  6.143677019E+00 
       165 -1.693749614E-02 -1.693749614E-02  6.562000141E-03  5.917403954E+00 
       166 -1.706249639E-02 -1.706249639E-02  6.562000141E-03  5.897240520E+00 
       167 -1.718749665E-02 -1.718749665E-02  6.562000141E-03  5.712419408E+00 
       168 -1.731249690E-02 -1.731249690E-02  6.562000141E-03  5.634376855E+00 
       169 -1.743749529E-02 -1.743749529E-02  6.562000141E-03  5.945967359E+00 
       170 -1.756249554E-02 -1.756249554E-02  6.562000141E-03  6.164657539E+00 
       171 -1.768749580E-02 -1.768749580E-02  6.562000141E-03  6.049906728E+00 
       172 -1.781249605E-02 -1.781249605E-02  6.562000141E-03  5.725034007E+00 
       173 -1.793749630E-02 -1.793749630E-02  6.562000141E-03  5.369153995E+00 
       174 -1.806249656E-02 -1.806249656E-02  6.562000141E-03  5.288605706E+00 
       175 -1.818749681E-02 -1.818749681E-02  6.562000141E-03  5.297343189E+00 
       176 -1.831249706E-02 -1.831249520E-02  6.562000141E-03  5.398523216E+00 
       177 -1.843749546E-02 -1.843749546E-02  6.562000141E-03  5.605831057E+00 
       178 -1.856249571E-02 -1.856249571E-02  6.562000141E-03  5.297731528E+00 
       179 -1.868749596E-02 -1.868749596E-02  6.562000141E-03  5.125673950E+00 
       180 -1.880909875E-02 -1.880909875E-02  6.562000141E-03  5.121444647E+00 
       181 -1.890101843E-02 -1.890101843E-02  6.562000141E-03  4.899186402E+00 
       182 -1.895096339E-02 -1.895096339E-02  6.562000141E-03  4.787764150E+00 
