cellnumber     x-coordinate     y-coordinate     z-coordinate velocity-magnitude 
         1 -1.568749547E-02 -1.568749733E-02  6.562000141E-03  5.975278036E+00 
         2 -1.581249572E-02 -1.581249759E-02  6.562000141E-03  5.865650118E+00 
         3 -1.593749598E-02 -1.593749784E-02  6.562000141E-03  6.015730822E+00 
         4 -1.606249437E-02 -1.606249623E-02  6.562000141E-03  6.135266822E+00 
         5 -1.618749462E-02 -1.618749648E-02  6.562000141E-03  6.189737047E+00 
         6 -1.631249487E-02 -1.631249674E-02  6.562000141E-03  6.223697826E+00 
         7 -1.643749513E-02 -1.643749699E-02  6.562000141E-03  6.204972694E+00 
         8 -1.656249538E-02 -1.656249724E-02  6.562000141E-03  6.060690353E+00 
         9 -1.668749563E-02 -1.668749750E-02  6.562000141E-03  5.916402504E+00 
        10 -1.681249589E-02 -1.681249775E-02  6.562000141E-03  5.890686609E+00 
        11 -1.693749614E-02 -1.693749614E-02  6.562000141E-03  5.891159090E+00 
        12 -1.706249453E-02 -1.706249639E-02  6.562000141E-03  5.850115062E+00 
        13 -1.718749478E-02 -1.718749665E-02  6.562000141E-03  5.931384878E+00 
        14 -1.731249504E-02 -1.731249690E-02  6.562000141E-03  5.893677138E+00 
        15 -1.743749529E-02 -1.743749715E-02  6.562000141E-03  5.765557666E+00 
        16 -1.756249554E-02 -1.756249741E-02  6.562000141E-03  5.601135628E+00 
        17 -1.768749580E-02 -1.768749766E-02  6.562000141E-03  5.423133792E+00 
        18 -1.781249605E-02 -1.781249605E-02  6.562000141E-03  5.262255208E+00 
        19 -1.793749444E-02 -1.793749630E-02  6.562000141E-03  5.081002334E+00 
        20 -1.806249470E-02 -1.806249656E-02  6.562000141E-03  4.867338160E+00 
        21 -1.818749495E-02 -1.818749681E-02  6.562000141E-03  4.771180636E+00 
        22 -1.831249520E-02 -1.831249706E-02  6.562000141E-03  4.817242502E+00 
        23 -1.843749546E-02 -1.843749732E-02  6.562000141E-03  4.884739239E+00 
        24 -1.856249571E-02 -1.856249757E-02  6.562000141E-03  4.851588729E+00 
        25 -1.868749596E-02 -1.868749782E-02  6.562000141E-03  4.791084364E+00 
        26 -1.880909875E-02 -1.880909875E-02  6.562000141E-03  4.737808559E+00 
        27 -1.890101843E-02 -1.890101843E-02  6.562000606E-03  4.705959791E+00 
        28 -1.895096339E-02 -1.895096339E-02  6.562000606E-03  4.790559147E+00 
        29 -7.687495090E-03 -7.687497418E-03  6.562000141E-03  2.071690960E+00 
        30 -7.562495302E-03 -7.562497631E-03  6.562000141E-03  1.998825805E+00 
        31 -7.437495049E-03 -7.437497843E-03  6.562000141E-03  2.089190075E+00 
        32 -7.312495261E-03 -7.312497590E-03  6.562000141E-03  2.283792531E+00 
        33 -7.187495008E-03 -7.187497802E-03  6.562000141E-03  2.358927637E+00 
        34 -7.812495343E-03 -7.812497672E-03  6.562000141E-03  2.136721024E+00 
        35 -7.937495597E-03 -7.937497459E-03  6.562000141E-03  2.305498731E+00 
        36 -8.062494919E-03 -8.062497713E-03  6.562000141E-03  2.510385325E+00 
        37 -8.187495172E-03 -8.187497966E-03  6.562000141E-03  2.830015451E+00 
        38 -8.312495425E-03 -8.312497288E-03  6.562000141E-03  3.089499322E+00 
        39 -8.437494747E-03 -8.437497541E-03  6.562000141E-03  3.168897623E+00 
        40 -8.562495001E-03 -8.562497795E-03  6.562000141E-03  3.217768221E+00 
        41 -8.687495254E-03 -8.687498048E-03  6.562000141E-03  3.212477633E+00 
        42 -8.812495507E-03 -8.812497370E-03  6.562000141E-03  3.162674195E+00 
        43 -8.937494829E-03 -8.937497623E-03  6.562000141E-03  3.098549425E+00 
        44 -9.062495083E-03 -9.062497877E-03  6.562000141E-03  3.145263488E+00 
        45 -9.187495336E-03 -9.187497199E-03  6.562000141E-03  3.236436597E+00 
        46 -9.312495589E-03 -9.312497452E-03  6.562000141E-03  3.261485706E+00 
        47 -9.437494911E-03 -9.437497705E-03  6.562000141E-03  3.301902040E+00 
        48 -9.562495165E-03 -9.562497959E-03  6.562000141E-03  3.331277846E+00 
        49 -9.687495418E-03 -9.687497281E-03  6.562000141E-03  3.344972881E+00 
        50 -9.812495671E-03 -9.812497534E-03  6.562000141E-03  3.354337112E+00 
        51 -9.937494993E-03 -9.937497787E-03  6.562000141E-03  3.369868013E+00 
        52 -1.006249525E-02 -1.006249711E-02  6.562000141E-03  3.402734658E+00 
        53 -1.018749550E-02 -1.018749736E-02  6.562000141E-03  3.461741081E+00 
        54 -1.031249482E-02 -1.031249762E-02  6.562000141E-03  3.541890265E+00 
        55 -1.043749508E-02 -1.043749787E-02  6.562000141E-03  3.614184267E+00 
        56 -1.056249533E-02 -1.056249719E-02  6.562000141E-03  3.662278283E+00 
        57 -1.068749558E-02 -1.068749744E-02  6.562000141E-03  3.702842658E+00 
        58 -1.081249490E-02 -1.081249770E-02  6.562000141E-03  3.761043720E+00 
        59 -1.093749516E-02 -1.093749795E-02  6.562000141E-03  3.839350874E+00 
        60 -1.106249541E-02 -1.106249727E-02  6.562000141E-03  3.905648309E+00 
        61 -1.556249522E-02 -1.556249708E-02  6.562000141E-03  5.838462923E+00 
        62 -1.543749589E-02 -1.543749776E-02  6.562000141E-03  5.763729860E+00 
        63 -1.531249564E-02 -1.531249750E-02  6.562000141E-03  5.766623085E+00 
        64 -1.518749539E-02 -1.518749725E-02  6.562000141E-03  5.927527634E+00 
        65 -1.506249513E-02 -1.506249700E-02  6.562000141E-03  6.098187046E+00 
        66 -1.493749581E-02 -1.493749768E-02  6.562000141E-03  6.154399998E+00 
        67 -1.481249556E-02 -1.481249742E-02  6.562000141E-03  6.034627027E+00 
        68 -1.468749531E-02 -1.468749717E-02  6.562000141E-03  5.910811829E+00 
        69 -1.456249505E-02 -1.456249692E-02  6.562000141E-03  5.867750538E+00 
        70 -1.443749573E-02 -1.443749759E-02  6.562000141E-03  5.788297743E+00 
        71 -1.431249548E-02 -1.431249734E-02  6.562000141E-03  5.714274875E+00 
        72 -1.418749522E-02 -1.418749709E-02  6.562000141E-03  5.644901566E+00 
        73 -1.406249497E-02 -1.406249776E-02  6.562000141E-03  5.580170694E+00 
        74 -1.393749565E-02 -1.393749751E-02  6.562000141E-03  5.509367510E+00 
        75 -1.381249540E-02 -1.381249726E-02  6.562000141E-03  5.432299115E+00 
        76 -1.368749514E-02 -1.368749700E-02  6.562000141E-03  5.346354193E+00 
        77 -1.356249582E-02 -1.356249768E-02  6.562000141E-03  5.253722390E+00 
        78 -1.343749557E-02 -1.343749743E-02  6.562000141E-03  5.155342352E+00 
        79 -1.331249531E-02 -1.331249718E-02  6.562000141E-03  5.053286023E+00 
        80 -1.318749506E-02 -1.318749785E-02  6.562000141E-03  4.950690329E+00 
        81 -1.306249574E-02 -1.306249760E-02  6.562000141E-03  4.849933925E+00 
        82 -1.293749548E-02 -1.293749735E-02  6.562000141E-03  4.754186270E+00 
        83 -1.281249523E-02 -1.281249709E-02  6.562000141E-03  4.664585734E+00 
        84 -1.268749498E-02 -1.268749777E-02  6.562000141E-03  4.582053277E+00 
        85 -1.256249566E-02 -1.256249752E-02  6.562000141E-03  4.510062490E+00 
        86 -1.243749540E-02 -1.243749727E-02  6.562000141E-03  4.451618059E+00 
        87 -1.231249515E-02 -1.231249701E-02  6.562000141E-03  4.412630464E+00 
        88 -1.218749490E-02 -1.218749769E-02  6.562000141E-03  4.385637116E+00 
        89 -1.206249557E-02 -1.206249744E-02  6.562000141E-03  4.350645910E+00 
        90 -1.193749532E-02 -1.193749718E-02  6.562000141E-03  4.298190377E+00 
        91 -1.181249507E-02 -1.181249786E-02  6.562000141E-03  4.220217483E+00 
        92 -1.168749575E-02 -1.168749761E-02  6.562000141E-03  4.133856192E+00 
        93 -1.156249549E-02 -1.156249736E-02  6.562000141E-03  4.056632372E+00 
        94 -1.143749524E-02 -1.143749710E-02  6.562000141E-03  3.981725751E+00 
        95 -1.131249499E-02 -1.131249778E-02  6.562000141E-03  3.934553148E+00 
        96 -1.118749566E-02 -1.118749753E-02  6.562000141E-03  3.926206813E+00 
        97 -7.062495220E-03 -7.062497549E-03  6.562000141E-03  2.182690694E+00 
        98 -6.937494967E-03 -6.937497761E-03  6.562000141E-03  2.065618053E+00 
        99 -6.812495179E-03 -6.812497508E-03  6.562000141E-03  2.122144233E+00 
       100 -6.687494926E-03 -6.687497720E-03  6.562000141E-03  2.266993096E+00 
       101 -6.562495138E-03 -6.562497467E-03  6.562000141E-03  2.396958634E+00 
       102 -6.437494885E-03 -6.437497679E-03  6.562000141E-03  2.468085556E+00 
       103 -6.312495098E-03 -6.312497891E-03  6.562000141E-03  2.340866758E+00 
       104 -6.187495310E-03 -6.187497638E-03  6.562000141E-03  1.909490450E+00 
       105 -6.062495057E-03 -6.062497851E-03  6.562000141E-03  1.581811065E+00 
       106 -5.937495269E-03 -5.937497597E-03  6.562000141E-03  1.319695280E+00 
       107 -5.812495016E-03 -5.812497810E-03  6.562000141E-03  1.064530084E+00 
       108 -5.687495228E-03 -5.687497556E-03  6.562000141E-03  8.697379779E-01 
       109 -5.562494975E-03 -5.562497769E-03  6.562000141E-03  7.683219010E-01 
       110 -5.437495187E-03 -5.437497515E-03  6.562000141E-03  7.877860563E-01 
       111 -5.312494934E-03 -5.312497728E-03  6.562000141E-03  8.920989946E-01 
       112 -5.187495146E-03 -5.187497940E-03  6.562000141E-03  8.871560762E-01 
       113 -5.062494893E-03 -5.062497687E-03  6.562000141E-03  7.403604799E-01 
       114 -4.937495105E-03 -4.937497899E-03  6.562000141E-03  6.062954289E-01 
       115 -4.812494852E-03 -4.812497646E-03  6.562000141E-03  6.163434389E-01 
       116 -4.687495064E-03 -4.687497858E-03  6.562000141E-03  6.854788820E-01 
       117 -4.562494811E-03 -4.562497605E-03  6.562000141E-03  7.052576713E-01 
       118 -4.437495023E-03 -4.437497817E-03  6.562000141E-03  6.640724731E-01 
       119 -4.312495235E-03 -4.312497564E-03  6.562000141E-03  5.950330246E-01 
       120 -4.187494982E-03 -4.187497776E-03  6.562000141E-03  5.319342744E-01 
       121 -4.062495194E-03 -4.062497988E-03  6.562000141E-03  4.824855917E-01 
       122 -3.937494941E-03 -3.937497735E-03  6.562000141E-03  4.524107019E-01 
       123 -3.812494921E-03 -3.812497715E-03  6.562000141E-03  4.465900658E-01 
       124 -3.687494900E-03 -3.687497694E-03  6.562000141E-03  4.674102049E-01 
       125 -3.562494880E-03 -3.562497674E-03  6.562000141E-03  5.216067924E-01 
       126 -3.437494859E-03 -3.437497653E-03  6.562000141E-03  6.065890237E-01 
       127 -3.312494839E-03 -3.312497633E-03  6.562000141E-03  6.964052275E-01 
       128 -3.187494818E-03 -3.187497612E-03  6.562000141E-03  7.857292669E-01 
       129 -3.061021678E-03 -3.061023075E-03  6.562000141E-03  8.852784161E-01 
       130 -2.973292954E-03 -2.973292954E-03  6.562000141E-03  9.426495117E-01 
       131 -2.937367884E-03 -2.937367884E-03  6.562000141E-03  9.677501046E-01 
       132 -2.915092744E-03 -2.915092744E-03  6.562000606E-03  9.849556016E-01 
       133 -2.896590624E-03 -2.896590624E-03  6.562000606E-03  9.977561807E-01 
       134 -2.881214023E-03 -2.881214023E-03  6.562000141E-03  1.006284696E+00 
       135 -2.868429059E-03 -2.868429059E-03  6.562000141E-03  1.011815789E+00 
       136 -2.857794985E-03 -2.857794985E-03  6.562000141E-03  1.016390384E+00 
       137 -2.848947188E-03 -2.848947188E-03  6.562000141E-03  1.021363916E+00 
       138 -2.841583686E-03 -2.841583686E-03  6.562000141E-03  1.027295859E+00 
       139 -2.835454186E-03 -2.835454186E-03  6.562000141E-03  1.034158215E+00 
       140 -2.830350772E-03 -2.830350772E-03  6.562000141E-03  1.041634195E+00 
       141 -1.898222044E-02 -1.898222044E-02  6.562000606E-03  4.572821895E+00 
       142 -1.904012822E-02 -1.904012822E-02  6.562000141E-03  4.638189805E+00 
       143 -1.912219450E-02 -1.912219450E-02  6.562000606E-03  4.795993247E+00 
       144 -1.916676387E-02 -1.916676387E-02  6.562000606E-03  4.707449954E+00 
       145 -1.923896931E-02 -1.923896931E-02  6.562000141E-03  4.543305241E+00 
       146 -1.931096986E-02 -1.931096986E-02  6.562000606E-03  4.280776795E+00 
       147 -1.938296854E-02 -1.938296854E-02  6.562000141E-03  3.996693312E+00 
       148 -1.945496909E-02 -1.945496909E-02  6.562000606E-03  3.705730071E+00 
       149 -1.952696964E-02 -1.952696964E-02  6.562000141E-03  3.403688177E+00 
       150 -1.959896833E-02 -1.959896833E-02  6.562000606E-03  3.228836927E+00 
       151 -1.967096888E-02 -1.967096888E-02  6.562000141E-03  3.178910579E+00 
       152 -1.974296942E-02 -1.974296942E-02  6.562000606E-03  3.271513771E+00 
       153 -1.981496811E-02 -1.981496811E-02  6.562000141E-03  3.384856512E+00 
       154 -1.988697052E-02 -1.988697052E-02  6.562000141E-03  3.679241709E+00 
       155 -1.995896921E-02 -1.995896921E-02  6.562000141E-03  3.828695750E+00 
       156 -2.003096975E-02 -2.003096975E-02  6.562000141E-03  4.260106471E+00 
       157 -2.010296844E-02 -2.010296844E-02  6.562000141E-03  4.294917392E+00 
       158 -2.017496899E-02 -2.017496899E-02  6.562000141E-03  4.531437053E+00 
       159 -2.024696954E-02 -2.024696954E-02  6.562000141E-03  4.490347669E+00 
       160 -2.031897008E-02 -2.031897008E-02  6.562000606E-03  4.548466118E+00 
       161 -2.039096877E-02 -2.039096877E-02  6.562000141E-03  4.520015536E+00 
       162 -2.046296932E-02 -2.046296932E-02  6.562000141E-03  4.517180197E+00 
       163 -2.053496987E-02 -2.053496987E-02  6.562000606E-03  4.425104549E+00 
       164 -2.060696855E-02 -2.060696855E-02  6.562000141E-03  4.372444194E+00 
       165 -2.067896910E-02 -2.067896910E-02  6.562000141E-03  4.283821804E+00 
       166 -2.075096779E-02 -2.075096779E-02  6.562000141E-03  4.241256312E+00 
       167 -2.082296833E-02 -2.082296833E-02  6.562000141E-03  4.239420136E+00 
       168 -2.089514025E-02 -2.089514025E-02  6.562000141E-03  4.216116105E+00 
       169 -2.095155232E-02 -2.095155232E-02  6.562000141E-03  4.207520919E+00 
       170 -2.100796066E-02 -2.100796066E-02  6.562000141E-03  4.150619433E+00 
       171 -2.102797665E-02 -2.102797665E-02  6.562000141E-03  4.170106150E+00 
       172 -2.106651478E-02 -2.106651478E-02  6.562000606E-03  3.956743595E+00 
       173 -2.110337466E-02 -2.110337466E-02  6.562000606E-03  3.595381984E+00 
       174 -2.112556621E-02 -2.112556621E-02  6.562000606E-03  3.174442364E+00 
       175 -2.114406601E-02 -2.114406601E-02  6.562000606E-03  2.695789620E+00 
       176 -2.115948685E-02 -2.115948685E-02  6.562000606E-03  2.207278685E+00 
       177 -2.117234282E-02 -2.117234282E-02  6.562000606E-03  1.742787685E+00 
       178 -2.118305862E-02 -2.118305862E-02  6.562000141E-03  1.318045073E+00 
       179 -2.119199000E-02 -2.119199000E-02  6.562000141E-03  9.425744725E-01 
       180 -2.119943500E-02 -2.119943500E-02  6.562000606E-03  6.184869171E-01 
       181 -2.120563947E-02 -2.120563947E-02  6.562000141E-03  3.436903398E-01 
       182 -2.121081017E-02 -2.121081017E-02  6.562000141E-03  1.136149758E-01 
