cellnumber     x-coordinate     y-coordinate     z-coordinate velocity-magnitude 
         1  1.937407255E-02 -1.937407255E-02  6.562000141E-03  5.394150091E+00 
         2  1.944607310E-02 -1.944607310E-02  6.562000141E-03  5.434349719E+00 
         3  1.951807365E-02 -1.951807365E-02  6.562000141E-03  5.388428525E+00 
         4  1.959007420E-02 -1.959007420E-02  6.562000141E-03  5.354816222E+00 
         5  1.966207288E-02 -1.966207288E-02  6.562000141E-03  5.210477018E+00 
         6  1.973407343E-02 -1.973407343E-02  6.562000141E-03  5.084067204E+00 
         7  1.980607398E-02 -1.980607398E-02  6.562000141E-03  4.944874332E+00 
         8  1.987807266E-02 -1.987807266E-02  6.562000141E-03  4.883822627E+00 
         9  1.995007321E-02 -1.995007321E-02  6.562000141E-03  4.820367067E+00 
        10  2.002207376E-02 -2.002207376E-02  6.562000141E-03  4.813788239E+00 
        11  2.009407431E-02 -2.009407431E-02  6.562000141E-03  4.805214848E+00 
        12  2.016607299E-02 -2.016607299E-02  6.562000141E-03  4.783181703E+00 
        13  2.023807354E-02 -2.023807354E-02  6.562000141E-03  4.761188219E+00 
        14  2.038207278E-02 -2.038207278E-02  6.562000141E-03  4.676701786E+00 
        15  2.045407332E-02 -2.045407332E-02  6.562000141E-03  4.661034863E+00 
        16  2.052607387E-02 -2.052607387E-02  6.562000141E-03  4.643389413E+00 
        17  2.059807442E-02 -2.059807442E-02  6.562000141E-03  4.751989772E+00 
        18  2.067007311E-02 -2.067007311E-02  6.562000141E-03  4.749372187E+00 
        19  2.074207366E-02 -2.074207366E-02  6.562000141E-03  4.811397680E+00 
        20  2.081407234E-02 -2.081407234E-02  6.562000141E-03  4.767823522E+00 
        21  2.088592015E-02 -2.088592015E-02  6.562000141E-03  4.822323082E+00 
        22  2.093681321E-02 -2.093681321E-02  6.562000606E-03  4.913384586E+00 
        23  2.101956122E-02 -2.101956122E-02  6.562000606E-03  5.031679970E+00 
        24  2.107902244E-02 -2.107902244E-02  6.562000606E-03  5.107082742E+00 
        25  2.110386454E-02 -2.110386454E-02  6.562000606E-03  5.088155806E+00 
        26  2.112595551E-02 -2.112595551E-02  6.562000606E-03  4.889219082E+00 
        27  2.114437334E-02 -2.114437334E-02  6.562000606E-03  4.448412231E+00 
        28  2.115972713E-02 -2.115972713E-02  6.562000606E-03  3.804086367E+00 
        29  2.117252536E-02 -2.117252536E-02  6.562000141E-03  3.068909376E+00 
        30  2.118319459E-02 -2.118319459E-02  6.562000141E-03  2.339925174E+00 
        31  2.119208500E-02 -2.119208500E-02  6.562000141E-03  1.674939492E+00 
        32  2.119949646E-02 -2.119949646E-02  6.562000141E-03  1.098843314E+00 
        33  2.120567486E-02 -2.120567486E-02  6.562000141E-03  6.116219517E-01 
        34  2.121082321E-02 -2.121082321E-02  6.562000141E-03  2.032650548E-01 
        35  1.899245940E-02 -1.899245940E-02  6.562000606E-03  5.173780101E+00 
        36  1.905349456E-02 -1.905349456E-02  6.562000606E-03  5.258811026E+00 
        37  1.914011873E-02 -1.914011873E-02  6.562000141E-03  5.311116782E+00 
        38  1.923859492E-02 -1.923859492E-02  6.562000141E-03  5.377830204E+00 
        39  1.930207387E-02 -1.930207387E-02  6.562000141E-03  5.416630880E+00 
        40  2.031007409E-02 -2.031007409E-02  6.562000141E-03  4.709199028E+00 
        41  5.937494338E-03 -5.937502719E-03  6.562000141E-03  9.413766613E-01 
        42  5.812494550E-03 -5.812502466E-03  6.562000141E-03  9.000421545E-01 
        43  5.687494297E-03 -5.687502678E-03  6.562000141E-03  8.677444993E-01 
        44  5.562494509E-03 -5.562502425E-03  6.562000141E-03  8.095576225E-01 
        45  5.437494256E-03 -5.437502638E-03  6.562000141E-03  7.022928634E-01 
        46  5.312494468E-03 -5.312502850E-03  6.562000141E-03  5.711769244E-01 
        47  5.187494680E-03 -5.187502597E-03  6.562000141E-03  4.425186312E-01 
        48  5.062494427E-03 -5.062502809E-03  6.562000141E-03  3.496003789E-01 
        49  4.937494639E-03 -4.937502556E-03  6.562000141E-03  3.178888648E-01 
        50  4.812494386E-03 -4.812502768E-03  6.562000141E-03  3.215338813E-01 
        51  4.687494598E-03 -4.687502515E-03  6.562000141E-03  3.169180746E-01 
        52  4.562494345E-03 -4.562502727E-03  6.562000141E-03  3.043481716E-01 
        53  4.437494557E-03 -4.437502474E-03  6.562000141E-03  2.995717519E-01 
        54  4.312494770E-03 -4.312502686E-03  6.562000141E-03  3.058652213E-01 
        55  4.187494516E-03 -4.187502433E-03  6.562000141E-03  3.223318251E-01 
        56  4.062494729E-03 -4.062502645E-03  6.562000141E-03  3.467507321E-01 
        57  3.937494475E-03 -3.937502392E-03  6.562000141E-03  3.786552390E-01 
        58  3.812494455E-03 -3.812502371E-03  6.562000141E-03  4.218667070E-01 
        59  3.687494434E-03 -3.687502351E-03  6.562000141E-03  4.782104451E-01 
        60  3.562494414E-03 -3.562502330E-03  6.562000141E-03  5.372549026E-01 
        61  3.437494393E-03 -3.437502310E-03  6.562000141E-03  5.801743681E-01 
        62  3.312494373E-03 -3.312502289E-03  6.562000141E-03  5.919415303E-01 
        63  3.187494585E-03 -3.187502269E-03  6.562000141E-03  6.142875872E-01 
        64  3.062227275E-03 -3.062231233E-03  6.562000141E-03  7.250833970E-01 
        65  2.974424278E-03 -2.974424278E-03  6.562000141E-03  9.135114893E-01 
        66  2.937239595E-03 -2.937239595E-03  6.562000141E-03  9.889340592E-01 
        67  2.915001474E-03 -2.915001474E-03  6.562000141E-03  1.035161484E+00 
        68  2.896528924E-03 -2.896528924E-03  6.562000141E-03  1.064113262E+00 
        69  2.881176071E-03 -2.881176071E-03  6.562000606E-03  1.080234584E+00 
        70  2.868410666E-03 -2.868410666E-03  6.562000141E-03  1.085890151E+00 
        71  2.857792191E-03 -2.857792191E-03  6.562000606E-03  1.084571398E+00 
        72  2.848957200E-03 -2.848957200E-03  6.562000606E-03  1.078823902E+00 
        73  2.841604175E-03 -2.841604175E-03  6.562000606E-03  1.070619998E+00 
        74  2.835483057E-03 -2.835483057E-03  6.562001072E-03  1.061270021E+00 
        75  2.830386627E-03 -2.830386627E-03  6.562000606E-03  1.051668698E+00 
        76  1.456249412E-02 -1.456250343E-02  6.562000141E-03  4.814296513E+00 
        77  1.468749344E-02 -1.468750369E-02  6.562000141E-03  4.971829848E+00 
        78  1.481249370E-02 -1.481250301E-02  6.562000141E-03  5.202830826E+00 
        79  1.493749395E-02 -1.493750326E-02  6.562000141E-03  5.417534216E+00 
        80  1.506249420E-02 -1.506250352E-02  6.562000141E-03  5.622647350E+00 
        81  1.518749353E-02 -1.518750284E-02  6.562000141E-03  5.741282707E+00 
        82  1.531249378E-02 -1.531250309E-02  6.562000141E-03  5.735467530E+00 
        83  1.543749403E-02 -1.543750335E-02  6.562000141E-03  5.716555601E+00 
        84  1.556249335E-02 -1.556250360E-02  6.562000141E-03  5.725933853E+00 
        85  1.568749361E-02 -1.568750292E-02  6.562000141E-03  5.765979690E+00 
        86  1.581249386E-02 -1.581250317E-02  6.562000141E-03  5.830404358E+00 
        87  1.593749411E-02 -1.593750343E-02  6.562000141E-03  5.896589225E+00 
        88  1.606249437E-02 -1.606250368E-02  6.562000141E-03  5.947168171E+00 
        89  1.618749276E-02 -1.618750393E-02  6.562000141E-03  6.012436493E+00 
        90  1.631249301E-02 -1.631250232E-02  6.562000141E-03  6.061772950E+00 
        91  1.643749326E-02 -1.643750258E-02  6.562000141E-03  6.074771068E+00 
        92  1.656249352E-02 -1.656250283E-02  6.562000141E-03  6.052404222E+00 
        93  1.668749377E-02 -1.668750308E-02  6.562000141E-03  5.984179227E+00 
        94  1.681249402E-02 -1.681250334E-02  6.562000141E-03  5.880576529E+00 
        95  1.693749428E-02 -1.693750359E-02  6.562000141E-03  5.755396469E+00 
        96  1.706249267E-02 -1.706250384E-02  6.562000141E-03  5.622523501E+00 
        97  1.718749292E-02 -1.718750410E-02  6.562000141E-03  5.578089966E+00 
        98  1.731249318E-02 -1.731250249E-02  6.562000141E-03  5.594253464E+00 
        99  1.743749343E-02 -1.743750274E-02  6.562000141E-03  5.579595979E+00 
       100  1.756249368E-02 -1.756250300E-02  6.562000141E-03  5.568438842E+00 
       101  1.106249448E-02 -1.106250286E-02  6.562000141E-03  3.447564916E+00 
       102  1.118749380E-02 -1.118750311E-02  6.562000141E-03  3.525851014E+00 
       103  1.131249405E-02 -1.131250337E-02  6.562000141E-03  3.595809602E+00 
       104  1.143749431E-02 -1.143750269E-02  6.562000141E-03  3.669050522E+00 
       105  1.156249363E-02 -1.156250294E-02  6.562000141E-03  3.724363932E+00 
       106  1.168749388E-02 -1.168750320E-02  6.562000141E-03  3.751334011E+00 
       107  1.181249414E-02 -1.181250345E-02  6.562000141E-03  3.767825260E+00 
       108  1.193749439E-02 -1.193750277E-02  6.562000141E-03  3.792405222E+00 
       109  1.206249371E-02 -1.206250302E-02  6.562000141E-03  3.817046166E+00 
       110  1.218749397E-02 -1.218750328E-02  6.562000141E-03  3.802583910E+00 
       111  1.231249422E-02 -1.231250353E-02  6.562000141E-03  3.788396404E+00 
       112  1.243749447E-02 -1.243750285E-02  6.562000141E-03  3.873475176E+00 
       113  1.256249379E-02 -1.256250311E-02  6.562000141E-03  4.014272541E+00 
       114  1.268749405E-02 -1.268750336E-02  6.562000141E-03  4.138764961E+00 
       115  1.281249430E-02 -1.281250268E-02  6.562000141E-03  4.226111027E+00 
       116  1.293749362E-02 -1.293750294E-02  6.562000141E-03  4.289197585E+00 
       117  1.306249388E-02 -1.306250319E-02  6.562000141E-03  4.343367470E+00 
       118  1.318749413E-02 -1.318750344E-02  6.562000141E-03  4.394504016E+00 
       119  1.331249438E-02 -1.331250276E-02  6.562000141E-03  4.442166230E+00 
       120  1.343749370E-02 -1.343750302E-02  6.562000141E-03  4.484966824E+00 
       121  1.356249396E-02 -1.356250327E-02  6.562000141E-03  4.522768979E+00 
       122  1.368749421E-02 -1.368750352E-02  6.562000141E-03  4.556532784E+00 
       123  1.381249353E-02 -1.381250285E-02  6.562000141E-03  4.588019142E+00 
       124  1.393749379E-02 -1.393750310E-02  6.562000141E-03  4.619162995E+00 
       125  1.406249404E-02 -1.406250335E-02  6.562000141E-03  4.650217572E+00 
       126  1.418749429E-02 -1.418750361E-02  6.562000141E-03  4.679754098E+00 
       127  1.431249361E-02 -1.431250293E-02  6.562000141E-03  4.706902584E+00 
       128  1.443749387E-02 -1.443750318E-02  6.562000141E-03  4.741043074E+00 
       129  6.062494591E-03 -6.062502507E-03  6.562000141E-03  1.008422642E+00 
       130  6.187494379E-03 -6.187502760E-03  6.562000141E-03  9.986967713E-01 
       131  6.312494632E-03 -6.312502548E-03  6.562000141E-03  8.935722681E-01 
       132  6.437494420E-03 -6.437502801E-03  6.562000141E-03  9.442665804E-01 
       133  6.562494207E-03 -6.562502589E-03  6.562000141E-03  1.216981197E+00 
       134  6.687494460E-03 -6.687502842E-03  6.562000141E-03  1.226197715E+00 
       135  6.812494248E-03 -6.812502630E-03  6.562000141E-03  1.184437560E+00 
       136  6.937494501E-03 -6.937502883E-03  6.562000141E-03  1.132734709E+00 
       137  7.062494289E-03 -7.062502671E-03  6.562000141E-03  1.249344073E+00 
       138  7.187494542E-03 -7.187502924E-03  6.562000141E-03  1.539469135E+00 
       139  7.312494330E-03 -7.312502712E-03  6.562000141E-03  1.784696400E+00 
       140  7.437494118E-03 -7.437502965E-03  6.562000141E-03  1.956764847E+00 
       141  7.562494371E-03 -7.562502753E-03  6.562000141E-03  2.113850935E+00 
       142  7.687494159E-03 -7.687503006E-03  6.562000141E-03  2.195811469E+00 
       143  7.812494412E-03 -7.812502794E-03  6.562000141E-03  2.290422119E+00 
       144  7.937494665E-03 -7.937503047E-03  6.562000141E-03  2.436187531E+00 
       145  8.062493987E-03 -8.062502369E-03  6.562000141E-03  2.534106475E+00 
       146  8.187494241E-03 -8.187502623E-03  6.562000141E-03  2.492803212E+00 
       147  8.312494494E-03 -8.312502876E-03  6.562000141E-03  2.248315523E+00 
       148  8.437494747E-03 -8.437503129E-03  6.562000141E-03  1.960560109E+00 
       149  8.562494069E-03 -8.562502451E-03  6.562000141E-03  1.878275530E+00 
       150  8.687494323E-03 -8.687502705E-03  6.562000141E-03  2.080964879E+00 
       151  8.812494576E-03 -8.812502958E-03  6.562000141E-03  2.439422553E+00 
       152  8.937493898E-03 -8.937503211E-03  6.562000141E-03  2.610028144E+00 
       153  9.062494151E-03 -9.062502533E-03  6.562000141E-03  2.797217073E+00 
       154  9.187494405E-03 -9.187502787E-03  6.562000141E-03  2.913253062E+00 
       155  9.312494658E-03 -9.312503040E-03  6.562000141E-03  2.956110092E+00 
       156  9.437493980E-03 -9.437503293E-03  6.562000141E-03  2.992658592E+00 
       157  9.562494233E-03 -9.562502615E-03  6.562000141E-03  3.026994029E+00 
       158  9.687494487E-03 -9.687502868E-03  6.562000141E-03  3.041426104E+00 
       159  9.812493809E-03 -9.812503122E-03  6.562000141E-03  3.054984520E+00 
       160  9.937494062E-03 -9.937503375E-03  6.562000141E-03  3.071113501E+00 
       161  1.006249432E-02 -1.006250270E-02  6.562000141E-03  3.116701478E+00 
       162  1.018749457E-02 -1.018750295E-02  6.562000141E-03  3.180827155E+00 
       163  1.031249389E-02 -1.031250320E-02  6.562000141E-03  3.220155306E+00 
       164  1.043749414E-02 -1.043750253E-02  6.562000141E-03  3.277452745E+00 
       165  1.056249440E-02 -1.056250278E-02  6.562000141E-03  3.341390575E+00 
       166  1.068749372E-02 -1.068750303E-02  6.562000141E-03  3.385855199E+00 
       167  1.081249397E-02 -1.081250329E-02  6.562000141E-03  3.392968781E+00 
       168  1.093749423E-02 -1.093750261E-02  6.562000141E-03  3.398658981E+00 
       169  1.856249385E-02 -1.856250316E-02  6.562000141E-03  5.106833348E+00 
       170  1.843749359E-02 -1.843750291E-02  6.562000141E-03  5.190844421E+00 
       171  1.831249334E-02 -1.831250265E-02  6.562000141E-03  5.311247924E+00 
       172  1.818749309E-02 -1.818750240E-02  6.562000141E-03  5.480304175E+00 
       173  1.806249283E-02 -1.806250401E-02  6.562000141E-03  5.651244132E+00 
       174  1.793749258E-02 -1.793750376E-02  6.562000141E-03  5.757712789E+00 
       175  1.781249419E-02 -1.781250350E-02  6.562000141E-03  5.673644938E+00 
       176  1.768749394E-02 -1.768750325E-02  6.562000141E-03  5.588273514E+00 
       177  1.895638742E-02 -1.895638742E-02  6.562000141E-03  5.164152567E+00 
       178  1.889956929E-02 -1.889956929E-02  6.562000141E-03  5.170597589E+00 
       179  1.880222000E-02 -1.880222373E-02  6.562000141E-03  5.164388808E+00 
       180  1.868749410E-02 -1.868750341E-02  6.562000141E-03  5.108856961E+00 
