cellnumber     x-coordinate     y-coordinate     z-coordinate velocity-magnitude 
         1  7.062497549E-03 -7.062495220E-03  6.562000141E-03  1.210243955E+00 
         2  6.937497295E-03 -6.937495433E-03  6.562000141E-03  1.041587389E+00 
         3  6.812497508E-03 -6.812495179E-03  6.562000141E-03  9.349109628E-01 
         4  6.687497720E-03 -6.687495392E-03  6.562000141E-03  9.030279984E-01 
         5  6.562497467E-03 -6.562495138E-03  6.562000141E-03  8.768012825E-01 
         6  6.437497679E-03 -6.437495351E-03  6.562000141E-03  8.357916508E-01 
         7  6.312497426E-03 -6.312495098E-03  6.562000141E-03  7.647341952E-01 
         8  6.187497638E-03 -6.187495310E-03  6.562000141E-03  6.797983293E-01 
         9  6.062497385E-03 -6.062495057E-03  6.562000141E-03  6.079703722E-01 
        10  5.937497597E-03 -5.937495269E-03  6.562000141E-03  5.849465288E-01 
        11  5.812497344E-03 -5.812495016E-03  6.562000141E-03  6.445143228E-01 
        12  5.687497556E-03 -5.687495228E-03  6.562000141E-03  7.476985942E-01 
        13  5.562497769E-03 -5.562494975E-03  6.562000141E-03  7.793603073E-01 
        14  5.437497515E-03 -5.437495187E-03  6.562000141E-03  7.753733870E-01 
        15  5.312497728E-03 -5.312495399E-03  6.562000141E-03  7.214033196E-01 
        16  5.187497474E-03 -5.187495146E-03  6.562000141E-03  6.628595253E-01 
        17  5.062497687E-03 -5.062495358E-03  6.562000141E-03  6.105592654E-01 
        18  4.937497433E-03 -4.937495105E-03  6.562000141E-03  5.339132242E-01 
        19  4.812497646E-03 -4.812495317E-03  6.562000141E-03  4.404186327E-01 
        20  4.687497858E-03 -4.687495064E-03  6.562000141E-03  3.429660741E-01 
        21  4.562497605E-03 -4.562495276E-03  6.562000141E-03  2.713459304E-01 
        22  4.437497817E-03 -4.437495023E-03  6.562000141E-03  2.283396953E-01 
        23  4.312497564E-03 -4.312495235E-03  6.562000141E-03  2.268137556E-01 
        24  4.187497776E-03 -4.187494982E-03  6.562000141E-03  3.281097617E-01 
        25  4.062497523E-03 -4.062495194E-03  6.562000141E-03  4.622793256E-01 
        26  3.937497735E-03 -3.937494941E-03  6.562000141E-03  5.739538840E-01 
        27  3.812497482E-03 -3.812494921E-03  6.562000141E-03  7.011332630E-01 
        28  3.687497694E-03 -3.687494900E-03  6.562000141E-03  8.333660812E-01 
        29  3.562497674E-03 -3.562494880E-03  6.562000141E-03  8.915567939E-01 
        30  3.437497653E-03 -3.437494859E-03  6.562000141E-03  8.030325732E-01 
        31  3.312497633E-03 -3.312494839E-03  6.562000141E-03  6.338178967E-01 
        32  3.187497612E-03 -3.187494818E-03  6.562000141E-03  6.301970790E-01 
        33  3.061023075E-03 -3.061021678E-03  6.562000606E-03  8.254084839E-01 
        34  2.973292954E-03 -2.973292954E-03  6.562000141E-03  9.806175836E-01 
        35  2.937367652E-03 -2.937367652E-03  6.561999675E-03  1.010291320E+00 
        36  2.915092511E-03 -2.915092511E-03  6.562000141E-03  1.022394550E+00 
        37  2.896590624E-03 -2.896590624E-03  6.562000606E-03  1.026016361E+00 
        38  2.881214023E-03 -2.881214023E-03  6.562000141E-03  1.026867502E+00 
        39  2.868429059E-03 -2.868429059E-03  6.562000141E-03  1.027209888E+00 
        40  2.857794985E-03 -2.857794985E-03  6.562000141E-03  1.028431875E+00 
        41  2.848947188E-03 -2.848947188E-03  6.562000606E-03  1.030846227E+00 
        42  2.841583686E-03 -2.841583686E-03  6.562000141E-03  1.034328772E+00 
        43  2.835454186E-03 -2.835454186E-03  6.562000606E-03  1.038565320E+00 
        44  2.830350772E-03 -2.830350772E-03  6.562000606E-03  1.043191748E+00 
        45  1.937407255E-02 -1.937407255E-02  6.562000141E-03  5.131039128E+00 
        46  1.944607310E-02 -1.944607310E-02  6.562000141E-03  4.949246667E+00 
        47  1.951807365E-02 -1.951807365E-02  6.562000141E-03  4.914509604E+00 
        48  1.959007420E-02 -1.959007420E-02  6.562000141E-03  4.785764102E+00 
        49  1.966207288E-02 -1.966207288E-02  6.562000141E-03  4.689745193E+00 
        50  1.973407343E-02 -1.973407343E-02  6.562000141E-03  4.604914989E+00 
        51  1.980607398E-02 -1.980607398E-02  6.562000141E-03  4.544327506E+00 
        52  1.987807266E-02 -1.987807266E-02  6.562000141E-03  4.577119086E+00 
        53  1.995007321E-02 -1.995007321E-02  6.562000141E-03  4.594360778E+00 
        54  2.002207376E-02 -2.002207376E-02  6.562000141E-03  4.677573386E+00 
        55  2.009407431E-02 -2.009407431E-02  6.562000141E-03  4.730321682E+00 
        56  2.016607299E-02 -2.016607299E-02  6.562000141E-03  4.804854769E+00 
        57  2.023807354E-02 -2.023807354E-02  6.562000141E-03  4.846702262E+00 
        58  2.038207278E-02 -2.038207278E-02  6.562000141E-03  4.804591494E+00 
        59  2.045407332E-02 -2.045407332E-02  6.562000141E-03  4.687802927E+00 
        60  2.052607387E-02 -2.052607387E-02  6.562000141E-03  4.582961750E+00 
        61  2.059807442E-02 -2.059807442E-02  6.562000141E-03  4.460291456E+00 
        62  2.067007311E-02 -2.067007311E-02  6.562000141E-03  4.360641682E+00 
        63  2.074207366E-02 -2.074207366E-02  6.562000141E-03  4.324378365E+00 
        64  2.081407234E-02 -2.081407234E-02  6.562000141E-03  4.306535975E+00 
        65  2.088592015E-02 -2.088592015E-02  6.562000141E-03  4.327054054E+00 
        66  2.093681321E-02 -2.093681321E-02  6.562000606E-03  4.320121381E+00 
        67  2.101956122E-02 -2.101956122E-02  6.562000606E-03  4.278982529E+00 
        68  2.107902244E-02 -2.107902244E-02  6.562000606E-03  4.235840836E+00 
        69  2.110386454E-02 -2.110386454E-02  6.562000606E-03  4.147331557E+00 
        70  2.112595551E-02 -2.112595551E-02  6.562000606E-03  3.994049931E+00 
        71  2.114437334E-02 -2.114437334E-02  6.562000606E-03  3.671777591E+00 
        72  2.115972713E-02 -2.115972713E-02  6.562000606E-03  3.172574158E+00 
        73  2.117252536E-02 -2.117252536E-02  6.562000141E-03  2.573443533E+00 
        74  2.118319459E-02 -2.118319459E-02  6.562000141E-03  1.962938340E+00 
        75  2.119208500E-02 -2.119208500E-02  6.562000141E-03  1.402168186E+00 
        76  2.119949646E-02 -2.119949646E-02  6.562000141E-03  9.169125257E-01 
        77  2.120567486E-02 -2.120567486E-02  6.562000141E-03  5.085752431E-01 
        78  2.121082321E-02 -2.121082321E-02  6.562000141E-03  1.683483726E-01 
        79  1.568749733E-02 -1.568749547E-02  6.562000141E-03  5.419918861E+00 
        80  1.581249759E-02 -1.581249572E-02  6.562000141E-03  5.595661746E+00 
        81  1.593749598E-02 -1.593749598E-02  6.562000141E-03  5.709934240E+00 
        82  1.606249623E-02 -1.606249623E-02  6.562000141E-03  5.695744812E+00 
        83  1.618749648E-02 -1.618749648E-02  6.562000141E-03  5.572856034E+00 
        84  1.631249674E-02 -1.631249487E-02  6.562000141E-03  5.455368452E+00 
        85  1.643749699E-02 -1.643749513E-02  6.562000141E-03  5.399870483E+00 
        86  1.656249724E-02 -1.656249538E-02  6.562000141E-03  5.387266281E+00 
        87  1.668749750E-02 -1.668749563E-02  6.562000141E-03  5.400480259E+00 
        88  1.681249589E-02 -1.681249589E-02  6.562000141E-03  5.445795679E+00 
        89  1.693749614E-02 -1.693749614E-02  6.562000141E-03  5.508305715E+00 
        90  1.706249639E-02 -1.706249639E-02  6.562000141E-03  5.556765173E+00 
        91  1.718749665E-02 -1.718749478E-02  6.562000141E-03  5.744662922E+00 
        92  1.731249690E-02 -1.731249504E-02  6.562000141E-03  5.655494397E+00 
        93  1.743749715E-02 -1.743749529E-02  6.562000141E-03  5.471991314E+00 
        94  1.756249741E-02 -1.756249554E-02  6.562000141E-03  5.137142753E+00 
        95  1.768749580E-02 -1.768749580E-02  6.562000141E-03  4.989502041E+00 
        96  1.781249605E-02 -1.781249605E-02  6.562000141E-03  4.963477428E+00 
        97  1.793749630E-02 -1.793749630E-02  6.562000141E-03  4.917557360E+00 
        98  1.806249656E-02 -1.806249656E-02  6.562000141E-03  4.838184410E+00 
        99  1.818749681E-02 -1.818749495E-02  6.562000141E-03  4.800717975E+00 
       100  1.831249706E-02 -1.831249520E-02  6.562000141E-03  4.784566732E+00 
       101  1.843749732E-02 -1.843749546E-02  6.562000141E-03  4.721221994E+00 
       102  1.856249571E-02 -1.856249571E-02  6.562000141E-03  4.854399812E+00 
       103  1.868749596E-02 -1.868749596E-02  6.562000141E-03  5.016929141E+00 
       104  1.880909875E-02 -1.880909875E-02  6.562000141E-03  5.100222510E+00 
       105  1.890101843E-02 -1.890101843E-02  6.562000141E-03  5.241531553E+00 
       106  1.895096339E-02 -1.895096339E-02  6.562000141E-03  5.208686950E+00 
       107  1.899245940E-02 -1.899245940E-02  6.562000606E-03  5.313511672E+00 
       108  1.905349456E-02 -1.905349456E-02  6.562000606E-03  5.215115142E+00 
       109  1.914011873E-02 -1.914011873E-02  6.562000141E-03  5.281976558E+00 
       110  1.923859492E-02 -1.923859492E-02  6.562000141E-03  5.251566708E+00 
       111  1.930207387E-02 -1.930207387E-02  6.562000141E-03  5.094308922E+00 
       112  2.031007409E-02 -2.031007409E-02  6.562000141E-03  4.841829213E+00 
       113  7.812497206E-03 -7.812495343E-03  6.562000141E-03  2.767523052E+00 
       114  7.937497459E-03 -7.937495597E-03  6.562000141E-03  2.885534743E+00 
       115  8.062497713E-03 -8.062494919E-03  6.562000141E-03  2.814757108E+00 
       116  8.187497035E-03 -8.187495172E-03  6.562000141E-03  2.595931775E+00 
       117  8.312497288E-03 -8.312495425E-03  6.562000141E-03  2.584948041E+00 
       118  8.437497541E-03 -8.437495679E-03  6.562000141E-03  2.298335569E+00 
       119  8.562497795E-03 -8.562495001E-03  6.562000141E-03  2.285108320E+00 
       120  8.687497117E-03 -8.687495254E-03  6.562000141E-03  2.410966071E+00 
       121  8.812497370E-03 -8.812495507E-03  6.562000141E-03  2.550126131E+00 
       122  8.937497623E-03 -8.937495761E-03  6.562000141E-03  2.608287462E+00 
       123  9.062496945E-03 -9.062495083E-03  6.562000141E-03  2.506576889E+00 
       124  9.187497199E-03 -9.187495336E-03  6.562000141E-03  2.546349673E+00 
       125  9.312497452E-03 -9.312495589E-03  6.562000141E-03  2.678619226E+00 
       126  9.437497705E-03 -9.437495843E-03  6.562000141E-03  2.790671525E+00 
       127  9.562497027E-03 -9.562495165E-03  6.562000141E-03  2.755516514E+00 
       128  9.687497281E-03 -9.687495418E-03  6.562000141E-03  2.774028535E+00 
       129  9.812497534E-03 -9.812495671E-03  6.562000141E-03  2.824344634E+00 
       130  9.937497787E-03 -9.937495925E-03  6.562000141E-03  2.871320329E+00 
       131  1.006249711E-02 -1.006249525E-02  6.562000141E-03  2.925196773E+00 
       132  1.018749736E-02 -1.018749550E-02  6.562000141E-03  3.002021367E+00 
       133  1.031249762E-02 -1.031249575E-02  6.562000141E-03  3.087093908E+00 
       134  1.043749694E-02 -1.043749508E-02  6.562000141E-03  3.209586005E+00 
       135  1.056249719E-02 -1.056249533E-02  6.562000141E-03  3.266336254E+00 
       136  1.068749744E-02 -1.068749558E-02  6.562000141E-03  3.280364767E+00 
       137  1.081249770E-02 -1.081249584E-02  6.562000141E-03  3.305635435E+00 
       138  1.093749702E-02 -1.093749516E-02  6.562000141E-03  3.358930664E+00 
       139  1.106249727E-02 -1.106249541E-02  6.562000141E-03  3.435257019E+00 
       140  7.687497418E-03 -7.687495556E-03  6.562000141E-03  2.552107327E+00 
       141  7.562497631E-03 -7.562495302E-03  6.562000141E-03  2.031870272E+00 
       142  7.437497377E-03 -7.437495515E-03  6.562000141E-03  1.150840781E+00 
       143  7.312497590E-03 -7.312495261E-03  6.562000141E-03  1.046641997E+00 
       144  7.187497336E-03 -7.187495474E-03  6.562000141E-03  1.210164903E+00 
       145  1.556249708E-02 -1.556249615E-02  6.562000141E-03  5.318559781E+00 
       146  1.543749683E-02 -1.543749589E-02  6.562000141E-03  5.245741233E+00 
       147  1.531249657E-02 -1.531249564E-02  6.562000141E-03  5.241049651E+00 
       148  1.518749725E-02 -1.518749539E-02  6.562000141E-03  5.195587510E+00 
       149  1.506249700E-02 -1.506249607E-02  6.562000141E-03  5.135886327E+00 
       150  1.493749674E-02 -1.493749581E-02  6.562000141E-03  5.080009878E+00 
       151  1.481249742E-02 -1.481249556E-02  6.562000141E-03  5.009678697E+00 
       152  1.468749717E-02 -1.468749624E-02  6.562000141E-03  4.939736171E+00 
       153  1.456249692E-02 -1.456249598E-02  6.562000141E-03  4.868098125E+00 
       154  1.443749666E-02 -1.443749573E-02  6.562000141E-03  4.798932047E+00 
       155  1.431249734E-02 -1.431249548E-02  6.562000141E-03  4.735597176E+00 
       156  1.418749709E-02 -1.418749616E-02  6.562000141E-03  4.678649168E+00 
       157  1.406249683E-02 -1.406249590E-02  6.562000141E-03  4.628198391E+00 
       158  1.393749751E-02 -1.393749565E-02  6.562000141E-03  4.581755717E+00 
       159  1.381249726E-02 -1.381249540E-02  6.562000141E-03  4.535194542E+00 
       160  1.368749700E-02 -1.368749607E-02  6.562000141E-03  4.483217749E+00 
       161  1.356249675E-02 -1.356249582E-02  6.562000141E-03  4.424628631E+00 
       162  1.343749743E-02 -1.343749557E-02  6.562000141E-03  4.363167209E+00 
       163  1.331249718E-02 -1.331249531E-02  6.562000141E-03  4.307967409E+00 
       164  1.318749692E-02 -1.318749599E-02  6.562000141E-03  4.259861456E+00 
       165  1.306249667E-02 -1.306249574E-02  6.562000141E-03  4.216678706E+00 
       166  1.293749735E-02 -1.293749548E-02  6.562000141E-03  4.175906727E+00 
       167  1.281249709E-02 -1.281249523E-02  6.562000141E-03  4.137491332E+00 
       168  1.268749684E-02 -1.268749591E-02  6.562000141E-03  4.099817404E+00 
       169  1.256249752E-02 -1.256249566E-02  6.562000141E-03  4.059419456E+00 
       170  1.243749727E-02 -1.243749540E-02  6.562000141E-03  4.007601789E+00 
       171  1.231249701E-02 -1.231249608E-02  6.562000141E-03  3.933905934E+00 
       172  1.218749676E-02 -1.218749583E-02  6.562000141E-03  3.832887437E+00 
       173  1.206249744E-02 -1.206249557E-02  6.562000141E-03  3.718758283E+00 
       174  1.193749718E-02 -1.193749532E-02  6.562000141E-03  3.622501005E+00 
       175  1.181249693E-02 -1.181249600E-02  6.562000141E-03  3.563853034E+00 
       176  1.168749761E-02 -1.168749575E-02  6.562000141E-03  3.527018672E+00 
       177  1.156249736E-02 -1.156249549E-02  6.562000141E-03  3.510309314E+00 
       178  1.143749710E-02 -1.143749524E-02  6.562000141E-03  3.516139047E+00 
       179  1.131249685E-02 -1.131249592E-02  6.562000141E-03  3.520252775E+00 
       180  1.118749753E-02 -1.118749566E-02  6.562000141E-03  3.495732103E+00 
