cellnumber     x-coordinate     y-coordinate     z-coordinate velocity-magnitude 
         1  1.899245940E-02 -1.899245940E-02  6.562000606E-03  4.806461316E+00 
         2  1.905349456E-02 -1.905349456E-02  6.562000606E-03  4.826333221E+00 
         3  1.914011873E-02 -1.914011873E-02  6.562000141E-03  4.827156715E+00 
         4  1.923859492E-02 -1.923859492E-02  6.562000141E-03  4.864878991E+00 
         5  2.031007409E-02 -2.031007409E-02  6.562000141E-03  5.061690595E+00 
         6  2.023807354E-02 -2.023807354E-02  6.562000141E-03  5.075918230E+00 
         7  2.016607299E-02 -2.016607299E-02  6.562000141E-03  5.092239475E+00 
         8  2.009407431E-02 -2.009407431E-02  6.562000141E-03  5.094754651E+00 
         9  2.002207376E-02 -2.002207376E-02  6.562000141E-03  5.105505625E+00 
        10  1.995007321E-02 -1.995007321E-02  6.562000141E-03  5.091436903E+00 
        11  1.987807266E-02 -1.987807266E-02  6.562000141E-03  5.095639937E+00 
        12  1.980607398E-02 -1.980607398E-02  6.562000141E-03  5.065074114E+00 
        13  1.973407343E-02 -1.973407343E-02  6.562000141E-03  5.063685258E+00 
        14  1.966207288E-02 -1.966207288E-02  6.562000141E-03  5.021099753E+00 
        15  1.959007233E-02 -1.959007233E-02  6.562000141E-03  5.015226658E+00 
        16  1.951807365E-02 -1.951807365E-02  6.562000141E-03  4.966722617E+00 
        17  1.944607310E-02 -1.944607310E-02  6.562000141E-03  4.956671833E+00 
        18  1.937407255E-02 -1.937407441E-02  6.562000141E-03  4.909414053E+00 
        19  1.930207387E-02 -1.930207387E-02  6.562000141E-03  4.899305309E+00 
        20  2.038207278E-02 -2.038207278E-02  6.562000141E-03  5.041564443E+00 
        21  2.045407332E-02 -2.045407332E-02  6.562000141E-03  5.020255704E+00 
        22  2.052607387E-02 -2.052607387E-02  6.562000141E-03  4.996586883E+00 
        23  2.059807256E-02 -2.059807256E-02  6.562000141E-03  4.970793978E+00 
        24  2.067007311E-02 -2.067007311E-02  6.562000141E-03  4.943411644E+00 
        25  2.074207366E-02 -2.074207366E-02  6.562000141E-03  4.908901544E+00 
        26  2.081407420E-02 -2.081407420E-02  6.562000141E-03  4.867231978E+00 
        27  2.088592015E-02 -2.088592015E-02  6.562000141E-03  4.798185706E+00 
        28  2.093681321E-02 -2.093681321E-02  6.562000141E-03  4.714875605E+00 
        29  2.101955935E-02 -2.101955935E-02  6.562000141E-03  4.586109065E+00 
        30  2.107902244E-02 -2.107902244E-02  6.562000606E-03  4.449344387E+00 
        31  2.110386454E-02 -2.110386454E-02  6.562000606E-03  4.294242662E+00 
        32  2.112595551E-02 -2.112595551E-02  6.562000606E-03  4.085167865E+00 
        33  2.114437334E-02 -2.114437334E-02  6.562000606E-03  3.759023006E+00 
        34  2.115972713E-02 -2.115972713E-02  6.562000606E-03  3.303196582E+00 
        35  2.117252536E-02 -2.117252536E-02  6.562000141E-03  2.746736061E+00 
        36  2.118319459E-02 -2.118319459E-02  6.562000141E-03  2.140956081E+00 
        37  2.119208500E-02 -2.119208500E-02  6.562000141E-03  1.550070164E+00 
        38  2.119949646E-02 -2.119949646E-02  6.562000141E-03  1.022227925E+00 
        39  2.120567486E-02 -2.120567486E-02  6.562000141E-03  5.705051108E-01 
        40  2.121082321E-02 -2.121082321E-02  6.562000141E-03  1.898214933E-01 
        41  2.830280224E-03 -2.830280224E-03  6.562001072E-03  1.047681844E+00 
        42  2.835373627E-03 -2.835373627E-03  6.562001072E-03  1.050567431E+00 
        43  2.841493115E-03 -2.841493115E-03  6.562000606E-03  1.053504278E+00 
        44  2.848849166E-03 -2.848849166E-03  6.562000141E-03  1.056135216E+00 
        45  2.857688349E-03 -2.857688349E-03  6.562000141E-03  1.057804551E+00 
        46  2.868303098E-03 -2.868303098E-03  6.562000141E-03  1.057430947E+00 
        47  2.881055698E-03 -2.881055698E-03  6.562000606E-03  1.053375250E+00 
        48  2.896386897E-03 -2.896386897E-03  6.562000606E-03  1.043446308E+00 
        49  2.914825454E-03 -2.914825454E-03  6.562000606E-03  1.025391788E+00 
        50  2.937011421E-03 -2.937011421E-03  6.562000606E-03  9.984881555E-01 
        51  2.967901761E-03 -2.967901761E-03  6.562000606E-03  9.531922736E-01 
        52  3.022594377E-03 -3.022594377E-03  6.562000141E-03  9.054173332E-01 
        53  3.099788912E-03 -3.099788912E-03  6.562000141E-03  8.390473144E-01 
        54  3.195532598E-03 -3.195534227E-03  6.562000606E-03  7.862863365E-01 
        55  3.312502056E-03 -3.312505316E-03  6.562000141E-03  7.361564592E-01 
        56  3.437502077E-03 -3.437505336E-03  6.562000141E-03  6.938074211E-01 
        57  3.562502097E-03 -3.562505357E-03  6.562000141E-03  6.565471937E-01 
        58  3.687502118E-03 -3.687505377E-03  6.562000141E-03  6.226255013E-01 
        59  3.812501905E-03 -3.812505398E-03  6.562000141E-03  5.910940346E-01 
        60  3.937501926E-03 -3.937505651E-03  6.562000141E-03  5.617100079E-01 
        61  4.062502179E-03 -4.062505439E-03  6.562000141E-03  5.347623029E-01 
        62  4.187501967E-03 -4.187505692E-03  6.562000141E-03  5.110327514E-01 
        63  4.312502220E-03 -4.312505480E-03  6.562000141E-03  4.915490201E-01 
        64  4.812502302E-03 -4.812505562E-03  6.562000141E-03  4.831339686E-01 
        65  4.937502090E-03 -4.937505350E-03  6.562000141E-03  5.001921010E-01 
        66  5.062501878E-03 -5.062505603E-03  6.562000141E-03  5.241460657E-01 
        67  5.187502131E-03 -5.187505390E-03  6.562000141E-03  5.549016716E-01 
        68  5.312501919E-03 -5.312505644E-03  6.562000141E-03  5.924941883E-01 
        69  5.437502172E-03 -5.437505431E-03  6.562000141E-03  6.362010203E-01 
        70  5.562501960E-03 -5.562505685E-03  6.562000141E-03  6.835381732E-01 
        71  5.687502213E-03 -5.687505472E-03  6.562000141E-03  7.309589046E-01 
        72  5.812502000E-03 -5.812505726E-03  6.562000141E-03  7.787545303E-01 
        73  5.937502254E-03 -5.937505513E-03  6.562000141E-03  8.364608352E-01 
        74  6.062502041E-03 -6.062505767E-03  6.562000141E-03  8.979255650E-01 
        75  6.187501829E-03 -6.187505554E-03  6.562000141E-03  9.021753514E-01 
        76  6.312502082E-03 -6.312505808E-03  6.562000141E-03  8.562736514E-01 
        77  6.437501870E-03 -6.437505595E-03  6.562000141E-03  8.748470531E-01 
        78  6.562502123E-03 -6.562505849E-03  6.562000141E-03  9.186337331E-01 
        79  6.687501911E-03 -6.687505636E-03  6.562000141E-03  9.298384301E-01 
        80  6.812502164E-03 -6.812505424E-03  6.562000141E-03  9.595707798E-01 
        81  6.937501952E-03 -6.937505677E-03  6.562000141E-03  1.073422010E+00 
        82  7.062502205E-03 -7.062505465E-03  6.562000141E-03  1.277911521E+00 
        83  7.187501993E-03 -7.187505718E-03  6.562000141E-03  1.551907224E+00 
        84  7.312501781E-03 -7.312505506E-03  6.562000141E-03  1.849758633E+00 
        85  7.437502034E-03 -7.437505759E-03  6.562000141E-03  2.110449906E+00 
        86  7.562501822E-03 -7.562505547E-03  6.562000141E-03  2.302456164E+00 
        87  7.687502075E-03 -7.687505800E-03  6.562000141E-03  2.419323153E+00 
        88  7.812501863E-03 -7.812505588E-03  6.562000141E-03  2.429095590E+00 
        89  7.937502116E-03 -7.937505841E-03  6.562000141E-03  2.345443614E+00 
        90  8.062502369E-03 -8.062506095E-03  6.562000141E-03  2.262052639E+00 
        91  4.687502049E-03 -4.687505774E-03  6.562000141E-03  4.734522373E-01 
        92  4.562502261E-03 -4.562505521E-03  6.562000141E-03  4.716841557E-01 
        93  4.437502008E-03 -4.437505733E-03  6.562000141E-03  4.779432207E-01 
        94  8.187501691E-03 -8.187505417E-03  6.562000141E-03  2.244053857E+00 
        95  8.312501945E-03 -8.312505670E-03  6.562000141E-03  2.321522592E+00 
        96  8.437502198E-03 -8.437505923E-03  6.562000141E-03  2.544606017E+00 
        97  8.562501520E-03 -8.562506177E-03  6.562000141E-03  2.857696842E+00 
        98  8.687501773E-03 -8.687505499E-03  6.562000141E-03  3.053678994E+00 
        99  8.812502027E-03 -8.812505752E-03  6.562000141E-03  3.099665166E+00 
       100  8.937502280E-03 -8.937506005E-03  6.562000141E-03  3.102082033E+00 
       101  9.062501602E-03 -9.062505327E-03  6.562000141E-03  3.098948802E+00 
       102  9.187501855E-03 -9.187505580E-03  6.562000141E-03  3.096082620E+00 
       103  9.312502109E-03 -9.312505834E-03  6.562000141E-03  3.093546167E+00 
       104  9.437502362E-03 -9.437506087E-03  6.562000141E-03  3.090755041E+00 
       105  9.562501684E-03 -9.562505409E-03  6.562000141E-03  3.087229451E+00 
       106  9.687501937E-03 -9.687505662E-03  6.562000141E-03  3.082507705E+00 
       107  9.812502190E-03 -9.812505916E-03  6.562000141E-03  3.075853882E+00 
       108  9.937501512E-03 -9.937506169E-03  6.562000141E-03  3.066557930E+00 
       109  1.006250177E-02 -1.006250549E-02  6.562000141E-03  3.057921379E+00 
       110  1.018750202E-02 -1.018750574E-02  6.562000141E-03  3.056507167E+00 
       111  1.031250227E-02 -1.031250600E-02  6.562000141E-03  3.065839727E+00 
       112  1.043750159E-02 -1.043750625E-02  6.562000141E-03  3.087065999E+00 
       113  1.056250185E-02 -1.056250557E-02  6.562000141E-03  3.119794177E+00 
       114  1.068750210E-02 -1.068750583E-02  6.562000141E-03  3.162613674E+00 
       115  1.081250142E-02 -1.081250608E-02  6.562000141E-03  3.213742263E+00 
       116  1.093750168E-02 -1.093750540E-02  6.562000141E-03  3.271480889E+00 
       117  1.106250193E-02 -1.106250565E-02  6.562000141E-03  3.334236095E+00 
       118  1.118750218E-02 -1.118750591E-02  6.562000141E-03  3.400396111E+00 
       119  1.131250151E-02 -1.131250616E-02  6.562000141E-03  3.468293411E+00 
       120  1.143750176E-02 -1.143750548E-02  6.562000141E-03  3.536383066E+00 
       121  1.156250201E-02 -1.156250574E-02  6.562000141E-03  3.603339498E+00 
       122  1.168750226E-02 -1.168750599E-02  6.562000141E-03  3.668146629E+00 
       123  1.181250159E-02 -1.181250624E-02  6.562000141E-03  3.730188260E+00 
       124  1.193750184E-02 -1.193750557E-02  6.562000141E-03  3.789327483E+00 
       125  1.206250209E-02 -1.206250582E-02  6.562000141E-03  3.845925161E+00 
       126  1.218750142E-02 -1.218750607E-02  6.562000141E-03  3.900749631E+00 
       127  1.231250167E-02 -1.231250633E-02  6.562000141E-03  3.954809033E+00 
       128  1.243750192E-02 -1.243750565E-02  6.562000141E-03  4.009174900E+00 
       129  1.256250218E-02 -1.256250590E-02  6.562000141E-03  4.064827334E+00 
       130  1.268750150E-02 -1.268750615E-02  6.562000141E-03  4.122519241E+00 
       131  1.281250175E-02 -1.281250548E-02  6.562000141E-03  4.182649527E+00 
       132  1.293750200E-02 -1.293750573E-02  6.562000141E-03  4.245171944E+00 
       133  1.306250133E-02 -1.306250598E-02  6.562000141E-03  4.309522196E+00 
       134  1.318750158E-02 -1.318750624E-02  6.562000141E-03  4.374599849E+00 
       135  1.331250183E-02 -1.331250556E-02  6.562000141E-03  4.438874971E+00 
       136  1.343750209E-02 -1.343750581E-02  6.562000141E-03  4.500725163E+00 
       137  1.356250141E-02 -1.356250606E-02  6.562000141E-03  4.558937295E+00 
       138  1.368750166E-02 -1.368750632E-02  6.562000141E-03  4.613070766E+00 
       139  1.381250191E-02 -1.381250564E-02  6.562000141E-03  4.663459041E+00 
       140  1.393750217E-02 -1.393750589E-02  6.562000141E-03  4.710933077E+00 
       141  1.406250149E-02 -1.406250615E-02  6.562000141E-03  4.756505655E+00 
       142  1.418750174E-02 -1.418750640E-02  6.562000141E-03  4.801165086E+00 
       143  1.431250200E-02 -1.431250572E-02  6.562000141E-03  4.845703380E+00 
       144  1.443750132E-02 -1.443750598E-02  6.562000141E-03  4.890817196E+00 
       145  1.456250157E-02 -1.456250623E-02  6.562000141E-03  4.937180422E+00 
       146  1.468750183E-02 -1.468750555E-02  6.562000141E-03  4.985596326E+00 
       147  1.481250208E-02 -1.481250580E-02  6.562000141E-03  5.037262738E+00 
       148  1.493750140E-02 -1.493750606E-02  6.562000141E-03  5.094276318E+00 
       149  1.506250165E-02 -1.506250631E-02  6.562000141E-03  5.159683507E+00 
       150  1.518750191E-02 -1.518750563E-02  6.562000141E-03  5.234186348E+00 
       151  1.531250123E-02 -1.531250589E-02  6.562000141E-03  5.309644322E+00 
       152  1.543750148E-02 -1.543750614E-02  6.562000141E-03  5.374658643E+00 
       153  1.556250174E-02 -1.556250639E-02  6.562000141E-03  5.425368637E+00 
       154  1.568750106E-02 -1.568750665E-02  6.562000141E-03  5.462378285E+00 
       155  1.868750155E-02 -1.868750528E-02  6.562000141E-03  4.839470886E+00 
       156  1.856250130E-02 -1.856250502E-02  6.562000141E-03  4.868343698E+00 
       157  1.843750104E-02 -1.843750663E-02  6.562000141E-03  4.908105960E+00 
       158  1.831250079E-02 -1.831250638E-02  6.562000141E-03  4.958352533E+00 
       159  1.818750054E-02 -1.818750612E-02  6.562000141E-03  5.016868290E+00 
       160  1.806250215E-02 -1.806250587E-02  6.562000141E-03  5.081479070E+00 
       161  1.793750189E-02 -1.793750562E-02  6.562000141E-03  5.149122124E+00 
       162  1.781250164E-02 -1.781250536E-02  6.562000141E-03  5.215732374E+00 
       163  1.768750139E-02 -1.768750511E-02  6.562000141E-03  5.277283503E+00 
       164  1.756250113E-02 -1.756250672E-02  6.562000141E-03  5.331447240E+00 
       165  1.743750088E-02 -1.743750647E-02  6.562000141E-03  5.378585012E+00 
       166  1.731250063E-02 -1.731250621E-02  6.562000141E-03  5.419024791E+00 
       167  1.718750224E-02 -1.718750596E-02  6.562000141E-03  5.452274683E+00 
       168  1.706250198E-02 -1.706250571E-02  6.562000141E-03  5.478868595E+00 
       169  1.693750173E-02 -1.693750545E-02  6.562000141E-03  5.499808552E+00 
       170  1.681250148E-02 -1.681250520E-02  6.562000141E-03  5.515834713E+00 
       171  1.668750122E-02 -1.668750495E-02  6.562000141E-03  5.527237366E+00 
       172  1.656250097E-02 -1.656250656E-02  6.562000141E-03  5.534143284E+00 
       173  1.643750072E-02 -1.643750630E-02  6.562000141E-03  5.536770829E+00 
       174  1.631250046E-02 -1.631250605E-02  6.562000141E-03  5.535409387E+00 
       175  1.618750207E-02 -1.618750580E-02  6.562000141E-03  5.530239523E+00 
       176  1.606250182E-02 -1.606250554E-02  6.562000141E-03  5.521160852E+00 
       177  1.593750156E-02 -1.593750529E-02  6.562000141E-03  5.507704234E+00 
       178  1.581250131E-02 -1.581250504E-02  6.562000141E-03  5.488790155E+00 
       179  1.880351081E-02 -1.880351454E-02  6.562000141E-03  4.821261983E+00 
       180  1.890108548E-02 -1.890108548E-02  6.562000141E-03  4.814222797E+00 
       181  1.895662583E-02 -1.895662583E-02  6.562000141E-03  4.817799923E+00 
