cellnumber     x-coordinate     y-coordinate     z-coordinate velocity-magnitude 
         1  2.937239595E-03 -2.937239595E-03  6.562000606E-03  1.109973949E+00 
         2  2.974424278E-03 -2.974424278E-03  6.562000141E-03  1.088819151E+00 
         3  3.062227275E-03 -3.062231001E-03  6.562000141E-03  1.007372408E+00 
         4  3.187494585E-03 -3.187502269E-03  6.562000141E-03  9.218962945E-01 
         5  3.312494606E-03 -3.312502289E-03  6.562000141E-03  8.568354434E-01 
         6  3.437494393E-03 -3.437502310E-03  6.562000141E-03  8.126959543E-01 
         7  3.562494414E-03 -3.562502330E-03  6.562000141E-03  7.817410114E-01 
         8  3.687494434E-03 -3.687502351E-03  6.562000141E-03  7.608089337E-01 
         9  3.812494455E-03 -3.812502371E-03  6.562000141E-03  7.474867663E-01 
        10  3.937494475E-03 -3.937502392E-03  6.562000141E-03  7.395417646E-01 
        11  1.899245940E-02 -1.899245940E-02  6.562000606E-03  4.860783727E+00 
        12  1.905349456E-02 -1.905349456E-02  6.562000606E-03  4.851023341E+00 
        13  1.914011873E-02 -1.914011873E-02  6.562000141E-03  4.889365052E+00 
        14  1.923859492E-02 -1.923859492E-02  6.562000141E-03  4.930226633E+00 
        15  2.031007409E-02 -2.031007409E-02  6.562000141E-03  4.811400031E+00 
        16  2.023807354E-02 -2.023807354E-02  6.562000141E-03  4.857572481E+00 
        17  2.016607299E-02 -2.016607299E-02  6.562000141E-03  4.887191480E+00 
        18  2.009407431E-02 -2.009407431E-02  6.562000141E-03  4.927004736E+00 
        19  2.002207376E-02 -2.002207376E-02  6.562000141E-03  4.948059367E+00 
        20  1.995007321E-02 -1.995007321E-02  6.562000141E-03  4.980047147E+00 
        21  1.987807266E-02 -1.987807266E-02  6.562000141E-03  4.989941683E+00 
        22  1.980607398E-02 -1.980607398E-02  6.562000141E-03  5.012830479E+00 
        23  1.973407343E-02 -1.973407343E-02  6.562000141E-03  5.009453563E+00 
        24  1.966207288E-02 -1.966207288E-02  6.562000141E-03  5.023600879E+00 
        25  1.959007233E-02 -1.959007233E-02  6.562000141E-03  5.005828420E+00 
        26  1.951807365E-02 -1.951807365E-02  6.562000141E-03  5.012291599E+00 
        27  1.944607310E-02 -1.944607310E-02  6.562000141E-03  4.979074463E+00 
        28  1.937407255E-02 -1.937407441E-02  6.562000141E-03  4.979753878E+00 
        29  1.930207387E-02 -1.930207387E-02  6.562000141E-03  4.931777802E+00 
        30  2.038207278E-02 -2.038207278E-02  6.562000141E-03  4.775346133E+00 
        31  2.045407332E-02 -2.045407332E-02  6.562000141E-03  4.726557870E+00 
        32  2.052607387E-02 -2.052607387E-02  6.562000141E-03  4.688311709E+00 
        33  2.059807256E-02 -2.059807256E-02  6.562000141E-03  4.640233131E+00 
        34  2.067007311E-02 -2.067007311E-02  6.562000141E-03  4.600696174E+00 
        35  2.074207366E-02 -2.074207366E-02  6.562000141E-03  4.546866341E+00 
        36  2.081407420E-02 -2.081407420E-02  6.562000141E-03  4.488305194E+00 
        37  2.088592015E-02 -2.088592015E-02  6.562000141E-03  4.383834940E+00 
        38  2.093681321E-02 -2.093681321E-02  6.562000141E-03  4.253892088E+00 
        39  2.101955935E-02 -2.101955935E-02  6.562000141E-03  4.046955643E+00 
        40  2.107902244E-02 -2.107902244E-02  6.562000606E-03  3.814387557E+00 
        41  2.110386454E-02 -2.110386454E-02  6.562000606E-03  3.495610511E+00 
        42  2.112595551E-02 -2.112595551E-02  6.562000606E-03  3.120372220E+00 
        43  2.114437334E-02 -2.114437334E-02  6.562000606E-03  2.680313104E+00 
        44  2.115972713E-02 -2.115972713E-02  6.562000606E-03  2.214618511E+00 
        45  2.117252536E-02 -2.117252536E-02  6.562000141E-03  1.753750670E+00 
        46  2.118319459E-02 -2.118319459E-02  6.562000141E-03  1.324692489E+00 
        47  2.119208500E-02 -2.119208500E-02  6.562000141E-03  9.467831835E-01 
        48  2.119949646E-02 -2.119949646E-02  6.562000141E-03  6.229919175E-01 
        49  2.120567486E-02 -2.120567486E-02  6.562000141E-03  3.483580674E-01 
        50  2.121082321E-02 -2.121082321E-02  6.562000141E-03  1.163389806E-01 
        51  1.368749421E-02 -1.368750352E-02  6.562000141E-03  4.704870470E+00 
        52  1.381249446E-02 -1.381250285E-02  6.562000141E-03  4.753803006E+00 
        53  1.393749379E-02 -1.393750310E-02  6.562000141E-03  4.806562243E+00 
        54  4.062494729E-03 -4.062502645E-03  6.562000141E-03  7.350329425E-01 
        55  4.187494516E-03 -4.187502433E-03  6.562000141E-03  7.324699916E-01 
        56  4.312494770E-03 -4.312502686E-03  6.562000141E-03  7.306999086E-01 
        57  4.437494557E-03 -4.437502474E-03  6.562000141E-03  7.288263957E-01 
        58  4.562494345E-03 -4.562502727E-03  6.562000141E-03  7.263580948E-01 
        59  4.687494598E-03 -4.687502515E-03  6.562000141E-03  7.231465535E-01 
        60  4.812494386E-03 -4.812502768E-03  6.562000141E-03  7.192464253E-01 
        61  4.937494639E-03 -4.937502556E-03  6.562000141E-03  7.147024937E-01 
        62  5.062494427E-03 -5.062502343E-03  6.562000141E-03  7.092561454E-01 
        63  5.187494680E-03 -5.187502597E-03  6.562000141E-03  7.020088054E-01 
        64  5.312494468E-03 -5.312502384E-03  6.562000141E-03  6.913072947E-01 
        65  5.437494721E-03 -5.437502638E-03  6.562000141E-03  6.746847382E-01 
        66  5.562494509E-03 -5.562502425E-03  6.562000141E-03  6.493091401E-01 
        67  5.687494297E-03 -5.687502678E-03  6.562000141E-03  6.155560934E-01 
        68  5.812494550E-03 -5.812502466E-03  6.562000141E-03  5.815176793E-01 
        69  5.937494338E-03 -5.937502719E-03  6.562000141E-03  5.656891390E-01 
        70  6.062494591E-03 -6.062502507E-03  6.562000141E-03  5.859532979E-01 
        71  6.187494379E-03 -6.187502760E-03  6.562000141E-03  6.316686864E-01 
        72  6.312494632E-03 -6.312502548E-03  6.562000141E-03  6.541048708E-01 
        73  6.437494420E-03 -6.437502801E-03  6.562000141E-03  6.225837395E-01 
        74  6.562494207E-03 -6.562502589E-03  6.562000141E-03  6.613337428E-01 
        75  6.687494460E-03 -6.687502842E-03  6.562000141E-03  8.085474368E-01 
        76  6.812494248E-03 -6.812502630E-03  6.562000141E-03  9.470653452E-01 
        77  6.937494501E-03 -6.937502883E-03  6.562000141E-03  1.078207277E+00 
        78  7.062494289E-03 -7.062502671E-03  6.562000141E-03  1.252183571E+00 
        79  7.187494542E-03 -7.187502924E-03  6.562000141E-03  1.481429748E+00 
        80  7.312494330E-03 -7.312502712E-03  6.562000141E-03  1.734746604E+00 
        81  7.437494583E-03 -7.437502500E-03  6.562000141E-03  1.969664839E+00 
        82  7.562494371E-03 -7.562502753E-03  6.562000141E-03  2.163897978E+00 
        83  7.687494159E-03 -7.687502541E-03  6.562000141E-03  2.312603801E+00 
        84  7.812494412E-03 -7.812502794E-03  6.562000141E-03  2.416674833E+00 
        85  7.937494665E-03 -7.937503047E-03  6.562000141E-03  2.487413012E+00 
        86  8.062493987E-03 -8.062502369E-03  6.562000141E-03  2.548257566E+00 
        87  8.187494241E-03 -8.187502623E-03  6.562000141E-03  2.612946839E+00 
        88  8.312494494E-03 -8.312502876E-03  6.562000141E-03  2.681795837E+00 
        89  8.437494747E-03 -8.437503129E-03  6.562000141E-03  2.749429461E+00 
        90  8.562494069E-03 -8.562502451E-03  6.562000141E-03  2.807951116E+00 
        91  8.687494323E-03 -8.687502705E-03  6.562000141E-03  2.849395088E+00 
        92  8.812494576E-03 -8.812502958E-03  6.562000141E-03  2.873321643E+00 
        93  8.937493898E-03 -8.937503211E-03  6.562000141E-03  2.890009021E+00 
        94  9.062494151E-03 -9.062502533E-03  6.562000141E-03  2.906645959E+00 
        95  9.187494405E-03 -9.187502787E-03  6.562000141E-03  2.924658921E+00 
        96  9.312494658E-03 -9.312503040E-03  6.562000141E-03  2.943712758E+00 
        97  9.437493980E-03 -9.437503293E-03  6.562000141E-03  2.963739943E+00 
        98  9.562494233E-03 -9.562502615E-03  6.562000141E-03  2.985150095E+00 
        99  9.687494487E-03 -9.687502868E-03  6.562000141E-03  3.009132464E+00 
       100  9.812493809E-03 -9.812503122E-03  6.562000141E-03  3.037785910E+00 
       101  9.937494062E-03 -9.937502444E-03  6.562000141E-03  3.073676478E+00 
       102  1.356249396E-02 -1.356250327E-02  6.562000141E-03  4.658873124E+00 
       103  1.343749370E-02 -1.343750302E-02  6.562000141E-03  4.614575000E+00 
       104  1.331249438E-02 -1.331250276E-02  6.562000141E-03  4.570926084E+00 
       105  1.318749413E-02 -1.318750344E-02  6.562000141E-03  4.526438363E+00 
       106  1.306249388E-02 -1.306250319E-02  6.562000141E-03  4.479069927E+00 
       107  1.293749362E-02 -1.293750294E-02  6.562000141E-03  4.426652460E+00 
       108  1.281249430E-02 -1.281250268E-02  6.562000141E-03  4.367229254E+00 
       109  1.268749405E-02 -1.268750336E-02  6.562000141E-03  4.299590900E+00 
       110  1.256249379E-02 -1.256250311E-02  6.562000141E-03  4.223894960E+00 
       111  1.243749447E-02 -1.243750285E-02  6.562000141E-03  4.142015323E+00 
       112  1.231249422E-02 -1.231250260E-02  6.562000141E-03  4.057483164E+00 
       113  1.218749397E-02 -1.218750328E-02  6.562000141E-03  3.974778606E+00 
       114  1.206249371E-02 -1.206250302E-02  6.562000141E-03  3.898096273E+00 
       115  1.193749439E-02 -1.193750277E-02  6.562000141E-03  3.830063639E+00 
       116  1.181249414E-02 -1.181250345E-02  6.562000141E-03  3.771146129E+00 
       117  1.168749388E-02 -1.168750320E-02  6.562000141E-03  3.720082597E+00 
       118  1.156249456E-02 -1.156250294E-02  6.562000141E-03  3.674871995E+00 
       119  1.143749431E-02 -1.143750269E-02  6.562000141E-03  3.633592062E+00 
       120  1.131249405E-02 -1.131250337E-02  6.562000141E-03  3.594743910E+00 
       121  1.118749380E-02 -1.118750311E-02  6.562000141E-03  3.557219830E+00 
       122  1.106249448E-02 -1.106250286E-02  6.562000141E-03  3.520048940E+00 
       123  1.093749423E-02 -1.093750261E-02  6.562000141E-03  3.482072978E+00 
       124  1.081249397E-02 -1.081250329E-02  6.562000141E-03  3.441716202E+00 
       125  1.068749465E-02 -1.068750303E-02  6.562000141E-03  3.397127430E+00 
       126  1.056249440E-02 -1.056250278E-02  6.562000141E-03  3.346922532E+00 
       127  1.043749414E-02 -1.043750253E-02  6.562000141E-03  3.291035216E+00 
       128  1.031249389E-02 -1.031250320E-02  6.562000141E-03  3.231414476E+00 
       129  1.018749457E-02 -1.018750295E-02  6.562000141E-03  3.172315130E+00 
       130  1.006249432E-02 -1.006250270E-02  6.562000141E-03  3.118649716E+00 
       131  1.806249283E-02 -1.806250401E-02  6.562000141E-03  4.980693255E+00 
       132  1.793749444E-02 -1.793750376E-02  6.562000141E-03  5.050635771E+00 
       133  1.781249419E-02 -1.781250350E-02  6.562000141E-03  5.128036544E+00 
       134  1.768749394E-02 -1.768750325E-02  6.562000141E-03  5.207235550E+00 
       135  1.756249368E-02 -1.756250300E-02  6.562000141E-03  5.284344035E+00 
       136  1.743749343E-02 -1.743750274E-02  6.562000141E-03  5.357235632E+00 
       137  1.731249318E-02 -1.731250249E-02  6.562000141E-03  5.424866961E+00 
       138  1.718749292E-02 -1.718750224E-02  6.562000141E-03  5.486920298E+00 
       139  1.706249267E-02 -1.706250384E-02  6.562000141E-03  5.543706920E+00 
       140  1.693749428E-02 -1.693750359E-02  6.562000141E-03  5.596066953E+00 
       141  1.681249402E-02 -1.681250334E-02  6.562000141E-03  5.645321586E+00 
       142  1.668749377E-02 -1.668750308E-02  6.562000141E-03  5.692970949E+00 
       143  1.656249352E-02 -1.656250283E-02  6.562000141E-03  5.740539961E+00 
       144  1.643749326E-02 -1.643750258E-02  6.562000141E-03  5.788905290E+00 
       145  1.631249301E-02 -1.631250232E-02  6.562000141E-03  5.837641919E+00 
       146  1.618749276E-02 -1.618750207E-02  6.562000141E-03  5.883487955E+00 
       147  1.606249437E-02 -1.606250368E-02  6.562000141E-03  5.918932712E+00 
       148  1.593749411E-02 -1.593750343E-02  6.562000141E-03  5.932838218E+00 
       149  1.581249386E-02 -1.581250317E-02  6.562000141E-03  5.914222907E+00 
       150  1.568749361E-02 -1.568750292E-02  6.562000141E-03  5.863898196E+00 
       151  1.556249429E-02 -1.556250360E-02  6.562000141E-03  5.795820801E+00 
       152  1.543749403E-02 -1.543750335E-02  6.562000141E-03  5.730753985E+00 
       153  1.531249378E-02 -1.531250309E-02  6.562000141E-03  5.682129863E+00 
       154  1.518749353E-02 -1.518750284E-02  6.562000141E-03  5.646579463E+00 
       155  1.506249420E-02 -1.506250352E-02  6.562000141E-03  5.608560999E+00 
       156  1.493749395E-02 -1.493750326E-02  6.562000141E-03  5.550210975E+00 
       157  1.481249370E-02 -1.481250301E-02  6.562000141E-03  5.452553008E+00 
       158  1.468749437E-02 -1.468750276E-02  6.562000141E-03  5.308315818E+00 
       159  1.456249412E-02 -1.456250343E-02  6.562000141E-03  5.170918889E+00 
       160  1.443749387E-02 -1.443750318E-02  6.562000141E-03  5.069490883E+00 
       161  1.431249361E-02 -1.431250293E-02  6.562000141E-03  4.992161098E+00 
       162  1.418749429E-02 -1.418750267E-02  6.562000141E-03  4.925039430E+00 
       163  1.406249404E-02 -1.406250335E-02  6.562000141E-03  4.863528720E+00 
       164  1.895638742E-02 -1.895638742E-02  6.562000141E-03  4.832616616E+00 
       165  1.889956929E-02 -1.889956929E-02  6.562000141E-03  4.848318341E+00 
       166  1.880222000E-02 -1.880222373E-02  6.562000141E-03  4.830849569E+00 
       167  1.868749410E-02 -1.868750341E-02  6.562000141E-03  4.827922878E+00 
       168  1.856249385E-02 -1.856250316E-02  6.562000141E-03  4.835924842E+00 
       169  1.843749359E-02 -1.843750291E-02  6.562000141E-03  4.853199743E+00 
       170  1.831249334E-02 -1.831250265E-02  6.562000141E-03  4.881498099E+00 
       171  1.818749309E-02 -1.818750240E-02  6.562000141E-03  4.923609073E+00 
       172  2.830386627E-03 -2.830386627E-03  6.562000606E-03  1.048955927E+00 
       173  2.835483057E-03 -2.835483057E-03  6.562001072E-03  1.054905988E+00 
       174  2.841603942E-03 -2.841603942E-03  6.562000606E-03  1.062162537E+00 
       175  2.848956967E-03 -2.848956967E-03  6.562000141E-03  1.070834227E+00 
       176  2.857792191E-03 -2.857792191E-03  6.562000141E-03  1.080875173E+00 
       177  2.868410433E-03 -2.868410433E-03  6.562000141E-03  1.091896570E+00 
       178  2.881176071E-03 -2.881176071E-03  6.562000606E-03  1.102890791E+00 
       179  2.896528691E-03 -2.896528691E-03  6.562000606E-03  1.111833385E+00 
       180  2.915001474E-03 -2.915001474E-03  6.562000141E-03  1.115533163E+00 
