cellnumber     x-coordinate     y-coordinate     z-coordinate velocity-magnitude 
         1  2.830350772E-03 -2.830350772E-03  6.562000606E-03  1.043576622E+00 
         2  2.835454186E-03 -2.835454186E-03  6.562000141E-03  1.038979481E+00 
         3  2.841583686E-03 -2.841583686E-03  6.562000606E-03  1.033904593E+00 
         4  2.848947188E-03 -2.848947188E-03  6.562000606E-03  1.028309026E+00 
         5  2.857794985E-03 -2.857794985E-03  6.562000141E-03  1.022103458E+00 
         6  2.868429059E-03 -2.868429059E-03  6.562000141E-03  1.015090408E+00 
         7  2.881214023E-03 -2.881214023E-03  6.562000141E-03  1.006920089E+00 
         8  2.896590624E-03 -2.896590624E-03  6.562000606E-03  9.969899997E-01 
         9  7.812497672E-03 -7.812495343E-03  6.562000141E-03  2.512174433E+00 
        10  7.937497459E-03 -7.937495597E-03  6.562000141E-03  2.524752890E+00 
        11  8.062497713E-03 -8.062494919E-03  6.562000141E-03  2.480186947E+00 
        12  8.187497035E-03 -8.187495172E-03  6.562000141E-03  2.401974812E+00 
        13  8.312497288E-03 -8.312495425E-03  6.562000141E-03  2.315977031E+00 
        14  8.437497541E-03 -8.437495679E-03  6.562000141E-03  2.249905214E+00 
        15  8.562497795E-03 -8.562495001E-03  6.562000141E-03  2.207182322E+00 
        16  8.687497117E-03 -8.687495254E-03  6.562000141E-03  2.175963443E+00 
        17  8.812497370E-03 -8.812495507E-03  6.562000141E-03  2.160253443E+00 
        18  8.937497623E-03 -8.937495761E-03  6.562000141E-03  2.185462860E+00 
        19  9.062497877E-03 -9.062495083E-03  6.562000141E-03  2.325449096E+00 
        20  9.187497199E-03 -9.187495336E-03  6.562000141E-03  2.578419682E+00 
        21  9.312497452E-03 -9.312495589E-03  6.562000141E-03  2.822072220E+00 
        22  9.437497705E-03 -9.437495843E-03  6.562000141E-03  2.964750468E+00 
        23  9.562497027E-03 -9.562495165E-03  6.562000141E-03  3.038261935E+00 
        24  9.687497281E-03 -9.687495418E-03  6.562000141E-03  3.087445066E+00 
        25  9.812497534E-03 -9.812495671E-03  6.562000141E-03  3.127094950E+00 
        26  9.937497787E-03 -9.937494993E-03  6.562000141E-03  3.161487712E+00 
        27  1.006249711E-02 -1.006249525E-02  6.562000141E-03  3.192785134E+00 
        28  1.018749736E-02 -1.018749550E-02  6.562000141E-03  3.222557664E+00 
        29  1.031249762E-02 -1.031249575E-02  6.562000141E-03  3.252016323E+00 
        30  1.043749694E-02 -1.043749508E-02  6.562000141E-03  3.282037079E+00 
        31  1.056249719E-02 -1.056249533E-02  6.562000141E-03  3.313153535E+00 
        32  1.068749744E-02 -1.068749558E-02  6.562000141E-03  3.345552179E+00 
        33  1.081249770E-02 -1.081249584E-02  6.562000141E-03  3.379095222E+00 
        34  1.093749702E-02 -1.093749516E-02  6.562000141E-03  3.413387534E+00 
        35  1.106249727E-02 -1.106249541E-02  6.562000141E-03  3.447885792E+00 
        36  1.118749753E-02 -1.118749566E-02  6.562000141E-03  3.482048619E+00 
        37  1.131249778E-02 -1.131249592E-02  6.562000141E-03  3.515471584E+00 
        38  1.143749710E-02 -1.143749524E-02  6.562000141E-03  3.547976221E+00 
        39  1.156249736E-02 -1.156249549E-02  6.562000141E-03  3.579654058E+00 
        40  1.168749761E-02 -1.168749575E-02  6.562000141E-03  3.610843492E+00 
        41  1.181249693E-02 -1.181249507E-02  6.562000141E-03  3.642109802E+00 
        42  1.193749718E-02 -1.193749532E-02  6.562000141E-03  3.674158078E+00 
        43  1.206249744E-02 -1.206249557E-02  6.562000141E-03  3.707742459E+00 
        44  1.218749769E-02 -1.218749583E-02  6.562000141E-03  3.743582295E+00 
        45  1.231249701E-02 -1.231249515E-02  6.562000141E-03  3.782285844E+00 
        46  1.243749727E-02 -1.243749540E-02  6.562000141E-03  3.824322452E+00 
        47  1.256249752E-02 -1.256249566E-02  6.562000141E-03  3.870066552E+00 
        48  1.268749684E-02 -1.268749591E-02  6.562000141E-03  3.919921780E+00 
        49  1.281249709E-02 -1.281249523E-02  6.562000141E-03  3.974454785E+00 
        50  1.293749735E-02 -1.293749548E-02  6.562000141E-03  4.034508860E+00 
        51  1.306249760E-02 -1.306249574E-02  6.562000141E-03  4.100942021E+00 
        52  1.318749692E-02 -1.318749599E-02  6.562000141E-03  4.173866696E+00 
        53  1.331249718E-02 -1.331249531E-02  6.562000141E-03  4.252194967E+00 
        54  1.343749743E-02 -1.343749557E-02  6.562000141E-03  4.330672477E+00 
        55  1.356249675E-02 -1.356249582E-02  6.562000141E-03  4.404772552E+00 
        56  1.368749700E-02 -1.368749607E-02  6.562000141E-03  4.472758610E+00 
        57  1.381249726E-02 -1.381249540E-02  6.562000141E-03  4.534732833E+00 
        58  1.393749751E-02 -1.393749565E-02  6.562000141E-03  4.591837995E+00 
        59  1.406249683E-02 -1.406249590E-02  6.562000141E-03  4.645389545E+00 
        60  1.418749709E-02 -1.418749522E-02  6.562000141E-03  4.696462786E+00 
        61  1.431249734E-02 -1.431249548E-02  6.562000141E-03  4.745842405E+00 
        62  1.443749759E-02 -1.443749573E-02  6.562000141E-03  4.794095233E+00 
        63  1.456249692E-02 -1.456249598E-02  6.562000141E-03  4.841643238E+00 
        64  1.468749717E-02 -1.468749531E-02  6.562000141E-03  4.888831917E+00 
        65  1.481249742E-02 -1.481249556E-02  6.562000141E-03  4.935985910E+00 
        66  1.493749674E-02 -1.493749581E-02  6.562000141E-03  4.983480595E+00 
        67  1.506249700E-02 -1.506249607E-02  6.562000141E-03  5.031813258E+00 
        68  1.518749725E-02 -1.518749539E-02  6.562000141E-03  5.081319803E+00 
        69  1.531249750E-02 -1.531249564E-02  6.562000141E-03  5.131918783E+00 
        70  1.543749683E-02 -1.543749589E-02  6.562000141E-03  5.183910664E+00 
        71  1.556249708E-02 -1.556249615E-02  6.562000141E-03  5.239031108E+00 
        72  1.568749733E-02 -1.568749547E-02  6.562000141E-03  5.300089130E+00 
        73  1.581249759E-02 -1.581249572E-02  6.562000141E-03  5.370573422E+00 
        74  1.593749598E-02 -1.593749598E-02  6.562000141E-03  5.450719797E+00 
        75  1.606249623E-02 -1.606249623E-02  6.562000141E-03  5.529891050E+00 
        76  1.895096339E-02 -1.895096339E-02  6.562000606E-03  5.352771374E+00 
        77  1.890101843E-02 -1.890101843E-02  6.562000141E-03  5.337682598E+00 
        78  1.880909875E-02 -1.880909875E-02  6.562000141E-03  5.359159338E+00 
        79  1.868749596E-02 -1.868749596E-02  6.562000141E-03  5.386804312E+00 
        80  1.856249571E-02 -1.856249571E-02  6.562000141E-03  5.423377613E+00 
        81  1.843749732E-02 -1.843749546E-02  6.562000141E-03  5.462903897E+00 
        82  1.831249706E-02 -1.831249520E-02  6.562000141E-03  5.503080656E+00 
        83  1.818749681E-02 -1.818749495E-02  6.562000141E-03  5.540193471E+00 
        84  1.806249656E-02 -1.806249656E-02  6.562000141E-03  5.571620156E+00 
        85  1.793749630E-02 -1.793749630E-02  6.562000141E-03  5.598304409E+00 
        86  1.781249605E-02 -1.781249605E-02  6.562000141E-03  5.617323882E+00 
        87  1.768749580E-02 -1.768749580E-02  6.562000141E-03  5.626268190E+00 
        88  1.756249741E-02 -1.756249554E-02  6.562000141E-03  5.626078547E+00 
        89  1.743749715E-02 -1.743749529E-02  6.562000141E-03  5.622367155E+00 
        90  1.731249690E-02 -1.731249504E-02  6.562000141E-03  5.622918358E+00 
        91  1.718749665E-02 -1.718749478E-02  6.562000141E-03  5.631049711E+00 
        92  1.706249639E-02 -1.706249639E-02  6.562000141E-03  5.643115375E+00 
        93  1.693749614E-02 -1.693749614E-02  6.562000141E-03  5.652987318E+00 
        94  1.681249589E-02 -1.681249589E-02  6.562000141E-03  5.657888840E+00 
        95  1.668749750E-02 -1.668749563E-02  6.562000141E-03  5.659035471E+00 
        96  1.656249724E-02 -1.656249538E-02  6.562000141E-03  5.657517745E+00 
        97  1.643749699E-02 -1.643749513E-02  6.562000141E-03  5.651536924E+00 
        98  1.631249674E-02 -1.631249487E-02  6.562000141E-03  5.632578386E+00 
        99  1.618749648E-02 -1.618749462E-02  6.562000141E-03  5.592671088E+00 
       100  1.899245940E-02 -1.899245940E-02  6.562000606E-03  5.305370295E+00 
       101  1.905349456E-02 -1.905349456E-02  6.562000606E-03  5.333548591E+00 
       102  1.914011873E-02 -1.914011873E-02  6.562000141E-03  5.305431154E+00 
       103  1.923859492E-02 -1.923859492E-02  6.562000141E-03  5.314662649E+00 
       104  2.031007409E-02 -2.031007409E-02  6.562000141E-03  4.744592817E+00 
       105  2.023807354E-02 -2.023807354E-02  6.562000141E-03  4.825740612E+00 
       106  2.016607299E-02 -2.016607299E-02  6.562000141E-03  4.891601189E+00 
       107  2.009407431E-02 -2.009407431E-02  6.562000141E-03  4.939652350E+00 
       108  2.002207376E-02 -2.002207376E-02  6.562000141E-03  4.983323789E+00 
       109  1.995007321E-02 -1.995007321E-02  6.562000141E-03  5.020087175E+00 
       110  1.987807266E-02 -1.987807266E-02  6.562000141E-03  5.058613222E+00 
       111  1.980607398E-02 -1.980607398E-02  6.562000141E-03  5.092880705E+00 
       112  1.973407343E-02 -1.973407343E-02  6.562000141E-03  5.130520743E+00 
       113  1.966207288E-02 -1.966207288E-02  6.562000141E-03  5.161235295E+00 
       114  1.959007233E-02 -1.959007233E-02  6.562000141E-03  5.196793823E+00 
       115  1.951807365E-02 -1.951807365E-02  6.562000141E-03  5.222268112E+00 
       116  1.944607310E-02 -1.944607310E-02  6.562000141E-03  5.254771671E+00 
       117  1.937407255E-02 -1.937407441E-02  6.562000141E-03  5.274122284E+00 
       118  1.930207387E-02 -1.930207387E-02  6.562000141E-03  5.302883497E+00 
       119  2.038207278E-02 -2.038207278E-02  6.562000141E-03  4.634737004E+00 
       120  2.045407332E-02 -2.045407332E-02  6.562000141E-03  4.507642031E+00 
       121  2.052607387E-02 -2.052607387E-02  6.562000141E-03  4.361627164E+00 
       122  2.059807256E-02 -2.059807256E-02  6.562000141E-03  4.223082517E+00 
       123  2.067007311E-02 -2.067007311E-02  6.562000141E-03  4.093200342E+00 
       124  2.074207366E-02 -2.074207366E-02  6.562000141E-03  4.002796761E+00 
       125  2.081407420E-02 -2.081407420E-02  6.562000141E-03  3.917705130E+00 
       126  2.088592015E-02 -2.088592015E-02  6.562000141E-03  3.867519262E+00 
       127  2.093681321E-02 -2.093681321E-02  6.562000141E-03  3.790656694E+00 
       128  2.101955935E-02 -2.101955935E-02  6.562000141E-03  3.677623243E+00 
       129  2.107902244E-02 -2.107902244E-02  6.562000606E-03  3.514499903E+00 
       130  2.110386454E-02 -2.110386454E-02  6.562000606E-03  3.277543517E+00 
       131  2.112595551E-02 -2.112595551E-02  6.562000606E-03  2.985048241E+00 
       132  2.114437334E-02 -2.114437334E-02  6.562000606E-03  2.618029218E+00 
       133  2.115972713E-02 -2.115972713E-02  6.562000606E-03  2.200208242E+00 
       134  2.117252536E-02 -2.117252536E-02  6.562000141E-03  1.764155260E+00 
       135  2.118319459E-02 -2.118319459E-02  6.562000141E-03  1.344209506E+00 
       136  2.119208500E-02 -2.119208500E-02  6.562000141E-03  9.648510319E-01 
       137  2.119949646E-02 -2.119949646E-02  6.562000141E-03  6.351725613E-01 
       138  2.120567486E-02 -2.120567486E-02  6.562000141E-03  3.543968831E-01 
       139  2.121082321E-02 -2.121082321E-02  6.562000141E-03  1.178259472E-01 
       140  2.915092744E-03 -2.915092744E-03  6.562000606E-03  9.845609101E-01 
       141  2.937367884E-03 -2.937367884E-03  6.561999675E-03  9.686331894E-01 
       142  2.973292954E-03 -2.973292954E-03  6.562000141E-03  9.433553636E-01 
       143  3.061023075E-03 -3.061021678E-03  6.562000606E-03  9.088518885E-01 
       144  3.187497612E-03 -3.187494818E-03  6.562000141E-03  8.940591659E-01 
       145  3.312497633E-03 -3.312494839E-03  6.562000141E-03  9.004100553E-01 
       146  3.437497653E-03 -3.437494859E-03  6.562000141E-03  9.005719913E-01 
       147  3.562497674E-03 -3.562494880E-03  6.562000141E-03  8.882348785E-01 
       148  3.687497694E-03 -3.687494900E-03  6.562000141E-03  8.675075455E-01 
       149  3.812497715E-03 -3.812494921E-03  6.562000141E-03  8.439187807E-01 
       150  3.937497735E-03 -3.937494941E-03  6.562000141E-03  8.208405426E-01 
       151  4.062497523E-03 -4.062495194E-03  6.562000141E-03  7.992516373E-01 
       152  4.187497776E-03 -4.187494982E-03  6.562000141E-03  7.787617052E-01 
       153  4.312497564E-03 -4.312495235E-03  6.562000141E-03  7.586777145E-01 
       154  4.437497817E-03 -4.437495023E-03  6.562000141E-03  7.385756360E-01 
       155  4.562497605E-03 -4.562495276E-03  6.562000141E-03  7.183401731E-01 
       156  4.687497858E-03 -4.687495064E-03  6.562000141E-03  6.982309640E-01 
       157  4.812497646E-03 -4.812495317E-03  6.562000141E-03  6.788470136E-01 
       158  4.937497433E-03 -4.937495105E-03  6.562000141E-03  6.610591076E-01 
       159  5.062497687E-03 -5.062494893E-03  6.562000141E-03  6.459313970E-01 
       160  5.187497474E-03 -5.187495146E-03  6.562000141E-03  6.346648496E-01 
       161  5.312497728E-03 -5.312494934E-03  6.562000141E-03  6.283117919E-01 
       162  5.437497515E-03 -5.437495187E-03  6.562000141E-03  6.271606073E-01 
       163  5.562497769E-03 -5.562494975E-03  6.562000141E-03  6.298583115E-01 
       164  5.687497556E-03 -5.687495228E-03  6.562000141E-03  6.332706811E-01 
       165  5.812497810E-03 -5.812495016E-03  6.562000141E-03  6.361374832E-01 
       166  5.937497597E-03 -5.937495269E-03  6.562000141E-03  6.477316825E-01 
       167  6.062497385E-03 -6.062495057E-03  6.562000141E-03  6.807740285E-01 
       168  6.187497638E-03 -6.187495310E-03  6.562000141E-03  7.204338403E-01 
       169  6.312497426E-03 -6.312495098E-03  6.562000141E-03  7.262083404E-01 
       170  6.437497679E-03 -6.437495351E-03  6.562000141E-03  6.562697318E-01 
       171  6.562497467E-03 -6.562495138E-03  6.562000141E-03  5.589741386E-01 
       172  6.687497720E-03 -6.687495392E-03  6.562000141E-03  6.374079169E-01 
       173  6.812497508E-03 -6.812495179E-03  6.562000141E-03  8.392474911E-01 
       174  6.937497761E-03 -6.937495433E-03  6.562000141E-03  1.059908489E+00 
       175  7.062497549E-03 -7.062495220E-03  6.562000141E-03  1.297739619E+00 
       176  7.187497336E-03 -7.187495474E-03  6.562000141E-03  1.564180542E+00 
       177  7.312497590E-03 -7.312495261E-03  6.562000141E-03  1.839931509E+00 
       178  7.437497377E-03 -7.437495049E-03  6.562000141E-03  2.084195892E+00 
       179  7.562497631E-03 -7.562495302E-03  6.562000141E-03  2.275650232E+00 
       180  7.687497418E-03 -7.687495090E-03  6.562000141E-03  2.424551494E+00 
