cellnumber     x-coordinate     y-coordinate     z-coordinate velocity-magnitude 
         1  1.899245940E-02 -1.899245940E-02  6.562000606E-03  5.221112411E+00 
         2  1.905349456E-02 -1.905349456E-02  6.562000606E-03  5.151659488E+00 
         3  1.914011873E-02 -1.914011873E-02  6.562000141E-03  5.137591196E+00 
         4  1.923859492E-02 -1.923859492E-02  6.562000141E-03  5.085138946E+00 
         5  2.031007409E-02 -2.031007409E-02  6.562000141E-03  4.508369780E+00 
         6  2.023807354E-02 -2.023807354E-02  6.562000141E-03  4.531323259E+00 
         7  2.016607299E-02 -2.016607299E-02  6.562000141E-03  4.575196925E+00 
         8  2.009407431E-02 -2.009407431E-02  6.562000141E-03  4.608101358E+00 
         9  2.002207376E-02 -2.002207376E-02  6.562000141E-03  4.667142423E+00 
        10  1.995007321E-02 -1.995007321E-02  6.562000141E-03  4.701161888E+00 
        11  1.987807266E-02 -1.987807266E-02  6.562000141E-03  4.758493882E+00 
        12  1.980607398E-02 -1.980607398E-02  6.562000141E-03  4.785506188E+00 
        13  1.973407343E-02 -1.973407343E-02  6.562000141E-03  4.833182175E+00 
        14  1.966207288E-02 -1.966207288E-02  6.562000141E-03  4.856516312E+00 
        15  1.959007233E-02 -1.959007233E-02  6.562000141E-03  4.898509991E+00 
        16  1.951807365E-02 -1.951807365E-02  6.562000141E-03  4.926568793E+00 
        17  1.944607310E-02 -1.944607310E-02  6.562000141E-03  4.966977525E+00 
        18  1.937407255E-02 -1.937407441E-02  6.562000141E-03  5.005009813E+00 
        19  1.930207387E-02 -1.930207387E-02  6.562000141E-03  5.041557988E+00 
        20  2.038207278E-02 -2.038207278E-02  6.562000141E-03  4.482346659E+00 
        21  2.045407332E-02 -2.045407332E-02  6.562000141E-03  4.462153300E+00 
        22  2.052607387E-02 -2.052607387E-02  6.562000141E-03  4.433265542E+00 
        23  2.059807256E-02 -2.059807256E-02  6.562000141E-03  4.396390917E+00 
        24  2.067007311E-02 -2.067007311E-02  6.562000141E-03  4.341231475E+00 
        25  2.074207366E-02 -2.074207366E-02  6.562000141E-03  4.274592867E+00 
        26  2.081407420E-02 -2.081407420E-02  6.562000141E-03  4.184649490E+00 
        27  2.088592015E-02 -2.088592015E-02  6.562000141E-03  4.081000932E+00 
        28  2.093681321E-02 -2.093681321E-02  6.562000141E-03  3.961175105E+00 
        29  2.101955935E-02 -2.101955935E-02  6.562000141E-03  3.806232006E+00 
        30  2.107902244E-02 -2.107902244E-02  6.562000606E-03  3.665973257E+00 
        31  2.110386454E-02 -2.110386454E-02  6.562000606E-03  3.526486408E+00 
        32  2.112595551E-02 -2.112595551E-02  6.562000606E-03  3.337044608E+00 
        33  2.114437334E-02 -2.114437334E-02  6.562000606E-03  3.047627430E+00 
        34  2.115972713E-02 -2.115972713E-02  6.562000606E-03  2.655333878E+00 
        35  2.117252536E-02 -2.117252536E-02  6.562000141E-03  2.188066757E+00 
        36  2.118319459E-02 -2.118319459E-02  6.562000141E-03  1.693933247E+00 
        37  2.119208500E-02 -2.119208500E-02  6.562000141E-03  1.223848216E+00 
        38  2.119949646E-02 -2.119949646E-02  6.562000141E-03  8.068804670E-01 
        39  2.120567486E-02 -2.120567486E-02  6.562000141E-03  4.499203254E-01 
        40  2.121082321E-02 -2.121082321E-02  6.562000141E-03  1.493434627E-01 
        41  1.843750477E-02 -1.843749918E-02  6.562000141E-03  5.070213482E+00 
        42  1.831250452E-02 -1.831249893E-02  6.562000141E-03  5.058789803E+00 
        43  1.818750426E-02 -1.818749867E-02  6.562000141E-03  5.055775481E+00 
        44  1.806250401E-02 -1.806249842E-02  6.562000141E-03  5.060652658E+00 
        45  1.793750376E-02 -1.793749817E-02  6.562000141E-03  5.073637790E+00 
        46  1.781250350E-02 -1.781249791E-02  6.562000141E-03  5.094797199E+00 
        47  1.768750511E-02 -1.768749766E-02  6.562000141E-03  5.123569992E+00 
        48  1.756250486E-02 -1.756249927E-02  6.562000141E-03  5.158782175E+00 
        49  1.743750460E-02 -1.743749902E-02  6.562000141E-03  5.198979393E+00 
        50  1.731250435E-02 -1.731249876E-02  6.562000141E-03  5.242946557E+00 
        51  1.718750410E-02 -1.718749851E-02  6.562000141E-03  5.290615117E+00 
        52  1.706250384E-02 -1.706249826E-02  6.562000141E-03  5.344281496E+00 
        53  1.693750359E-02 -1.693749800E-02  6.562000141E-03  5.409050789E+00 
        54  1.681250520E-02 -1.681249775E-02  6.562000141E-03  5.488930404E+00 
        55  1.668750495E-02 -1.668749750E-02  6.562000141E-03  5.578469323E+00 
        56  1.656250469E-02 -1.656249911E-02  6.562000141E-03  5.665206699E+00 
        57  1.643750444E-02 -1.643749885E-02  6.562000141E-03  5.737359921E+00 
        58  1.631250419E-02 -1.631249860E-02  6.562000141E-03  5.780515708E+00 
        59  1.618750393E-02 -1.618749835E-02  6.562000141E-03  5.783527721E+00 
        60  1.606250368E-02 -1.606249809E-02  6.562000141E-03  5.745591539E+00 
        61  1.593750529E-02 -1.593749784E-02  6.562000141E-03  5.677426222E+00 
        62  1.581250504E-02 -1.581249759E-02  6.562000141E-03  5.597400878E+00 
        63  1.568750478E-02 -1.568749920E-02  6.562000141E-03  5.524078844E+00 
        64  1.556250453E-02 -1.556249894E-02  6.562000141E-03  5.463835725E+00 
        65  1.543750521E-02 -1.543749869E-02  6.562000141E-03  5.410867942E+00 
        66  1.531250495E-02 -1.531249844E-02  6.562000141E-03  5.358689167E+00 
        67  1.518750470E-02 -1.518749818E-02  6.562000141E-03  5.304987766E+00 
        68  1.506250445E-02 -1.506249886E-02  6.562000141E-03  5.249996614E+00 
        69  1.493750513E-02 -1.493749861E-02  6.562000141E-03  5.194537600E+00 
        70  1.481250487E-02 -1.481249835E-02  6.562000141E-03  5.139187814E+00 
        71  1.468750462E-02 -1.468749903E-02  6.562000141E-03  5.084089369E+00 
        72  1.456250437E-02 -1.456249878E-02  6.562000141E-03  5.029109298E+00 
        73  1.443750504E-02 -1.443749852E-02  6.562000141E-03  4.974087220E+00 
        74  1.431250479E-02 -1.431249827E-02  6.562000141E-03  4.918944933E+00 
        75  1.418750454E-02 -1.418749895E-02  6.562000141E-03  4.863601736E+00 
        76  1.406250522E-02 -1.406249870E-02  6.562000141E-03  4.807999144E+00 
        77  1.393750496E-02 -1.393749844E-02  6.562000141E-03  4.752060784E+00 
        78  1.381250471E-02 -1.381249819E-02  6.562000141E-03  4.695602733E+00 
        79  1.368750446E-02 -1.368749887E-02  6.562000141E-03  4.638286557E+00 
        80  1.356250513E-02 -1.356249861E-02  6.562000141E-03  4.579647677E+00 
        81  1.343750488E-02 -1.343749836E-02  6.562000141E-03  4.519204407E+00 
        82  1.331250463E-02 -1.331249811E-02  6.562000141E-03  4.456654366E+00 
        83  1.318750530E-02 -1.318749879E-02  6.562000141E-03  4.392096970E+00 
        84  1.306250505E-02 -1.306249853E-02  6.562000141E-03  4.326140747E+00 
        85  1.293750480E-02 -1.293749828E-02  6.562000141E-03  4.259772473E+00 
        86  1.281250454E-02 -1.281249803E-02  6.562000141E-03  4.194059065E+00 
        87  1.268750522E-02 -1.268749870E-02  6.562000141E-03  4.129840993E+00 
        88  1.256250497E-02 -1.256249845E-02  6.562000141E-03  4.067610680E+00 
        89  1.243750472E-02 -1.243749820E-02  6.562000141E-03  4.007525629E+00 
        90  1.231250446E-02 -1.231249887E-02  6.562000141E-03  3.949506732E+00 
        91  1.218750514E-02 -1.218749862E-02  6.562000141E-03  3.893266373E+00 
        92  1.206250489E-02 -1.206249837E-02  6.562000141E-03  3.838437430E+00 
        93  1.193750463E-02 -1.193749812E-02  6.562000141E-03  3.784562712E+00 
        94  1.181250531E-02 -1.181249879E-02  6.562000141E-03  3.731236876E+00 
        95  1.168750506E-02 -1.168749854E-02  6.562000141E-03  3.678398620E+00 
        96  1.156250481E-02 -1.156249829E-02  6.562000141E-03  3.626817245E+00 
        97  1.143750455E-02 -1.143749803E-02  6.562000141E-03  3.577811938E+00 
        98  1.131250523E-02 -1.131249871E-02  6.562000141E-03  3.533132612E+00 
        99  1.118750498E-02 -1.118749846E-02  6.562000141E-03  3.494171348E+00 
       100  2.830355195E-03 -2.830355195E-03  6.562000606E-03  1.041445545E+00 
       101  2.835455118E-03 -2.835455118E-03  6.562000141E-03  1.032061802E+00 
       102  2.841580426E-03 -2.841580426E-03  6.562000141E-03  1.020626035E+00 
       103  2.848939039E-03 -2.848939039E-03  6.562000141E-03  1.006585926E+00 
       104  2.857780783E-03 -2.857780783E-03  6.562000141E-03  9.891977451E-01 
       105  2.868407406E-03 -2.868407406E-03  6.562000606E-03  9.674835286E-01 
       106  2.881183056E-03 -2.881183056E-03  6.562000141E-03  9.402317955E-01 
       107  2.896548016E-03 -2.896548016E-03  6.562000141E-03  9.062288710E-01 
       108  2.915036166E-03 -2.915036166E-03  6.562000606E-03  8.649361667E-01 
       109  2.937293379E-03 -2.937293379E-03  6.562000606E-03  8.186835001E-01 
       110  2.975319745E-03 -2.975319745E-03  6.562000606E-03  7.618429729E-01 
       111  3.059382550E-03 -3.059382550E-03  6.562000606E-03  7.296308840E-01 
       112  3.123705741E-03 -3.123705741E-03  6.562000141E-03  7.340838102E-01 
       113  3.189919051E-03 -3.189915325E-03  6.562000141E-03  7.549096682E-01 
       114  3.312505083E-03 -3.312497865E-03  6.562000141E-03  7.901022486E-01 
       115  3.437505104E-03 -3.437497886E-03  6.562000141E-03  8.002296096E-01 
       116  3.562505124E-03 -3.562497906E-03  6.562000141E-03  7.911132842E-01 
       117  3.687505145E-03 -3.687497927E-03  6.562000141E-03  7.718966314E-01 
       118  3.812505165E-03 -3.812497947E-03  6.562000141E-03  7.502546723E-01 
       119  3.937505186E-03 -3.937498201E-03  6.562000141E-03  7.307963029E-01 
       120  4.062505439E-03 -4.062497988E-03  6.562000141E-03  7.150577875E-01 
       121  4.187505227E-03 -4.187498242E-03  6.562000141E-03  7.027866162E-01 
       122  4.312505014E-03 -4.312498029E-03  6.562000141E-03  6.930526547E-01 
       123  4.437505268E-03 -4.437498283E-03  6.562000141E-03  6.848993409E-01 
       124  4.562505055E-03 -4.562498070E-03  6.562000141E-03  6.775934597E-01 
       125  4.687505309E-03 -4.687498324E-03  6.562000141E-03  6.707854757E-01 
       126  4.812505096E-03 -4.812498111E-03  6.562000141E-03  6.644856537E-01 
       127  4.937505350E-03 -4.937498365E-03  6.562000141E-03  6.587594026E-01 
       128  5.062505137E-03 -5.062498152E-03  6.562000141E-03  6.538299014E-01 
       129  5.187505390E-03 -5.187497940E-03  6.562000141E-03  6.500405251E-01 
       130  5.312505178E-03 -5.312498193E-03  6.562000141E-03  6.474712910E-01 
       131  5.437504966E-03 -5.437497981E-03  6.562000141E-03  6.446290146E-01 
       132  5.562505219E-03 -5.562498234E-03  6.562000141E-03  6.385658799E-01 
       133  5.687505007E-03 -5.687498022E-03  6.562000141E-03  6.259772898E-01 
       134  5.812505260E-03 -5.812498275E-03  6.562000141E-03  6.091491054E-01 
       135  5.937505048E-03 -5.937498063E-03  6.562000141E-03  6.005621797E-01 
       136  6.062505301E-03 -6.062498316E-03  6.562000141E-03  6.123334134E-01 
       137  6.187505089E-03 -6.187498104E-03  6.562000141E-03  6.352325123E-01 
       138  6.312505342E-03 -6.312498357E-03  6.562000141E-03  6.484361353E-01 
       139  6.437505130E-03 -6.437498145E-03  6.562000141E-03  6.430533894E-01 
       140  6.562504917E-03 -6.562498398E-03  6.562000141E-03  6.263934218E-01 
       141  6.687505171E-03 -6.687498186E-03  6.562000141E-03  7.062804314E-01 
       142  6.812504958E-03 -6.812498439E-03  6.562000141E-03  9.700042221E-01 
       143  6.937505212E-03 -6.937498227E-03  6.562000141E-03  1.236668106E+00 
       144  7.062504999E-03 -7.062498014E-03  6.562000141E-03  1.426786942E+00 
       145  7.187505253E-03 -7.187498268E-03  6.562000141E-03  1.609056470E+00 
       146  7.312505040E-03 -7.312498055E-03  6.562000141E-03  1.845240702E+00 
       147  7.437505294E-03 -7.437498309E-03  6.562000141E-03  2.127925636E+00 
       148  7.562505081E-03 -7.562498096E-03  6.562000141E-03  2.382010562E+00 
       149  7.687504869E-03 -7.687498350E-03  6.562000141E-03  2.552116935E+00 
       150  7.812504657E-03 -7.812498137E-03  6.562000141E-03  2.646652219E+00 
       151  7.937504910E-03 -7.937498391E-03  6.562000141E-03  2.699510420E+00 
       152  8.062505163E-03 -8.062498644E-03  6.562000141E-03  2.732821397E+00 
       153  8.187505417E-03 -8.187497966E-03  6.562000141E-03  2.751895753E+00 
       154  8.312504739E-03 -8.312498219E-03  6.562000141E-03  2.759883596E+00 
       155  1.106250472E-02 -1.106249820E-02  6.562000141E-03  3.460200084E+00 
       156  1.093750540E-02 -1.093749795E-02  6.562000141E-03  3.428830925E+00 
       157  1.081250515E-02 -1.081249863E-02  6.562000141E-03  3.397564310E+00 
       158  1.068750490E-02 -1.068749838E-02  6.562000141E-03  3.365036963E+00 
       159  1.056250464E-02 -1.056249812E-02  6.562000141E-03  3.331090066E+00 
       160  1.043750532E-02 -1.043749880E-02  6.562000141E-03  3.296221348E+00 
       161  1.031250507E-02 -1.031249855E-02  6.562000141E-03  3.261076771E+00 
       162  1.018750481E-02 -1.018749829E-02  6.562000141E-03  3.226116683E+00 
       163  1.006250456E-02 -1.006249804E-02  6.562000141E-03  3.191443727E+00 
       164  9.937505238E-03 -9.937498719E-03  6.562000141E-03  3.156738842E+00 
       165  9.812504984E-03 -9.812498465E-03  6.562000141E-03  3.121367969E+00 
       166  9.687504731E-03 -9.687498212E-03  6.562000141E-03  3.084590619E+00 
       167  9.562505409E-03 -9.562497959E-03  6.562000141E-03  3.045792673E+00 
       168  9.437505156E-03 -9.437498637E-03  6.562000141E-03  3.004715152E+00 
       169  9.312504902E-03 -9.312498383E-03  6.562000141E-03  2.961612595E+00 
       170  9.187504649E-03 -9.187498130E-03  6.562000141E-03  2.917287290E+00 
       171  9.062505327E-03 -9.062497877E-03  6.562000141E-03  2.873100656E+00 
       172  8.937505074E-03 -8.937498555E-03  6.562000141E-03  2.831670257E+00 
       173  8.812504821E-03 -8.812498301E-03  6.562000141E-03  2.797219847E+00 
       174  8.687505499E-03 -8.687498048E-03  6.562000141E-03  2.773981039E+00 
       175  8.562505245E-03 -8.562498726E-03  6.562000141E-03  2.763410167E+00 
       176  8.437504992E-03 -8.437498473E-03  6.562000141E-03  2.761589689E+00 
       177  1.895486377E-02 -1.895486377E-02  6.562000606E-03  5.222826028E+00 
       178  1.889866963E-02 -1.889866963E-02  6.562000606E-03  5.187560279E+00 
       179  1.880285516E-02 -1.880285144E-02  6.562000141E-03  5.162252122E+00 
       180  1.868750528E-02 -1.868749782E-02  6.562000141E-03  5.125149879E+00 
       181  1.856250502E-02 -1.856249757E-02  6.562000141E-03  5.091902219E+00 
