cellnumber     x-coordinate     y-coordinate     z-coordinate velocity-magnitude 
         1  2.937239595E-03 -2.937239595E-03  6.562000141E-03  9.903235327E-01 
         2  2.974424278E-03 -2.974424278E-03  6.562000141E-03  9.516128281E-01 
         3  3.062227275E-03 -3.062231001E-03  6.562000141E-03  8.713777867E-01 
         4  3.187494585E-03 -3.187502269E-03  6.562000141E-03  8.006582721E-01 
         5  3.312494606E-03 -3.312502289E-03  6.562000141E-03  7.567981730E-01 
         6  3.437494626E-03 -3.437502310E-03  6.562000141E-03  7.243284193E-01 
         7  3.562494414E-03 -3.562502330E-03  6.562000141E-03  6.983059122E-01 
         8  3.687494434E-03 -3.687502351E-03  6.562000141E-03  6.761834193E-01 
         9  3.812494455E-03 -3.812502371E-03  6.562000141E-03  6.563806827E-01 
        10  3.937494475E-03 -3.937502392E-03  6.562000141E-03  6.383298667E-01 
        11  1.899245940E-02 -1.899245940E-02  6.562000606E-03  4.718649277E+00 
        12  1.905349456E-02 -1.905349456E-02  6.562000606E-03  4.674645123E+00 
        13  1.914011873E-02 -1.914011873E-02  6.562000141E-03  4.678146541E+00 
        14  1.923859492E-02 -1.923859492E-02  6.562000141E-03  4.657596521E+00 
        15  2.031007409E-02 -2.031007409E-02  6.562000141E-03  4.860384834E+00 
        16  2.023807354E-02 -2.023807354E-02  6.562000141E-03  4.874406968E+00 
        17  2.016607299E-02 -2.016607299E-02  6.562000141E-03  4.897874381E+00 
        18  2.009407431E-02 -2.009407431E-02  6.562000141E-03  4.895296866E+00 
        19  2.002207376E-02 -2.002207376E-02  6.562000141E-03  4.904259407E+00 
        20  1.995007321E-02 -1.995007321E-02  6.562000141E-03  4.887673526E+00 
        21  1.987807266E-02 -1.987807266E-02  6.562000141E-03  4.883110839E+00 
        22  1.980607398E-02 -1.980607398E-02  6.562000141E-03  4.855377884E+00 
        23  1.973407343E-02 -1.973407343E-02  6.562000141E-03  4.838122331E+00 
        24  1.966207288E-02 -1.966207288E-02  6.562000141E-03  4.802438039E+00 
        25  1.959007233E-02 -1.959007233E-02  6.562000141E-03  4.775704184E+00 
        26  1.951807365E-02 -1.951807365E-02  6.562000141E-03  4.737881436E+00 
        27  1.944607310E-02 -1.944607310E-02  6.562000141E-03  4.708648186E+00 
        28  1.937407255E-02 -1.937407441E-02  6.562000141E-03  4.678523368E+00 
        29  1.930207387E-02 -1.930207387E-02  6.562000141E-03  4.661353208E+00 
        30  2.038207278E-02 -2.038207278E-02  6.562000141E-03  4.823830449E+00 
        31  2.045407332E-02 -2.045407332E-02  6.562000141E-03  4.794141648E+00 
        32  2.052607387E-02 -2.052607387E-02  6.562000141E-03  4.746101021E+00 
        33  2.059807256E-02 -2.059807256E-02  6.562000141E-03  4.701054639E+00 
        34  2.067007311E-02 -2.067007311E-02  6.562000141E-03  4.645027658E+00 
        35  2.074207366E-02 -2.074207366E-02  6.562000141E-03  4.597265550E+00 
        36  2.081407420E-02 -2.081407420E-02  6.562000141E-03  4.542036492E+00 
        37  2.088592015E-02 -2.088592015E-02  6.562000141E-03  4.490328452E+00 
        38  2.093681321E-02 -2.093681321E-02  6.562000141E-03  4.416127191E+00 
        39  2.101955935E-02 -2.101955935E-02  6.562000141E-03  4.309133489E+00 
        40  2.107902244E-02 -2.107902244E-02  6.562000606E-03  4.177031235E+00 
        41  2.110386454E-02 -2.110386454E-02  6.562000606E-03  3.975819287E+00 
        42  2.112595551E-02 -2.112595551E-02  6.562000606E-03  3.681036238E+00 
        43  2.114437334E-02 -2.114437334E-02  6.562000606E-03  3.267057989E+00 
        44  2.115972713E-02 -2.115972713E-02  6.562000606E-03  2.771176694E+00 
        45  2.117252536E-02 -2.117252536E-02  6.562000141E-03  2.238483838E+00 
        46  2.118319459E-02 -2.118319459E-02  6.562000141E-03  1.711984294E+00 
        47  2.119208500E-02 -2.119208500E-02  6.562000141E-03  1.229566706E+00 
        48  2.119949646E-02 -2.119949646E-02  6.562000141E-03  8.094497876E-01 
        49  2.120567486E-02 -2.120567486E-02  6.562000141E-03  4.518964765E-01 
        50  2.121082321E-02 -2.121082321E-02  6.562000141E-03  1.504640730E-01 
        51  1.368749421E-02 -1.368750259E-02  6.562000141E-03  4.657388266E+00 
        52  1.381249446E-02 -1.381250285E-02  6.562000141E-03  4.716973642E+00 
        53  1.393749379E-02 -1.393750310E-02  6.562000141E-03  4.771515759E+00 
        54  4.062494729E-03 -4.062502645E-03  6.562000141E-03  6.222044843E-01 
        55  4.187494516E-03 -4.187502433E-03  6.562000141E-03  6.083665777E-01 
        56  4.312494770E-03 -4.312502686E-03  6.562000141E-03  5.970793161E-01 
        57  4.437494557E-03 -4.437502474E-03  6.562000141E-03  5.885316508E-01 
        58  4.562494811E-03 -4.562502727E-03  6.562000141E-03  5.828743502E-01 
        59  4.687494598E-03 -4.687502515E-03  6.562000141E-03  5.802145503E-01 
        60  4.812494386E-03 -4.812502302E-03  6.562000141E-03  5.806130622E-01 
        61  4.937494639E-03 -4.937502556E-03  6.562000141E-03  5.840952428E-01 
        62  5.062494427E-03 -5.062502343E-03  6.562000141E-03  5.907558300E-01 
        63  5.187494680E-03 -5.187502597E-03  6.562000141E-03  6.010481482E-01 
        64  5.312494468E-03 -5.312502384E-03  6.562000141E-03  6.161118437E-01 
        65  5.437494721E-03 -5.437502638E-03  6.562000141E-03  6.374143119E-01 
        66  5.562494509E-03 -5.562502425E-03  6.562000141E-03  6.649620733E-01 
        67  5.687494297E-03 -5.687502678E-03  6.562000141E-03  6.945714327E-01 
        68  5.812494550E-03 -5.812502466E-03  6.562000141E-03  7.187681398E-01 
        69  5.937494338E-03 -5.937502719E-03  6.562000141E-03  7.381903919E-01 
        70  6.062494591E-03 -6.062502507E-03  6.562000141E-03  7.705025749E-01 
        71  6.187494379E-03 -6.187502760E-03  6.562000141E-03  8.138530676E-01 
        72  6.312494632E-03 -6.312502548E-03  6.562000141E-03  7.980521907E-01 
        73  6.437494420E-03 -6.437502801E-03  6.562000141E-03  6.841738060E-01 
        74  6.562494673E-03 -6.562502589E-03  6.562000141E-03  7.056653900E-01 
        75  6.687494460E-03 -6.687502842E-03  6.562000141E-03  9.048778949E-01 
        76  6.812494248E-03 -6.812502630E-03  6.562000141E-03  1.141767781E+00 
        77  6.937494501E-03 -6.937502418E-03  6.562000141E-03  1.355929949E+00 
        78  7.062494289E-03 -7.062502671E-03  6.562000141E-03  1.539921334E+00 
        79  7.187494542E-03 -7.187502459E-03  6.562000141E-03  1.700586206E+00 
        80  7.312494330E-03 -7.312502712E-03  6.562000141E-03  1.845035492E+00 
        81  7.437494583E-03 -7.437502500E-03  6.562000141E-03  1.977140400E+00 
        82  7.562494371E-03 -7.562502753E-03  6.562000141E-03  2.096970135E+00 
        83  7.687494624E-03 -7.687502541E-03  6.562000141E-03  2.202121624E+00 
        84  7.812494412E-03 -7.812502794E-03  6.562000141E-03  2.289581073E+00 
        85  7.937494665E-03 -7.937503047E-03  6.562000141E-03  2.356977360E+00 
        86  8.062493987E-03 -8.062502369E-03  6.562000141E-03  2.403325067E+00 
        87  8.187494241E-03 -8.187502623E-03  6.562000141E-03  2.429921383E+00 
        88  8.312494494E-03 -8.312502876E-03  6.562000141E-03  2.441226743E+00 
        89  8.437494747E-03 -8.437503129E-03  6.562000141E-03  2.444440722E+00 
        90  8.562494069E-03 -8.562502451E-03  6.562000141E-03  2.448607022E+00 
        91  8.687494323E-03 -8.687502705E-03  6.562000141E-03  2.463957700E+00 
        92  8.812494576E-03 -8.812502958E-03  6.562000141E-03  2.501583200E+00 
        93  8.937494829E-03 -8.937503211E-03  6.562000141E-03  2.570411766E+00 
        94  9.062494151E-03 -9.062502533E-03  6.562000141E-03  2.668436259E+00 
        95  9.187494405E-03 -9.187502787E-03  6.562000141E-03  2.776178052E+00 
        96  9.312494658E-03 -9.312503040E-03  6.562000141E-03  2.872198126E+00 
        97  9.437493980E-03 -9.437502362E-03  6.562000141E-03  2.952043960E+00 
        98  9.562494233E-03 -9.562502615E-03  6.562000141E-03  3.019242799E+00 
        99  9.687494487E-03 -9.687502868E-03  6.562000141E-03  3.077680068E+00 
       100  9.812494740E-03 -9.812503122E-03  6.562000141E-03  3.129354439E+00 
       101  9.937494062E-03 -9.937502444E-03  6.562000141E-03  3.174893331E+00 
       102  1.356249396E-02 -1.356250327E-02  6.562000141E-03  4.592010655E+00 
       103  1.343749370E-02 -1.343750302E-02  6.562000141E-03  4.520779623E+00 
       104  1.331249438E-02 -1.331250276E-02  6.562000141E-03  4.444341177E+00 
       105  1.318749413E-02 -1.318750251E-02  6.562000141E-03  4.363913313E+00 
       106  1.306249388E-02 -1.306250319E-02  6.562000141E-03  4.281235328E+00 
       107  1.293749455E-02 -1.293750294E-02  6.562000141E-03  4.198648686E+00 
       108  1.281249430E-02 -1.281250268E-02  6.562000141E-03  4.118970001E+00 
       109  1.268749405E-02 -1.268750336E-02  6.562000141E-03  4.044817172E+00 
       110  1.256249379E-02 -1.256250311E-02  6.562000141E-03  3.977627759E+00 
       111  1.243749447E-02 -1.243750285E-02  6.562000141E-03  3.917161077E+00 
       112  1.231249422E-02 -1.231250260E-02  6.562000141E-03  3.861972117E+00 
       113  1.218749397E-02 -1.218750328E-02  6.562000141E-03  3.810385691E+00 
       114  1.206249464E-02 -1.206250302E-02  6.562000141E-03  3.761209667E+00 
       115  1.193749439E-02 -1.193750277E-02  6.562000141E-03  3.713965760E+00 
       116  1.181249414E-02 -1.181250252E-02  6.562000141E-03  3.668760744E+00 
       117  1.168749388E-02 -1.168750320E-02  6.562000141E-03  3.625974746E+00 
       118  1.156249456E-02 -1.156250294E-02  6.562000141E-03  3.585914775E+00 
       119  1.143749431E-02 -1.143750269E-02  6.562000141E-03  3.548595876E+00 
       120  1.131249405E-02 -1.131250244E-02  6.562000141E-03  3.513754825E+00 
       121  1.118749473E-02 -1.118750311E-02  6.562000141E-03  3.480999015E+00 
       122  1.106249448E-02 -1.106250286E-02  6.562000141E-03  3.449960790E+00 
       123  1.093749423E-02 -1.093750261E-02  6.562000141E-03  3.420346218E+00 
       124  1.081249397E-02 -1.081250329E-02  6.562000141E-03  3.391897355E+00 
       125  1.068749465E-02 -1.068750303E-02  6.562000141E-03  3.364307006E+00 
       126  1.056249440E-02 -1.056250278E-02  6.562000141E-03  3.337116743E+00 
       127  1.043749414E-02 -1.043750253E-02  6.562000141E-03  3.309632390E+00 
       128  1.031249389E-02 -1.031250320E-02  6.562000141E-03  3.280884702E+00 
       129  1.018749457E-02 -1.018750295E-02  6.562000141E-03  3.249679686E+00 
       130  1.006249432E-02 -1.006250270E-02  6.562000141E-03  3.214733142E+00 
       131  1.806249283E-02 -1.806250215E-02  6.562000141E-03  5.292765008E+00 
       132  1.793749444E-02 -1.793750376E-02  6.562000141E-03  5.334825804E+00 
       133  1.781249419E-02 -1.781250350E-02  6.562000141E-03  5.367703563E+00 
       134  1.768749394E-02 -1.768750325E-02  6.562000141E-03  5.395408102E+00 
       135  1.756249368E-02 -1.756250300E-02  6.562000141E-03  5.420228666E+00 
       136  1.743749343E-02 -1.743750274E-02  6.562000141E-03  5.443042368E+00 
       137  1.731249318E-02 -1.731250249E-02  6.562000141E-03  5.463819059E+00 
       138  1.718749292E-02 -1.718750224E-02  6.562000141E-03  5.482107848E+00 
       139  1.706249453E-02 -1.706250384E-02  6.562000141E-03  5.497240073E+00 
       140  1.693749428E-02 -1.693750359E-02  6.562000141E-03  5.508375382E+00 
       141  1.681249402E-02 -1.681250334E-02  6.562000141E-03  5.515508300E+00 
       142  1.668749377E-02 -1.668750308E-02  6.562000141E-03  5.518352743E+00 
       143  1.656249352E-02 -1.656250283E-02  6.562000141E-03  5.516262262E+00 
       144  1.643749326E-02 -1.643750258E-02  6.562000141E-03  5.509104829E+00 
       145  1.631249301E-02 -1.631250232E-02  6.562000141E-03  5.497233605E+00 
       146  1.618749462E-02 -1.618750207E-02  6.562000141E-03  5.481188346E+00 
       147  1.606249437E-02 -1.606250368E-02  6.562000141E-03  5.461411316E+00 
       148  1.593749411E-02 -1.593750343E-02  6.562000141E-03  5.438110393E+00 
       149  1.581249386E-02 -1.581250317E-02  6.562000141E-03  5.411199483E+00 
       150  1.568749361E-02 -1.568750292E-02  6.562000141E-03  5.380704710E+00 
       151  1.556249429E-02 -1.556250267E-02  6.562000141E-03  5.346909543E+00 
       152  1.543749403E-02 -1.543750335E-02  6.562000141E-03  5.310286483E+00 
       153  1.531249378E-02 -1.531250309E-02  6.562000141E-03  5.271359159E+00 
       154  1.518749446E-02 -1.518750284E-02  6.562000141E-03  5.230565186E+00 
       155  1.506249420E-02 -1.506250352E-02  6.562000141E-03  5.188215663E+00 
       156  1.493749395E-02 -1.493750326E-02  6.562000141E-03  5.144547693E+00 
       157  1.481249370E-02 -1.481250301E-02  6.562000141E-03  5.099826105E+00 
       158  1.468749437E-02 -1.468750276E-02  6.562000141E-03  5.054405362E+00 
       159  1.456249412E-02 -1.456250343E-02  6.562000141E-03  5.008668360E+00 
       160  1.443749387E-02 -1.443750318E-02  6.562000141E-03  4.962853367E+00 
       161  1.431249455E-02 -1.431250293E-02  6.562000141E-03  4.916876971E+00 
       162  1.418749429E-02 -1.418750267E-02  6.562000141E-03  4.870267931E+00 
       163  1.406249404E-02 -1.406250335E-02  6.562000141E-03  4.822189174E+00 
       164  1.895638742E-02 -1.895638742E-02  6.562000141E-03  4.690585558E+00 
       165  1.889956929E-02 -1.889956929E-02  6.562000606E-03  4.732281040E+00 
       166  1.880222000E-02 -1.880222373E-02  6.562000141E-03  4.774268499E+00 
       167  1.868749410E-02 -1.868750341E-02  6.562000141E-03  4.862678799E+00 
       168  1.856249385E-02 -1.856250316E-02  6.562000141E-03  4.966495423E+00 
       169  1.843749359E-02 -1.843750291E-02  6.562000141E-03  5.066849510E+00 
       170  1.831249334E-02 -1.831250265E-02  6.562000141E-03  5.159789413E+00 
       171  1.818749309E-02 -1.818750240E-02  6.562000141E-03  5.235905339E+00 
       172  2.830386860E-03 -2.830386860E-03  6.562000606E-03  1.049724002E+00 
       173  2.835483057E-03 -2.835483057E-03  6.562000606E-03  1.055919175E+00 
       174  2.841603942E-03 -2.841603942E-03  6.562000606E-03  1.061736289E+00 
       175  2.848957200E-03 -2.848957200E-03  6.562000606E-03  1.066414423E+00 
       176  2.857792191E-03 -2.857792191E-03  6.562000141E-03  1.068796116E+00 
       177  2.868410433E-03 -2.868410433E-03  6.562000141E-03  1.067236453E+00 
       178  2.881176071E-03 -2.881176071E-03  6.562000606E-03  1.059676738E+00 
       179  2.896528924E-03 -2.896528924E-03  6.562000606E-03  1.044142444E+00 
       180  2.915001474E-03 -2.915001474E-03  6.562000141E-03  1.020170349E+00 
