cellnumber     x-coordinate     y-coordinate     z-coordinate velocity-magnitude 
         1  1.895486377E-02 -1.895486377E-02  6.562000141E-03  4.902381989E+00 
         2  1.889866963E-02 -1.889866963E-02  6.562000606E-03  5.055630026E+00 
         3  1.880285516E-02 -1.880285330E-02  6.562000141E-03  5.173762124E+00 
         4  1.868750341E-02 -1.868749969E-02  6.562000141E-03  5.295495035E+00 
         5  1.856250316E-02 -1.856249943E-02  6.562000141E-03  5.373441272E+00 
         6  1.843750291E-02 -1.843749918E-02  6.562000141E-03  5.458969517E+00 
         7  1.831250265E-02 -1.831249893E-02  6.562000141E-03  5.516706485E+00 
         8  1.818750426E-02 -1.818749867E-02  6.562000141E-03  5.452409952E+00 
         9  1.806250401E-02 -1.806250028E-02  6.562000141E-03  5.274307626E+00 
        10  1.793750376E-02 -1.793750003E-02  6.562000141E-03  5.096581076E+00 
        11  1.781250350E-02 -1.781249978E-02  6.562000141E-03  4.927278567E+00 
        12  1.768750325E-02 -1.768749952E-02  6.562000141E-03  4.898333309E+00 
        13  1.756250300E-02 -1.756249927E-02  6.562000141E-03  4.989723833E+00 
        14  1.743750274E-02 -1.743749902E-02  6.562000141E-03  5.204835900E+00 
        15  1.731250435E-02 -1.731249876E-02  6.562000141E-03  5.492804308E+00 
        16  1.718750410E-02 -1.718749851E-02  6.562000141E-03  5.683910079E+00 
        17  1.706250384E-02 -1.706250012E-02  6.562000141E-03  5.738421535E+00 
        18  1.693750359E-02 -1.693749987E-02  6.562000141E-03  5.620424987E+00 
        19  1.681250334E-02 -1.681249961E-02  6.562000141E-03  5.510294463E+00 
        20  1.668750308E-02 -1.668749936E-02  6.562000141E-03  5.503103225E+00 
        21  1.656250283E-02 -1.656249911E-02  6.562000141E-03  5.509829100E+00 
        22  1.643750444E-02 -1.643749885E-02  6.562000141E-03  5.507354888E+00 
        23  1.631250419E-02 -1.631249860E-02  6.562000141E-03  5.597349882E+00 
        24  1.618750393E-02 -1.618749835E-02  6.562000141E-03  5.745505985E+00 
        25  1.606250368E-02 -1.606249996E-02  6.562000141E-03  5.854443456E+00 
        26  1.593750343E-02 -1.593749970E-02  6.562000141E-03  5.717130748E+00 
        27  1.581250317E-02 -1.581249945E-02  6.562000141E-03  5.642469411E+00 
        28  1.568750292E-02 -1.568749920E-02  6.562000141E-03  5.564509805E+00 
        29  1.556250360E-02 -1.556249894E-02  6.562000141E-03  5.486765724E+00 
        30  1.543750428E-02 -1.543749962E-02  6.562000141E-03  5.448433261E+00 
        31  1.531250402E-02 -1.531249937E-02  6.562000141E-03  5.423912050E+00 
        32  1.518750377E-02 -1.518749911E-02  6.562000141E-03  5.384870424E+00 
        33  1.506250445E-02 -1.506249979E-02  6.562000141E-03  5.326890736E+00 
        34  1.493750419E-02 -1.493749954E-02  6.562000141E-03  5.262296354E+00 
        35  1.481250394E-02 -1.481249928E-02  6.562000141E-03  5.200434001E+00 
        36  1.468750369E-02 -1.468749903E-02  6.562000141E-03  5.147214353E+00 
        37  1.456250437E-02 -1.456249971E-02  6.562000141E-03  5.101389203E+00 
        38  1.443750411E-02 -1.443749946E-02  6.562000141E-03  5.053443864E+00 
        39  1.431250386E-02 -1.431249920E-02  6.562000141E-03  4.997281145E+00 
        40  1.418750454E-02 -1.418749895E-02  6.562000141E-03  4.941550596E+00 
        41  1.406250428E-02 -1.406249963E-02  6.562000141E-03  4.898865307E+00 
        42  1.393750403E-02 -1.393749937E-02  6.562000141E-03  4.867752508E+00 
        43  1.381250378E-02 -1.381249912E-02  6.562000141E-03  4.831088200E+00 
        44  1.368750446E-02 -1.368749887E-02  6.562000141E-03  4.768269242E+00 
        45  1.356250420E-02 -1.356249955E-02  6.562000141E-03  4.659618778E+00 
        46  1.343750395E-02 -1.343749929E-02  6.562000141E-03  4.491992142E+00 
        47  1.331250463E-02 -1.331249904E-02  6.562000141E-03  4.293886276E+00 
        48  9.437504224E-03 -9.437498637E-03  6.562000141E-03  2.623644857E+00 
        49  9.562504478E-03 -9.562498890E-03  6.562000141E-03  2.652005421E+00 
        50  9.687504731E-03 -9.687499143E-03  6.562000141E-03  2.702088556E+00 
        51  9.812504053E-03 -9.812498465E-03  6.562000141E-03  2.768362678E+00 
        52  9.937504306E-03 -9.937498719E-03  6.562000141E-03  2.855349430E+00 
        53  1.006250456E-02 -1.006249897E-02  6.562000141E-03  2.925989524E+00 
        54  1.018750481E-02 -1.018749923E-02  6.562000141E-03  2.985237178E+00 
        55  1.031250414E-02 -1.031249855E-02  6.562000141E-03  3.036483296E+00 
        56  1.043750439E-02 -1.043749880E-02  6.562000141E-03  3.099392222E+00 
        57  1.056250464E-02 -1.056249905E-02  6.562000141E-03  3.188210613E+00 
        58  1.068750490E-02 -1.068749931E-02  6.562000141E-03  3.321061051E+00 
        59  1.081250422E-02 -1.081249863E-02  6.562000141E-03  3.443292259E+00 
        60  1.093750447E-02 -1.093749888E-02  6.562000141E-03  3.531498389E+00 
        61  1.106250472E-02 -1.106249914E-02  6.562000141E-03  3.649237311E+00 
        62  1.118750405E-02 -1.118749939E-02  6.562000141E-03  3.772026011E+00 
        63  1.131250430E-02 -1.131249871E-02  6.562000141E-03  3.806281064E+00 
        64  1.143750455E-02 -1.143749896E-02  6.562000141E-03  3.816146799E+00 
        65  1.156250481E-02 -1.156249922E-02  6.562000141E-03  3.841785343E+00 
        66  1.168750413E-02 -1.168749947E-02  6.562000141E-03  3.870350739E+00 
        67  1.181250438E-02 -1.181249879E-02  6.562000141E-03  3.905042113E+00 
        68  1.193750463E-02 -1.193749905E-02  6.562000141E-03  3.934542779E+00 
        69  1.206250396E-02 -1.206249930E-02  6.562000141E-03  3.947343742E+00 
        70  1.218750421E-02 -1.218749862E-02  6.562000141E-03  3.951434451E+00 
        71  1.231250446E-02 -1.231249887E-02  6.562000141E-03  3.936367560E+00 
        72  1.243750472E-02 -1.243749913E-02  6.562000141E-03  3.890212674E+00 
        73  1.256250404E-02 -1.256249938E-02  6.562000141E-03  3.838781550E+00 
        74  1.268750429E-02 -1.268749870E-02  6.562000141E-03  3.846149342E+00 
        75  1.281250454E-02 -1.281249896E-02  6.562000141E-03  3.936692180E+00 
        76  1.293750387E-02 -1.293749921E-02  6.562000141E-03  4.002918613E+00 
        77  1.306250412E-02 -1.306249946E-02  6.562000141E-03  4.058716755E+00 
        78  1.318750437E-02 -1.318749879E-02  6.562000141E-03  4.140445843E+00 
        79  2.830355195E-03 -2.830355195E-03  6.562000141E-03  1.051623328E+00 
        80  2.835455118E-03 -2.835455118E-03  6.562000606E-03  1.060194828E+00 
        81  2.841580659E-03 -2.841580659E-03  6.562001072E-03  1.067067292E+00 
        82  2.848939039E-03 -2.848939039E-03  6.562000141E-03  1.070822557E+00 
        83  2.857780783E-03 -2.857780783E-03  6.562000141E-03  1.069452775E+00 
        84  2.868407406E-03 -2.868407406E-03  6.562000606E-03  1.060383349E+00 
        85  2.881183056E-03 -2.881183056E-03  6.562000141E-03  1.040258868E+00 
        86  2.896548016E-03 -2.896548016E-03  6.562000141E-03  1.007164971E+00 
        87  2.915035933E-03 -2.915035933E-03  6.562000141E-03  9.583172671E-01 
        88  2.937293379E-03 -2.937293379E-03  6.562000141E-03  9.042867015E-01 
        89  2.975319512E-03 -2.975319512E-03  6.562000606E-03  8.136208903E-01 
        90  3.059382550E-03 -3.059382550E-03  6.562000141E-03  7.007217773E-01 
        91  3.123705741E-03 -3.123705741E-03  6.562000141E-03  6.815186995E-01 
        92  3.189918818E-03 -3.189915558E-03  6.562000141E-03  6.466653773E-01 
        93  3.312504850E-03 -3.312498098E-03  6.562000141E-03  6.044636685E-01 
        94  3.437504871E-03 -3.437498119E-03  6.562000141E-03  5.759725326E-01 
        95  3.562504891E-03 -3.562498139E-03  6.562000141E-03  5.684373005E-01 
        96  3.687504912E-03 -3.687498160E-03  6.562000141E-03  5.739583192E-01 
        97  3.812504932E-03 -3.812498180E-03  6.562000141E-03  5.940700145E-01 
        98  3.937504720E-03 -3.937498201E-03  6.562000141E-03  6.291086924E-01 
        99  4.062504973E-03 -4.062498454E-03  6.562000141E-03  6.692175345E-01 
       100  4.187505227E-03 -4.187498242E-03  6.562000141E-03  6.793936511E-01 
       101  4.312505014E-03 -4.312498495E-03  6.562000141E-03  6.382388425E-01 
       102  4.437504802E-03 -4.437498283E-03  6.562000141E-03  5.659346903E-01 
       103  4.562505055E-03 -4.562498536E-03  6.562000141E-03  5.133408560E-01 
       104  4.687504843E-03 -4.687498324E-03  6.562000141E-03  5.467204391E-01 
       105  4.812505096E-03 -4.812498577E-03  6.562000141E-03  6.230656456E-01 
       106  4.937504884E-03 -4.937498365E-03  6.562000141E-03  6.913807802E-01 
       107  5.062505137E-03 -5.062498618E-03  6.562000141E-03  7.375926879E-01 
       108  5.187504925E-03 -5.187498406E-03  6.562000141E-03  7.249813504E-01 
       109  5.312504712E-03 -5.312498659E-03  6.562000141E-03  6.952083916E-01 
       110  5.437504966E-03 -5.437498447E-03  6.562000141E-03  7.112143285E-01 
       111  5.562504753E-03 -5.562498234E-03  6.562000141E-03  6.736368978E-01 
       112  9.312504902E-03 -9.312498383E-03  6.562000141E-03  2.608828551E+00 
       113  9.187504649E-03 -9.187499061E-03  6.562000141E-03  2.606296303E+00 
       114  9.062504396E-03 -9.062498808E-03  6.562000141E-03  2.608288886E+00 
       115  8.937504143E-03 -8.937498555E-03  6.562000141E-03  2.611504253E+00 
       116  8.812504821E-03 -8.812498301E-03  6.562000141E-03  2.614398209E+00 
       117  8.687504567E-03 -8.687498979E-03  6.562000141E-03  2.622403986E+00 
       118  8.562504314E-03 -8.562498726E-03  6.562000141E-03  2.635584624E+00 
       119  8.437504992E-03 -8.437498473E-03  6.562000141E-03  2.575607736E+00 
       120  8.312504739E-03 -8.312499151E-03  6.562000141E-03  2.422892643E+00 
       121  8.187504485E-03 -8.187498897E-03  6.562000141E-03  2.265983402E+00 
       122  8.062504232E-03 -8.062498644E-03  6.562000141E-03  2.174423738E+00 
       123  7.937504910E-03 -7.937498391E-03  6.562000141E-03  2.175427141E+00 
       124  7.812504657E-03 -7.812498603E-03  6.562000141E-03  2.201630633E+00 
       125  7.687504869E-03 -7.687498815E-03  6.562000141E-03  2.100419371E+00 
       126  7.562504616E-03 -7.562498562E-03  6.562000141E-03  1.853183368E+00 
       127  7.437504828E-03 -7.437498774E-03  6.562000141E-03  1.971837061E+00 
       128  7.312504575E-03 -7.312498521E-03  6.562000141E-03  1.726922896E+00 
       129  7.187504787E-03 -7.187498733E-03  6.562000141E-03  1.278950769E+00 
       130  7.062504534E-03 -7.062498480E-03  6.562000141E-03  8.081711692E-01 
       131  6.937504746E-03 -6.937498692E-03  6.562000141E-03  5.052849742E-01 
       132  6.812504958E-03 -6.812498439E-03  6.562000141E-03  5.407413893E-01 
       133  6.687504705E-03 -6.687498651E-03  6.562000141E-03  7.122865899E-01 
       134  6.562504917E-03 -6.562498398E-03  6.562000141E-03  8.650478725E-01 
       135  6.437504664E-03 -6.437498610E-03  6.562000141E-03  9.536971824E-01 
       136  6.312504876E-03 -6.312498357E-03  6.562000141E-03  1.050032351E+00 
       137  6.187504623E-03 -6.187498569E-03  6.562000141E-03  1.072256455E+00 
       138  6.062504835E-03 -6.062498316E-03  6.562000141E-03  9.730536598E-01 
       139  5.937505048E-03 -5.937498529E-03  6.562000141E-03  8.320170709E-01 
       140  5.812504794E-03 -5.812498275E-03  6.562000141E-03  8.323206506E-01 
       141  5.687505007E-03 -5.687498488E-03  6.562000141E-03  7.991696589E-01 
       142  1.937407255E-02 -1.937407255E-02  6.562000141E-03  5.139509512E+00 
       143  1.944607310E-02 -1.944607310E-02  6.562000141E-03  5.175901490E+00 
       144  1.951807365E-02 -1.951807365E-02  6.562000141E-03  5.211100062E+00 
       145  1.959007420E-02 -1.959007420E-02  6.562000141E-03  5.344029536E+00 
       146  1.966207288E-02 -1.966207288E-02  6.562000141E-03  5.387051320E+00 
       147  1.973407343E-02 -1.973407343E-02  6.562000141E-03  5.262931481E+00 
       148  1.980607398E-02 -1.980607398E-02  6.562000141E-03  4.977789329E+00 
       149  1.987807266E-02 -1.987807266E-02  6.562000141E-03  4.638752669E+00 
       150  1.995007321E-02 -1.995007321E-02  6.562000141E-03  4.527536114E+00 
       151  2.002207376E-02 -2.002207376E-02  6.562000141E-03  4.407063266E+00 
       152  2.009407431E-02 -2.009407431E-02  6.562000141E-03  4.371469999E+00 
       153  2.016607299E-02 -2.016607299E-02  6.562000141E-03  4.265221896E+00 
       154  2.023807354E-02 -2.023807354E-02  6.562000141E-03  4.261823964E+00 
       155  2.038207278E-02 -2.038207278E-02  6.562000141E-03  4.424354287E+00 
       156  2.045407332E-02 -2.045407332E-02  6.562000141E-03  4.457222387E+00 
       157  2.052607387E-02 -2.052607387E-02  6.562000141E-03  4.382971024E+00 
       158  2.059807442E-02 -2.059807442E-02  6.562000141E-03  4.236307213E+00 
       159  2.067007311E-02 -2.067007311E-02  6.562000141E-03  4.193645990E+00 
       160  2.074207366E-02 -2.074207366E-02  6.562000141E-03  4.370535000E+00 
       161  2.081407234E-02 -2.081407234E-02  6.562000141E-03  4.531385796E+00 
       162  2.088592015E-02 -2.088592015E-02  6.562000141E-03  4.778380725E+00 
       163  2.093681321E-02 -2.093681321E-02  6.562000606E-03  4.885410880E+00 
       164  2.101956122E-02 -2.101956122E-02  6.562000606E-03  4.859489475E+00 
       165  2.107902244E-02 -2.107902244E-02  6.562000606E-03  4.718951355E+00 
       166  2.110386454E-02 -2.110386454E-02  6.562000606E-03  4.068340864E+00 
       167  2.112595551E-02 -2.112595551E-02  6.562000606E-03  3.554767671E+00 
       168  2.114437334E-02 -2.114437334E-02  6.562000606E-03  3.043345426E+00 
       169  2.115972713E-02 -2.115972713E-02  6.562000606E-03  2.532740440E+00 
       170  2.117252536E-02 -2.117252536E-02  6.562000141E-03  2.029404635E+00 
       171  2.118319459E-02 -2.118319459E-02  6.562000141E-03  1.551211819E+00 
       172  2.119208500E-02 -2.119208500E-02  6.562000141E-03  1.116913146E+00 
       173  2.119949646E-02 -2.119949646E-02  6.562000141E-03  7.363518144E-01 
       174  2.120567486E-02 -2.120567486E-02  6.562000141E-03  4.107950614E-01 
       175  2.121082321E-02 -2.121082321E-02  6.562000141E-03  1.363907722E-01 
       176  1.899245940E-02 -1.899245940E-02  6.562000606E-03  4.832440527E+00 
       177  1.905349456E-02 -1.905349456E-02  6.562000606E-03  4.873296090E+00 
       178  1.914011873E-02 -1.914011873E-02  6.562000141E-03  4.931493384E+00 
       179  1.923859492E-02 -1.923859492E-02  6.562000141E-03  5.055540509E+00 
       180  1.930207387E-02 -1.930207387E-02  6.562000141E-03  5.121931060E+00 
       181  2.031007409E-02 -2.031007409E-02  6.562000141E-03  4.279134602E+00 
