cellnumber     x-coordinate     y-coordinate     z-coordinate velocity-magnitude 
         1  2.830355195E-03 -2.830355195E-03  6.562000606E-03  1.041727695E+00 
         2  2.835455118E-03 -2.835455118E-03  6.562000141E-03  1.034048341E+00 
         3  2.841580659E-03 -2.841580659E-03  6.562000606E-03  1.026185552E+00 
         4  2.848939039E-03 -2.848939039E-03  6.562000141E-03  1.018450811E+00 
         5  2.857780783E-03 -2.857780783E-03  6.562000141E-03  1.011215234E+00 
         6  2.868407406E-03 -2.868407406E-03  6.562000606E-03  1.004787398E+00 
         7  2.881182823E-03 -2.881182823E-03  6.562000141E-03  9.994087021E-01 
         8  2.896548016E-03 -2.896548016E-03  6.562000606E-03  9.944174397E-01 
         9  2.915035933E-03 -2.915035933E-03  6.562000141E-03  9.893206235E-01 
        10  2.937293379E-03 -2.937293379E-03  6.562000606E-03  9.794096017E-01 
        11  2.975319512E-03 -2.975319512E-03  6.562000606E-03  9.568623249E-01 
        12  3.059382550E-03 -3.059382550E-03  6.562000606E-03  8.626896176E-01 
        13  3.123705741E-03 -3.123705741E-03  6.562000141E-03  7.779452360E-01 
        14  3.189918818E-03 -3.189915558E-03  6.562000141E-03  6.851060529E-01 
        15  3.312504850E-03 -3.312498098E-03  6.562000141E-03  5.171323259E-01 
        16  3.437504871E-03 -3.437498119E-03  6.562000141E-03  4.171700094E-01 
        17  3.562504891E-03 -3.562498139E-03  6.562000141E-03  4.264411951E-01 
        18  3.687504912E-03 -3.687498160E-03  6.562000141E-03  4.700815341E-01 
        19  3.812504932E-03 -3.812498180E-03  6.562000141E-03  5.150643991E-01 
        20  3.937504720E-03 -3.937498201E-03  6.562000141E-03  5.310801746E-01 
        21  4.062504973E-03 -4.062498454E-03  6.562000141E-03  5.078286908E-01 
        22  4.187504761E-03 -4.187498242E-03  6.562000141E-03  4.922004732E-01 
        23  4.312505014E-03 -4.312498495E-03  6.562000141E-03  5.520436194E-01 
        24  4.437504802E-03 -4.437498283E-03  6.562000141E-03  6.494079286E-01 
        25  4.562505055E-03 -4.562498536E-03  6.562000141E-03  7.402578552E-01 
        26  4.687504843E-03 -4.687498324E-03  6.562000141E-03  8.020167036E-01 
        27  4.812505096E-03 -4.812498577E-03  6.562000141E-03  8.417526290E-01 
        28  4.937504884E-03 -4.937498365E-03  6.562000141E-03  8.782272786E-01 
        29  5.062504672E-03 -5.062498618E-03  6.562000141E-03  8.987086230E-01 
        30  5.187504925E-03 -5.187498406E-03  6.562000141E-03  8.955518894E-01 
        31  5.312504712E-03 -5.312498659E-03  6.562000141E-03  8.507749644E-01 
        32  5.437504966E-03 -5.437498447E-03  6.562000141E-03  7.330041062E-01 
        33  5.562504753E-03 -5.562498700E-03  6.562000141E-03  6.004498315E-01 
        34  9.437504224E-03 -9.437498637E-03  6.562000141E-03  2.455932686E+00 
        35  9.562504478E-03 -9.562498890E-03  6.562000141E-03  2.719705859E+00 
        36  9.687504731E-03 -9.687499143E-03  6.562000141E-03  2.887657965E+00 
        37  9.812504053E-03 -9.812499397E-03  6.562000141E-03  2.989335737E+00 
        38  9.937504306E-03 -9.937498719E-03  6.562000141E-03  3.047956023E+00 
        39  1.006250456E-02 -1.006249897E-02  6.562000141E-03  3.063908967E+00 
        40  1.018750388E-02 -1.018749923E-02  6.562000141E-03  3.106153627E+00 
        41  1.031250414E-02 -1.031249948E-02  6.562000141E-03  3.212841552E+00 
        42  1.043750439E-02 -1.043749880E-02  6.562000141E-03  3.291222763E+00 
        43  1.056250464E-02 -1.056249905E-02  6.562000141E-03  3.362292322E+00 
        44  1.068750396E-02 -1.068749931E-02  6.562000141E-03  3.395631729E+00 
        45  1.081250422E-02 -1.081249956E-02  6.562000141E-03  3.433852271E+00 
        46  1.093750447E-02 -1.093749888E-02  6.562000141E-03  3.472773923E+00 
        47  1.106250379E-02 -1.106249914E-02  6.562000141E-03  3.483925715E+00 
        48  1.118750405E-02 -1.118749939E-02  6.562000141E-03  3.490535478E+00 
        49  1.131250430E-02 -1.131249871E-02  6.562000141E-03  3.520999177E+00 
        50  1.143750455E-02 -1.143749896E-02  6.562000141E-03  3.582864375E+00 
        51  1.156250387E-02 -1.156249922E-02  6.562000141E-03  3.671080684E+00 
        52  1.168750413E-02 -1.168749947E-02  6.562000141E-03  3.735880716E+00 
        53  1.181250438E-02 -1.181249879E-02  6.562000141E-03  3.757883987E+00 
        54  1.193750370E-02 -1.193749905E-02  6.562000141E-03  3.794426176E+00 
        55  1.206250396E-02 -1.206249930E-02  6.562000141E-03  3.861959292E+00 
        56  1.218750421E-02 -1.218749955E-02  6.562000141E-03  3.946523110E+00 
        57  1.231250446E-02 -1.231249887E-02  6.562000141E-03  4.029261939E+00 
        58  1.243750378E-02 -1.243749913E-02  6.562000141E-03  4.096849298E+00 
        59  1.256250404E-02 -1.256249938E-02  6.562000141E-03  4.144266330E+00 
        60  1.268750429E-02 -1.268749963E-02  6.562000141E-03  4.177478150E+00 
        61  1.281250361E-02 -1.281249896E-02  6.562000141E-03  4.202980023E+00 
        62  1.293750387E-02 -1.293749921E-02  6.562000141E-03  4.228655820E+00 
        63  1.306250412E-02 -1.306249946E-02  6.562000141E-03  4.260394689E+00 
        64  1.318750437E-02 -1.318749972E-02  6.562000141E-03  4.301768341E+00 
        65  9.312503971E-03 -9.312499315E-03  6.562000141E-03  2.269793358E+00 
        66  9.187504649E-03 -9.187499061E-03  6.562000141E-03  2.341349080E+00 
        67  9.062504396E-03 -9.062498808E-03  6.562000141E-03  2.540755434E+00 
        68  8.937504143E-03 -8.937498555E-03  6.562000141E-03  2.710356390E+00 
        69  8.812504821E-03 -8.812499233E-03  6.562000141E-03  2.821311600E+00 
        70  8.687504567E-03 -8.687498979E-03  6.562000141E-03  2.864948551E+00 
        71  8.562504314E-03 -8.562498726E-03  6.562000141E-03  2.865560860E+00 
        72  8.437504061E-03 -8.437498473E-03  6.562000141E-03  2.863416389E+00 
        73  8.312504739E-03 -8.312499151E-03  6.562000141E-03  2.882841001E+00 
        74  8.187504485E-03 -8.187498897E-03  6.562000141E-03  2.974644700E+00 
        75  8.062504232E-03 -8.062498644E-03  6.562000141E-03  3.019941953E+00 
        76  7.937504910E-03 -7.937498391E-03  6.562000141E-03  2.696934231E+00 
        77  7.812504657E-03 -7.812498603E-03  6.562000141E-03  2.111029997E+00 
        78  7.687504403E-03 -7.687498815E-03  6.562000141E-03  1.969295896E+00 
        79  7.562504616E-03 -7.562498562E-03  6.562000141E-03  1.918932873E+00 
        80  7.437504362E-03 -7.437498774E-03  6.562000141E-03  1.645264081E+00 
        81  7.312504575E-03 -7.312498521E-03  6.562000141E-03  1.251885479E+00 
        82  7.187504787E-03 -7.187498733E-03  6.562000141E-03  7.847057766E-01 
        83  7.062504534E-03 -7.062498480E-03  6.562000141E-03  6.840160147E-01 
        84  6.937504746E-03 -6.937498692E-03  6.562000141E-03  8.743980391E-01 
        85  6.812504493E-03 -6.812498439E-03  6.562000141E-03  1.021254870E+00 
        86  6.687504705E-03 -6.687498651E-03  6.562000141E-03  9.068317115E-01 
        87  6.562504452E-03 -6.562498864E-03  6.562000141E-03  7.830478440E-01 
        88  6.437504664E-03 -6.437498610E-03  6.562000141E-03  8.015646658E-01 
        89  6.312504876E-03 -6.312498823E-03  6.562000141E-03  8.178278654E-01 
        90  6.187504623E-03 -6.187498569E-03  6.562000141E-03  8.022242116E-01 
        91  6.062504835E-03 -6.062498782E-03  6.562000141E-03  8.158730959E-01 
        92  5.937504582E-03 -5.937498529E-03  6.562000141E-03  7.855297523E-01 
        93  5.812504794E-03 -5.812498741E-03  6.562000141E-03  7.097977362E-01 
        94  5.687505007E-03 -5.687498488E-03  6.562000141E-03  6.293753740E-01 
        95  1.895486377E-02 -1.895486377E-02  6.562000606E-03  5.088411422E+00 
        96  1.889866963E-02 -1.889866963E-02  6.562000141E-03  5.151446808E+00 
        97  1.880285330E-02 -1.880285330E-02  6.562000141E-03  5.111175776E+00 
        98  1.868750341E-02 -1.868749969E-02  6.562000141E-03  5.105428861E+00 
        99  1.856250316E-02 -1.856249943E-02  6.562000141E-03  5.154383161E+00 
       100  1.843750291E-02 -1.843749918E-02  6.562000141E-03  5.273597770E+00 
       101  1.831250265E-02 -1.831249893E-02  6.562000141E-03  5.455921584E+00 
       102  1.818750240E-02 -1.818750054E-02  6.562000141E-03  5.670659529E+00 
       103  1.806250401E-02 -1.806250028E-02  6.562000141E-03  5.652642998E+00 
       104  1.793750376E-02 -1.793750003E-02  6.562000141E-03  5.635114107E+00 
       105  1.781250350E-02 -1.781249978E-02  6.562000141E-03  5.693034899E+00 
       106  1.768750325E-02 -1.768749952E-02  6.562000141E-03  5.820740022E+00 
       107  1.756250300E-02 -1.756249927E-02  6.562000141E-03  5.884651846E+00 
       108  1.743750274E-02 -1.743749902E-02  6.562000141E-03  5.857048382E+00 
       109  1.731250249E-02 -1.731249876E-02  6.562000141E-03  5.738852468E+00 
       110  1.718750410E-02 -1.718750037E-02  6.562000141E-03  5.699251492E+00 
       111  1.706250384E-02 -1.706250012E-02  6.562000141E-03  5.651849718E+00 
       112  1.693750359E-02 -1.693749987E-02  6.562000141E-03  5.580571006E+00 
       113  1.681250334E-02 -1.681249961E-02  6.562000141E-03  5.598910486E+00 
       114  1.668750308E-02 -1.668749936E-02  6.562000141E-03  5.632094935E+00 
       115  1.656250283E-02 -1.656249911E-02  6.562000141E-03  5.604281398E+00 
       116  1.643750258E-02 -1.643749885E-02  6.562000141E-03  5.553970158E+00 
       117  1.631250419E-02 -1.631249860E-02  6.562000141E-03  5.500086612E+00 
       118  1.618750393E-02 -1.618750021E-02  6.562000141E-03  5.472404565E+00 
       119  1.606250368E-02 -1.606249996E-02  6.562000141E-03  5.470179134E+00 
       120  1.593750343E-02 -1.593749970E-02  6.562000141E-03  5.469428907E+00 
       121  1.581250317E-02 -1.581249945E-02  6.562000141E-03  5.409528523E+00 
       122  1.568750292E-02 -1.568749920E-02  6.562000141E-03  5.317497120E+00 
       123  1.556250360E-02 -1.556249987E-02  6.562000141E-03  5.238816942E+00 
       124  1.543750335E-02 -1.543749962E-02  6.562000141E-03  5.184118050E+00 
       125  1.531250402E-02 -1.531249937E-02  6.562000141E-03  5.147024615E+00 
       126  1.518750377E-02 -1.518749911E-02  6.562000141E-03  5.115976535E+00 
       127  1.506250352E-02 -1.506249979E-02  6.562000141E-03  5.080453952E+00 
       128  1.493750419E-02 -1.493749954E-02  6.562000141E-03  5.038156097E+00 
       129  1.481250394E-02 -1.481249928E-02  6.562000141E-03  4.990016669E+00 
       130  1.468750369E-02 -1.468749996E-02  6.562000141E-03  4.937348753E+00 
       131  1.456250343E-02 -1.456249971E-02  6.562000141E-03  4.882686475E+00 
       132  1.443750411E-02 -1.443749946E-02  6.562000141E-03  4.828561024E+00 
       133  1.431250386E-02 -1.431249920E-02  6.562000141E-03  4.777074483E+00 
       134  1.418750361E-02 -1.418749988E-02  6.562000141E-03  4.729589828E+00 
       135  1.406250428E-02 -1.406249963E-02  6.562000141E-03  4.685144531E+00 
       136  1.393750403E-02 -1.393749937E-02  6.562000141E-03  4.639868628E+00 
       137  1.381250378E-02 -1.381249912E-02  6.562000141E-03  4.589051994E+00 
       138  1.368750352E-02 -1.368749980E-02  6.562000141E-03  4.532422750E+00 
       139  1.356250420E-02 -1.356249955E-02  6.562000141E-03  4.472294016E+00 
       140  1.343750395E-02 -1.343749929E-02  6.562000141E-03  4.410955752E+00 
       141  1.331250370E-02 -1.331249904E-02  6.562000141E-03  4.352495817E+00 
       142  1.899245940E-02 -1.899245940E-02  6.562000606E-03  5.106010721E+00 
       143  1.905349456E-02 -1.905349456E-02  6.562000606E-03  5.217678560E+00 
       144  1.914011873E-02 -1.914011873E-02  6.562000141E-03  5.175665927E+00 
       145  1.923859492E-02 -1.923859492E-02  6.562000141E-03  5.141316801E+00 
       146  1.930207387E-02 -1.930207387E-02  6.562000141E-03  5.009304373E+00 
       147  2.031007409E-02 -2.031007409E-02  6.562000141E-03  4.974584818E+00 
       148  1.937407255E-02 -1.937407255E-02  6.562000141E-03  5.004824238E+00 
       149  1.944607310E-02 -1.944607310E-02  6.562000141E-03  4.944915958E+00 
       150  1.951807365E-02 -1.951807365E-02  6.562000141E-03  5.029247188E+00 
       151  1.959007420E-02 -1.959007420E-02  6.562000141E-03  4.993684928E+00 
       152  1.966207288E-02 -1.966207288E-02  6.562000141E-03  5.139683508E+00 
       153  1.973407343E-02 -1.973407343E-02  6.562000141E-03  5.116518592E+00 
       154  1.980607398E-02 -1.980607398E-02  6.562000141E-03  5.304883400E+00 
       155  1.987807266E-02 -1.987807266E-02  6.562000141E-03  5.258080059E+00 
       156  1.995007321E-02 -1.995007321E-02  6.562000141E-03  5.457961194E+00 
       157  2.002207376E-02 -2.002207376E-02  6.562000141E-03  5.383724386E+00 
       158  2.009407431E-02 -2.009407431E-02  6.562000141E-03  5.455678381E+00 
       159  2.016607299E-02 -2.016607299E-02  6.562000141E-03  5.247726039E+00 
       160  2.023807354E-02 -2.023807354E-02  6.562000141E-03  5.211258284E+00 
       161  2.038207278E-02 -2.038207278E-02  6.562000141E-03  4.855515294E+00 
       162  2.045407332E-02 -2.045407332E-02  6.562000141E-03  4.730933957E+00 
       163  2.052607387E-02 -2.052607387E-02  6.562000141E-03  4.631248452E+00 
       164  2.059807442E-02 -2.059807442E-02  6.562000141E-03  4.686962842E+00 
       165  2.067007311E-02 -2.067007311E-02  6.562000141E-03  4.637057748E+00 
       166  2.074207366E-02 -2.074207366E-02  6.562000141E-03  4.597747748E+00 
       167  2.081407234E-02 -2.081407234E-02  6.562000141E-03  4.573152778E+00 
       168  2.088592015E-02 -2.088592015E-02  6.562000141E-03  4.631281704E+00 
       169  2.093681321E-02 -2.093681321E-02  6.562000606E-03  4.658217221E+00 
       170  2.101956122E-02 -2.101956122E-02  6.562000606E-03  4.723889832E+00 
       171  2.107902244E-02 -2.107902244E-02  6.562000606E-03  4.785777846E+00 
       172  2.110386454E-02 -2.110386454E-02  6.562000606E-03  4.665124987E+00 
       173  2.112595551E-02 -2.112595551E-02  6.562000606E-03  4.298723119E+00 
       174  2.114437334E-02 -2.114437334E-02  6.562000606E-03  3.690297797E+00 
       175  2.115972713E-02 -2.115972713E-02  6.562000606E-03  3.014731019E+00 
       176  2.117252536E-02 -2.117252536E-02  6.562000141E-03  2.370789756E+00 
       177  2.118319459E-02 -2.118319459E-02  6.562000141E-03  1.793439030E+00 
       178  2.119208500E-02 -2.119208500E-02  6.562000141E-03  1.289112507E+00 
       179  2.119949646E-02 -2.119949646E-02  6.562000141E-03  8.541034314E-01 
       180  2.120567486E-02 -2.120567486E-02  6.562000141E-03  4.809440288E-01 
       181  2.121082321E-02 -2.121082321E-02  6.562000141E-03  1.618069573E-01 
