cellnumber     x-coordinate     y-coordinate     z-coordinate velocity-magnitude 
         1  1.899245940E-02 -1.899245940E-02  6.562000606E-03  5.339586366E+00 
         2  1.905349456E-02 -1.905349456E-02  6.562000606E-03  5.325410320E+00 
         3  1.914011873E-02 -1.914011873E-02  6.562000141E-03  5.312631851E+00 
         4  1.923859492E-02 -1.923859492E-02  6.562000141E-03  5.287447270E+00 
         5  2.031007409E-02 -2.031007409E-02  6.562000141E-03  4.692344724E+00 
         6  2.023807354E-02 -2.023807354E-02  6.562000141E-03  4.831004096E+00 
         7  2.016607299E-02 -2.016607299E-02  6.562000141E-03  4.955957541E+00 
         8  2.009407431E-02 -2.009407431E-02  6.562000141E-03  5.035831321E+00 
         9  2.002207376E-02 -2.002207376E-02  6.562000141E-03  5.102159844E+00 
        10  1.995007321E-02 -1.995007321E-02  6.562000141E-03  5.135477380E+00 
        11  1.987807266E-02 -1.987807266E-02  6.562000141E-03  5.166964364E+00 
        12  1.980607398E-02 -1.980607398E-02  6.562000141E-03  5.177295367E+00 
        13  1.973407343E-02 -1.973407343E-02  6.562000141E-03  5.197172945E+00 
        14  1.966207288E-02 -1.966207288E-02  6.562000141E-03  5.202671244E+00 
        15  1.959007233E-02 -1.959007233E-02  6.562000141E-03  5.223180543E+00 
        16  1.951807365E-02 -1.951807365E-02  6.562000141E-03  5.230511413E+00 
        17  1.944607310E-02 -1.944607310E-02  6.562000141E-03  5.252591464E+00 
        18  1.937407255E-02 -1.937407441E-02  6.562000141E-03  5.260283007E+00 
        19  1.930207387E-02 -1.930207387E-02  6.562000141E-03  5.281136741E+00 
        20  2.038207278E-02 -2.038207278E-02  6.562000141E-03  4.510529083E+00 
        21  2.045407332E-02 -2.045407332E-02  6.562000141E-03  4.337277934E+00 
        22  2.052607387E-02 -2.052607387E-02  6.562000141E-03  4.148563092E+00 
        23  2.059807256E-02 -2.059807256E-02  6.562000141E-03  3.996512554E+00 
        24  2.067007311E-02 -2.067007311E-02  6.562000141E-03  3.858378180E+00 
        25  2.074207366E-02 -2.074207366E-02  6.562000141E-03  3.754359569E+00 
        26  2.081407420E-02 -2.081407420E-02  6.562000141E-03  3.667804090E+00 
        27  2.088592015E-02 -2.088592015E-02  6.562000141E-03  3.586074691E+00 
        28  2.093681321E-02 -2.093681321E-02  6.562000141E-03  3.506233186E+00 
        29  2.101955935E-02 -2.101955935E-02  6.562000141E-03  3.398951698E+00 
        30  2.107902244E-02 -2.107902244E-02  6.562000606E-03  3.270217013E+00 
        31  2.110386454E-02 -2.110386454E-02  6.562000606E-03  3.069668259E+00 
        32  2.112595551E-02 -2.112595551E-02  6.562000606E-03  2.810235533E+00 
        33  2.114437334E-02 -2.114437334E-02  6.562000606E-03  2.473844530E+00 
        34  2.115972713E-02 -2.115972713E-02  6.562000606E-03  2.083118793E+00 
        35  2.117252536E-02 -2.117252536E-02  6.562000141E-03  1.670618286E+00 
        36  2.118319459E-02 -2.118319459E-02  6.562000141E-03  1.271574835E+00 
        37  2.119208500E-02 -2.119208500E-02  6.562000141E-03  9.112081102E-01 
        38  2.119949646E-02 -2.119949646E-02  6.562000141E-03  5.987779715E-01 
        39  2.120567486E-02 -2.120567486E-02  6.562000141E-03  3.335188696E-01 
        40  2.121082321E-02 -2.121082321E-02  6.562000141E-03  1.107019105E-01 
        41  2.830280224E-03 -2.830280224E-03  6.562000606E-03  1.047149553E+00 
        42  2.835373860E-03 -2.835373860E-03  6.562000606E-03  1.048547957E+00 
        43  2.841493115E-03 -2.841493115E-03  6.562000141E-03  1.049211293E+00 
        44  2.848849166E-03 -2.848849166E-03  6.562000141E-03  1.048485032E+00 
        45  2.857688349E-03 -2.857688349E-03  6.562000141E-03  1.045367411E+00 
        46  2.868303098E-03 -2.868303098E-03  6.562000606E-03  1.038458445E+00 
        47  2.881055698E-03 -2.881055698E-03  6.562000606E-03  1.026002840E+00 
        48  2.896386897E-03 -2.896386897E-03  6.562000606E-03  1.006314225E+00 
        49  2.914825454E-03 -2.914825454E-03  6.562000606E-03  9.788895556E-01 
        50  2.937011421E-03 -2.937011421E-03  6.562000606E-03  9.461635005E-01 
        51  2.967901761E-03 -2.967901761E-03  6.562000606E-03  9.027784466E-01 
        52  3.022594377E-03 -3.022594377E-03  6.562000141E-03  8.682212276E-01 
        53  3.099788912E-03 -3.099788912E-03  6.562000606E-03  8.196835011E-01 
        54  3.195532598E-03 -3.195534460E-03  6.562000606E-03  7.868592621E-01 
        55  3.312502056E-03 -3.312505549E-03  6.562000141E-03  7.559048614E-01 
        56  3.437501844E-03 -3.437505569E-03  6.562000141E-03  7.328340308E-01 
        57  3.562501865E-03 -3.562505590E-03  6.562000141E-03  7.148655259E-01 
        58  3.687501885E-03 -3.687505610E-03  6.562000141E-03  6.996895810E-01 
        59  3.812501905E-03 -3.812505398E-03  6.562000141E-03  6.855960595E-01 
        60  3.937501926E-03 -3.937505651E-03  6.562000141E-03  6.717376052E-01 
        61  4.062502179E-03 -4.062505439E-03  6.562000141E-03  6.590010571E-01 
        62  4.187501967E-03 -4.187505692E-03  6.562000141E-03  6.489581991E-01 
        63  4.312502220E-03 -4.312505480E-03  6.562000141E-03  6.420981640E-01 
        64  4.812501837E-03 -4.812505562E-03  6.562000141E-03  6.035867999E-01 
        65  4.937502090E-03 -4.937505815E-03  6.562000141E-03  5.846880849E-01 
        66  5.062501878E-03 -5.062505603E-03  6.562000141E-03  5.635157554E-01 
        67  5.187502131E-03 -5.187505856E-03  6.562000141E-03  5.424620958E-01 
        68  5.312501919E-03 -5.312505644E-03  6.562000141E-03  5.274062995E-01 
        69  5.437501706E-03 -5.437505897E-03  6.562000141E-03  5.288082027E-01 
        70  5.562501960E-03 -5.562505685E-03  6.562000141E-03  5.586292189E-01 
        71  5.687501747E-03 -5.687505938E-03  6.562000141E-03  6.183564676E-01 
        72  5.812502000E-03 -5.812505726E-03  6.562000141E-03  6.903092195E-01 
        73  5.937501788E-03 -5.937505979E-03  6.562000141E-03  7.533954546E-01 
        74  6.062502041E-03 -6.062505767E-03  6.562000141E-03  7.919640860E-01 
        75  6.187501829E-03 -6.187505554E-03  6.562000141E-03  7.662515733E-01 
        76  6.312502082E-03 -6.312505808E-03  6.562000141E-03  6.675631598E-01 
        77  6.437501870E-03 -6.437505595E-03  6.562000141E-03  6.832378726E-01 
        78  6.562501658E-03 -6.562505849E-03  6.562000141E-03  8.670395236E-01 
        79  6.687501911E-03 -6.687505636E-03  6.562000141E-03  1.102971007E+00 
        80  6.812501699E-03 -6.812505890E-03  6.562000141E-03  1.333791806E+00 
        81  6.937501952E-03 -6.937505677E-03  6.562000141E-03  1.545921149E+00 
        82  7.062501740E-03 -7.062505931E-03  6.562000141E-03  1.729394312E+00 
        83  7.187501993E-03 -7.187505718E-03  6.562000141E-03  1.886742846E+00 
        84  7.312501781E-03 -7.312505972E-03  6.562000141E-03  2.013858333E+00 
        85  7.437502034E-03 -7.437505759E-03  6.562000141E-03  2.096281832E+00 
        86  7.562501822E-03 -7.562506013E-03  6.562000141E-03  2.133879432E+00 
        87  7.687501609E-03 -7.687505800E-03  6.562000141E-03  2.160198642E+00 
        88  7.812501863E-03 -7.812505588E-03  6.562000141E-03  2.197555772E+00 
        89  7.937502116E-03 -7.937505841E-03  6.562000141E-03  2.245820211E+00 
        90  8.062501438E-03 -8.062506095E-03  6.562000141E-03  2.307741802E+00 
        91  4.687502049E-03 -4.687505774E-03  6.562000141E-03  6.189877443E-01 
        92  4.562501796E-03 -4.562505521E-03  6.562000141E-03  6.299376519E-01 
        93  4.437502008E-03 -4.437505733E-03  6.562000141E-03  6.367743661E-01 
        94  8.187501691E-03 -8.187506348E-03  6.562000141E-03  2.394161268E+00 
        95  8.312501945E-03 -8.312505670E-03  6.562000141E-03  2.510452579E+00 
        96  8.437502198E-03 -8.437505923E-03  6.562000141E-03  2.637897122E+00 
        97  8.562501520E-03 -8.562506177E-03  6.562000141E-03  2.742536967E+00 
        98  8.687501773E-03 -8.687505499E-03  6.562000141E-03  2.806872572E+00 
        99  8.812502027E-03 -8.812505752E-03  6.562000141E-03  2.842798608E+00 
       100  8.937501349E-03 -8.937506005E-03  6.562000141E-03  2.870820918E+00 
       101  9.062501602E-03 -9.062506258E-03  6.562000141E-03  2.898110087E+00 
       102  9.187501855E-03 -9.187505580E-03  6.562000141E-03  2.926308053E+00 
       103  9.312502109E-03 -9.312505834E-03  6.562000141E-03  2.955683944E+00 
       104  9.437501431E-03 -9.437506087E-03  6.562000141E-03  2.986258455E+00 
       105  9.562501684E-03 -9.562506340E-03  6.562000141E-03  3.018070852E+00 
       106  9.687501937E-03 -9.687505662E-03  6.562000141E-03  3.051255167E+00 
       107  9.812501259E-03 -9.812505916E-03  6.562000141E-03  3.085982481E+00 
       108  9.937501512E-03 -9.937506169E-03  6.562000141E-03  3.122378332E+00 
       109  1.006250177E-02 -1.006250642E-02  6.562000141E-03  3.160409025E+00 
       110  1.018750202E-02 -1.018750574E-02  6.562000141E-03  3.199825458E+00 
       111  1.031250134E-02 -1.031250600E-02  6.562000141E-03  3.240178391E+00 
       112  1.043750159E-02 -1.043750625E-02  6.562000141E-03  3.280885342E+00 
       113  1.056250185E-02 -1.056250650E-02  6.562000141E-03  3.321355393E+00 
       114  1.068750210E-02 -1.068750583E-02  6.562000141E-03  3.361126501E+00 
       115  1.081250142E-02 -1.081250608E-02  6.562000141E-03  3.399984036E+00 
       116  1.093750168E-02 -1.093750633E-02  6.562000141E-03  3.438025655E+00 
       117  1.106250193E-02 -1.106250565E-02  6.562000141E-03  3.475642989E+00 
       118  1.118750125E-02 -1.118750591E-02  6.562000141E-03  3.513418586E+00 
       119  1.131250151E-02 -1.131250616E-02  6.562000141E-03  3.551974116E+00 
       120  1.143750176E-02 -1.143750641E-02  6.562000141E-03  3.591824392E+00 
       121  1.156250201E-02 -1.156250574E-02  6.562000141E-03  3.633285738E+00 
       122  1.168750133E-02 -1.168750599E-02  6.562000141E-03  3.676461204E+00 
       123  1.181250159E-02 -1.181250624E-02  6.562000141E-03  3.721280579E+00 
       124  1.193750184E-02 -1.193750650E-02  6.562000141E-03  3.767574948E+00 
       125  1.206250116E-02 -1.206250582E-02  6.562000141E-03  3.815173310E+00 
       126  1.218750142E-02 -1.218750607E-02  6.562000141E-03  3.863929829E+00 
       127  1.231250167E-02 -1.231250633E-02  6.562000141E-03  3.913777834E+00 
       128  1.243750192E-02 -1.243750658E-02  6.562000141E-03  3.964756957E+00 
       129  1.256250124E-02 -1.256250590E-02  6.562000141E-03  4.017003470E+00 
       130  1.268750150E-02 -1.268750615E-02  6.562000141E-03  4.070812001E+00 
       131  1.281250175E-02 -1.281250641E-02  6.562000141E-03  4.126635634E+00 
       132  1.293750107E-02 -1.293750573E-02  6.562000141E-03  4.184701499E+00 
       133  1.306250133E-02 -1.306250598E-02  6.562000141E-03  4.245254034E+00 
       134  1.318750158E-02 -1.318750624E-02  6.562000141E-03  4.308260501E+00 
       135  1.331250183E-02 -1.331250649E-02  6.562000141E-03  4.373052661E+00 
       136  1.343750115E-02 -1.343750581E-02  6.562000141E-03  4.438136282E+00 
       137  1.356250141E-02 -1.356250606E-02  6.562000141E-03  4.501641376E+00 
       138  1.368750166E-02 -1.368750632E-02  6.562000141E-03  4.561799758E+00 
       139  1.381250191E-02 -1.381250657E-02  6.562000141E-03  4.617212903E+00 
       140  1.393750124E-02 -1.393750589E-02  6.562000141E-03  4.667276672E+00 
       141  1.406250149E-02 -1.406250615E-02  6.562000141E-03  4.712213799E+00 
       142  1.418750174E-02 -1.418750640E-02  6.562000141E-03  4.752791710E+00 
       143  1.431250107E-02 -1.431250665E-02  6.562000141E-03  4.789987513E+00 
       144  1.443750132E-02 -1.443750598E-02  6.562000141E-03  4.824739774E+00 
       145  1.456250157E-02 -1.456250623E-02  6.562000141E-03  4.857896045E+00 
       146  1.468750183E-02 -1.468750648E-02  6.562000141E-03  4.890146824E+00 
       147  1.481250115E-02 -1.481250674E-02  6.562000141E-03  4.922053526E+00 
       148  1.493750140E-02 -1.493750606E-02  6.562000141E-03  4.954171496E+00 
       149  1.506250165E-02 -1.506250631E-02  6.562000141E-03  4.987249673E+00 
       150  1.518750098E-02 -1.518750656E-02  6.562000141E-03  5.022501204E+00 
       151  1.531250123E-02 -1.531250589E-02  6.562000141E-03  5.061857152E+00 
       152  1.543750148E-02 -1.543750614E-02  6.562000141E-03  5.108131362E+00 
       153  1.556250174E-02 -1.556250639E-02  6.562000141E-03  5.165094548E+00 
       154  1.568750106E-02 -1.568750665E-02  6.562000141E-03  5.235179762E+00 
       155  1.868750155E-02 -1.868750714E-02  6.562000141E-03  5.393126741E+00 
       156  1.856250130E-02 -1.856250688E-02  6.562000141E-03  5.409752925E+00 
       157  1.843750104E-02 -1.843750663E-02  6.562000141E-03  5.427080541E+00 
       158  1.831250079E-02 -1.831250638E-02  6.562000141E-03  5.446321612E+00 
       159  1.818750054E-02 -1.818750612E-02  6.562000141E-03  5.467193799E+00 
       160  1.806250028E-02 -1.806250587E-02  6.562000141E-03  5.488492166E+00 
       161  1.793750003E-02 -1.793750562E-02  6.562000141E-03  5.508517803E+00 
       162  1.781250164E-02 -1.781250536E-02  6.562000141E-03  5.525003892E+00 
       163  1.768750139E-02 -1.768750697E-02  6.562000141E-03  5.536248504E+00 
       164  1.756250113E-02 -1.756250672E-02  6.562000141E-03  5.548031414E+00 
       165  1.743750088E-02 -1.743750647E-02  6.562000141E-03  5.569944289E+00 
       166  1.731250063E-02 -1.731250621E-02  6.562000141E-03  5.601471087E+00 
       167  1.718750037E-02 -1.718750596E-02  6.562000141E-03  5.635121373E+00 
       168  1.706250012E-02 -1.706250571E-02  6.562000141E-03  5.664422357E+00 
       169  1.693750173E-02 -1.693750545E-02  6.562000141E-03  5.685381362E+00 
       170  1.681250148E-02 -1.681250706E-02  6.562000141E-03  5.695216582E+00 
       171  1.668750122E-02 -1.668750681E-02  6.562000141E-03  5.693132560E+00 
       172  1.656250097E-02 -1.656250656E-02  6.562000141E-03  5.680011218E+00 
       173  1.643750072E-02 -1.643750630E-02  6.562000141E-03  5.653677192E+00 
       174  1.631250046E-02 -1.631250605E-02  6.562000141E-03  5.612565833E+00 
       175  1.618750021E-02 -1.618750580E-02  6.562000141E-03  5.555931091E+00 
       176  1.606250182E-02 -1.606250554E-02  6.562000141E-03  5.484679233E+00 
       177  1.593750156E-02 -1.593750529E-02  6.562000141E-03  5.402555925E+00 
       178  1.581250131E-02 -1.581250690E-02  6.562000141E-03  5.316537980E+00 
       179  1.880351081E-02 -1.880351454E-02  6.562000141E-03  5.373748932E+00 
       180  1.890108548E-02 -1.890108548E-02  6.562000141E-03  5.358441884E+00 
       181  1.895662583E-02 -1.895662583E-02  6.562000141E-03  5.343794175E+00 
