cellnumber     x-coordinate     y-coordinate     z-coordinate velocity-magnitude 
         1  2.830350772E-03 -2.830350772E-03  6.562000141E-03  1.038601475E+00 
         2  2.835454186E-03 -2.835454186E-03  6.562000606E-03  1.022674659E+00 
         3  2.841583686E-03 -2.841583686E-03  6.562000141E-03  1.002347659E+00 
         4  2.848947421E-03 -2.848947421E-03  6.562000606E-03  9.762072964E-01 
         5  2.857795218E-03 -2.857795218E-03  6.562000606E-03  9.425383081E-01 
         6  2.868429059E-03 -2.868429059E-03  6.561999675E-03  8.995796905E-01 
         7  2.881214023E-03 -2.881214023E-03  6.562000141E-03  8.463553646E-01 
         8  2.896590624E-03 -2.896590624E-03  6.562000606E-03  7.843335719E-01 
         9  7.812497206E-03 -7.812495343E-03  6.562000141E-03  2.468951489E+00 
        10  7.937497459E-03 -7.937495597E-03  6.562000141E-03  2.402080450E+00 
        11  8.062497713E-03 -8.062494919E-03  6.562000141E-03  2.270697754E+00 
        12  8.187497035E-03 -8.187495172E-03  6.562000141E-03  2.077739247E+00 
        13  8.312497288E-03 -8.312495425E-03  6.562000141E-03  1.980524635E+00 
        14  8.437497541E-03 -8.437495679E-03  6.562000141E-03  2.097924577E+00 
        15  8.562497795E-03 -8.562495001E-03  6.562000141E-03  2.408149733E+00 
        16  8.687497117E-03 -8.687495254E-03  6.562000141E-03  2.702342832E+00 
        17  8.812497370E-03 -8.812495507E-03  6.562000141E-03  2.875154046E+00 
        18  8.937497623E-03 -8.937495761E-03  6.562000141E-03  2.966091060E+00 
        19  9.062496945E-03 -9.062495083E-03  6.562000141E-03  3.025500425E+00 
        20  9.187497199E-03 -9.187495336E-03  6.562000141E-03  3.070887038E+00 
        21  9.312497452E-03 -9.312495589E-03  6.562000141E-03  3.107016205E+00 
        22  9.437497705E-03 -9.437495843E-03  6.562000141E-03  3.136145588E+00 
        23  9.562497027E-03 -9.562495165E-03  6.562000141E-03  3.160044908E+00 
        24  9.687497281E-03 -9.687495418E-03  6.562000141E-03  3.180273960E+00 
        25  9.812497534E-03 -9.812495671E-03  6.562000141E-03  3.198279327E+00 
        26  9.937497787E-03 -9.937495925E-03  6.562000141E-03  3.215519534E+00 
        27  1.006249711E-02 -1.006249525E-02  6.562000141E-03  3.233624154E+00 
        28  1.018749736E-02 -1.018749550E-02  6.562000141E-03  3.254412879E+00 
        29  1.031249762E-02 -1.031249575E-02  6.562000141E-03  3.279713025E+00 
        30  1.043749694E-02 -1.043749508E-02  6.562000141E-03  3.310883217E+00 
        31  1.056249719E-02 -1.056249533E-02  6.562000141E-03  3.348228764E+00 
        32  1.068749744E-02 -1.068749558E-02  6.562000141E-03  3.390687238E+00 
        33  1.081249770E-02 -1.081249584E-02  6.562000141E-03  3.436092347E+00 
        34  1.093749702E-02 -1.093749516E-02  6.562000141E-03  3.481903634E+00 
        35  1.106249727E-02 -1.106249541E-02  6.562000141E-03  3.525988436E+00 
        36  1.118749753E-02 -1.118749566E-02  6.562000141E-03  3.567084596E+00 
        37  1.131249685E-02 -1.131249592E-02  6.562000141E-03  3.604848497E+00 
        38  1.143749710E-02 -1.143749524E-02  6.562000141E-03  3.639632091E+00 
        39  1.156249736E-02 -1.156249549E-02  6.562000141E-03  3.672193221E+00 
        40  1.168749761E-02 -1.168749575E-02  6.562000141E-03  3.703468849E+00 
        41  1.181249693E-02 -1.181249600E-02  6.562000141E-03  3.734442863E+00 
        42  1.193749718E-02 -1.193749532E-02  6.562000141E-03  3.766101305E+00 
        43  1.206249744E-02 -1.206249557E-02  6.562000141E-03  3.799439298E+00 
        44  1.218749676E-02 -1.218749583E-02  6.562000141E-03  3.835557562E+00 
        45  1.231249701E-02 -1.231249608E-02  6.562000141E-03  3.875769903E+00 
        46  1.243749727E-02 -1.243749540E-02  6.562000141E-03  3.921804852E+00 
        47  1.256249752E-02 -1.256249566E-02  6.562000141E-03  3.975926159E+00 
        48  1.268749684E-02 -1.268749591E-02  6.562000141E-03  4.040644931E+00 
        49  1.281249709E-02 -1.281249523E-02  6.562000141E-03  4.117498998E+00 
        50  1.293749735E-02 -1.293749548E-02  6.562000141E-03  4.204955081E+00 
        51  1.306249667E-02 -1.306249574E-02  6.562000141E-03  4.297288553E+00 
        52  1.318749692E-02 -1.318749599E-02  6.562000141E-03  4.386607184E+00 
        53  1.331249718E-02 -1.331249531E-02  6.562000141E-03  4.466889090E+00 
        54  1.343749743E-02 -1.343749557E-02  6.562000141E-03  4.536342122E+00 
        55  1.356249675E-02 -1.356249582E-02  6.562000141E-03  4.596424740E+00 
        56  1.368749700E-02 -1.368749607E-02  6.562000141E-03  4.649681694E+00 
        57  1.381249726E-02 -1.381249540E-02  6.562000141E-03  4.698407428E+00 
        58  1.393749751E-02 -1.393749565E-02  6.562000141E-03  4.744355589E+00 
        59  1.406249683E-02 -1.406249590E-02  6.562000141E-03  4.788855049E+00 
        60  1.418749709E-02 -1.418749616E-02  6.562000141E-03  4.832959203E+00 
        61  1.431249734E-02 -1.431249548E-02  6.562000141E-03  4.877525215E+00 
        62  1.443749666E-02 -1.443749573E-02  6.562000141E-03  4.923239477E+00 
        63  1.456249692E-02 -1.456249598E-02  6.562000141E-03  4.970658323E+00 
        64  1.468749717E-02 -1.468749624E-02  6.562000141E-03  5.020337757E+00 
        65  1.481249742E-02 -1.481249556E-02  6.562000141E-03  5.073126296E+00 
        66  1.493749674E-02 -1.493749581E-02  6.562000141E-03  5.130542348E+00 
        67  1.506249700E-02 -1.506249607E-02  6.562000141E-03  5.194596037E+00 
        68  1.518749725E-02 -1.518749539E-02  6.562000141E-03  5.266711731E+00 
        69  1.531249657E-02 -1.531249564E-02  6.562000141E-03  5.347000996E+00 
        70  1.543749683E-02 -1.543749589E-02  6.562000141E-03  5.434438451E+00 
        71  1.556249708E-02 -1.556249615E-02  6.562000141E-03  5.526780498E+00 
        72  1.568749733E-02 -1.568749547E-02  6.562000141E-03  5.617772908E+00 
        73  1.581249759E-02 -1.581249572E-02  6.562000141E-03  5.694126041E+00 
        74  1.593749598E-02 -1.593749598E-02  6.562000141E-03  5.740635410E+00 
        75  1.606249623E-02 -1.606249623E-02  6.562000141E-03  5.756021026E+00 
        76  1.895096339E-02 -1.895096339E-02  6.562000141E-03  5.016394627E+00 
        77  1.890101843E-02 -1.890101843E-02  6.562000141E-03  5.022958786E+00 
        78  1.880909875E-02 -1.880909875E-02  6.562000141E-03  5.034574198E+00 
        79  1.868749596E-02 -1.868749596E-02  6.562000141E-03  5.058801834E+00 
        80  1.856249571E-02 -1.856249571E-02  6.562000141E-03  5.091787934E+00 
        81  1.843749732E-02 -1.843749546E-02  6.562000141E-03  5.127730372E+00 
        82  1.831249706E-02 -1.831249520E-02  6.562000141E-03  5.164026221E+00 
        83  1.818749681E-02 -1.818749495E-02  6.562000141E-03  5.199658382E+00 
        84  1.806249656E-02 -1.806249656E-02  6.562000141E-03  5.235372607E+00 
        85  1.793749630E-02 -1.793749630E-02  6.562000141E-03  5.271537910E+00 
        86  1.781249605E-02 -1.781249605E-02  6.562000141E-03  5.309624777E+00 
        87  1.768749580E-02 -1.768749580E-02  6.562000141E-03  5.352018755E+00 
        88  1.756249741E-02 -1.756249554E-02  6.562000141E-03  5.401521863E+00 
        89  1.743749715E-02 -1.743749529E-02  6.562000141E-03  5.460574914E+00 
        90  1.731249690E-02 -1.731249504E-02  6.562000141E-03  5.529582273E+00 
        91  1.718749665E-02 -1.718749478E-02  6.562000141E-03  5.604714474E+00 
        92  1.706249639E-02 -1.706249639E-02  6.562000141E-03  5.676012842E+00 
        93  1.693749614E-02 -1.693749614E-02  6.562000141E-03  5.730403721E+00 
        94  1.681249589E-02 -1.681249589E-02  6.562000141E-03  5.759673706E+00 
        95  1.668749750E-02 -1.668749563E-02  6.562000141E-03  5.766246538E+00 
        96  1.656249724E-02 -1.656249538E-02  6.562000141E-03  5.760340259E+00 
        97  1.643749699E-02 -1.643749513E-02  6.562000141E-03  5.753099019E+00 
        98  1.631249674E-02 -1.631249487E-02  6.562000141E-03  5.751126801E+00 
        99  1.618749648E-02 -1.618749648E-02  6.562000141E-03  5.754507052E+00 
       100  1.899245940E-02 -1.899245940E-02  6.562000606E-03  5.018959386E+00 
       101  1.905349456E-02 -1.905349456E-02  6.562000606E-03  5.015265244E+00 
       102  1.914011873E-02 -1.914011873E-02  6.562000141E-03  5.012639588E+00 
       103  1.923859492E-02 -1.923859492E-02  6.562000141E-03  5.011049386E+00 
       104  2.031007409E-02 -2.031007409E-02  6.562000141E-03  5.052082169E+00 
       105  2.023807354E-02 -2.023807354E-02  6.562000141E-03  5.050179594E+00 
       106  2.016607299E-02 -2.016607299E-02  6.562000141E-03  5.063876744E+00 
       107  2.009407431E-02 -2.009407431E-02  6.562000141E-03  5.049135298E+00 
       108  2.002207376E-02 -2.002207376E-02  6.562000141E-03  5.061340260E+00 
       109  1.995007321E-02 -1.995007321E-02  6.562000141E-03  5.043892498E+00 
       110  1.987807266E-02 -1.987807266E-02  6.562000141E-03  5.055112925E+00 
       111  1.980607398E-02 -1.980607398E-02  6.562000141E-03  5.034300037E+00 
       112  1.973407343E-02 -1.973407343E-02  6.562000141E-03  5.043112673E+00 
       113  1.966207288E-02 -1.966207288E-02  6.562000141E-03  5.022164334E+00 
       114  1.959007233E-02 -1.959007233E-02  6.562000141E-03  5.029761838E+00 
       115  1.951807365E-02 -1.951807365E-02  6.562000141E-03  5.013456348E+00 
       116  1.944607310E-02 -1.944607310E-02  6.562000141E-03  5.020647690E+00 
       117  1.937407255E-02 -1.937407441E-02  6.562000141E-03  5.010482506E+00 
       118  1.930207387E-02 -1.930207387E-02  6.562000141E-03  5.017114793E+00 
       119  2.038207278E-02 -2.038207278E-02  6.562000141E-03  5.028394339E+00 
       120  2.045407332E-02 -2.045407332E-02  6.562000141E-03  4.996465855E+00 
       121  2.052607387E-02 -2.052607387E-02  6.562000141E-03  4.954050553E+00 
       122  2.059807256E-02 -2.059807256E-02  6.562000141E-03  4.881202308E+00 
       123  2.067007311E-02 -2.067007311E-02  6.562000141E-03  4.830122661E+00 
       124  2.074207366E-02 -2.074207366E-02  6.562000141E-03  4.751695766E+00 
       125  2.081407420E-02 -2.081407420E-02  6.562000141E-03  4.711233499E+00 
       126  2.088592015E-02 -2.088592015E-02  6.562000141E-03  4.646975422E+00 
       127  2.093681321E-02 -2.093681321E-02  6.562000141E-03  4.592985847E+00 
       128  2.101955935E-02 -2.101955935E-02  6.562000141E-03  4.498244357E+00 
       129  2.107902244E-02 -2.107902244E-02  6.562000606E-03  4.378749919E+00 
       130  2.110386454E-02 -2.110386454E-02  6.562000606E-03  4.177257792E+00 
       131  2.112595551E-02 -2.112595551E-02  6.562000606E-03  3.882025000E+00 
       132  2.114437334E-02 -2.114437334E-02  6.562000606E-03  3.467264096E+00 
       133  2.115972713E-02 -2.115972713E-02  6.562000606E-03  2.963907474E+00 
       134  2.117252536E-02 -2.117252536E-02  6.562000141E-03  2.412531196E+00 
       135  2.118319459E-02 -2.118319459E-02  6.562000141E-03  1.856287403E+00 
       136  2.119208500E-02 -2.119208500E-02  6.562000141E-03  1.338327253E+00 
       137  2.119949646E-02 -2.119949646E-02  6.562000141E-03  8.832063844E-01 
       138  2.120567486E-02 -2.120567486E-02  6.562000141E-03  4.940074712E-01 
       139  2.121082321E-02 -2.121082321E-02  6.562000141E-03  1.647997539E-01 
       140  2.915092511E-03 -2.915092511E-03  6.562000141E-03  7.194594244E-01 
       141  2.937367652E-03 -2.937367652E-03  6.561999675E-03  6.614967027E-01 
       142  2.973292954E-03 -2.973292954E-03  6.562000141E-03  6.057923403E-01 
       143  3.061023075E-03 -3.061021678E-03  6.562000606E-03  5.398960635E-01 
       144  3.187497612E-03 -3.187494818E-03  6.562000141E-03  4.951629183E-01 
       145  3.312497633E-03 -3.312494839E-03  6.562000141E-03  4.704642111E-01 
       146  3.437497653E-03 -3.437494859E-03  6.562000141E-03  4.528478701E-01 
       147  3.562497674E-03 -3.562494880E-03  6.562000141E-03  4.394089988E-01 
       148  3.687497694E-03 -3.687494900E-03  6.562000141E-03  4.290280154E-01 
       149  3.812497482E-03 -3.812494921E-03  6.562000141E-03  4.217144765E-01 
       150  3.937497735E-03 -3.937494941E-03  6.562000141E-03  4.182315610E-01 
       151  4.062497523E-03 -4.062495194E-03  6.562000141E-03  4.196686192E-01 
       152  4.187497776E-03 -4.187494982E-03  6.562000141E-03  4.270783519E-01 
       153  4.312497564E-03 -4.312495235E-03  6.562000141E-03  4.412349768E-01 
       154  4.437497817E-03 -4.437495023E-03  6.562000141E-03  4.628042533E-01 
       155  4.562497605E-03 -4.562495276E-03  6.562000141E-03  4.924367715E-01 
       156  4.687497858E-03 -4.687495064E-03  6.562000141E-03  5.301444059E-01 
       157  4.812497646E-03 -4.812495317E-03  6.562000141E-03  5.733272481E-01 
       158  4.937497433E-03 -4.937495105E-03  6.562000141E-03  6.157400883E-01 
       159  5.062497687E-03 -5.062495358E-03  6.562000141E-03  6.507114909E-01 
       160  5.187497474E-03 -5.187495146E-03  6.562000141E-03  6.743632096E-01 
       161  5.312497728E-03 -5.312495399E-03  6.562000141E-03  6.930441536E-01 
       162  5.437497515E-03 -5.437495187E-03  6.562000141E-03  7.225610769E-01 
       163  5.562497769E-03 -5.562494975E-03  6.562000141E-03  7.701138905E-01 
       164  5.687497556E-03 -5.687495228E-03  6.562000141E-03  8.068394876E-01 
       165  5.812497344E-03 -5.812495016E-03  6.562000141E-03  7.670930471E-01 
       166  5.937497597E-03 -5.937495269E-03  6.562000141E-03  6.689263086E-01 
       167  6.062497385E-03 -6.062495057E-03  6.562000141E-03  6.112605939E-01 
       168  6.187497638E-03 -6.187495310E-03  6.562000141E-03  5.880656793E-01 
       169  6.312497426E-03 -6.312495098E-03  6.562000141E-03  5.935174668E-01 
       170  6.437497679E-03 -6.437495351E-03  6.562000141E-03  6.698906921E-01 
       171  6.562497467E-03 -6.562495138E-03  6.562000141E-03  8.367660113E-01 
       172  6.687497720E-03 -6.687495392E-03  6.562000141E-03  1.063870453E+00 
       173  6.812497508E-03 -6.812495179E-03  6.562000141E-03  1.321455143E+00 
       174  6.937497295E-03 -6.937495433E-03  6.562000141E-03  1.581314072E+00 
       175  7.062497549E-03 -7.062495220E-03  6.562000141E-03  1.815333326E+00 
       176  7.187497336E-03 -7.187495474E-03  6.562000141E-03  2.020799843E+00 
       177  7.312497590E-03 -7.312495261E-03  6.562000141E-03  2.200070048E+00 
       178  7.437497377E-03 -7.437495515E-03  6.562000141E-03  2.347763182E+00 
       179  7.562497631E-03 -7.562495302E-03  6.562000141E-03  2.450173012E+00 
       180  7.687497418E-03 -7.687495556E-03  6.562000141E-03  2.490715160E+00 
