cellnumber     x-coordinate     y-coordinate     z-coordinate velocity-magnitude 
         1 -1.849600114E-02 -1.849600114E-02  6.562000606E-03  5.438949313E+00 
         2 -1.836000010E-02 -1.836000010E-02  6.562000606E-03  5.266377002E+00 
         3 -1.808800176E-02 -1.808799990E-02  6.562000606E-03  5.522159075E+00 
         4 -1.795200072E-02 -1.795200072E-02  6.562000606E-03  5.770092079E+00 
         5 -1.768000051E-02 -1.768000051E-02  6.562000606E-03  5.934210638E+00 
         6 -1.713600010E-02 -1.713600010E-02  6.562000606E-03  6.119896218E+00 
         7 -1.659200154E-02 -1.659199968E-02  6.562000606E-03  5.861765603E+00 
         8 -1.604800113E-02 -1.604800113E-02  6.562000606E-03  5.496569075E+00 
         9 -1.550400071E-02 -1.550400071E-02  6.562000606E-03  5.429353497E+00 
        10 -1.496000122E-02 -1.496000122E-02  6.562000606E-03  5.199975610E+00 
        11 -1.441600081E-02 -1.441600081E-02  6.562000606E-03  5.022130225E+00 
        12 -1.387200132E-02 -1.387200132E-02  6.562000606E-03  5.049162178E+00 
        13 -1.332800090E-02 -1.332800090E-02  6.562000606E-03  5.026127126E+00 
        14 -1.278400049E-02 -1.278400142E-02  6.562000606E-03  4.914320619E+00 
        15 -1.224000100E-02 -1.224000100E-02  6.562000606E-03  4.666657413E+00 
        16 -1.169600058E-02 -1.169600151E-02  6.562000606E-03  4.463374820E+00 
        17 -1.115200110E-02 -1.115200110E-02  6.562000606E-03  4.198779802E+00 
        18 -1.856400073E-02 -1.856400073E-02  6.562000606E-03  5.440806610E+00 
        19 -1.869362220E-02 -1.869362220E-02  6.562000141E-03  5.096613282E+00 
        20 -1.880422793E-02 -1.880422793E-02  6.561999675E-03  4.889135646E+00 
        21 -1.885466650E-02 -1.885466650E-02  6.561999675E-03  4.610965712E+00 
        22 -1.888511144E-02 -1.888511144E-02  6.562000141E-03  4.608279678E+00 
        23 -1.892781071E-02 -1.892781071E-02  6.562000606E-03  4.525996356E+00 
        24 -1.895478927E-02 -1.895478927E-02  6.562000606E-03  4.566763034E+00 
        25 -1.898222044E-02 -1.898222044E-02  6.562000606E-03  4.469524138E+00 
        26 -1.904012822E-02 -1.904012822E-02  6.562000141E-03  4.429684518E+00 
        27 -1.912219450E-02 -1.912219450E-02  6.562000606E-03  4.448967696E+00 
        28 -1.916676387E-02 -1.916676387E-02  6.562000606E-03  4.364185719E+00 
        29 -1.923896931E-02 -1.923896931E-02  6.562000141E-03  4.374301294E+00 
        30 -1.931096986E-02 -1.931096986E-02  6.562000141E-03  4.264243511E+00 
        31 -1.938296854E-02 -1.938296854E-02  6.562000141E-03  4.201425700E+00 
        32 -1.945496909E-02 -1.945496909E-02  6.562000141E-03  4.056929310E+00 
        33 -1.952696778E-02 -1.952696778E-02  6.562000141E-03  4.024666249E+00 
        34 -1.959896833E-02 -1.959896833E-02  6.562000141E-03  3.960292759E+00 
        35 -4.080000333E-03 -4.080001265E-03  6.562000606E-03  3.974166810E-01 
        36 -3.672000254E-03 -3.672001418E-03  6.562000606E-03  4.574384295E-01 
        37 -3.536000149E-03 -3.536001313E-03  6.562000606E-03  4.563485579E-01 
        38 -3.468000330E-03 -3.468001494E-03  6.562000606E-03  4.247356900E-01 
        39 -3.331059124E-03 -3.331059590E-03  6.562000141E-03  4.570629498E-01 
        40 -3.261824371E-03 -3.261824371E-03  6.561999675E-03  4.837636874E-01 
        41 -3.216293175E-03 -3.216293175E-03  6.562000141E-03  5.015402929E-01 
        42 -3.115376690E-03 -3.115376690E-03  6.562000606E-03  5.698913473E-01 
        43 -3.026224673E-03 -3.026224673E-03  6.562000141E-03  6.848142378E-01 
        44 -2.976199379E-03 -2.976199379E-03  6.562000141E-03  7.521380025E-01 
        45 -2.945918357E-03 -2.945918357E-03  6.562000141E-03  8.066439696E-01 
        46 -2.920793602E-03 -2.920793602E-03  6.562000606E-03  8.598699435E-01 
        47 -2.899931744E-03 -2.899931744E-03  6.562000141E-03  9.071705838E-01 
        48 -2.882599132E-03 -2.882599132E-03  6.562000141E-03  9.462627721E-01 
        49 -2.868191339E-03 -2.868191339E-03  6.562000606E-03  9.770097799E-01 
        50 -2.856209641E-03 -2.856209641E-03  6.562000141E-03  1.000498624E+00 
        51 -2.846241929E-03 -2.846241929E-03  6.562000606E-03  1.018190523E+00 
        52 -2.837947803E-03 -2.837947803E-03  6.562000141E-03  1.031438582E+00 
        53 -2.831044141E-03 -2.831044141E-03  6.562000606E-03  1.041365150E+00 
        54 -1.060800068E-02 -1.060800161E-02  6.562000606E-03  3.904893059E+00 
        55 -1.006400026E-02 -1.006400120E-02  6.562000606E-03  3.598448721E+00 
        56 -9.520000778E-03 -9.520000778E-03  6.562000606E-03  3.310858934E+00 
        57 -8.976000361E-03 -8.976001292E-03  6.562000606E-03  3.051464351E+00 
        58 -8.432000875E-03 -8.432000875E-03  6.562000606E-03  2.948575275E+00 
        59 -7.888000458E-03 -7.888001390E-03  6.562000606E-03  2.733370908E+00 
        60 -7.344000507E-03 -7.344001438E-03  6.562000606E-03  2.645255819E+00 
        61 -6.800000556E-03 -6.800001487E-03  6.562000606E-03  1.855465431E+00 
        62 -6.256000604E-03 -6.256001536E-03  6.562000606E-03  2.277050551E+00 
        63 -5.712000187E-03 -5.712001119E-03  6.562000606E-03  6.656509761E-01 
        64 -5.168000236E-03 -5.168001167E-03  6.562000606E-03  5.197378054E-01 
        65 -4.624000285E-03 -4.624001216E-03  6.562000606E-03  3.515764700E-01 
        66 -1.967096888E-02 -1.967096888E-02  6.562000141E-03  3.947262827E+00 
        67 -1.974296942E-02 -1.974296942E-02  6.562000141E-03  3.798386108E+00 
        68 -1.981496811E-02 -1.981496811E-02  6.562000141E-03  3.649009746E+00 
        69 -1.988696866E-02 -1.988696866E-02  6.562000141E-03  3.551745776E+00 
        70 -1.995896734E-02 -1.995896734E-02  6.562000141E-03  3.543376504E+00 
        71 -2.003096789E-02 -2.003096789E-02  6.562000141E-03  3.592240727E+00 
        72 -2.010296844E-02 -2.010296844E-02  6.562000141E-03  3.642495186E+00 
        73 -2.017496899E-02 -2.017496899E-02  6.562000141E-03  3.726151039E+00 
        74 -2.024696954E-02 -2.024696954E-02  6.562000141E-03  3.949291043E+00 
        75 -2.031897008E-02 -2.031897008E-02  6.562000141E-03  4.093135213E+00 
        76 -2.039096877E-02 -2.039096877E-02  6.562000141E-03  4.220950070E+00 
        77 -2.046296932E-02 -2.046296932E-02  6.562000141E-03  4.344939169E+00 
        78 -2.053496987E-02 -2.053496987E-02  6.562000141E-03  4.620635083E+00 
        79 -2.060696855E-02 -2.060696855E-02  6.562000606E-03  4.766079460E+00 
        80 -2.067896910E-02 -2.067896910E-02  6.562000141E-03  4.760213715E+00 
        81 -2.075096965E-02 -2.075096965E-02  6.562000141E-03  4.611728991E+00 
        82 -2.082296833E-02 -2.082296833E-02  6.562000141E-03  4.533233969E+00 
        83 -2.089514025E-02 -2.089514025E-02  6.562000141E-03  4.426882242E+00 
        84 -2.095155232E-02 -2.095155232E-02  6.562000141E-03  4.496093894E+00 
        85 -2.100796066E-02 -2.100796066E-02  6.562000141E-03  4.430678721E+00 
        86 -2.102797665E-02 -2.102797665E-02  6.562000141E-03  4.405091962E+00 
        87 -2.106651478E-02 -2.106651478E-02  6.562000606E-03  4.043989957E+00 
        88 -2.110337466E-02 -2.110337466E-02  6.562000606E-03  3.357991019E+00 
        89 -2.112556621E-02 -2.112556621E-02  6.562000606E-03  2.767899478E+00 
        90 -2.114406601E-02 -2.114406601E-02  6.562000606E-03  2.198723017E+00 
        91 -2.115948685E-02 -2.115948685E-02  6.562000606E-03  1.698213513E+00 
        92 -2.117234282E-02 -2.117234282E-02  6.562000606E-03  1.277410183E+00 
        93 -2.118305862E-02 -2.118305862E-02  6.562000141E-03  9.285514824E-01 
        94 -2.119199000E-02 -2.119199000E-02  6.562000141E-03  6.432304660E-01 
        95 -2.119943500E-02 -2.119943500E-02  6.562000606E-03  4.108113218E-01 
        96 -2.120563947E-02 -2.120563947E-02  6.562000141E-03  2.226314552E-01 
        97 -2.121081017E-02 -2.121081017E-02  6.562000141E-03  7.159156536E-02 
