cellnumber     x-coordinate     y-coordinate     z-coordinate velocity-magnitude 
         1 -2.121081017E-02 -2.121081017E-02  6.562000141E-03  1.598119666E-01 
         2 -2.120563947E-02 -2.120563947E-02  6.562000141E-03  4.833547375E-01 
         3 -2.119943500E-02 -2.119943500E-02  6.562000141E-03  8.760172659E-01 
         4 -2.119199000E-02 -2.119199000E-02  6.562000141E-03  1.355663375E+00 
         5 -2.118305862E-02 -2.118305862E-02  6.562000141E-03  1.936151229E+00 
         6 -2.117234282E-02 -2.117234282E-02  6.562000606E-03  2.607146283E+00 
         7 -2.115948871E-02 -2.115948871E-02  6.562001072E-03  3.303188011E+00 
         8 -2.114406601E-02 -2.114406601E-02  6.562000606E-03  3.888793068E+00 
         9 -2.112556621E-02 -2.112556621E-02  6.562000606E-03  4.221449091E+00 
        10 -2.110337466E-02 -2.110337466E-02  6.562000606E-03  4.364516949E+00 
        11 -2.106651478E-02 -2.106651478E-02  6.562000606E-03  4.421389217E+00 
        12 -2.102797665E-02 -2.102797665E-02  6.562000141E-03  4.526621518E+00 
        13 -2.100796066E-02 -2.100796066E-02  6.562000141E-03  4.401252198E+00 
        14 -2.095155232E-02 -2.095155232E-02  6.562000141E-03  4.492548642E+00 
        15 -2.089514025E-02 -2.089514025E-02  6.562000141E-03  4.368957783E+00 
        16 -2.082296833E-02 -2.082296833E-02  6.562000141E-03  4.348192991E+00 
        17 -2.075096965E-02 -2.075096965E-02  6.562000606E-03  4.017099789E+00 
        18 -2.067896910E-02 -2.067896910E-02  6.562000141E-03  3.906522436E+00 
        19 -2.060697041E-02 -2.060697041E-02  6.562000606E-03  3.991012643E+00 
        20 -2.053496987E-02 -2.053496987E-02  6.562000141E-03  4.092657352E+00 
        21 -2.046296932E-02 -2.046296932E-02  6.562000141E-03  4.337100324E+00 
        22 -2.039096877E-02 -2.039096877E-02  6.562000141E-03  4.382005419E+00 
        23 -2.031897008E-02 -2.031897008E-02  6.562000141E-03  4.468964353E+00 
        24 -2.024696767E-02 -2.024696767E-02  6.562000141E-03  4.542057973E+00 
        25 -2.017496899E-02 -2.017496899E-02  6.562000141E-03  4.577846448E+00 
        26 -2.010297030E-02 -2.010297030E-02  6.562000141E-03  4.675525365E+00 
        27 -2.003096975E-02 -2.003096975E-02  6.562000606E-03  4.701537913E+00 
        28 -1.995896921E-02 -1.995896921E-02  6.562000141E-03  4.727144756E+00 
        29 -1.988696866E-02 -1.988696866E-02  6.562000606E-03  4.635802801E+00 
        30 -1.981496997E-02 -1.981496997E-02  6.562000141E-03  4.628543728E+00 
        31 -1.974296942E-02 -1.974296942E-02  6.562000606E-03  4.556424786E+00 
        32 -1.967096888E-02 -1.967096888E-02  6.562000141E-03  4.535080882E+00 
        33 -1.959896833E-02 -1.959896833E-02  6.562000606E-03  4.540969054E+00 
        34 -1.952696964E-02 -1.952696964E-02  6.562000141E-03  4.611337263E+00 
        35 -1.945496909E-02 -1.945496909E-02  6.562000606E-03  4.671590877E+00 
        36 -1.938296854E-02 -1.938296854E-02  6.562000141E-03  4.743670315E+00 
        37 -2.831044141E-03 -2.831044141E-03  6.562000141E-03  1.035287093E+00 
        38 -2.837947803E-03 -2.837947803E-03  6.562000141E-03  1.013062540E+00 
        39 -2.846241929E-03 -2.846241929E-03  6.562000141E-03  9.853007579E-01 
        40 -2.856209641E-03 -2.856209641E-03  6.562000606E-03  9.505387589E-01 
        41 -2.868191339E-03 -2.868191339E-03  6.562000606E-03  9.071804262E-01 
        42 -2.882599132E-03 -2.882599132E-03  6.562000606E-03  8.540060855E-01 
        43 -2.899931744E-03 -2.899931744E-03  6.562000141E-03  7.911973081E-01 
        44 -2.920793602E-03 -2.920793602E-03  6.562000606E-03  7.219496712E-01 
        45 -2.945918357E-03 -2.945918357E-03  6.562000141E-03  6.527826072E-01 
        46 -2.976199379E-03 -2.976199379E-03  6.562000141E-03  5.949816434E-01 
        47 -3.026224673E-03 -3.026224673E-03  6.562000141E-03  5.469635311E-01 
        48 -3.115376458E-03 -3.115376458E-03  6.562000606E-03  4.936442834E-01 
        49 -3.216292942E-03 -3.216292942E-03  6.562000141E-03  4.821237030E-01 
        50 -3.261824371E-03 -3.261824371E-03  6.562000141E-03  4.562649391E-01 
        51 -3.331059124E-03 -3.331059590E-03  6.562000141E-03  4.142759432E-01 
        52 -3.468000330E-03 -3.468001261E-03  6.562000606E-03  3.681311126E-01 
        53 -3.536000382E-03 -3.536001313E-03  6.562000606E-03  3.567639825E-01 
        54 -3.672000254E-03 -3.672001185E-03  6.562000606E-03  3.559819212E-01 
        55 -4.080000333E-03 -4.080001265E-03  6.562000606E-03  4.587222191E-01 
        56 -1.895478927E-02 -1.895478927E-02  6.562000606E-03  5.242756825E+00 
        57 -1.892781258E-02 -1.892781258E-02  6.562000606E-03  5.221618775E+00 
        58 -1.888511330E-02 -1.888511330E-02  6.562000606E-03  5.362676588E+00 
        59 -1.885466836E-02 -1.885466836E-02  6.562000606E-03  5.371755404E+00 
        60 -1.880422793E-02 -1.880422793E-02  6.562000141E-03  5.564452089E+00 
        61 -1.869362220E-02 -1.869362034E-02  6.562000141E-03  5.586846198E+00 
        62 -1.856400073E-02 -1.856399886E-02  6.562000606E-03  5.731035487E+00 
        63 -1.849600114E-02 -1.849599928E-02  6.562000606E-03  5.813521084E+00 
        64 -1.836000197E-02 -1.836000010E-02  6.562000606E-03  5.791825038E+00 
        65 -1.808800176E-02 -1.808799990E-02  6.562000606E-03  5.799661899E+00 
        66 -1.795200072E-02 -1.795200072E-02  6.562000606E-03  5.782637503E+00 
        67 -1.768000238E-02 -1.768000051E-02  6.562000606E-03  5.110696462E+00 
        68 -1.713600196E-02 -1.713600010E-02  6.562000606E-03  5.239425441E+00 
        69 -1.659200154E-02 -1.659199968E-02  6.562000606E-03  5.119568546E+00 
        70 -1.604800113E-02 -1.604800113E-02  6.562000606E-03  5.412366160E+00 
        71 -1.550400071E-02 -1.550400071E-02  6.562000606E-03  5.654704690E+00 
        72 -1.931096986E-02 -1.931096986E-02  6.562000141E-03  4.761982743E+00 
        73 -1.923896931E-02 -1.923896931E-02  6.562000141E-03  4.851562347E+00 
        74 -1.916676387E-02 -1.916676387E-02  6.562000606E-03  4.903577341E+00 
        75 -1.912219636E-02 -1.912219636E-02  6.562000606E-03  5.034380376E+00 
        76 -1.904013008E-02 -1.904013008E-02  6.562000606E-03  5.070530222E+00 
        77 -1.898222044E-02 -1.898222044E-02  6.562000606E-03  5.161549951E+00 
        78 -8.432000875E-03 -8.432000875E-03  6.562000606E-03  2.961771295E+00 
        79 -7.888000458E-03 -7.888000458E-03  6.562000606E-03  2.036165326E+00 
        80 -7.344000973E-03 -7.344000973E-03  6.562000606E-03  2.191166872E+00 
        81 -6.800000556E-03 -6.800001021E-03  6.562000606E-03  2.494982170E+00 
        82 -6.256000604E-03 -6.256001070E-03  6.562000606E-03  1.908004648E+00 
        83 -5.712000653E-03 -5.712001119E-03  6.562000606E-03  7.154278497E-01 
        84 -5.168000702E-03 -5.168001167E-03  6.562000606E-03  6.704898795E-01 
        85 -4.624000285E-03 -4.624001216E-03  6.562000606E-03  4.666186888E-01 
        86 -1.496000122E-02 -1.496000029E-02  6.562000606E-03  5.641674452E+00 
        87 -1.441600174E-02 -1.441600081E-02  6.562000606E-03  5.497618005E+00 
        88 -1.387200132E-02 -1.387200039E-02  6.562000606E-03  5.291117850E+00 
        89 -1.332800090E-02 -1.332800090E-02  6.562000606E-03  5.181571825E+00 
        90 -1.278400142E-02 -1.278400142E-02  6.562000606E-03  5.018140439E+00 
        91 -1.224000193E-02 -1.224000100E-02  6.562000606E-03  4.699301489E+00 
        92 -1.169600151E-02 -1.169600151E-02  6.562000606E-03  4.349439391E+00 
        93 -1.115200110E-02 -1.115200110E-02  6.562000606E-03  4.082569816E+00 
        94 -1.060800068E-02 -1.060800068E-02  6.562000606E-03  3.808889312E+00 
        95 -1.006400120E-02 -1.006400120E-02  6.562000606E-03  3.551131155E+00 
        96 -9.520000778E-03 -9.520000778E-03  6.562000606E-03  3.366337011E+00 
        97 -8.976000361E-03 -8.976001292E-03  6.562000606E-03  3.277761475E+00 
