nodenumber,    x-coordinate,    y-coordinate,    z-coordinate,rmse-velocity-magnitude
         1,-2.121299691E-02,-2.121299691E-02, 6.562000606E-03, 9.815887362E-02
         2,-2.118997090E-02,-2.118997090E-02, 6.562000606E-03, 1.652728468E-01
         3,-2.116236091E-02,-2.116236277E-02, 6.562000606E-03, 2.740901709E-01
         4,-2.112926915E-02,-2.112926729E-02, 6.561999675E-03, 2.987481356E-01
         5,-2.108960971E-02,-2.108961158E-02, 6.562000606E-03, 2.891646624E-01
         6,-2.104211412E-02,-2.104211412E-02, 6.562000141E-03, 2.862840593E-01
         7,-2.098527551E-02,-2.098527551E-02, 6.562000606E-03, 2.895758152E-01
         8,-2.090802044E-02,-2.090802044E-02, 6.562000141E-03, 2.951887846E-01
         9,-2.078525163E-02,-2.078525163E-02, 6.562000606E-03, 3.072439432E-01
        10,-2.063383348E-02,-2.063383535E-02, 6.562000606E-03, 3.301273286E-01
        11,-2.057286166E-02,-2.057286352E-02, 6.562001072E-03, 3.409870565E-01
        12,-2.037598193E-02,-2.037598379E-02, 6.562000606E-03, 3.721791804E-01
        13,-2.031686157E-02,-2.031686157E-02, 6.562000606E-03, 3.800710440E-01
        14,-2.013708837E-02,-2.013708837E-02, 6.562000606E-03, 4.032235742E-01
        15,-1.996726356E-02,-1.996726356E-02, 6.562000606E-03, 4.313083291E-01
        16,-1.986923814E-02,-1.986923814E-02, 6.562000606E-03, 4.507493973E-01
        17,-1.979873329E-02,-1.979873329E-02, 6.562001072E-03, 4.636167526E+00
        18,-1.969941705E-02,-1.969941892E-02, 6.562000606E-03, 4.639814377E+00
        19,-1.948936842E-02,-1.948936842E-02, 6.562000141E-03, 4.689033508E+00
        20,-1.920000091E-02,-1.920000091E-02, 6.562000141E-03, 4.799007893E+00
        21,-1.888000034E-02,-1.888000034E-02, 6.562000141E-03, 4.975434780E+00
        22,-1.855999976E-02,-1.855999976E-02, 6.562000141E-03, 5.142031670E+00
        23,-1.823999919E-02,-1.823999919E-02, 6.562000141E-03, 5.284888744E+00
        24,-1.792000048E-02,-1.792000048E-02, 6.562000141E-03, 5.360165596E+00
        25,-1.759999990E-02,-1.759999990E-02, 6.562000141E-03, 5.390854359E+00
        26,-1.727999933E-02,-1.727999933E-02, 6.562000141E-03, 5.396893501E+00
        27,-1.696000062E-02,-1.696000062E-02, 6.562000141E-03, 5.382027626E+00
        28,-1.664000005E-02,-1.664000005E-02, 6.562000141E-03, 5.356942177E+00
        29,-1.631999947E-02,-1.631999947E-02, 6.562000141E-03, 5.330787659E+00
        30,-1.600000076E-02,-1.600000076E-02, 6.562000141E-03, 5.309808731E+00
        31,-1.568000019E-02,-1.568000019E-02, 6.562000141E-03, 5.294115543E+00
        32,-1.535999961E-02,-1.535999961E-02, 6.562000141E-03, 5.275374413E+00
        33,-1.503999997E-02,-1.503999997E-02, 6.562000141E-03, 5.243375778E+00
        34,-1.472000033E-02,-1.472000033E-02, 6.562000141E-03, 5.182501793E+00
        35,-1.439999975E-02,-1.439999975E-02, 6.562000141E-03, 5.086517334E+00
        36,-1.408000011E-02,-1.408000011E-02, 6.562000141E-03, 4.965741634E+00
        37,-1.375999954E-02,-1.375999954E-02, 6.562000141E-03, 4.831266403E+00
        38,-1.343999989E-02,-1.343999989E-02, 6.562000141E-03, 4.690853596E+00
        39,-1.312000025E-02,-1.312000025E-02, 6.562000141E-03, 4.547760010E+00
        40,-1.279999968E-02,-1.279999968E-02, 6.562000141E-03, 4.400230885E+00
        41,-1.248000003E-02,-1.248000003E-02, 6.562000141E-03, 4.251600266E+00
        42,-1.216000039E-02,-1.216000039E-02, 6.562000141E-03, 4.106644630E+00
        43,-1.183999982E-02,-1.183999982E-02, 6.562000141E-03, 3.960018635E+00
        44,-1.152000017E-02,-1.152000017E-02, 6.562000141E-03, 3.799988270E+00
        45,-1.119999960E-02,-1.119999960E-02, 6.562000141E-03, 3.622062683E+00
        46,-1.087999996E-02,-1.087999996E-02, 6.562000141E-03, 3.435453892E+00
        47,-1.056000032E-02,-1.056000032E-02, 6.562000141E-03, 3.257809162E+00
        48,-1.023999974E-02,-1.023999974E-02, 6.562000141E-03, 3.103353739E+00
        49,-9.920000099E-03,-9.920000099E-03, 6.562000141E-03, 2.968809605E+00
        50,-9.600000456E-03,-9.600000456E-03, 6.562000141E-03, 2.837219238E+00
        51,-9.279999882E-03,-9.279999882E-03, 6.562000141E-03, 2.687721252E+00
        52,-8.960000239E-03,-8.960000239E-03, 6.562000141E-03, 2.500718117E+00
        53,-8.639999665E-03,-8.639999665E-03, 6.562000141E-03, 2.300106287E+00
        54,-8.320000023E-03,-8.320000023E-03, 6.562000141E-03, 2.130993366E+00
        55,-8.000000380E-03,-8.000000380E-03, 6.562000141E-03, 1.964422226E+00
        56,-7.679999806E-03,-7.679999806E-03, 6.562000141E-03, 1.791773558E+00
        57,-7.360000163E-03,-7.360000163E-03, 6.562000141E-03, 1.616039515E+00
        58,-7.040000055E-03,-7.040000055E-03, 6.562000141E-03, 1.440392494E+00
        59,-6.719999947E-03,-6.719999947E-03, 6.562000141E-03, 1.276630521E+00
        60,-6.399999838E-03,-6.399999838E-03, 6.562000141E-03, 1.140413404E+00
        61,-6.080000196E-03,-6.080000196E-03, 6.562000141E-03, 1.038632035E+00
        62,-5.760000087E-03,-5.760000087E-03, 6.562000141E-03, 9.625818729E-01
        63,-5.439999979E-03,-5.439999979E-03, 6.562000141E-03, 9.399804473E-01
        64,-5.119999871E-03,-5.119999871E-03, 6.562000141E-03, 9.627236128E-01
        65,-4.800000228E-03,-4.800000228E-03, 6.562000141E-03, 9.546054602E-01
        66,-4.480000120E-03,-4.480000120E-03, 6.562000141E-03, 9.224340916E-01
        67,-4.160000011E-03,-4.160000011E-03, 6.562000141E-03, 9.204296470E-01
        68,-3.839999903E-03,-3.839999903E-03, 6.562000141E-03, 9.576198459E-01
        69,-3.520000027E-03,-3.520000027E-03, 6.562000141E-03, 1.002350569E+00
        70,-3.261730541E-03,-3.261730541E-03, 6.562000141E-03, 1.019104481E+00
        71,-3.110327525E-03,-3.110327525E-03, 6.562000141E-03, 1.007654309E+00
        72,-3.043910023E-03,-3.043909557E-03, 6.562001072E-03, 1.004469633E+00
        73,-2.989857690E-03,-2.989857690E-03, 6.562000606E-03, 1.007582903E+00
        74,-2.944677602E-03,-2.944677602E-03, 6.562000606E-03, 1.015622020E+00
        75,-2.906908281E-03,-2.906908281E-03, 6.562000141E-03, 1.024573088E+00
        76,-2.875367645E-03,-2.875367645E-03, 6.561999675E-03, 1.029800534E+00
        77,-2.849019133E-03,-2.849019133E-03, 6.562000141E-03, 1.031722665E+00
        78,-2.827035263E-03,-2.827035263E-03, 6.562000141E-03, 1.033110619E+00
