cellnumber     x-coordinate     y-coordinate     z-coordinate velocity-magnitude 
         1  1.999994740E-02 -2.602700889E-02  6.562000141E-03  3.303695449E+00 
         2  1.999998651E-02 -2.607314475E-02  6.562000141E-03  2.582517080E+00 
         3  1.999999955E-02 -2.615704387E-02  6.562000141E-03  2.362632543E+00 
         4  1.999999955E-02 -2.630104311E-02  6.562000141E-03  1.608600805E+00 
         5  1.999999955E-02 -2.644504234E-02  6.562000141E-03  1.861851430E+00 
         6  1.999999955E-02 -2.658904344E-02  6.562000141E-03  2.571737370E+00 
         7  1.999999955E-02 -2.673304267E-02  6.562000141E-03  3.563510275E+00 
         8  1.999999955E-02 -2.687704377E-02  6.562000141E-03  4.632786325E+00 
         9  1.999999955E-02 -2.702104300E-02  6.562000141E-03  5.160021077E+00 
        10  1.999999955E-02 -2.716504224E-02  6.562000141E-03  6.924026273E+00 
        11  1.999999955E-02 -2.730904333E-02  6.562000141E-03  7.838838760E+00 
        12  1.999999955E-02 -2.745304257E-02  6.562000141E-03  7.829144390E+00 
        13  1.999999955E-02 -2.759704366E-02  6.562000141E-03  7.610225927E+00 
        14  1.999999955E-02 -2.774104290E-02  6.562000141E-03  7.510986641E+00 
        15  1.999999955E-02 -2.788504213E-02  6.562000141E-03  7.471549874E+00 
        16  1.999999955E-02 -2.802904323E-02  6.562000141E-03  7.414793041E+00 
        17  1.999999955E-02 -2.817304246E-02  6.562000141E-03  7.398663697E+00 
        18  1.999999955E-02 -2.831704356E-02  6.562000141E-03  7.531114301E+00 
        19  1.999999955E-02 -2.846104279E-02  6.562000141E-03  7.660242715E+00 
        20  1.999999955E-02 -2.860504203E-02  6.562000141E-03  7.680360522E+00 
        21  1.999999955E-02 -2.874904312E-02  6.562000141E-03  7.406888424E+00 
        22  1.999999955E-02 -2.889304236E-02  6.562000141E-03  7.199176471E+00 
        23  1.999999955E-02 -2.903704345E-02  6.562000141E-03  7.212543599E+00 
        24  1.999999955E-02 -2.918104269E-02  6.562000141E-03  7.477495084E+00 
        25  1.999999955E-02 -2.932504192E-02  6.562000141E-03  7.731257884E+00 
        26  1.999999955E-02 -2.946904302E-02  6.562000141E-03  7.770400786E+00 
        27  1.999999955E-02 -2.959104441E-02  6.562000141E-03  7.471515014E+00 
        28  1.999999955E-02 -2.971169166E-02  6.562000141E-03  7.346996322E+00 
        29  1.999999955E-02 -2.980891429E-02  6.562000141E-03  7.229361236E+00 
        30  1.999999955E-02 -2.984774485E-02  6.562000141E-03  6.822590058E+00 
        31  1.999999955E-02 -2.583321184E-02  6.562000141E-03  4.742976442E+00 
        32  1.999996044E-02 -2.592459694E-02  6.562000141E-03  3.253502636E+00 
