cellnumber     x-coordinate     y-coordinate     z-coordinate velocity-magnitude 
         1  1.999994740E-02 -2.602700889E-02  6.562000141E-03  2.591023535E+00 
         2  1.999998651E-02 -2.607314475E-02  6.562000141E-03  2.905485972E+00 
         3  1.999999955E-02 -2.615704387E-02  6.562000141E-03  3.064699134E+00 
         4  1.999999955E-02 -2.630104311E-02  6.562000141E-03  3.454868983E+00 
         5  1.999999955E-02 -2.644504234E-02  6.562000141E-03  3.376117908E+00 
         6  1.999999955E-02 -2.658904344E-02  6.562000141E-03  3.872788427E+00 
         7  1.999999955E-02 -2.673304267E-02  6.562000141E-03  5.624934136E+00 
         8  1.999999955E-02 -2.687704377E-02  6.562000141E-03  6.917705645E+00 
         9  1.999999955E-02 -2.702104300E-02  6.562000141E-03  7.318629264E+00 
        10  1.999999955E-02 -2.716504224E-02  6.562000141E-03  7.284977660E+00 
        11  1.999999955E-02 -2.730904333E-02  6.562000141E-03  7.311919515E+00 
        12  1.999999955E-02 -2.745304257E-02  6.562000141E-03  7.445265476E+00 
        13  1.999999955E-02 -2.759704366E-02  6.562000141E-03  7.579905849E+00 
        14  1.999999955E-02 -2.774104290E-02  6.562000141E-03  7.664603623E+00 
        15  1.999999955E-02 -2.788504213E-02  6.562000141E-03  7.787117348E+00 
        16  1.999999955E-02 -2.802904323E-02  6.562000141E-03  7.801549700E+00 
        17  1.999999955E-02 -2.817304246E-02  6.562000141E-03  7.555056819E+00 
        18  1.999999955E-02 -2.831704356E-02  6.562000141E-03  7.413434418E+00 
        19  1.999999955E-02 -2.846104279E-02  6.562000141E-03  7.410027232E+00 
        20  1.999999955E-02 -2.860504203E-02  6.562000141E-03  7.369534987E+00 
        21  1.999999955E-02 -2.874904312E-02  6.562000141E-03  7.172924334E+00 
        22  1.999999955E-02 -2.889304236E-02  6.562000141E-03  7.053779340E+00 
        23  1.999999955E-02 -2.903704345E-02  6.562000141E-03  7.188255505E+00 
        24  1.999999955E-02 -2.918104269E-02  6.562000141E-03  7.453454595E+00 
        25  1.999999955E-02 -2.932504192E-02  6.562000141E-03  7.600152237E+00 
        26  1.999999955E-02 -2.946904302E-02  6.562000141E-03  7.576849827E+00 
        27  1.999999955E-02 -2.959104441E-02  6.562000141E-03  7.633804203E+00 
        28  1.999999955E-02 -2.971169166E-02  6.562000141E-03  7.623371678E+00 
        29  1.999999955E-02 -2.980891429E-02  6.562000141E-03  7.336323165E+00 
        30  1.999999955E-02 -2.984774485E-02  6.562000141E-03  6.334608642E+00 
        31  1.999999955E-02 -2.583321184E-02  6.562000141E-03  3.172810358E+00 
        32  1.999996044E-02 -2.592459694E-02  6.562000141E-03  2.607289409E+00 
