cellnumber     x-coordinate     y-coordinate     z-coordinate velocity-magnitude 
         1  1.999999955E-02 -2.583321184E-02  6.562000141E-03  2.614648694E+00 
         2  1.999996044E-02 -2.592459694E-02  6.562000141E-03  2.556645882E+00 
         3  1.999994740E-02 -2.602700889E-02  6.562000141E-03  3.436602646E+00 
         4  1.999998651E-02 -2.607314475E-02  6.562000141E-03  3.278891770E+00 
         5  1.999999955E-02 -2.615704387E-02  6.562000141E-03  4.488256111E+00 
         6  1.999999955E-02 -2.630104311E-02  6.562000141E-03  4.323581383E+00 
         7  1.999999955E-02 -2.644504234E-02  6.562000141E-03  5.245238983E+00 
         8  1.999999955E-02 -2.658904344E-02  6.562000141E-03  6.008714711E+00 
         9  1.999999955E-02 -2.673304267E-02  6.562000141E-03  7.203592781E+00 
        10  1.999999955E-02 -2.687704377E-02  6.562000141E-03  7.651412920E+00 
        11  1.999999955E-02 -2.702104300E-02  6.562000141E-03  7.723501353E+00 
        12  1.999999955E-02 -2.716504224E-02  6.562000141E-03  7.563537517E+00 
        13  1.999999955E-02 -2.730904333E-02  6.562000141E-03  7.451740555E+00 
        14  1.999999955E-02 -2.745304257E-02  6.562000141E-03  7.376403874E+00 
        15  1.999999955E-02 -2.759704366E-02  6.562000141E-03  7.346591481E+00 
        16  1.999999955E-02 -2.774104290E-02  6.562000141E-03  7.277596831E+00 
        17  1.999999955E-02 -2.788504213E-02  6.562000141E-03  7.233539450E+00 
        18  1.999999955E-02 -2.802904323E-02  6.562000141E-03  7.219258401E+00 
        19  1.999999955E-02 -2.817304246E-02  6.562000141E-03  7.291336908E+00 
        20  1.999999955E-02 -2.831704356E-02  6.562000141E-03  7.411170161E+00 
        21  1.999999955E-02 -2.846104279E-02  6.562000141E-03  7.498541321E+00 
        22  1.999999955E-02 -2.860504203E-02  6.562000141E-03  7.539853751E+00 
        23  1.999999955E-02 -2.874904312E-02  6.562000141E-03  7.578208376E+00 
        24  1.999999955E-02 -2.889304236E-02  6.562000141E-03  7.608752898E+00 
        25  1.999999955E-02 -2.903704345E-02  6.562000141E-03  7.590645548E+00 
        26  1.999999955E-02 -2.918104269E-02  6.562000141E-03  7.547807899E+00 
        27  1.999999955E-02 -2.932504192E-02  6.562000141E-03  7.571340783E+00 
        28  1.999999955E-02 -2.946904302E-02  6.562000141E-03  7.639380215E+00 
        29  1.999999955E-02 -2.959104441E-02  6.562000141E-03  7.830768424E+00 
        30  1.999999955E-02 -2.971169166E-02  6.562000141E-03  7.817006935E+00 
        31  1.999999955E-02 -2.980891429E-02  6.562000141E-03  7.367023272E+00 
        32  1.999999955E-02 -2.984774485E-02  6.562000141E-03  6.659506667E+00 
