cellnumber     x-coordinate     y-coordinate     z-coordinate velocity-magnitude 
         1  1.999999955E-02 -2.984774485E-02  6.562000141E-03  1.666487660E+00 
         2  1.999999955E-02 -2.980891429E-02  6.562000141E-03  1.837890421E+00 
         3  1.999999769E-02 -2.971169166E-02  6.562000141E-03  2.018525996E+00 
         4  1.999999955E-02 -2.946904302E-02  6.562000141E-03  3.211960453E+00 
         5  1.999999955E-02 -2.932504378E-02  6.562000141E-03  3.610966055E+00 
         6  1.999999955E-02 -2.918104269E-02  6.562000141E-03  3.545577098E+00 
         7  1.999999955E-02 -2.903704345E-02  6.562000141E-03  3.469634825E+00 
         8  1.999999955E-02 -2.889304422E-02  6.562000141E-03  3.328947544E+00 
         9  1.999999955E-02 -2.874904312E-02  6.562000141E-03  3.220748544E+00 
        10  1.999999955E-02 -2.860504389E-02  6.562000141E-03  3.081496964E+00 
        11  1.999999955E-02 -2.846104279E-02  6.562000141E-03  3.044168416E+00 
        12  1.999999955E-02 -2.831704356E-02  6.562000141E-03  3.000454636E+00 
        13  1.999999955E-02 -2.817304432E-02  6.562000141E-03  2.942973167E+00 
        14  1.999999955E-02 -2.802904323E-02  6.562000141E-03  2.857431576E+00 
        15  1.999999955E-02 -2.788504399E-02  6.562000141E-03  2.812129031E+00 
        16  1.999999955E-02 -2.774104290E-02  6.562000141E-03  2.804375110E+00 
        17  1.999999955E-02 -2.759704366E-02  6.562000141E-03  2.868168312E+00 
        18  1.999999955E-02 -2.745304257E-02  6.562000141E-03  2.985081947E+00 
        19  1.999999955E-02 -2.730904333E-02  6.562000141E-03  3.086520248E+00 
        20  1.999999955E-02 -2.716504410E-02  6.562000141E-03  3.099299078E+00 
        21  1.999999955E-02 -2.702104300E-02  6.562000141E-03  2.977069258E+00 
        22  1.999999955E-02 -2.687704377E-02  6.562000141E-03  2.842837493E+00 
        23  1.999999955E-02 -2.673304267E-02  6.562000141E-03  2.738862108E+00 
        24  1.999999955E-02 -2.658904344E-02  6.562000141E-03  2.631944072E+00 
        25  1.999999955E-02 -2.644504234E-02  6.562000141E-03  2.519839781E+00 
        26  1.999999955E-02 -2.630104311E-02  6.562000141E-03  2.405299094E+00 
        27  1.999999955E-02 -2.615704387E-02  6.562000141E-03  2.386382282E+00 
        28  1.999998651E-02 -2.607314475E-02  6.562000141E-03  2.565773234E+00 
        29  1.999994740E-02 -2.602700889E-02  6.562000141E-03  2.605176170E+00 
        30  1.999996044E-02 -2.592459694E-02  6.562000141E-03  2.653028119E+00 
        31  1.999999955E-02 -2.583321184E-02  6.562000141E-03  2.617862029E+00 
        32  1.999999955E-02 -2.959104441E-02  6.562000141E-03  2.128257449E+00 
