cellnumber     x-coordinate     y-coordinate     z-coordinate velocity-magnitude 
         1  1.999999955E-02 -2.984774671E-02  6.562000141E-03  2.007237144E+00 
         2  1.999999955E-02 -2.980891429E-02  6.562000141E-03  2.162397286E+00 
         3  1.999999955E-02 -2.971169166E-02  6.562000606E-03  2.483745880E+00 
         4  1.999999955E-02 -2.959104441E-02  6.562000141E-03  3.037517061E+00 
         5  1.999999955E-02 -2.946904302E-02  6.562000141E-03  3.396670709E+00 
         6  1.999999955E-02 -2.932504378E-02  6.562000141E-03  3.375638672E+00 
         7  1.999999955E-02 -2.918104269E-02  6.562000141E-03  3.339639367E+00 
         8  1.999999955E-02 -2.903704345E-02  6.562000141E-03  3.353239784E+00 
         9  1.999999955E-02 -2.889304236E-02  6.562000141E-03  3.348877214E+00 
        10  1.999999955E-02 -2.874904312E-02  6.562000141E-03  3.397319141E+00 
        11  1.999999955E-02 -2.860504203E-02  6.562000141E-03  3.499331421E+00 
        12  1.999999955E-02 -2.846104279E-02  6.562000141E-03  3.715774718E+00 
        13  1.999999955E-02 -2.831704356E-02  6.562000141E-03  3.985268687E+00 
        14  1.999999955E-02 -2.817304246E-02  6.562000141E-03  4.197967904E+00 
        15  1.999999955E-02 -2.802904323E-02  6.562000141E-03  4.197431380E+00 
        16  1.999999955E-02 -2.788504399E-02  6.562000141E-03  4.205463344E+00 
        17  1.999999955E-02 -2.774104290E-02  6.562000141E-03  4.331854426E+00 
        18  1.999999955E-02 -2.759704366E-02  6.562000141E-03  4.403420243E+00 
        19  1.999999955E-02 -2.745304257E-02  6.562000141E-03  4.321593326E+00 
        20  1.999999955E-02 -2.730904333E-02  6.562000141E-03  4.012858392E+00 
        21  1.999999955E-02 -2.716504410E-02  6.562000141E-03  3.507595546E+00 
        22  1.999999955E-02 -2.583321184E-02  6.561999675E-03  2.940413148E+00 
        23  1.999996044E-02 -2.592459694E-02  6.562000141E-03  3.479858662E+00 
        24  1.999994740E-02 -2.602700889E-02  6.562000141E-03  3.278155187E+00 
        25  1.999998651E-02 -2.607314475E-02  6.562000141E-03  3.562888267E+00 
        26  1.999999955E-02 -2.615704387E-02  6.562000141E-03  3.468529854E+00 
        27  1.999999955E-02 -2.630104311E-02  6.562000141E-03  3.303684342E+00 
        28  1.999999955E-02 -2.644504420E-02  6.562000141E-03  3.167744473E+00 
        29  1.999999955E-02 -2.658904344E-02  6.562000141E-03  3.062245406E+00 
        30  1.999999955E-02 -2.673304267E-02  6.562000141E-03  2.971029349E+00 
        31  1.999999955E-02 -2.687704377E-02  6.562000141E-03  2.937026915E+00 
        32  1.999999955E-02 -2.702104300E-02  6.562000141E-03  3.082445323E+00 
