cellnumber     x-coordinate     y-coordinate     z-coordinate velocity-magnitude 
         1  1.999999955E-02 -2.984774671E-02  6.562000141E-03  5.761534657E-01 
         2  1.999999955E-02 -2.980891429E-02  6.562000141E-03  6.045962138E-01 
         3  1.999999955E-02 -2.971169166E-02  6.562000606E-03  8.094057924E-01 
         4  1.999999955E-02 -2.959104441E-02  6.562000141E-03  1.321475489E+00 
         5  1.999999955E-02 -2.946904302E-02  6.562000141E-03  1.842063271E+00 
         6  1.999999955E-02 -2.932504378E-02  6.562000141E-03  2.039704703E+00 
         7  1.999999955E-02 -2.918104269E-02  6.562000141E-03  2.638776319E+00 
         8  1.999999955E-02 -2.903704345E-02  6.562000141E-03  3.741518516E+00 
         9  1.999999955E-02 -2.889304236E-02  6.562000141E-03  4.182083800E+00 
        10  1.999999955E-02 -2.874904312E-02  6.562000141E-03  4.208809822E+00 
        11  1.999999955E-02 -2.860504203E-02  6.562000141E-03  3.946098899E+00 
        12  1.999999955E-02 -2.846104279E-02  6.562000141E-03  3.692723586E+00 
        13  1.999999955E-02 -2.831704356E-02  6.562000141E-03  3.487722145E+00 
        14  1.999999955E-02 -2.817304246E-02  6.562000141E-03  3.397379826E+00 
        15  1.999999955E-02 -2.802904323E-02  6.562000141E-03  3.372294069E+00 
        16  1.999999955E-02 -2.788504399E-02  6.562000141E-03  3.407893855E+00 
        17  1.999999955E-02 -2.774104290E-02  6.562000141E-03  3.481927330E+00 
        18  1.999999955E-02 -2.759704366E-02  6.562000141E-03  3.593598754E+00 
        19  1.999999955E-02 -2.745304257E-02  6.562000141E-03  3.678322969E+00 
        20  1.999999955E-02 -2.730904333E-02  6.562000141E-03  3.686091406E+00 
        21  1.999999955E-02 -2.716504410E-02  6.562000141E-03  3.567663145E+00 
        22  1.999999955E-02 -2.702104300E-02  6.562000141E-03  3.392448139E+00 
        23  1.999999955E-02 -2.687704377E-02  6.562000141E-03  3.255853534E+00 
        24  1.999999955E-02 -2.673304267E-02  6.562000141E-03  3.139919593E+00 
        25  1.999999955E-02 -2.658904344E-02  6.562000141E-03  3.037738985E+00 
        26  1.999999955E-02 -2.644504420E-02  6.562000141E-03  2.980354988E+00 
        27  1.999999955E-02 -2.630104311E-02  6.562000141E-03  2.891343665E+00 
        28  1.999999955E-02 -2.615704387E-02  6.562000141E-03  2.832772938E+00 
        29  1.999998651E-02 -2.607314475E-02  6.562000141E-03  2.976787565E+00 
        30  1.999994740E-02 -2.602700889E-02  6.562000141E-03  3.003442578E+00 
        31  1.999996044E-02 -2.592459694E-02  6.562000141E-03  3.058779656E+00 
        32  1.999999955E-02 -2.583321184E-02  6.561999675E-03  3.129806107E+00 
