cellnumber     x-coordinate     y-coordinate     z-coordinate velocity-magnitude 
         1  1.899245940E-02 -1.899245940E-02  6.562000606E-03  5.187513438E+00 
         2  1.905349456E-02 -1.905349456E-02  6.562000606E-03  5.209557515E+00 
         3  1.914011873E-02 -1.914011873E-02  6.562000141E-03  5.220102117E+00 
         4  1.923859492E-02 -1.923859492E-02  6.562000141E-03  5.251220103E+00 
         5  2.031007409E-02 -2.031007409E-02  6.562000141E-03  5.462341200E+00 
         6  2.023807354E-02 -2.023807354E-02  6.562000141E-03  5.463467228E+00 
         7  2.016607299E-02 -2.016607299E-02  6.562000141E-03  5.466033902E+00 
         8  2.009407431E-02 -2.009407431E-02  6.562000141E-03  5.456368165E+00 
         9  2.002207376E-02 -2.002207376E-02  6.562000141E-03  5.451165896E+00 
        10  1.995007321E-02 -1.995007321E-02  6.562000141E-03  5.433400379E+00 
        11  1.987807266E-02 -1.987807266E-02  6.562000141E-03  5.422709568E+00 
        12  1.980607398E-02 -1.980607398E-02  6.562000141E-03  5.400393155E+00 
        13  1.973407343E-02 -1.973407343E-02  6.562000141E-03  5.386349108E+00 
        14  1.966207288E-02 -1.966207288E-02  6.562000141E-03  5.362722760E+00 
        15  1.959007233E-02 -1.959007233E-02  6.562000141E-03  5.346801173E+00 
        16  1.951807365E-02 -1.951807365E-02  6.562000141E-03  5.323935111E+00 
        17  1.944607310E-02 -1.944607310E-02  6.562000141E-03  5.306959029E+00 
        18  1.937407255E-02 -1.937407441E-02  6.562000141E-03  5.285743423E+00 
        19  1.930207387E-02 -1.930207387E-02  6.562000141E-03  5.268965356E+00 
        20  2.038207278E-02 -2.038207278E-02  6.562000141E-03  5.450605714E+00 
        21  2.045407332E-02 -2.045407332E-02  6.562000141E-03  5.438576930E+00 
        22  2.052607387E-02 -2.052607387E-02  6.562000141E-03  5.418633195E+00 
        23  2.059807256E-02 -2.059807256E-02  6.562000141E-03  5.398990387E+00 
        24  2.067007311E-02 -2.067007311E-02  6.562000141E-03  5.374605547E+00 
        25  2.074207366E-02 -2.074207366E-02  6.562000141E-03  5.353042756E+00 
        26  2.081407420E-02 -2.081407420E-02  6.562000141E-03  5.328315079E+00 
        27  2.088592015E-02 -2.088592015E-02  6.562000141E-03  5.303732207E+00 
        28  2.093681321E-02 -2.093681321E-02  6.562000141E-03  5.265802063E+00 
        29  2.101955935E-02 -2.101955935E-02  6.562000141E-03  5.212984108E+00 
        30  2.107902244E-02 -2.107902244E-02  6.562000606E-03  5.150279193E+00 
        31  2.110386454E-02 -2.110386454E-02  6.562000606E-03  5.058642544E+00 
        32  2.112595551E-02 -2.112595551E-02  6.562000606E-03  4.919202688E+00 
        33  2.114437334E-02 -2.114437334E-02  6.562000606E-03  4.664943877E+00 
        34  2.115972713E-02 -2.115972713E-02  6.562000606E-03  4.238189027E+00 
        35  2.117252536E-02 -2.117252536E-02  6.562000141E-03  3.632163014E+00 
        36  2.118319459E-02 -2.118319459E-02  6.562000141E-03  2.901137084E+00 
        37  2.119208500E-02 -2.119208500E-02  6.562000141E-03  2.132882503E+00 
        38  2.119949646E-02 -2.119949646E-02  6.562000141E-03  1.415953764E+00 
        39  2.120567486E-02 -2.120567486E-02  6.562000141E-03  7.925741409E-01 
        40  2.121082321E-02 -2.121082321E-02  6.562000141E-03  2.643336238E-01 
        41  2.830279991E-03 -2.830279991E-03  6.562000606E-03  1.031332788E+00 
        42  2.835373627E-03 -2.835373627E-03  6.562000141E-03  1.005663872E+00 
        43  2.841493115E-03 -2.841493115E-03  6.562000606E-03  9.806933608E-01 
        44  2.848849166E-03 -2.848849166E-03  6.562000141E-03  9.584524034E-01 
        45  2.857688349E-03 -2.857688349E-03  6.562000141E-03  9.418314579E-01 
        46  2.868303098E-03 -2.868303098E-03  6.562000141E-03  9.345902797E-01 
        47  2.881055698E-03 -2.881055698E-03  6.562000141E-03  9.418070434E-01 
        48  2.896386664E-03 -2.896386664E-03  6.562000141E-03  9.710242275E-01 
        49  2.914825454E-03 -2.914825454E-03  6.562000141E-03  1.036906990E+00 
        50  2.937011421E-03 -2.937011421E-03  6.562000606E-03  1.161594763E+00 
        51  2.967901761E-03 -2.967901761E-03  6.562000606E-03  1.459713541E+00 
        52  3.022594377E-03 -3.022594377E-03  6.562000141E-03  1.876605797E+00 
        53  3.099788679E-03 -3.099788679E-03  6.562000141E-03  1.954378490E+00 
        54  3.195532598E-03 -3.195534227E-03  6.562000606E-03  1.985710934E+00 
        55  3.312502056E-03 -3.312505316E-03  6.562000141E-03  1.954205242E+00 
        56  3.437502077E-03 -3.437505336E-03  6.562000141E-03  1.915305738E+00 
        57  3.562502097E-03 -3.562505357E-03  6.562000141E-03  1.890566607E+00 
        58  3.687501885E-03 -3.687505377E-03  6.562000141E-03  1.869058551E+00 
        59  3.812501905E-03 -3.812505398E-03  6.562000141E-03  1.832961797E+00 
        60  3.937501926E-03 -3.937505651E-03  6.562000141E-03  1.770735881E+00 
        61  4.062502179E-03 -4.062505439E-03  6.562000141E-03  1.691663209E+00 
        62  4.187501967E-03 -4.187505692E-03  6.562000141E-03  1.618240606E+00 
        63  4.312502220E-03 -4.312505480E-03  6.562000141E-03  1.554514440E+00 
        64  4.812501837E-03 -4.812505562E-03  6.562000141E-03  1.489807982E+00 
        65  4.937502090E-03 -4.937505815E-03  6.562000141E-03  1.541548657E+00 
        66  5.062501878E-03 -5.062505603E-03  6.562000141E-03  1.585750062E+00 
        67  5.187502131E-03 -5.187505856E-03  6.562000141E-03  1.597621170E+00 
        68  5.312501919E-03 -5.312505644E-03  6.562000141E-03  1.575000838E+00 
        69  5.437502172E-03 -5.437505431E-03  6.562000141E-03  1.535401639E+00 
        70  5.562501960E-03 -5.562505685E-03  6.562000141E-03  1.495390041E+00 
        71  5.687502213E-03 -5.687505472E-03  6.562000141E-03  1.463608810E+00 
        72  5.812502000E-03 -5.812505726E-03  6.562000141E-03  1.443228104E+00 
        73  5.937501788E-03 -5.937505513E-03  6.562000141E-03  1.435946374E+00 
        74  6.062502041E-03 -6.062505767E-03  6.562000141E-03  1.439980397E+00 
        75  6.187501829E-03 -6.187505554E-03  6.562000141E-03  1.447295939E+00 
        76  6.312502082E-03 -6.312505808E-03  6.562000141E-03  1.449592344E+00 
        77  6.437501870E-03 -6.437505595E-03  6.562000141E-03  1.444364259E+00 
        78  6.562502123E-03 -6.562505849E-03  6.562000141E-03  1.433714335E+00 
        79  6.687501911E-03 -6.687505636E-03  6.562000141E-03  1.423878260E+00 
        80  6.812502164E-03 -6.812505890E-03  6.562000141E-03  1.423481558E+00 
        81  6.937501952E-03 -6.937505677E-03  6.562000141E-03  1.440198362E+00 
        82  7.062501740E-03 -7.062505931E-03  6.562000141E-03  1.478008070E+00 
        83  7.187501993E-03 -7.187505718E-03  6.562000141E-03  1.533644651E+00 
        84  7.312501781E-03 -7.312505506E-03  6.562000141E-03  1.594298120E+00 
        85  7.437502034E-03 -7.437505759E-03  6.562000141E-03  1.639184735E+00 
        86  7.562501822E-03 -7.562505547E-03  6.562000141E-03  1.643388849E+00 
        87  7.687502075E-03 -7.687505800E-03  6.562000141E-03  1.586266291E+00 
        88  7.812501863E-03 -7.812505588E-03  6.562000141E-03  1.470558585E+00 
        89  7.937502116E-03 -7.937505841E-03  6.562000141E-03  1.355437421E+00 
        90  8.062502369E-03 -8.062506095E-03  6.562000141E-03  1.283344202E+00 
        91  4.687502049E-03 -4.687505774E-03  6.562000141E-03  1.456809557E+00 
        92  4.562502261E-03 -4.562505521E-03  6.562000141E-03  1.459230332E+00 
        93  4.437502008E-03 -4.437505733E-03  6.562000141E-03  1.497243227E+00 
        94  8.187501691E-03 -8.187505417E-03  6.562000141E-03  1.253917289E+00 
        95  8.312501945E-03 -8.312505670E-03  6.562000141E-03  1.258164408E+00 
        96  8.437502198E-03 -8.437505923E-03  6.562000141E-03  1.273164449E+00 
        97  8.562501520E-03 -8.562506177E-03  6.562000141E-03  1.268342859E+00 
        98  8.687501773E-03 -8.687505499E-03  6.562000141E-03  1.254883771E+00 
        99  8.812502027E-03 -8.812505752E-03  6.562000141E-03  1.265871207E+00 
       100  8.937502280E-03 -8.937506005E-03  6.562000141E-03  1.306327407E+00 
       101  9.062501602E-03 -9.062506258E-03  6.562000141E-03  1.366038993E+00 
       102  9.187501855E-03 -9.187505580E-03  6.562000141E-03  1.450119698E+00 
       103  9.312502109E-03 -9.312505834E-03  6.562000141E-03  1.572640901E+00 
       104  9.437501431E-03 -9.437506087E-03  6.562000141E-03  1.703402811E+00 
       105  9.562501684E-03 -9.562505409E-03  6.562000141E-03  1.796357923E+00 
       106  9.687501937E-03 -9.687505662E-03  6.562000141E-03  1.805012679E+00 
       107  9.812502190E-03 -9.812505916E-03  6.562000141E-03  1.727656569E+00 
       108  9.937501512E-03 -9.937506169E-03  6.562000141E-03  1.605130055E+00 
       109  1.006250177E-02 -1.006250549E-02  6.562000141E-03  1.493364732E+00 
       110  1.018750202E-02 -1.018750574E-02  6.562000141E-03  1.443385779E+00 
       111  1.031250227E-02 -1.031250600E-02  6.562000141E-03  1.476962441E+00 
       112  1.043750159E-02 -1.043750625E-02  6.562000141E-03  1.585210415E+00 
       113  1.056250185E-02 -1.056250557E-02  6.562000141E-03  1.750101419E+00 
       114  1.068750210E-02 -1.068750583E-02  6.562000141E-03  1.960395838E+00 
       115  1.081250142E-02 -1.081250608E-02  6.562000141E-03  2.199939804E+00 
       116  1.093750168E-02 -1.093750633E-02  6.562000141E-03  2.436136195E+00 
       117  1.106250193E-02 -1.106250565E-02  6.562000141E-03  2.639563710E+00 
       118  1.118750218E-02 -1.118750591E-02  6.562000141E-03  2.799965235E+00 
       119  1.131250151E-02 -1.131250616E-02  6.562000141E-03  2.923840121E+00 
       120  1.143750176E-02 -1.143750548E-02  6.562000141E-03  3.028877683E+00 
       121  1.156250201E-02 -1.156250574E-02  6.562000141E-03  3.138240745E+00 
       122  1.168750133E-02 -1.168750599E-02  6.562000141E-03  3.264834626E+00 
       123  1.181250159E-02 -1.181250624E-02  6.562000141E-03  3.399818235E+00 
       124  1.193750184E-02 -1.193750557E-02  6.562000141E-03  3.515997549E+00 
       125  1.206250209E-02 -1.206250582E-02  6.562000141E-03  3.595626899E+00 
       126  1.218750142E-02 -1.218750607E-02  6.562000141E-03  3.646011990E+00 
       127  1.231250167E-02 -1.231250633E-02  6.562000141E-03  3.680313726E+00 
       128  1.243750192E-02 -1.243750565E-02  6.562000141E-03  3.707764367E+00 
       129  1.256250124E-02 -1.256250590E-02  6.562000141E-03  3.731821755E+00 
       130  1.268750150E-02 -1.268750615E-02  6.562000141E-03  3.754057541E+00 
       131  1.281250175E-02 -1.281250641E-02  6.562000141E-03  3.776370308E+00 
       132  1.293750200E-02 -1.293750573E-02  6.562000141E-03  3.799641498E+00 
       133  1.306250133E-02 -1.306250598E-02  6.562000141E-03  3.825131561E+00 
       134  1.318750158E-02 -1.318750624E-02  6.562000141E-03  3.853706224E+00 
       135  1.331250183E-02 -1.331250556E-02  6.562000141E-03  3.884872210E+00 
       136  1.343750209E-02 -1.343750581E-02  6.562000141E-03  3.916857619E+00 
       137  1.356250141E-02 -1.356250606E-02  6.562000141E-03  3.947605999E+00 
       138  1.368750166E-02 -1.368750632E-02  6.562000141E-03  3.975739797E+00 
       139  1.381250191E-02 -1.381250564E-02  6.562000141E-03  4.000842961E+00 
       140  1.393750124E-02 -1.393750589E-02  6.562000141E-03  4.023195236E+00 
       141  1.406250149E-02 -1.406250615E-02  6.562000141E-03  4.043404921E+00 
       142  1.418750174E-02 -1.418750640E-02  6.562000141E-03  4.062167243E+00 
       143  1.431250200E-02 -1.431250572E-02  6.562000141E-03  4.080158185E+00 
       144  1.443750132E-02 -1.443750598E-02  6.562000141E-03  4.098005670E+00 
       145  1.456250157E-02 -1.456250623E-02  6.562000141E-03  4.116298076E+00 
       146  1.468750183E-02 -1.468750648E-02  6.562000141E-03  4.135601417E+00 
       147  1.481250115E-02 -1.481250580E-02  6.562000141E-03  4.156490274E+00 
       148  1.493750140E-02 -1.493750606E-02  6.562000141E-03  4.179580207E+00 
       149  1.506250165E-02 -1.506250631E-02  6.562000141E-03  4.205519707E+00 
       150  1.518750191E-02 -1.518750656E-02  6.562000141E-03  4.234950865E+00 
       151  1.531250123E-02 -1.531250589E-02  6.562000141E-03  4.268433555E+00 
       152  1.543750148E-02 -1.543750614E-02  6.562000141E-03  4.306343672E+00 
       153  1.556250174E-02 -1.556250639E-02  6.562000141E-03  4.348769996E+00 
       154  1.568750106E-02 -1.568750665E-02  6.562000141E-03  4.395441521E+00 
       155  1.868750155E-02 -1.868750528E-02  6.562000141E-03  5.148874928E+00 
       156  1.856250130E-02 -1.856250688E-02  6.562000141E-03  5.138657103E+00 
       157  1.843750104E-02 -1.843750663E-02  6.562000141E-03  5.131310444E+00 
       158  1.831250079E-02 -1.831250638E-02  6.562000141E-03  5.125299725E+00 
       159  1.818750054E-02 -1.818750612E-02  6.562000141E-03  5.118795601E+00 
       160  1.806250028E-02 -1.806250587E-02  6.562000141E-03  5.109968760E+00 
       161  1.793750189E-02 -1.793750562E-02  6.562000141E-03  5.097893089E+00 
       162  1.781250164E-02 -1.781250536E-02  6.562000141E-03  5.083436706E+00 
       163  1.768750139E-02 -1.768750511E-02  6.562000141E-03  5.066588984E+00 
       164  1.756250113E-02 -1.756250672E-02  6.562000141E-03  5.046915449E+00 
       165  1.743750088E-02 -1.743750647E-02  6.562000141E-03  5.024115949E+00 
       166  1.731250063E-02 -1.731250621E-02  6.562000141E-03  4.997944220E+00 
       167  1.718750037E-02 -1.718750596E-02  6.562000141E-03  4.968194412E+00 
       168  1.706250198E-02 -1.706250571E-02  6.562000141E-03  4.934737101E+00 
       169  1.693750173E-02 -1.693750545E-02  6.562000141E-03  4.897545350E+00 
       170  1.681250148E-02 -1.681250520E-02  6.562000141E-03  4.856710868E+00 
       171  1.668750122E-02 -1.668750681E-02  6.562000141E-03  4.812424009E+00 
       172  1.656250097E-02 -1.656250656E-02  6.562000141E-03  4.764954637E+00 
       173  1.643750072E-02 -1.643750630E-02  6.562000141E-03  4.714669573E+00 
       174  1.631250046E-02 -1.631250605E-02  6.562000141E-03  4.662105717E+00 
       175  1.618750207E-02 -1.618750580E-02  6.562000141E-03  4.607955063E+00 
       176  1.606250182E-02 -1.606250554E-02  6.562000141E-03  4.553115899E+00 
       177  1.593750156E-02 -1.593750529E-02  6.562000141E-03  4.498650011E+00 
       178  1.581250131E-02 -1.581250504E-02  6.562000141E-03  4.445717135E+00 
       179  1.880351081E-02 -1.880351454E-02  6.562000141E-03  5.164361268E+00 
       180  1.890108548E-02 -1.890108548E-02  6.562000141E-03  5.173585417E+00 
       181  1.895662583E-02 -1.895662583E-02  6.562000141E-03  5.190014361E+00 
