cellnumber     x-coordinate     y-coordinate     z-coordinate velocity-magnitude 
         1  2.830350772E-03 -2.830350772E-03  6.562000606E-03  1.040085504E+00 
         2  2.835454186E-03 -2.835454186E-03  6.562000141E-03  1.027536655E+00 
         3  2.841583686E-03 -2.841583686E-03  6.562000606E-03  1.012371736E+00 
         4  2.848947188E-03 -2.848947188E-03  6.562000606E-03  9.940114012E-01 
         5  2.857794985E-03 -2.857794985E-03  6.562000141E-03  9.724013933E-01 
         6  2.868429059E-03 -2.868429059E-03  6.562000141E-03  9.484039765E-01 
         7  2.881214023E-03 -2.881214023E-03  6.562000141E-03  9.250515800E-01 
         8  2.896590624E-03 -2.896590624E-03  6.562000606E-03  9.083639705E-01 
         9  7.812497672E-03 -7.812495343E-03  6.562000141E-03  1.211489477E+00 
        10  7.937497459E-03 -7.937495597E-03  6.562000141E-03  1.149839488E+00 
        11  8.062497713E-03 -8.062494919E-03  6.562000141E-03  1.115704747E+00 
        12  8.187497035E-03 -8.187495172E-03  6.562000141E-03  1.097688265E+00 
        13  8.312497288E-03 -8.312495425E-03  6.562000141E-03  1.102271671E+00 
        14  8.437497541E-03 -8.437495679E-03  6.562000141E-03  1.124706349E+00 
        15  8.562497795E-03 -8.562495001E-03  6.562000141E-03  1.149173819E+00 
        16  8.687497117E-03 -8.687495254E-03  6.562000141E-03  1.174608301E+00 
        17  8.812497370E-03 -8.812495507E-03  6.562000141E-03  1.218762862E+00 
        18  8.937497623E-03 -8.937495761E-03  6.562000141E-03  1.301029057E+00 
        19  9.062497877E-03 -9.062495083E-03  6.562000141E-03  1.423899850E+00 
        20  9.187497199E-03 -9.187495336E-03  6.562000141E-03  1.537469119E+00 
        21  9.312497452E-03 -9.312495589E-03  6.562000141E-03  1.594031474E+00 
        22  9.437497705E-03 -9.437495843E-03  6.562000141E-03  1.563902611E+00 
        23  9.562497027E-03 -9.562495165E-03  6.562000141E-03  1.432770789E+00 
        24  9.687497281E-03 -9.687495418E-03  6.562000141E-03  1.228085046E+00 
        25  9.812497534E-03 -9.812495671E-03  6.562000141E-03  1.015691775E+00 
        26  9.937497787E-03 -9.937494993E-03  6.562000141E-03  8.632022536E-01 
        27  1.006249711E-02 -1.006249525E-02  6.562000141E-03  8.007513424E-01 
        28  1.018749736E-02 -1.018749550E-02  6.562000141E-03  8.188126587E-01 
        29  1.031249762E-02 -1.031249575E-02  6.562000141E-03  8.970495067E-01 
        30  1.043749694E-02 -1.043749508E-02  6.562000141E-03  1.032213956E+00 
        31  1.056249719E-02 -1.056249533E-02  6.562000141E-03  1.229221566E+00 
        32  1.068749744E-02 -1.068749558E-02  6.562000141E-03  1.502284318E+00 
        33  1.081249770E-02 -1.081249584E-02  6.562000141E-03  1.855701861E+00 
        34  1.093749702E-02 -1.093749516E-02  6.562000141E-03  2.244083808E+00 
        35  1.106249727E-02 -1.106249541E-02  6.562000141E-03  2.594283974E+00 
        36  1.118749753E-02 -1.118749566E-02  6.562000141E-03  2.867668004E+00 
        37  1.131249778E-02 -1.131249592E-02  6.562000141E-03  3.063179480E+00 
        38  1.143749710E-02 -1.143749524E-02  6.562000141E-03  3.191622642E+00 
        39  1.156249736E-02 -1.156249549E-02  6.562000141E-03  3.281625373E+00 
        40  1.168749761E-02 -1.168749575E-02  6.562000141E-03  3.363559898E+00 
        41  1.181249693E-02 -1.181249507E-02  6.562000141E-03  3.454321251E+00 
        42  1.193749718E-02 -1.193749532E-02  6.562000141E-03  3.548173691E+00 
        43  1.206249744E-02 -1.206249557E-02  6.562000141E-03  3.625944882E+00 
        44  1.218749769E-02 -1.218749583E-02  6.562000141E-03  3.683227963E+00 
        45  1.231249701E-02 -1.231249515E-02  6.562000141E-03  3.727370235E+00 
        46  1.243749727E-02 -1.243749540E-02  6.562000141E-03  3.764500809E+00 
        47  1.256249752E-02 -1.256249566E-02  6.562000141E-03  3.797909021E+00 
        48  1.268749684E-02 -1.268749591E-02  6.562000141E-03  3.828359742E+00 
        49  1.281249709E-02 -1.281249523E-02  6.562000141E-03  3.856120715E+00 
        50  1.293749735E-02 -1.293749548E-02  6.562000141E-03  3.881503119E+00 
        51  1.306249760E-02 -1.306249574E-02  6.562000141E-03  3.904859037E+00 
        52  1.318749692E-02 -1.318749599E-02  6.562000141E-03  3.926541432E+00 
        53  1.331249718E-02 -1.331249531E-02  6.562000141E-03  3.946870127E+00 
        54  1.343749743E-02 -1.343749557E-02  6.562000141E-03  3.966127682E+00 
        55  1.356249675E-02 -1.356249582E-02  6.562000141E-03  3.984569183E+00 
        56  1.368749700E-02 -1.368749607E-02  6.562000141E-03  4.002445802E+00 
        57  1.381249726E-02 -1.381249540E-02  6.562000141E-03  4.020030290E+00 
        58  1.393749751E-02 -1.393749565E-02  6.562000141E-03  4.037614858E+00 
        59  1.406249683E-02 -1.406249590E-02  6.562000141E-03  4.055490466E+00 
        60  1.418749709E-02 -1.418749522E-02  6.562000141E-03  4.073920548E+00 
        61  1.431249734E-02 -1.431249548E-02  6.562000141E-03  4.093111220E+00 
        62  1.443749759E-02 -1.443749573E-02  6.562000141E-03  4.113200405E+00 
        63  1.456249692E-02 -1.456249598E-02  6.562000141E-03  4.134262471E+00 
        64  1.468749717E-02 -1.468749531E-02  6.562000141E-03  4.156285045E+00 
        65  1.481249742E-02 -1.481249556E-02  6.562000141E-03  4.179140856E+00 
        66  1.493749674E-02 -1.493749581E-02  6.562000141E-03  4.202610225E+00 
        67  1.506249700E-02 -1.506249607E-02  6.562000141E-03  4.226421852E+00 
        68  1.518749725E-02 -1.518749539E-02  6.562000141E-03  4.250270421E+00 
        69  1.531249750E-02 -1.531249564E-02  6.562000141E-03  4.273902795E+00 
        70  1.543749683E-02 -1.543749589E-02  6.562000141E-03  4.297205257E+00 
        71  1.556249708E-02 -1.556249615E-02  6.562000141E-03  4.320264043E+00 
        72  1.568749733E-02 -1.568749547E-02  6.562000141E-03  4.343370274E+00 
        73  1.581249759E-02 -1.581249572E-02  6.562000141E-03  4.366932342E+00 
        74  1.593749598E-02 -1.593749598E-02  6.562000141E-03  4.391416548E+00 
        75  1.606249623E-02 -1.606249623E-02  6.562000141E-03  4.417219847E+00 
        76  1.895096339E-02 -1.895096339E-02  6.562000606E-03  5.319670542E+00 
        77  1.890101843E-02 -1.890101843E-02  6.562000141E-03  5.299117235E+00 
        78  1.880909875E-02 -1.880909875E-02  6.562000141E-03  5.258867237E+00 
        79  1.868749596E-02 -1.868749596E-02  6.562000141E-03  5.205255152E+00 
        80  1.856249571E-02 -1.856249571E-02  6.562000141E-03  5.153299512E+00 
        81  1.843749732E-02 -1.843749546E-02  6.562000141E-03  5.104095492E+00 
        82  1.831249706E-02 -1.831249520E-02  6.562000141E-03  5.057867622E+00 
        83  1.818749681E-02 -1.818749495E-02  6.562000141E-03  5.014610364E+00 
        84  1.806249656E-02 -1.806249656E-02  6.562000141E-03  4.974078021E+00 
        85  1.793749630E-02 -1.793749630E-02  6.562000141E-03  4.935668363E+00 
        86  1.781249605E-02 -1.781249605E-02  6.562000141E-03  4.898600137E+00 
        87  1.768749580E-02 -1.768749580E-02  6.562000141E-03  4.862363025E+00 
        88  1.756249741E-02 -1.756249554E-02  6.562000141E-03  4.826545872E+00 
        89  1.743749715E-02 -1.743749529E-02  6.562000141E-03  4.790716862E+00 
        90  1.731249690E-02 -1.731249504E-02  6.562000141E-03  4.754623924E+00 
        91  1.718749665E-02 -1.718749478E-02  6.562000141E-03  4.718196372E+00 
        92  1.706249639E-02 -1.706249639E-02  6.562000141E-03  4.681529632E+00 
        93  1.693749614E-02 -1.693749614E-02  6.562000141E-03  4.644856634E+00 
        94  1.681249589E-02 -1.681249589E-02  6.562000141E-03  4.608511599E+00 
        95  1.668749750E-02 -1.668749563E-02  6.562000141E-03  4.572886988E+00 
        96  1.656249724E-02 -1.656249538E-02  6.562000141E-03  4.538384159E+00 
        97  1.643749699E-02 -1.643749513E-02  6.562000141E-03  4.505362230E+00 
        98  1.631249674E-02 -1.631249487E-02  6.562000141E-03  4.474090615E+00 
        99  1.618749648E-02 -1.618749462E-02  6.562000141E-03  4.444706223E+00 
       100  1.899245940E-02 -1.899245940E-02  6.562000606E-03  5.335105775E+00 
       101  1.905349456E-02 -1.905349456E-02  6.562000606E-03  5.368851724E+00 
       102  1.914011873E-02 -1.914011873E-02  6.562000141E-03  5.397071112E+00 
       103  1.923859492E-02 -1.923859492E-02  6.562000141E-03  5.442972098E+00 
       104  2.031007409E-02 -2.031007409E-02  6.562000141E-03  5.558693647E+00 
       105  2.023807354E-02 -2.023807354E-02  6.562000141E-03  5.594389725E+00 
       106  2.016607299E-02 -2.016607299E-02  6.562000141E-03  5.613508358E+00 
       107  2.009407431E-02 -2.009407431E-02  6.562000141E-03  5.633332521E+00 
       108  2.002207376E-02 -2.002207376E-02  6.562000141E-03  5.637904908E+00 
       109  1.995007321E-02 -1.995007321E-02  6.562000141E-03  5.645729035E+00 
       110  1.987807266E-02 -1.987807266E-02  6.562000141E-03  5.638560677E+00 
       111  1.980607398E-02 -1.980607398E-02  6.562000141E-03  5.636144472E+00 
       112  1.973407343E-02 -1.973407343E-02  6.562000141E-03  5.619353921E+00 
       113  1.966207288E-02 -1.966207288E-02  6.562000141E-03  5.607187772E+00 
       114  1.959007233E-02 -1.959007233E-02  6.562000141E-03  5.582421017E+00 
       115  1.951807365E-02 -1.951807365E-02  6.562000141E-03  5.561963669E+00 
       116  1.944607310E-02 -1.944607310E-02  6.562000141E-03  5.531535733E+00 
       117  1.937407255E-02 -1.937407441E-02  6.562000141E-03  5.505260784E+00 
       118  1.930207387E-02 -1.930207387E-02  6.562000141E-03  5.471436000E+00 
       119  2.038207278E-02 -2.038207278E-02  6.562000141E-03  5.524634258E+00 
       120  2.045407332E-02 -2.045407332E-02  6.562000141E-03  5.476176123E+00 
       121  2.052607387E-02 -2.052607387E-02  6.562000141E-03  5.441671648E+00 
       122  2.059807256E-02 -2.059807256E-02  6.562000141E-03  5.401425896E+00 
       123  2.067007311E-02 -2.067007311E-02  6.562000141E-03  5.389336815E+00 
       124  2.074207366E-02 -2.074207366E-02  6.562000141E-03  5.380862990E+00 
       125  2.081407420E-02 -2.081407420E-02  6.562000141E-03  5.393478865E+00 
       126  2.088592015E-02 -2.088592015E-02  6.562000141E-03  5.400614457E+00 
       127  2.093681321E-02 -2.093681321E-02  6.562000141E-03  5.396009766E+00 
       128  2.101955935E-02 -2.101955935E-02  6.562000141E-03  5.365318018E+00 
       129  2.107902244E-02 -2.107902244E-02  6.562000606E-03  5.300096857E+00 
       130  2.110386454E-02 -2.110386454E-02  6.562000606E-03  5.196030488E+00 
       131  2.112595551E-02 -2.112595551E-02  6.562000606E-03  5.028197743E+00 
       132  2.114437334E-02 -2.114437334E-02  6.562000606E-03  4.725682692E+00 
       133  2.115972713E-02 -2.115972713E-02  6.562000606E-03  4.244340279E+00 
       134  2.117252536E-02 -2.117252536E-02  6.562000141E-03  3.603161893E+00 
       135  2.118319459E-02 -2.118319459E-02  6.562000141E-03  2.861481069E+00 
       136  2.119208500E-02 -2.119208500E-02  6.562000141E-03  2.099789124E+00 
       137  2.119949646E-02 -2.119949646E-02  6.562000141E-03  1.395064815E+00 
       138  2.120567486E-02 -2.120567486E-02  6.562000141E-03  7.820940749E-01 
       139  2.121082321E-02 -2.121082321E-02  6.562000141E-03  2.612665966E-01 
       140  2.915092744E-03 -2.915092744E-03  6.562000606E-03  9.102457986E-01 
       141  2.937367884E-03 -2.937367884E-03  6.561999675E-03  9.423817372E-01 
       142  2.973292954E-03 -2.973292954E-03  6.562000141E-03  1.076597003E+00 
       143  3.061023075E-03 -3.061021678E-03  6.562000606E-03  1.453354685E+00 
       144  3.187497612E-03 -3.187494818E-03  6.562000141E-03  1.897232051E+00 
       145  3.312497633E-03 -3.312494839E-03  6.562000141E-03  1.959455113E+00 
       146  3.437497653E-03 -3.437494859E-03  6.562000141E-03  1.787217466E+00 
       147  3.562497674E-03 -3.562494880E-03  6.562000141E-03  1.543641210E+00 
       148  3.687497694E-03 -3.687494900E-03  6.562000141E-03  1.333487935E+00 
       149  3.812497715E-03 -3.812494921E-03  6.562000141E-03  1.237038436E+00 
       150  3.937497735E-03 -3.937494941E-03  6.562000141E-03  1.265587282E+00 
       151  4.062497523E-03 -4.062495194E-03  6.562000141E-03  1.333926294E+00 
       152  4.187497776E-03 -4.187494982E-03  6.562000141E-03  1.392005707E+00 
       153  4.312497564E-03 -4.312495235E-03  6.562000141E-03  1.401394512E+00 
       154  4.437497817E-03 -4.437495023E-03  6.562000141E-03  1.360549330E+00 
       155  4.562497605E-03 -4.562495276E-03  6.562000141E-03  1.289226506E+00 
       156  4.687497858E-03 -4.687495064E-03  6.562000141E-03  1.206841120E+00 
       157  4.812497646E-03 -4.812495317E-03  6.562000141E-03  1.124076210E+00 
       158  4.937497433E-03 -4.937495105E-03  6.562000141E-03  1.044979954E+00 
       159  5.062497687E-03 -5.062494893E-03  6.562000141E-03  9.705632242E-01 
       160  5.187497474E-03 -5.187495146E-03  6.562000141E-03  9.042695122E-01 
       161  5.312497728E-03 -5.312494934E-03  6.562000141E-03  8.557416035E-01 
       162  5.437497515E-03 -5.437495187E-03  6.562000141E-03  8.423422651E-01 
       163  5.562497769E-03 -5.562494975E-03  6.562000141E-03  8.723620312E-01 
       164  5.687497556E-03 -5.687495228E-03  6.562000141E-03  9.294125442E-01 
       165  5.812497810E-03 -5.812495016E-03  6.562000141E-03  9.988166810E-01 
       166  5.937497597E-03 -5.937495269E-03  6.562000141E-03  1.075287121E+00 
       167  6.062497385E-03 -6.062495057E-03  6.562000141E-03  1.149381775E+00 
       168  6.187497638E-03 -6.187495310E-03  6.562000141E-03  1.212304915E+00 
       169  6.312497426E-03 -6.312495098E-03  6.562000141E-03  1.262364584E+00 
       170  6.437497679E-03 -6.437495351E-03  6.562000141E-03  1.309912978E+00 
       171  6.562497467E-03 -6.562495138E-03  6.562000141E-03  1.371063573E+00 
       172  6.687497720E-03 -6.687495392E-03  6.562000141E-03  1.453168570E+00 
       173  6.812497508E-03 -6.812495179E-03  6.562000141E-03  1.545189779E+00 
       174  6.937497761E-03 -6.937495433E-03  6.562000141E-03  1.624482086E+00 
       175  7.062497549E-03 -7.062495220E-03  6.562000141E-03  1.674243975E+00 
       176  7.187497336E-03 -7.187495474E-03  6.562000141E-03  1.691927775E+00 
       177  7.312497590E-03 -7.312495261E-03  6.562000141E-03  1.679240593E+00 
       178  7.437497377E-03 -7.437495049E-03  6.562000141E-03  1.621182518E+00 
       179  7.562497631E-03 -7.562495302E-03  6.562000141E-03  1.492234024E+00 
       180  7.687497418E-03 -7.687495090E-03  6.562000141E-03  1.329728818E+00 
