cellnumber     x-coordinate     y-coordinate     z-coordinate velocity-magnitude 
         1  1.899245940E-02 -1.899245940E-02  6.562000606E-03  5.113852279E+00 
         2  1.905349456E-02 -1.905349456E-02  6.562000606E-03  5.165404001E+00 
         3  1.914011873E-02 -1.914011873E-02  6.562000141E-03  5.187920893E+00 
         4  1.923859492E-02 -1.923859492E-02  6.562000141E-03  5.252509653E+00 
         5  2.031007409E-02 -2.031007409E-02  6.562000141E-03  5.386765589E+00 
         6  2.023807354E-02 -2.023807354E-02  6.562000141E-03  5.401945361E+00 
         7  2.016607299E-02 -2.016607299E-02  6.562000141E-03  5.437135020E+00 
         8  2.009407431E-02 -2.009407431E-02  6.562000141E-03  5.453590157E+00 
         9  2.002207376E-02 -2.002207376E-02  6.562000141E-03  5.486302176E+00 
        10  1.995007321E-02 -1.995007321E-02  6.562000141E-03  5.493467473E+00 
        11  1.987807266E-02 -1.987807266E-02  6.562000141E-03  5.510370874E+00 
        12  1.980607398E-02 -1.980607398E-02  6.562000141E-03  5.500693339E+00 
        13  1.973407343E-02 -1.973407343E-02  6.562000141E-03  5.495596155E+00 
        14  1.966207288E-02 -1.966207288E-02  6.562000141E-03  5.469164281E+00 
        15  1.959007233E-02 -1.959007233E-02  6.562000141E-03  5.446156936E+00 
        16  1.951807365E-02 -1.951807365E-02  6.562000141E-03  5.408106432E+00 
        17  1.944607310E-02 -1.944607310E-02  6.562000141E-03  5.375146153E+00 
        18  1.937407255E-02 -1.937407441E-02  6.562000141E-03  5.331559669E+00 
        19  1.930207387E-02 -1.930207387E-02  6.562000141E-03  5.295615038E+00 
        20  2.038207278E-02 -2.038207278E-02  6.562000141E-03  5.358694192E+00 
        21  2.045407332E-02 -2.045407332E-02  6.562000141E-03  5.348601815E+00 
        22  2.052607387E-02 -2.052607387E-02  6.562000141E-03  5.325346036E+00 
        23  2.059807256E-02 -2.059807256E-02  6.562000141E-03  5.317307983E+00 
        24  2.067007311E-02 -2.067007311E-02  6.562000141E-03  5.292648166E+00 
        25  2.074207366E-02 -2.074207366E-02  6.562000141E-03  5.280941949E+00 
        26  2.081407420E-02 -2.081407420E-02  6.562000141E-03  5.244778214E+00 
        27  2.088592015E-02 -2.088592015E-02  6.562000141E-03  5.213162568E+00 
        28  2.093681321E-02 -2.093681321E-02  6.562000141E-03  5.151704548E+00 
        29  2.101955935E-02 -2.101955935E-02  6.562000141E-03  5.073344103E+00 
        30  2.107902244E-02 -2.107902244E-02  6.562000606E-03  4.989956342E+00 
        31  2.110386454E-02 -2.110386454E-02  6.562000606E-03  4.896181890E+00 
        32  2.112595551E-02 -2.112595551E-02  6.562000606E-03  4.760447435E+00 
        33  2.114437334E-02 -2.114437334E-02  6.562000606E-03  4.522944572E+00 
        34  2.115972713E-02 -2.115972713E-02  6.562000606E-03  4.127758133E+00 
        35  2.117252536E-02 -2.117252536E-02  6.562000141E-03  3.557080930E+00 
        36  2.118319459E-02 -2.118319459E-02  6.562000141E-03  2.855005644E+00 
        37  2.119208500E-02 -2.119208500E-02  6.562000141E-03  2.107281288E+00 
        38  2.119949646E-02 -2.119949646E-02  6.562000141E-03  1.403244364E+00 
        39  2.120567486E-02 -2.120567486E-02  6.562000141E-03  7.867275682E-01 
        40  2.121082321E-02 -2.121082321E-02  6.562000141E-03  2.624211551E-01 
        41  2.830280224E-03 -2.830280224E-03  6.562000606E-03  1.030268631E+00 
        42  2.835373627E-03 -2.835373627E-03  6.562000141E-03  1.001455964E+00 
        43  2.841493115E-03 -2.841493115E-03  6.562000141E-03  9.709966048E-01 
        44  2.848849166E-03 -2.848849166E-03  6.562000141E-03  9.400575014E-01 
        45  2.857688349E-03 -2.857688349E-03  6.562000141E-03  9.106254283E-01 
        46  2.868303098E-03 -2.868303098E-03  6.562000606E-03  8.858025909E-01 
        47  2.881055698E-03 -2.881055698E-03  6.562000141E-03  8.700105427E-01 
        48  2.896386664E-03 -2.896386664E-03  6.562000606E-03  8.682505913E-01 
        49  2.914825454E-03 -2.914825454E-03  6.562000606E-03  8.829794264E-01 
        50  2.937011421E-03 -2.937011421E-03  6.562000606E-03  9.110914864E-01 
        51  2.967901761E-03 -2.967901761E-03  6.562000606E-03  9.639905868E-01 
        52  3.022594377E-03 -3.022594377E-03  6.562000141E-03  1.033923123E+00 
        53  3.099788679E-03 -3.099788679E-03  6.562000141E-03  1.146560265E+00 
        54  3.195532598E-03 -3.195534460E-03  6.562000606E-03  1.227308479E+00 
        55  3.312502056E-03 -3.312505549E-03  6.562000141E-03  1.298906432E+00 
        56  3.437502077E-03 -3.437505569E-03  6.562000141E-03  1.348040285E+00 
        57  3.562501865E-03 -3.562505357E-03  6.562000141E-03  1.377619411E+00 
        58  3.687501885E-03 -3.687505377E-03  6.562000141E-03  1.387248895E+00 
        59  3.812501905E-03 -3.812505398E-03  6.562000141E-03  1.377758489E+00 
        60  3.937501926E-03 -3.937505651E-03  6.562000141E-03  1.354090120E+00 
        61  4.062502179E-03 -4.062505439E-03  6.562000141E-03  1.320992108E+00 
        62  4.187501967E-03 -4.187505692E-03  6.562000141E-03  1.282012575E+00 
        63  4.312502220E-03 -4.312505480E-03  6.562000141E-03  1.240478540E+00 
        64  4.812501837E-03 -4.812505562E-03  6.562000141E-03  1.090905051E+00 
        65  4.937502090E-03 -4.937505815E-03  6.562000141E-03  1.065801683E+00 
        66  5.062501878E-03 -5.062505603E-03  6.562000141E-03  1.048668661E+00 
        67  5.187502131E-03 -5.187505856E-03  6.562000141E-03  1.041577108E+00 
        68  5.312501919E-03 -5.312505644E-03  6.562000141E-03  1.046083798E+00 
        69  5.437502172E-03 -5.437505897E-03  6.562000141E-03  1.062726920E+00 
        70  5.562501960E-03 -5.562505685E-03  6.562000141E-03  1.091029287E+00 
        71  5.687501747E-03 -5.687505472E-03  6.562000141E-03  1.130111661E+00 
        72  5.812502000E-03 -5.812505726E-03  6.562000141E-03  1.178296141E+00 
        73  5.937501788E-03 -5.937505513E-03  6.562000141E-03  1.232896742E+00 
        74  6.062502041E-03 -6.062505767E-03  6.562000141E-03  1.289722867E+00 
        75  6.187501829E-03 -6.187505554E-03  6.562000141E-03  1.343535761E+00 
        76  6.312502082E-03 -6.312505808E-03  6.562000141E-03  1.390618684E+00 
        77  6.437501870E-03 -6.437505595E-03  6.562000141E-03  1.431360739E+00 
        78  6.562502123E-03 -6.562505849E-03  6.562000141E-03  1.469597114E+00 
        79  6.687501911E-03 -6.687505636E-03  6.562000141E-03  1.508289204E+00 
        80  6.812501699E-03 -6.812505890E-03  6.562000141E-03  1.547859512E+00 
        81  6.937501952E-03 -6.937505677E-03  6.562000141E-03  1.585360670E+00 
        82  7.062501740E-03 -7.062505931E-03  6.562000141E-03  1.615875234E+00 
        83  7.187501993E-03 -7.187505718E-03  6.562000141E-03  1.634541046E+00 
        84  7.312501781E-03 -7.312505972E-03  6.562000141E-03  1.635286185E+00 
        85  7.437502034E-03 -7.437505759E-03  6.562000141E-03  1.600033973E+00 
        86  7.562501822E-03 -7.562506013E-03  6.562000141E-03  1.495473216E+00 
        87  7.687502075E-03 -7.687505800E-03  6.562000141E-03  1.336647943E+00 
        88  7.812501863E-03 -7.812505588E-03  6.562000141E-03  1.204103590E+00 
        89  7.937502116E-03 -7.937505841E-03  6.562000141E-03  1.136639498E+00 
        90  8.062501438E-03 -8.062506095E-03  6.562000141E-03  1.107197775E+00 
        91  4.687502049E-03 -4.687505774E-03  6.562000141E-03  1.122421608E+00 
        92  4.562501796E-03 -4.562505521E-03  6.562000141E-03  1.158900853E+00 
        93  4.437502008E-03 -4.437505733E-03  6.562000141E-03  1.198827527E+00 
        94  8.187501691E-03 -8.187505417E-03  6.562000141E-03  1.081698437E+00 
        95  8.312501945E-03 -8.312505670E-03  6.562000141E-03  1.051309991E+00 
        96  8.437502198E-03 -8.437505923E-03  6.562000141E-03  1.024988948E+00 
        97  8.562501520E-03 -8.562506177E-03  6.562000141E-03  1.010658020E+00 
        98  8.687501773E-03 -8.687505499E-03  6.562000141E-03  1.010785830E+00 
        99  8.812502027E-03 -8.812505752E-03  6.562000141E-03  1.030156275E+00 
       100  8.937501349E-03 -8.937506005E-03  6.562000141E-03  1.078363204E+00 
       101  9.062501602E-03 -9.062506258E-03  6.562000141E-03  1.164597335E+00 
       102  9.187501855E-03 -9.187505580E-03  6.562000141E-03  1.275555466E+00 
       103  9.312502109E-03 -9.312505834E-03  6.562000141E-03  1.391254380E+00 
       104  9.437501431E-03 -9.437506087E-03  6.562000141E-03  1.519204480E+00 
       105  9.562501684E-03 -9.562506340E-03  6.562000141E-03  1.646882553E+00 
       106  9.687501937E-03 -9.687505662E-03  6.562000141E-03  1.720697739E+00 
       107  9.812502190E-03 -9.812505916E-03  6.562000141E-03  1.687972718E+00 
       108  9.937501512E-03 -9.937506169E-03  6.562000141E-03  1.560698176E+00 
       109  1.006250177E-02 -1.006250549E-02  6.562000141E-03  1.404124948E+00 
       110  1.018750202E-02 -1.018750574E-02  6.562000141E-03  1.307592519E+00 
       111  1.031250134E-02 -1.031250600E-02  6.562000141E-03  1.338402631E+00 
       112  1.043750159E-02 -1.043750625E-02  6.562000141E-03  1.494734901E+00 
       113  1.056250185E-02 -1.056250557E-02  6.562000141E-03  1.732795194E+00 
       114  1.068750210E-02 -1.068750583E-02  6.562000141E-03  2.018837607E+00 
       115  1.081250142E-02 -1.081250608E-02  6.562000141E-03  2.325218561E+00 
       116  1.093750168E-02 -1.093750633E-02  6.562000141E-03  2.615137681E+00 
       117  1.106250193E-02 -1.106250565E-02  6.562000141E-03  2.862327560E+00 
       118  1.118750125E-02 -1.118750591E-02  6.562000141E-03  3.048061130E+00 
       119  1.131250151E-02 -1.131250616E-02  6.562000141E-03  3.163956269E+00 
       120  1.143750176E-02 -1.143750641E-02  6.562000141E-03  3.218316175E+00 
       121  1.156250201E-02 -1.156250574E-02  6.562000141E-03  3.230212007E+00 
       122  1.168750133E-02 -1.168750599E-02  6.562000141E-03  3.220866630E+00 
       123  1.181250159E-02 -1.181250624E-02  6.562000141E-03  3.217556464E+00 
       124  1.193750184E-02 -1.193750650E-02  6.562000141E-03  3.237817493E+00 
       125  1.206250209E-02 -1.206250582E-02  6.562000141E-03  3.281133918E+00 
       126  1.218750142E-02 -1.218750607E-02  6.562000141E-03  3.334861436E+00 
       127  1.231250167E-02 -1.231250633E-02  6.562000141E-03  3.385349230E+00 
       128  1.243750192E-02 -1.243750565E-02  6.562000141E-03  3.429507303E+00 
       129  1.256250124E-02 -1.256250590E-02  6.562000141E-03  3.471291937E+00 
       130  1.268750150E-02 -1.268750615E-02  6.562000141E-03  3.514217479E+00 
       131  1.281250175E-02 -1.281250641E-02  6.562000141E-03  3.559667042E+00 
       132  1.293750200E-02 -1.293750573E-02  6.562000141E-03  3.607534236E+00 
       133  1.306250133E-02 -1.306250598E-02  6.562000141E-03  3.656883287E+00 
       134  1.318750158E-02 -1.318750624E-02  6.562000141E-03  3.706449826E+00 
       135  1.331250183E-02 -1.331250649E-02  6.562000141E-03  3.755022091E+00 
       136  1.343750115E-02 -1.343750581E-02  6.562000141E-03  3.801695330E+00 
       137  1.356250141E-02 -1.356250606E-02  6.562000141E-03  3.846005814E+00 
       138  1.368750166E-02 -1.368750632E-02  6.562000141E-03  3.887961679E+00 
       139  1.381250191E-02 -1.381250657E-02  6.562000141E-03  3.927993258E+00 
       140  1.393750124E-02 -1.393750589E-02  6.562000141E-03  3.966837420E+00 
       141  1.406250149E-02 -1.406250615E-02  6.562000141E-03  4.005382260E+00 
       142  1.418750174E-02 -1.418750640E-02  6.562000141E-03  4.044500454E+00 
       143  1.431250107E-02 -1.431250572E-02  6.562000141E-03  4.084865877E+00 
       144  1.443750132E-02 -1.443750598E-02  6.562000141E-03  4.126842527E+00 
       145  1.456250157E-02 -1.456250623E-02  6.562000141E-03  4.170440867E+00 
       146  1.468750183E-02 -1.468750648E-02  6.562000141E-03  4.215364796E+00 
       147  1.481250115E-02 -1.481250580E-02  6.562000141E-03  4.261117685E+00 
       148  1.493750140E-02 -1.493750606E-02  6.562000141E-03  4.307124859E+00 
       149  1.506250165E-02 -1.506250631E-02  6.562000141E-03  4.352833923E+00 
       150  1.518750191E-02 -1.518750656E-02  6.562000141E-03  4.397775784E+00 
       151  1.531250123E-02 -1.531250589E-02  6.562000141E-03  4.441585780E+00 
       152  1.543750148E-02 -1.543750614E-02  6.562000141E-03  4.483992863E+00 
       153  1.556250174E-02 -1.556250639E-02  6.562000141E-03  4.524789563E+00 
       154  1.568750106E-02 -1.568750665E-02  6.562000141E-03  4.563800774E+00 
       155  1.868750155E-02 -1.868750528E-02  6.562000141E-03  5.009913548E+00 
       156  1.856250130E-02 -1.856250688E-02  6.562000141E-03  4.976694922E+00 
       157  1.843750104E-02 -1.843750663E-02  6.562000141E-03  4.950540428E+00 
       158  1.831250079E-02 -1.831250638E-02  6.562000141E-03  4.930497636E+00 
       159  1.818750054E-02 -1.818750612E-02  6.562000141E-03  4.915691554E+00 
       160  1.806250028E-02 -1.806250587E-02  6.562000141E-03  4.905298083E+00 
       161  1.793750189E-02 -1.793750562E-02  6.562000141E-03  4.898200307E+00 
       162  1.781250164E-02 -1.781250536E-02  6.562000141E-03  4.892964547E+00 
       163  1.768750139E-02 -1.768750697E-02  6.562000141E-03  4.888298486E+00 
       164  1.756250113E-02 -1.756250672E-02  6.562000141E-03  4.883137419E+00 
       165  1.743750088E-02 -1.743750647E-02  6.562000141E-03  4.876716999E+00 
       166  1.731250063E-02 -1.731250621E-02  6.562000141E-03  4.868564386E+00 
       167  1.718750037E-02 -1.718750596E-02  6.562000141E-03  4.858441624E+00 
       168  1.706250198E-02 -1.706250571E-02  6.562000141E-03  4.846251509E+00 
       169  1.693750173E-02 -1.693750545E-02  6.562000141E-03  4.831956176E+00 
       170  1.681250148E-02 -1.681250520E-02  6.562000141E-03  4.815520207E+00 
       171  1.668750122E-02 -1.668750681E-02  6.562000141E-03  4.796888161E+00 
       172  1.656250097E-02 -1.656250656E-02  6.562000141E-03  4.775987307E+00 
       173  1.643750072E-02 -1.643750630E-02  6.562000141E-03  4.752741042E+00 
       174  1.631250046E-02 -1.631250605E-02  6.562000141E-03  4.727096898E+00 
       175  1.618750207E-02 -1.618750580E-02  6.562000141E-03  4.699039791E+00 
       176  1.606250182E-02 -1.606250554E-02  6.562000141E-03  4.668597459E+00 
       177  1.593750156E-02 -1.593750529E-02  6.562000141E-03  4.635840040E+00 
       178  1.581250131E-02 -1.581250690E-02  6.562000141E-03  4.600866291E+00 
       179  1.880351081E-02 -1.880351454E-02  6.562000141E-03  5.050302262E+00 
       180  1.890108548E-02 -1.890108548E-02  6.562000141E-03  5.081822988E+00 
       181  1.895662583E-02 -1.895662583E-02  6.562000141E-03  5.109780545E+00 
