cellnumber     x-coordinate     y-coordinate     z-coordinate velocity-magnitude 
         1  2.830350772E-03 -2.830350772E-03  6.562000141E-03  1.051885387E+00 
         2  2.835454186E-03 -2.835454186E-03  6.562000141E-03  1.061029179E+00 
         3  2.841583686E-03 -2.841583686E-03  6.562000141E-03  1.068283127E+00 
         4  2.848947188E-03 -2.848947188E-03  6.562000141E-03  1.071332866E+00 
         5  2.857794985E-03 -2.857794985E-03  6.562000141E-03  1.066833260E+00 
         6  2.868429292E-03 -2.868429292E-03  6.562000141E-03  1.050460835E+00 
         7  2.881214023E-03 -2.881214023E-03  6.562000606E-03  1.018326190E+00 
         8  2.896590391E-03 -2.896590391E-03  6.562000141E-03  9.705237338E-01 
         9  7.812497206E-03 -7.812495343E-03  6.562000141E-03  2.093150070E+00 
        10  7.937497459E-03 -7.937495597E-03  6.562000141E-03  2.033439586E+00 
        11  8.062497713E-03 -8.062495850E-03  6.562000141E-03  1.961259479E+00 
        12  8.187497035E-03 -8.187495172E-03  6.562000141E-03  1.879133441E+00 
        13  8.312497288E-03 -8.312495425E-03  6.562000141E-03  1.791922590E+00 
        14  8.437497541E-03 -8.437495679E-03  6.562000141E-03  1.709461588E+00 
        15  8.562497795E-03 -8.562495001E-03  6.562000141E-03  1.639685477E+00 
        16  8.687497117E-03 -8.687495254E-03  6.562000141E-03  1.585203728E+00 
        17  8.812497370E-03 -8.812495507E-03  6.562000141E-03  1.549060460E+00 
        18  8.937497623E-03 -8.937495761E-03  6.562000141E-03  1.534056434E+00 
        19  9.062496945E-03 -9.062495083E-03  6.562000141E-03  1.546535080E+00 
        20  9.187497199E-03 -9.187495336E-03  6.562000141E-03  1.609534663E+00 
        21  9.312497452E-03 -9.312495589E-03  6.562000141E-03  1.742899381E+00 
        22  9.437497705E-03 -9.437495843E-03  6.562000141E-03  1.912536720E+00 
        23  9.562497027E-03 -9.562495165E-03  6.562000141E-03  2.049599008E+00 
        24  9.687497281E-03 -9.687495418E-03  6.562000141E-03  2.085740617E+00 
        25  9.812497534E-03 -9.812495671E-03  6.562000141E-03  2.025497568E+00 
        26  9.937496856E-03 -9.937495925E-03  6.562000141E-03  1.927798733E+00 
        27  1.006249711E-02 -1.006249525E-02  6.562000141E-03  1.803496703E+00 
        28  1.018749736E-02 -1.018749550E-02  6.562000141E-03  1.653040295E+00 
        29  1.031249762E-02 -1.031249575E-02  6.562000141E-03  1.522952101E+00 
        30  1.043749694E-02 -1.043749601E-02  6.562000141E-03  1.452245663E+00 
        31  1.056249719E-02 -1.056249533E-02  6.562000141E-03  1.428219075E+00 
        32  1.068749744E-02 -1.068749558E-02  6.562000141E-03  1.442751487E+00 
        33  1.081249677E-02 -1.081249584E-02  6.562000141E-03  1.503887374E+00 
        34  1.093749702E-02 -1.093749609E-02  6.562000141E-03  1.620744034E+00 
        35  1.106249727E-02 -1.106249541E-02  6.562000141E-03  1.795506585E+00 
        36  1.118749753E-02 -1.118749566E-02  6.562000141E-03  2.029513638E+00 
        37  1.131249685E-02 -1.131249592E-02  6.562000141E-03  2.287799742E+00 
        38  1.143749710E-02 -1.143749524E-02  6.562000141E-03  2.519525772E+00 
        39  1.156249736E-02 -1.156249549E-02  6.562000141E-03  2.705820063E+00 
        40  1.168749668E-02 -1.168749575E-02  6.562000141E-03  2.853738974E+00 
        41  1.181249693E-02 -1.181249600E-02  6.562000141E-03  2.979779817E+00 
        42  1.193749718E-02 -1.193749532E-02  6.562000141E-03  3.108268925E+00 
        43  1.206249744E-02 -1.206249557E-02  6.562000141E-03  3.256617745E+00 
        44  1.218749676E-02 -1.218749583E-02  6.562000141E-03  3.418042776E+00 
        45  1.231249701E-02 -1.231249608E-02  6.562000141E-03  3.562743525E+00 
        46  1.243749727E-02 -1.243749540E-02  6.562000141E-03  3.666313894E+00 
        47  1.256249752E-02 -1.256249566E-02  6.562000141E-03  3.731352806E+00 
        48  1.268749684E-02 -1.268749591E-02  6.562000141E-03  3.774846100E+00 
        49  1.281249709E-02 -1.281249616E-02  6.562000141E-03  3.809320468E+00 
        50  1.293749735E-02 -1.293749548E-02  6.562000141E-03  3.837696065E+00 
        51  1.306249667E-02 -1.306249574E-02  6.562000141E-03  3.863083218E+00 
        52  1.318749692E-02 -1.318749599E-02  6.562000141E-03  3.887657180E+00 
        53  1.331249718E-02 -1.331249624E-02  6.562000141E-03  3.912278841E+00 
        54  1.343749743E-02 -1.343749557E-02  6.562000141E-03  3.937161257E+00 
        55  1.356249675E-02 -1.356249582E-02  6.562000141E-03  3.961933556E+00 
        56  1.368749700E-02 -1.368749607E-02  6.562000141E-03  3.985563408E+00 
        57  1.381249726E-02 -1.381249540E-02  6.562000141E-03  4.006898980E+00 
        58  1.393749658E-02 -1.393749565E-02  6.562000141E-03  4.024700495E+00 
        59  1.406249683E-02 -1.406249590E-02  6.562000141E-03  4.038889698E+00 
        60  1.418749709E-02 -1.418749616E-02  6.562000141E-03  4.051501622E+00 
        61  1.431249734E-02 -1.431249548E-02  6.562000141E-03  4.064382739E+00 
        62  1.443749666E-02 -1.443749573E-02  6.562000141E-03  4.078823122E+00 
        63  1.456249692E-02 -1.456249598E-02  6.562000141E-03  4.095578422E+00 
        64  1.468749717E-02 -1.468749624E-02  6.562000141E-03  4.114944596E+00 
        65  1.481249649E-02 -1.481249556E-02  6.562000141E-03  4.136838114E+00 
        66  1.493749674E-02 -1.493749581E-02  6.562000141E-03  4.160951978E+00 
        67  1.506249700E-02 -1.506249607E-02  6.562000141E-03  4.186895478E+00 
        68  1.518749725E-02 -1.518749632E-02  6.562000141E-03  4.214312293E+00 
        69  1.531249657E-02 -1.531249564E-02  6.562000141E-03  4.242958255E+00 
        70  1.543749683E-02 -1.543749589E-02  6.562000141E-03  4.272753710E+00 
        71  1.556249708E-02 -1.556249615E-02  6.562000141E-03  4.303790168E+00 
        72  1.568749733E-02 -1.568749547E-02  6.562000141E-03  4.336301651E+00 
        73  1.581249572E-02 -1.581249572E-02  6.562000141E-03  4.370617820E+00 
        74  1.593749598E-02 -1.593749598E-02  6.562000141E-03  4.407087479E+00 
        75  1.606249623E-02 -1.606249623E-02  6.562000141E-03  4.445991147E+00 
        76  1.895096339E-02 -1.895096339E-02  6.562000141E-03  5.207642818E+00 
        77  1.890101843E-02 -1.890101843E-02  6.562000141E-03  5.179202971E+00 
        78  1.880909875E-02 -1.880909875E-02  6.562000141E-03  5.178544178E+00 
        79  1.868749596E-02 -1.868749596E-02  6.562000141E-03  5.161838670E+00 
        80  1.856249571E-02 -1.856249571E-02  6.562000141E-03  5.146510875E+00 
        81  1.843749546E-02 -1.843749546E-02  6.562000141E-03  5.131658507E+00 
        82  1.831249706E-02 -1.831249520E-02  6.562000141E-03  5.116410411E+00 
        83  1.818749681E-02 -1.818749681E-02  6.562000141E-03  5.099718963E+00 
        84  1.806249656E-02 -1.806249656E-02  6.562000141E-03  5.080728156E+00 
        85  1.793749630E-02 -1.793749630E-02  6.562000141E-03  5.058759316E+00 
        86  1.781249605E-02 -1.781249605E-02  6.562000141E-03  5.033343698E+00 
        87  1.768749580E-02 -1.768749580E-02  6.562000141E-03  5.004294200E+00 
        88  1.756249554E-02 -1.756249554E-02  6.562000141E-03  4.972025368E+00 
        89  1.743749715E-02 -1.743749529E-02  6.562000141E-03  4.936908454E+00 
        90  1.731249690E-02 -1.731249504E-02  6.562000141E-03  4.898854543E+00 
        91  1.718749665E-02 -1.718749665E-02  6.562000141E-03  4.857944869E+00 
        92  1.706249639E-02 -1.706249639E-02  6.562000141E-03  4.814436926E+00 
        93  1.693749614E-02 -1.693749614E-02  6.562000141E-03  4.768743202E+00 
        94  1.681249589E-02 -1.681249589E-02  6.562000141E-03  4.721431569E+00 
        95  1.668749563E-02 -1.668749563E-02  6.562000141E-03  4.673225227E+00 
        96  1.656249724E-02 -1.656249538E-02  6.562000141E-03  4.624936746E+00 
        97  1.643749699E-02 -1.643749513E-02  6.562000141E-03  4.577399342E+00 
        98  1.631249674E-02 -1.631249487E-02  6.562000141E-03  4.531374637E+00 
        99  1.618749648E-02 -1.618749648E-02  6.562000141E-03  4.487453459E+00 
       100  1.899245940E-02 -1.899245940E-02  6.562000606E-03  5.173230848E+00 
       101  1.905349456E-02 -1.905349456E-02  6.562000606E-03  5.233085274E+00 
       102  1.914011873E-02 -1.914011873E-02  6.562000141E-03  5.215260989E+00 
       103  1.923859492E-02 -1.923859492E-02  6.562000141E-03  5.263361473E+00 
       104  2.031007409E-02 -2.031007409E-02  6.562000141E-03  5.324732862E+00 
       105  2.023807354E-02 -2.023807354E-02  6.562000141E-03  5.318068566E+00 
       106  2.016607299E-02 -2.016607299E-02  6.562000141E-03  5.322599293E+00 
       107  2.009407431E-02 -2.009407431E-02  6.562000141E-03  5.315853881E+00 
       108  2.002207376E-02 -2.002207376E-02  6.562000141E-03  5.321897953E+00 
       109  1.995007321E-02 -1.995007321E-02  6.562000141E-03  5.313623461E+00 
       110  1.987807266E-02 -1.987807266E-02  6.562000141E-03  5.321353296E+00 
       111  1.980607398E-02 -1.980607398E-02  6.562000141E-03  5.310687583E+00 
       112  1.973407343E-02 -1.973407343E-02  6.562000141E-03  5.320420524E+00 
       113  1.966207288E-02 -1.966207288E-02  6.562000141E-03  5.306435391E+00 
       114  1.959007233E-02 -1.959007233E-02  6.562000141E-03  5.316725679E+00 
       115  1.951807365E-02 -1.951807365E-02  6.562000141E-03  5.297873040E+00 
       116  1.944607310E-02 -1.944607310E-02  6.562000141E-03  5.307497305E+00 
       117  1.937407255E-02 -1.937407441E-02  6.562000141E-03  5.283624366E+00 
       118  1.930207387E-02 -1.930207387E-02  6.562000141E-03  5.292069393E+00 
       119  2.038207278E-02 -2.038207278E-02  6.562000141E-03  5.321537825E+00 
       120  2.045407332E-02 -2.045407332E-02  6.562000141E-03  5.329205187E+00 
       121  2.052607387E-02 -2.052607387E-02  6.562000141E-03  5.326759862E+00 
       122  2.059807256E-02 -2.059807256E-02  6.562000141E-03  5.335852161E+00 
       123  2.067007311E-02 -2.067007311E-02  6.562000141E-03  5.333919445E+00 
       124  2.074207366E-02 -2.074207366E-02  6.562000141E-03  5.344455950E+00 
       125  2.081407420E-02 -2.081407420E-02  6.562000141E-03  5.340295820E+00 
       126  2.088592015E-02 -2.088592015E-02  6.562000141E-03  5.339918577E+00 
       127  2.093681321E-02 -2.093681321E-02  6.562000141E-03  5.315380700E+00 
       128  2.101955935E-02 -2.101955935E-02  6.562000141E-03  5.274565259E+00 
       129  2.107902244E-02 -2.107902244E-02  6.562000606E-03  5.212721107E+00 
       130  2.110386454E-02 -2.110386454E-02  6.562000606E-03  5.105686838E+00 
       131  2.112595551E-02 -2.112595551E-02  6.562000606E-03  4.927593329E+00 
       132  2.114437334E-02 -2.114437334E-02  6.562000606E-03  4.605275043E+00 
       133  2.115972713E-02 -2.115972713E-02  6.562000606E-03  4.102100069E+00 
       134  2.117252536E-02 -2.117252536E-02  6.562000141E-03  3.452061623E+00 
       135  2.118319459E-02 -2.118319459E-02  6.562000141E-03  2.722264753E+00 
       136  2.119208500E-02 -2.119208500E-02  6.562000141E-03  1.990197295E+00 
       137  2.119949646E-02 -2.119949646E-02  6.562000141E-03  1.320991267E+00 
       138  2.120567486E-02 -2.120567486E-02  6.562000141E-03  7.405133576E-01 
       139  2.121082321E-02 -2.121082321E-02  6.562000141E-03  2.473216459E-01 
       140  2.915092511E-03 -2.915092511E-03  6.562000141E-03  9.136855008E-01 
       141  2.937367884E-03 -2.937367884E-03  6.562000141E-03  8.566104883E-01 
       142  2.973292954E-03 -2.973292954E-03  6.562000141E-03  7.889228475E-01 
       143  3.061023075E-03 -3.061021678E-03  6.562000141E-03  6.761456199E-01 
       144  3.187497612E-03 -3.187495051E-03  6.562000141E-03  6.400311494E-01 
       145  3.312497633E-03 -3.312494839E-03  6.562000141E-03  6.525022600E-01 
       146  3.437497653E-03 -3.437494859E-03  6.562000141E-03  6.735514489E-01 
       147  3.562497674E-03 -3.562494880E-03  6.562000141E-03  6.924659545E-01 
       148  3.687497461E-03 -3.687494900E-03  6.562000141E-03  7.116047771E-01 
       149  3.812497482E-03 -3.812494921E-03  6.562000141E-03  7.350897967E-01 
       150  3.937497735E-03 -3.937494941E-03  6.562000141E-03  7.662337587E-01 
       151  4.062497523E-03 -4.062495194E-03  6.562000141E-03  8.070218027E-01 
       152  4.187497776E-03 -4.187494982E-03  6.562000141E-03  8.583254697E-01 
       153  4.312497564E-03 -4.312495235E-03  6.562000141E-03  9.204481461E-01 
       154  4.437497817E-03 -4.437495023E-03  6.562000141E-03  9.930232558E-01 
       155  4.562497605E-03 -4.562495276E-03  6.562000141E-03  1.075372264E+00 
       156  4.687497392E-03 -4.687495064E-03  6.562000141E-03  1.166325589E+00 
       157  4.812497646E-03 -4.812495317E-03  6.562000141E-03  1.264021947E+00 
       158  4.937497433E-03 -4.937495105E-03  6.562000141E-03  1.365666994E+00 
       159  5.062497687E-03 -5.062495358E-03  6.562000141E-03  1.467486350E+00 
       160  5.187497474E-03 -5.187495146E-03  6.562000141E-03  1.564956444E+00 
       161  5.312497728E-03 -5.312495399E-03  6.562000141E-03  1.653526587E+00 
       162  5.437497515E-03 -5.437495187E-03  6.562000141E-03  1.729718371E+00 
       163  5.562497769E-03 -5.562495440E-03  6.562000141E-03  1.791025951E+00 
       164  5.687497556E-03 -5.687495228E-03  6.562000141E-03  1.836944724E+00 
       165  5.812497344E-03 -5.812495481E-03  6.562000141E-03  1.868927992E+00 
       166  5.937497597E-03 -5.937495269E-03  6.562000141E-03  1.890613922E+00 
       167  6.062497385E-03 -6.062495057E-03  6.562000141E-03  1.907596918E+00 
       168  6.187497638E-03 -6.187495310E-03  6.562000141E-03  1.924036700E+00 
       169  6.312497426E-03 -6.312495098E-03  6.562000141E-03  1.945115693E+00 
       170  6.437497679E-03 -6.437495351E-03  6.562000141E-03  1.976033951E+00 
       171  6.562497467E-03 -6.562495138E-03  6.562000141E-03  2.018029103E+00 
       172  6.687497254E-03 -6.687495392E-03  6.562000141E-03  2.067626172E+00 
       173  6.812497508E-03 -6.812495179E-03  6.562000141E-03  2.117101877E+00 
       174  6.937497295E-03 -6.937495433E-03  6.562000141E-03  2.158681520E+00 
       175  7.062497549E-03 -7.062495220E-03  6.562000141E-03  2.187824565E+00 
       176  7.187497336E-03 -7.187495474E-03  6.562000141E-03  2.203000889E+00 
       177  7.312497590E-03 -7.312495261E-03  6.562000141E-03  2.205404276E+00 
       178  7.437497377E-03 -7.437495515E-03  6.562000141E-03  2.196229943E+00 
       179  7.562497165E-03 -7.562495302E-03  6.562000141E-03  2.174519904E+00 
       180  7.687497418E-03 -7.687495556E-03  6.562000141E-03  2.140077845E+00 
