cellnumber     x-coordinate     y-coordinate     z-coordinate velocity-magnitude 
         1 -2.830350772E-03 -2.830350772E-03  6.562000141E-03  1.472827362E+00 
         2 -2.835454186E-03 -2.835454186E-03  6.562000606E-03  1.488069585E+00 
         3 -2.841583686E-03 -2.841583686E-03  6.562000141E-03  1.504047456E+00 
         4 -2.848947421E-03 -2.848947421E-03  6.562000141E-03  1.520005068E+00 
         5 -2.857794985E-03 -2.857794985E-03  6.562000141E-03  1.534761165E+00 
         6 -2.868429292E-03 -2.868429292E-03  6.562000141E-03  1.546623525E+00 
         7 -2.881214023E-03 -2.881214023E-03  6.562000606E-03  1.553423519E+00 
         8 -2.896590624E-03 -2.896590624E-03  6.562000606E-03  1.552783361E+00 
         9 -7.812495343E-03 -7.812497672E-03  6.562000141E-03  3.666966949E+00 
        10 -7.937495597E-03 -7.937497459E-03  6.562000141E-03  3.746719841E+00 
        11 -8.062494919E-03 -8.062497713E-03  6.562000141E-03  3.835994552E+00 
        12 -8.187495172E-03 -8.187497966E-03  6.562000141E-03  3.931922950E+00 
        13 -8.312495425E-03 -8.312497288E-03  6.562000141E-03  4.029550057E+00 
        14 -8.437495679E-03 -8.437497541E-03  6.562000141E-03  4.123884354E+00 
        15 -8.562495001E-03 -8.562497795E-03  6.562000141E-03  4.211637891E+00 
        16 -8.687495254E-03 -8.687497117E-03  6.562000141E-03  4.291830821E+00 
        17 -8.812495507E-03 -8.812497370E-03  6.562000141E-03  4.365327069E+00 
        18 -8.937494829E-03 -8.937497623E-03  6.562000141E-03  4.433930489E+00 
        19 -9.062495083E-03 -9.062497877E-03  6.562000141E-03  4.499578367E+00 
        20 -9.187495336E-03 -9.187497199E-03  6.562000141E-03  4.563975752E+00 
        21 -9.312495589E-03 -9.312497452E-03  6.562000141E-03  4.628378477E+00 
        22 -9.437494911E-03 -9.437497705E-03  6.562000141E-03  4.693464264E+00 
        23 -9.562495165E-03 -9.562497959E-03  6.562000141E-03  4.759241966E+00 
        24 -9.687495418E-03 -9.687497281E-03  6.562000141E-03  4.825088931E+00 
        25 -9.812495671E-03 -9.812497534E-03  6.562000141E-03  4.890005592E+00 
        26 -9.937494993E-03 -9.937497787E-03  6.562000141E-03  4.952994566E+00 
        27 -1.006249525E-02 -1.006249711E-02  6.562000141E-03  5.013393169E+00 
        28 -1.018749550E-02 -1.018749736E-02  6.562000141E-03  5.071063933E+00 
        29 -1.031249575E-02 -1.031249762E-02  6.562000141E-03  5.126427928E+00 
        30 -1.043749508E-02 -1.043749787E-02  6.562000141E-03  5.180333230E+00 
        31 -1.056249533E-02 -1.056249719E-02  6.562000141E-03  5.233834384E+00 
        32 -1.068749558E-02 -1.068749744E-02  6.562000141E-03  5.287940820E+00 
        33 -1.081249490E-02 -1.081249770E-02  6.562000141E-03  5.343432026E+00 
        34 -1.093749516E-02 -1.093749702E-02  6.562000141E-03  5.400790197E+00 
        35 -1.106249541E-02 -1.106249727E-02  6.562000141E-03  5.460233011E+00 
        36 -1.118749566E-02 -1.118749753E-02  6.562000141E-03  5.521796827E+00 
        37 -1.131249499E-02 -1.131249778E-02  6.562000141E-03  5.585427802E+00 
        38 -1.143749524E-02 -1.143749710E-02  6.562000141E-03  5.651039318E+00 
        39 -1.156249549E-02 -1.156249736E-02  6.562000141E-03  5.718557185E+00 
        40 -1.168749575E-02 -1.168749761E-02  6.562000141E-03  5.787934274E+00 
        41 -1.181249507E-02 -1.181249693E-02  6.562000141E-03  5.859156197E+00 
        42 -1.193749532E-02 -1.193749718E-02  6.562000141E-03  5.932233190E+00 
        43 -1.206249557E-02 -1.206249744E-02  6.562000141E-03  6.007185374E+00 
        44 -1.218749583E-02 -1.218749769E-02  6.562000141E-03  6.084022370E+00 
        45 -1.231249515E-02 -1.231249701E-02  6.562000141E-03  6.162721210E+00 
        46 -1.243749540E-02 -1.243749727E-02  6.562000141E-03  6.243206621E+00 
        47 -1.256249566E-02 -1.256249752E-02  6.562000141E-03  6.325339319E+00 
        48 -1.268749591E-02 -1.268749777E-02  6.562000141E-03  6.408914539E+00 
        49 -1.281249523E-02 -1.281249709E-02  6.562000141E-03  6.493674238E+00 
        50 -1.293749548E-02 -1.293749735E-02  6.562000141E-03  6.579327799E+00 
        51 -1.306249574E-02 -1.306249760E-02  6.562000141E-03  6.665581658E+00 
        52 -1.318749506E-02 -1.318749692E-02  6.562000141E-03  6.752177696E+00 
        53 -1.331249531E-02 -1.331249718E-02  6.562000141E-03  6.838915902E+00 
        54 -1.343749557E-02 -1.343749743E-02  6.562000141E-03  6.925677193E+00 
        55 -1.356249582E-02 -1.356249768E-02  6.562000141E-03  7.012435264E+00 
        56 -1.368749514E-02 -1.368749700E-02  6.562000141E-03  7.099263313E+00 
        57 -1.381249540E-02 -1.381249726E-02  6.562000141E-03  7.186334756E+00 
        58 -1.393749565E-02 -1.393749751E-02  6.562000141E-03  7.273909775E+00 
        59 -1.406249590E-02 -1.406249683E-02  6.562000141E-03  7.362285609E+00 
        60 -1.418749522E-02 -1.418749709E-02  6.562000141E-03  7.451681374E+00 
        61 -1.431249548E-02 -1.431249734E-02  6.562000141E-03  7.542044302E+00 
        62 -1.443749573E-02 -1.443749759E-02  6.562000141E-03  7.632808859E+00 
        63 -1.456249598E-02 -1.456249692E-02  6.562000141E-03  7.722611935E+00 
        64 -1.468749531E-02 -1.468749717E-02  6.562000141E-03  7.808925227E+00 
        65 -1.481249556E-02 -1.481249742E-02  6.562000141E-03  7.887854918E+00 
        66 -1.493749581E-02 -1.493749768E-02  6.562000141E-03  7.955255438E+00 
        67 -1.506249513E-02 -1.506249700E-02  6.562000141E-03  8.008029747E+00 
        68 -1.518749539E-02 -1.518749725E-02  6.562000141E-03  8.044752360E+00 
        69 -1.531249564E-02 -1.531249750E-02  6.562000141E-03  8.066419070E+00 
        70 -1.543749589E-02 -1.543749683E-02  6.562000141E-03  8.077197194E+00 
        71 -1.556249522E-02 -1.556249708E-02  6.562000141E-03  8.085215318E+00 
        72 -1.568749547E-02 -1.568749733E-02  6.562000141E-03  8.101429585E+00 
        73 -1.581249572E-02 -1.581249759E-02  6.562000141E-03  8.138045440E+00 
        74 -1.593749598E-02 -1.593749784E-02  6.562000141E-03  8.204752148E+00 
        75 -1.606249623E-02 -1.606249623E-02  6.562000141E-03  8.302555132E+00 
        76 -1.895096339E-02 -1.895096339E-02  6.562000141E-03  5.768323621E+00 
        77 -1.890101843E-02 -1.890101843E-02  6.562000141E-03  5.828127281E+00 
        78 -1.880909875E-02 -1.880909875E-02  6.562000141E-03  6.066461833E+00 
        79 -1.868749596E-02 -1.868749596E-02  6.562000141E-03  6.561142374E+00 
        80 -1.856249571E-02 -1.856249757E-02  6.562000141E-03  7.188910186E+00 
        81 -1.843749546E-02 -1.843749732E-02  6.562000141E-03  7.634458702E+00 
        82 -1.831249520E-02 -1.831249706E-02  6.562000141E-03  7.819815005E+00 
        83 -1.818749495E-02 -1.818749681E-02  6.562000141E-03  7.875542611E+00 
        84 -1.806249470E-02 -1.806249656E-02  6.562000141E-03  7.902441158E+00 
        85 -1.793749630E-02 -1.793749630E-02  6.562000141E-03  7.941985170E+00 
        86 -1.781249605E-02 -1.781249605E-02  6.562000141E-03  8.008654848E+00 
        87 -1.768749580E-02 -1.768749766E-02  6.562000141E-03  8.104016990E+00 
        88 -1.756249554E-02 -1.756249741E-02  6.562000141E-03  8.218757364E+00 
        89 -1.743749529E-02 -1.743749715E-02  6.562000141E-03  8.336227587E+00 
        90 -1.731249504E-02 -1.731249690E-02  6.562000141E-03  8.444881994E+00 
        91 -1.718749478E-02 -1.718749665E-02  6.562000141E-03  8.538263872E+00 
        92 -1.706249453E-02 -1.706249639E-02  6.562000141E-03  8.612212623E+00 
        93 -1.693749614E-02 -1.693749614E-02  6.562000141E-03  8.665241068E+00 
        94 -1.681249589E-02 -1.681249775E-02  6.562000141E-03  8.697075944E+00 
        95 -1.668749563E-02 -1.668749750E-02  6.562000141E-03  8.705529769E+00 
        96 -1.656249538E-02 -1.656249724E-02  6.562000141E-03  8.686756707E+00 
        97 -1.643749513E-02 -1.643749699E-02  6.562000141E-03  8.633217585E+00 
        98 -1.631249487E-02 -1.631249674E-02  6.562000141E-03  8.540605348E+00 
        99 -1.618749462E-02 -1.618749648E-02  6.562000141E-03  8.420867314E+00 
       100 -2.915092511E-03 -2.915092511E-03  6.562000141E-03  1.543357183E+00 
       101 -2.937367652E-03 -2.937367652E-03  6.561999675E-03  1.526510287E+00 
       102 -2.973292954E-03 -2.973292954E-03  6.562000141E-03  1.505504333E+00 
       103 -3.061021678E-03 -3.061023075E-03  6.562000141E-03  1.511933131E+00 
       104 -3.187494818E-03 -3.187497612E-03  6.562000141E-03  1.563509379E+00 
       105 -3.312494839E-03 -3.312497633E-03  6.562000141E-03  1.594674429E+00 
       106 -3.437494859E-03 -3.437497653E-03  6.562000141E-03  1.576706632E+00 
       107 -3.562494880E-03 -3.562497674E-03  6.562000141E-03  1.530425483E+00 
       108 -3.687494900E-03 -3.687497694E-03  6.562000141E-03  1.480258083E+00 
       109 -3.812494921E-03 -3.812497715E-03  6.562000141E-03  1.433585539E+00 
       110 -3.937494941E-03 -3.937497735E-03  6.562000141E-03  1.388688574E+00 
       111 -4.062495194E-03 -4.062497523E-03  6.562000141E-03  1.342465319E+00 
       112 -4.187494982E-03 -4.187497776E-03  6.562000141E-03  1.294240650E+00 
       113 -4.312495235E-03 -4.312497564E-03  6.562000141E-03  1.245734932E+00 
       114 -4.437495023E-03 -4.437497817E-03  6.562000141E-03  1.199465282E+00 
       115 -4.562495276E-03 -4.562497605E-03  6.562000141E-03  1.157402214E+00 
       116 -4.687495064E-03 -4.687497858E-03  6.562000141E-03  1.120767383E+00 
       117 -4.812494852E-03 -4.812497646E-03  6.562000141E-03  1.090631271E+00 
       118 -4.937495105E-03 -4.937497899E-03  6.562000141E-03  1.064644144E+00 
       119 -5.062494893E-03 -5.062497687E-03  6.562000141E-03  1.047374181E+00 
       120 -5.187495146E-03 -5.187497474E-03  6.562000141E-03  1.056345102E+00 
       121 -5.312494934E-03 -5.312497728E-03  6.562000141E-03  1.101838525E+00 
       122 -5.437495187E-03 -5.437497515E-03  6.562000141E-03  1.159772062E+00 
       123 -5.562494975E-03 -5.562497769E-03  6.562000141E-03  1.166609355E+00 
       124 -5.687495228E-03 -5.687497556E-03  6.562000141E-03  1.082276529E+00 
       125 -5.812495016E-03 -5.812497810E-03  6.562000141E-03  9.676935816E-01 
       126 -5.937495269E-03 -5.937497597E-03  6.562000141E-03  1.071281809E+00 
       127 -6.062495057E-03 -6.062497851E-03  6.562000141E-03  1.391868871E+00 
       128 -6.187495310E-03 -6.187497638E-03  6.562000141E-03  1.776281243E+00 
       129 -6.312495098E-03 -6.312497426E-03  6.562000141E-03  2.136602672E+00 
       130 -6.437495351E-03 -6.437497679E-03  6.562000141E-03  2.429446953E+00 
       131 -6.562495138E-03 -6.562497467E-03  6.562000141E-03  2.656207907E+00 
       132 -6.687494926E-03 -6.687497720E-03  6.562000141E-03  2.836806847E+00 
       133 -6.812495179E-03 -6.812497508E-03  6.562000141E-03  2.967436467E+00 
       134 -6.937494967E-03 -6.937497761E-03  6.562000141E-03  3.052888737E+00 
       135 -7.062495220E-03 -7.062497549E-03  6.562000141E-03  3.126094092E+00 
       136 -7.187495008E-03 -7.187497802E-03  6.562000141E-03  3.218556080E+00 
       137 -7.312495261E-03 -7.312497590E-03  6.562000141E-03  3.329472250E+00 
       138 -7.437495049E-03 -7.437497377E-03  6.562000141E-03  3.438081995E+00 
       139 -7.562495302E-03 -7.562497631E-03  6.562000141E-03  3.525050615E+00 
       140 -7.687495090E-03 -7.687497418E-03  6.562000141E-03  3.595690469E+00 
       141 -1.898222044E-02 -1.898222044E-02  6.562000606E-03  5.709079006E+00 
       142 -1.904012822E-02 -1.904012822E-02  6.562000141E-03  5.732521063E+00 
       143 -1.912219450E-02 -1.912219450E-02  6.562000606E-03  5.780304554E+00 
       144 -1.916676387E-02 -1.916676387E-02  6.562000606E-03  5.833895173E+00 
       145 -1.923896931E-02 -1.923896931E-02  6.562000141E-03  5.874439111E+00 
       146 -1.931096986E-02 -1.931096986E-02  6.562000606E-03  5.943324645E+00 
       147 -1.938296854E-02 -1.938296854E-02  6.562000141E-03  5.991329157E+00 
       148 -1.945496909E-02 -1.945496909E-02  6.562000141E-03  6.035725950E+00 
       149 -1.952696778E-02 -1.952696778E-02  6.562000141E-03  6.073152951E+00 
       150 -1.959896833E-02 -1.959896833E-02  6.562000141E-03  6.093741535E+00 
       151 -1.967096888E-02 -1.967096888E-02  6.562000141E-03  6.120334432E+00 
       152 -1.974296942E-02 -1.974296942E-02  6.562000141E-03  6.127021546E+00 
       153 -1.981496811E-02 -1.981496811E-02  6.562000141E-03  6.145811591E+00 
       154 -1.988696866E-02 -1.988696866E-02  6.562000141E-03  6.145576538E+00 
       155 -1.995896734E-02 -1.995896734E-02  6.562000141E-03  6.156973833E+00 
       156 -2.003096975E-02 -2.003096975E-02  6.562000141E-03  6.149659140E+00 
       157 -2.010296844E-02 -2.010296844E-02  6.562000141E-03  6.151740550E+00 
       158 -2.017496899E-02 -2.017496899E-02  6.562000141E-03  6.133645741E+00 
       159 -2.024696954E-02 -2.024696954E-02  6.562000141E-03  6.122419161E+00 
       160 -2.031897008E-02 -2.031897008E-02  6.562000141E-03  6.089484204E+00 
       161 -2.039096877E-02 -2.039096877E-02  6.562000141E-03  6.061789243E+00 
       162 -2.046296932E-02 -2.046296932E-02  6.562000141E-03  6.013607615E+00 
       163 -2.053496800E-02 -2.053496800E-02  6.562000141E-03  5.969821932E+00 
       164 -2.060696855E-02 -2.060696855E-02  6.562000141E-03  5.911056922E+00 
       165 -2.067896910E-02 -2.067896910E-02  6.562000141E-03  5.850906309E+00 
       166 -2.075096965E-02 -2.075096965E-02  6.562000141E-03  5.775597114E+00 
       167 -2.082296833E-02 -2.082296833E-02  6.562000141E-03  5.678162176E+00 
       168 -2.089514025E-02 -2.089514025E-02  6.562000141E-03  5.548097331E+00 
       169 -2.095155232E-02 -2.095155232E-02  6.562000141E-03  5.377201799E+00 
       170 -2.100796066E-02 -2.100796066E-02  6.562000141E-03  5.242734392E+00 
       171 -2.102797665E-02 -2.102797665E-02  6.562000141E-03  5.203718058E+00 
       172 -2.106651478E-02 -2.106651478E-02  6.562000606E-03  4.999918681E+00 
       173 -2.110337466E-02 -2.110337466E-02  6.562000606E-03  4.699952337E+00 
       174 -2.112556621E-02 -2.112556621E-02  6.562000606E-03  4.385107123E+00 
       175 -2.114406601E-02 -2.114406601E-02  6.562000606E-03  3.990006520E+00 
       176 -2.115948685E-02 -2.115948685E-02  6.562000606E-03  3.506076789E+00 
       177 -2.117234282E-02 -2.117234282E-02  6.562000606E-03  2.937947672E+00 
       178 -2.118305862E-02 -2.118305862E-02  6.562000141E-03  2.312398674E+00 
       179 -2.119199000E-02 -2.119199000E-02  6.562000141E-03  1.687276207E+00 
       180 -2.119943500E-02 -2.119943500E-02  6.562000606E-03  1.118341556E+00 
       181 -2.120563947E-02 -2.120563947E-02  6.562000141E-03  6.263199288E-01 
       182 -2.121081017E-02 -2.121081017E-02  6.562000141E-03  2.089581437E-01 
