cellnumber     x-coordinate     y-coordinate     z-coordinate velocity-magnitude 
         1 -2.937239595E-03 -2.937239595E-03  6.562000606E-03  1.363036583E+00 
         2 -2.974424278E-03 -2.974424278E-03  6.562000141E-03  1.350997910E+00 
         3 -3.062231001E-03 -3.062227275E-03  6.562000141E-03  1.354510669E+00 
         4 -3.187502269E-03 -3.187494585E-03  6.562000141E-03  1.346267634E+00 
         5 -3.312502289E-03 -3.312494606E-03  6.562000141E-03  1.307846210E+00 
         6 -3.437502310E-03 -3.437494626E-03  6.562000141E-03  1.246555346E+00 
         7 -3.562502330E-03 -3.562494414E-03  6.562000141E-03  1.169706503E+00 
         8 -3.687502351E-03 -3.687494434E-03  6.562000141E-03  1.083129478E+00 
         9 -3.812502371E-03 -3.812494455E-03  6.562000141E-03  9.898571136E-01 
        10 -3.937502392E-03 -3.937494475E-03  6.562000141E-03  8.919786590E-01 
        11 -1.368750259E-02 -1.368749421E-02  6.562000141E-03  6.794903279E+00 
        12 -1.381250285E-02 -1.381249446E-02  6.562000141E-03  6.858510854E+00 
        13 -1.393750310E-02 -1.393749379E-02  6.562000141E-03  6.922913459E+00 
        14 -4.062502645E-03 -4.062494729E-03  6.562000141E-03  7.942342095E-01 
        15 -4.187502433E-03 -4.187494516E-03  6.562000141E-03  7.081960075E-01 
        16 -4.312502686E-03 -4.312494770E-03  6.562000141E-03  6.548252932E-01 
        17 -4.437502474E-03 -4.437494557E-03  6.562000141E-03  6.596674384E-01 
        18 -4.562502727E-03 -4.562494811E-03  6.562000141E-03  7.385181173E-01 
        19 -4.687502515E-03 -4.687494598E-03  6.562000141E-03  8.754855826E-01 
        20 -4.812502302E-03 -4.812494386E-03  6.562000141E-03  1.040796734E+00 
        21 -4.937502556E-03 -4.937494639E-03  6.562000141E-03  1.196012191E+00 
        22 -5.062502343E-03 -5.062494427E-03  6.562000141E-03  1.291075405E+00 
        23 -5.187502597E-03 -5.187494680E-03  6.562000141E-03  1.281347047E+00 
        24 -5.312502384E-03 -5.312494468E-03  6.562000141E-03  1.159342194E+00 
        25 -5.437502638E-03 -5.437494721E-03  6.562000141E-03  1.024521834E+00 
        26 -5.562502425E-03 -5.562494509E-03  6.562000141E-03  9.979448694E-01 
        27 -5.687502678E-03 -5.687494762E-03  6.562000141E-03  1.095096429E+00 
        28 -5.812502466E-03 -5.812494550E-03  6.562000141E-03  1.280559596E+00 
        29 -5.937502719E-03 -5.937494338E-03  6.562000141E-03  1.530764586E+00 
        30 -6.062502507E-03 -6.062494591E-03  6.562000141E-03  1.826235022E+00 
        31 -6.187502760E-03 -6.187494379E-03  6.562000141E-03  2.117501660E+00 
        32 -6.312502548E-03 -6.312494632E-03  6.562000141E-03  2.378527328E+00 
        33 -6.437502801E-03 -6.437494420E-03  6.562000141E-03  2.608498977E+00 
        34 -6.562502589E-03 -6.562494673E-03  6.562000141E-03  2.802187681E+00 
        35 -6.687502842E-03 -6.687494460E-03  6.562000141E-03  2.949939940E+00 
        36 -6.812502630E-03 -6.812494714E-03  6.562000141E-03  3.037158121E+00 
        37 -6.937502418E-03 -6.937494501E-03  6.562000141E-03  3.062689812E+00 
        38 -7.062502671E-03 -7.062494289E-03  6.562000141E-03  3.075663336E+00 
        39 -7.187502459E-03 -7.187494542E-03  6.562000141E-03  3.152223556E+00 
        40 -7.312502712E-03 -7.312494330E-03  6.562000141E-03  3.309536612E+00 
        41 -7.437502500E-03 -7.437494583E-03  6.562000141E-03  3.498089984E+00 
        42 -7.562502753E-03 -7.562494371E-03  6.562000141E-03  3.661101238E+00 
        43 -7.687502541E-03 -7.687494624E-03  6.562000141E-03  3.780098441E+00 
        44 -7.812502794E-03 -7.812494412E-03  6.562000141E-03  3.873077820E+00 
        45 -7.937503047E-03 -7.937494665E-03  6.562000141E-03  3.956942957E+00 
        46 -8.062502369E-03 -8.062493987E-03  6.562000141E-03  4.038546750E+00 
        47 -8.187502623E-03 -8.187494241E-03  6.562000141E-03  4.119409091E+00 
        48 -8.312502876E-03 -8.312494494E-03  6.562000141E-03  4.198964593E+00 
        49 -8.437503129E-03 -8.437494747E-03  6.562000141E-03  4.276016695E+00 
        50 -8.562502451E-03 -8.562494069E-03  6.562000141E-03  4.349565447E+00 
        51 -8.687502705E-03 -8.687494323E-03  6.562000141E-03  4.419375508E+00 
        52 -8.812502958E-03 -8.812494576E-03  6.562000141E-03  4.486004893E+00 
        53 -8.937502280E-03 -8.937494829E-03  6.562000141E-03  4.550392973E+00 
        54 -9.062502533E-03 -9.062494151E-03  6.562000141E-03  4.613955344E+00 
        55 -9.187502787E-03 -9.187494405E-03  6.562000141E-03  4.678243006E+00 
        56 -9.312503040E-03 -9.312494658E-03  6.562000141E-03  4.744541266E+00 
        57 -9.437502362E-03 -9.437493980E-03  6.562000141E-03  4.813540560E+00 
        58 -9.562502615E-03 -9.562494233E-03  6.562000141E-03  4.885218793E+00 
        59 -9.687502868E-03 -9.687494487E-03  6.562000141E-03  4.958914676E+00 
        60 -9.812503122E-03 -9.812494740E-03  6.562000141E-03  5.033550527E+00 
        61 -9.937502444E-03 -9.937494062E-03  6.562000141E-03  5.107887044E+00 
        62 -1.356250327E-02 -1.356249396E-02  6.562000141E-03  6.732229303E+00 
        63 -1.343750302E-02 -1.343749464E-02  6.562000141E-03  6.670620840E+00 
        64 -1.331250276E-02 -1.331249438E-02  6.562000141E-03  6.610159675E+00 
        65 -1.318750251E-02 -1.318749413E-02  6.562000141E-03  6.550858412E+00 
        66 -1.306250319E-02 -1.306249388E-02  6.562000141E-03  6.492668922E+00 
        67 -1.293750294E-02 -1.293749455E-02  6.562000141E-03  6.435504079E+00 
        68 -1.281250268E-02 -1.281249430E-02  6.562000141E-03  6.379262458E+00 
        69 -1.268750336E-02 -1.268749405E-02  6.562000141E-03  6.323849106E+00 
        70 -1.256250311E-02 -1.256249379E-02  6.562000141E-03  6.269187920E+00 
        71 -1.243750285E-02 -1.243749447E-02  6.562000141E-03  6.215227497E+00 
        72 -1.231250260E-02 -1.231249422E-02  6.562000141E-03  6.161938561E+00 
        73 -1.218750328E-02 -1.218749397E-02  6.562000141E-03  6.109307928E+00 
        74 -1.206250302E-02 -1.206249464E-02  6.562000141E-03  6.057329226E+00 
        75 -1.193750277E-02 -1.193749439E-02  6.562000141E-03  6.005992974E+00 
        76 -1.181250252E-02 -1.181249414E-02  6.562000141E-03  5.955274213E+00 
        77 -1.168750320E-02 -1.168749388E-02  6.562000141E-03  5.905120827E+00 
        78 -1.156250294E-02 -1.156249456E-02  6.562000141E-03  5.855441630E+00 
        79 -1.143750269E-02 -1.143749431E-02  6.562000141E-03  5.806092992E+00 
        80 -1.131250244E-02 -1.131249405E-02  6.562000141E-03  5.756866323E+00 
        81 -1.118750311E-02 -1.118749473E-02  6.562000141E-03  5.707476831E+00 
        82 -1.106250286E-02 -1.106249448E-02  6.562000141E-03  5.657555917E+00 
        83 -1.093750261E-02 -1.093749423E-02  6.562000141E-03  5.606649275E+00 
        84 -1.081250329E-02 -1.081249397E-02  6.562000141E-03  5.554225802E+00 
        85 -1.068750303E-02 -1.068749465E-02  6.562000141E-03  5.499706000E+00 
        86 -1.056250278E-02 -1.056249440E-02  6.562000141E-03  5.442515142E+00 
        87 -1.043750253E-02 -1.043749414E-02  6.562000141E-03  5.382172242E+00 
        88 -1.031250320E-02 -1.031249389E-02  6.562000141E-03  5.318388252E+00 
        89 -1.018750295E-02 -1.018749457E-02  6.562000141E-03  5.251130396E+00 
        90 -1.006250270E-02 -1.006249432E-02  6.562000141E-03  5.180739301E+00 
        91 -1.806250215E-02 -1.806249283E-02  6.562000141E-03  7.838709721E+00 
        92 -1.793750376E-02 -1.793749444E-02  6.562000141E-03  7.856773374E+00 
        93 -1.781250350E-02 -1.781249419E-02  6.562000141E-03  7.862233935E+00 
        94 -1.768750325E-02 -1.768749394E-02  6.562000141E-03  7.853980629E+00 
        95 -1.756250300E-02 -1.756249368E-02  6.562000141E-03  7.831153676E+00 
        96 -1.743750274E-02 -1.743749343E-02  6.562000141E-03  7.792590297E+00 
        97 -1.731250249E-02 -1.731249318E-02  6.562000141E-03  7.736445784E+00 
        98 -1.718750224E-02 -1.718749292E-02  6.562000141E-03  7.676163110E+00 
        99 -1.706250198E-02 -1.706249453E-02  6.562000141E-03  7.630917464E+00 
       100 -1.693750359E-02 -1.693749428E-02  6.562000141E-03  7.606844807E+00 
       101 -1.681250334E-02 -1.681249402E-02  6.562000141E-03  7.602742354E+00 
       102 -1.668750308E-02 -1.668749377E-02  6.562000141E-03  7.618665816E+00 
       103 -1.656250283E-02 -1.656249352E-02  6.562000141E-03  7.654356978E+00 
       104 -1.643750258E-02 -1.643749326E-02  6.562000141E-03  7.708243899E+00 
       105 -1.631250232E-02 -1.631249301E-02  6.562000141E-03  7.776718789E+00 
       106 -1.618750207E-02 -1.618749462E-02  6.562000141E-03  7.854445890E+00 
       107 -1.606250368E-02 -1.606249437E-02  6.562000141E-03  7.934127043E+00 
       108 -1.593750343E-02 -1.593749411E-02  6.562000141E-03  8.005200801E+00 
       109 -1.581250317E-02 -1.581249386E-02  6.562000141E-03  8.053556483E+00 
       110 -1.568750292E-02 -1.568749361E-02  6.562000141E-03  8.066583784E+00 
       111 -1.556250267E-02 -1.556249429E-02  6.562000141E-03  8.032594645E+00 
       112 -1.543750335E-02 -1.543749403E-02  6.562000141E-03  7.957257726E+00 
       113 -1.531250309E-02 -1.531249378E-02  6.562000141E-03  7.854236168E+00 
       114 -1.518750284E-02 -1.518749446E-02  6.562000141E-03  7.738881935E+00 
       115 -1.506250259E-02 -1.506249420E-02  6.562000141E-03  7.625330341E+00 
       116 -1.493750326E-02 -1.493749395E-02  6.562000141E-03  7.520221200E+00 
       117 -1.481250301E-02 -1.481249370E-02  6.562000141E-03  7.425515138E+00 
       118 -1.468750276E-02 -1.468749437E-02  6.562000141E-03  7.340372758E+00 
       119 -1.456250343E-02 -1.456249412E-02  6.562000141E-03  7.262704568E+00 
       120 -1.443750318E-02 -1.443749387E-02  6.562000141E-03  7.190242103E+00 
       121 -1.431250293E-02 -1.431249455E-02  6.562000141E-03  7.121116514E+00 
       122 -1.418750267E-02 -1.418749429E-02  6.562000141E-03  7.053984343E+00 
       123 -1.406250335E-02 -1.406249404E-02  6.562000141E-03  6.988039145E+00 
       124 -1.895638742E-02 -1.895638742E-02  6.562000141E-03  7.287132062E+00 
       125 -1.889957115E-02 -1.889957115E-02  6.562000606E-03  7.384723181E+00 
       126 -1.880222373E-02 -1.880222000E-02  6.562000141E-03  7.504232732E+00 
       127 -1.868750341E-02 -1.868749410E-02  6.562000141E-03  7.601408013E+00 
       128 -1.856250316E-02 -1.856249385E-02  6.562000141E-03  7.667624894E+00 
       129 -1.843750291E-02 -1.843749359E-02  6.562000141E-03  7.723586412E+00 
       130 -1.831250265E-02 -1.831249334E-02  6.562000141E-03  7.771057423E+00 
       131 -1.818750240E-02 -1.818749309E-02  6.562000141E-03  7.809803500E+00 
       132 -1.898222044E-02 -1.898222044E-02  6.562000606E-03  7.147434009E+00 
       133 -1.904012822E-02 -1.904012822E-02  6.562000141E-03  6.984903043E+00 
       134 -1.912219450E-02 -1.912219450E-02  6.562000606E-03  6.765395033E+00 
       135 -1.916676387E-02 -1.916676387E-02  6.562000606E-03  6.518788351E+00 
       136 -1.923896931E-02 -1.923896931E-02  6.562000141E-03  6.225634578E+00 
       137 -1.931096986E-02 -1.931096986E-02  6.562000606E-03  6.000562153E+00 
       138 -1.938296854E-02 -1.938296854E-02  6.562000141E-03  5.824438135E+00 
       139 -1.945496909E-02 -1.945496909E-02  6.562000141E-03  5.735921017E+00 
       140 -1.952696778E-02 -1.952696778E-02  6.562000141E-03  5.707608378E+00 
       141 -1.959896833E-02 -1.959896833E-02  6.562000141E-03  5.724228192E+00 
       142 -1.967096888E-02 -1.967096888E-02  6.562000141E-03  5.775968549E+00 
       143 -1.974296942E-02 -1.974296942E-02  6.562000141E-03  5.840249614E+00 
       144 -1.981496811E-02 -1.981496811E-02  6.562000141E-03  5.916647523E+00 
       145 -1.988696866E-02 -1.988696866E-02  6.562000141E-03  5.988709187E+00 
       146 -1.995896734E-02 -1.995896734E-02  6.562000141E-03  6.063283699E+00 
       147 -2.003096975E-02 -2.003096975E-02  6.562000141E-03  6.126303688E+00 
       148 -2.010296844E-02 -2.010296844E-02  6.562000141E-03  6.191075518E+00 
       149 -2.017496899E-02 -2.017496899E-02  6.562000141E-03  6.238342301E+00 
       150 -2.024696954E-02 -2.024696954E-02  6.562000141E-03  6.288154981E+00 
       151 -2.031897008E-02 -2.031897008E-02  6.562000141E-03  6.315709323E+00 
       152 -2.039096877E-02 -2.039096877E-02  6.562000141E-03  6.346385301E+00 
       153 -2.046296932E-02 -2.046296932E-02  6.562000141E-03  6.351377888E+00 
       154 -2.053496800E-02 -2.053496800E-02  6.562000141E-03  6.359652159E+00 
       155 -2.060696855E-02 -2.060696855E-02  6.562000141E-03  6.340675804E+00 
       156 -2.067896910E-02 -2.067896910E-02  6.562000141E-03  6.321032122E+00 
       157 -2.075096965E-02 -2.075096965E-02  6.562000141E-03  6.268025655E+00 
       158 -2.082296833E-02 -2.082296833E-02  6.562000141E-03  6.199236096E+00 
       159 -2.089514025E-02 -2.089514025E-02  6.562000141E-03  6.077130743E+00 
       160 -2.095155232E-02 -2.095155232E-02  6.562000141E-03  5.927680701E+00 
       161 -2.100796066E-02 -2.100796066E-02  6.562000141E-03  5.793664341E+00 
       162 -2.102797665E-02 -2.102797665E-02  6.562000141E-03  5.772485111E+00 
       163 -2.106651478E-02 -2.106651478E-02  6.562000606E-03  5.560746822E+00 
       164 -2.110337466E-02 -2.110337466E-02  6.562000606E-03  5.275610466E+00 
       165 -2.112556621E-02 -2.112556621E-02  6.562000606E-03  4.973137628E+00 
       166 -2.114406601E-02 -2.114406601E-02  6.562000606E-03  4.575650483E+00 
       167 -2.115948685E-02 -2.115948685E-02  6.562000606E-03  4.066931690E+00 
       168 -2.117234282E-02 -2.117234282E-02  6.562000606E-03  3.449260127E+00 
       169 -2.118305862E-02 -2.118305862E-02  6.562000141E-03  2.740655906E+00 
       170 -2.119199000E-02 -2.119199000E-02  6.562000141E-03  2.003553976E+00 
       171 -2.119943500E-02 -2.119943500E-02  6.562000606E-03  1.322538661E+00 
       172 -2.120563947E-02 -2.120563947E-02  6.562000141E-03  7.369853624E-01 
       173 -2.121081017E-02 -2.121081017E-02  6.562000141E-03  2.448937580E-01 
       174 -2.830386627E-03 -2.830386627E-03  6.562000606E-03  1.466568933E+00 
       175 -2.835483057E-03 -2.835483057E-03  6.562000606E-03  1.469225110E+00 
       176 -2.841603942E-03 -2.841603942E-03  6.562000141E-03  1.470416351E+00 
       177 -2.848957200E-03 -2.848957200E-03  6.562000141E-03  1.469160214E+00 
       178 -2.857792191E-03 -2.857792191E-03  6.562000141E-03  1.464111254E+00 
       179 -2.868410433E-03 -2.868410433E-03  6.562000141E-03  1.453600639E+00 
       180 -2.881176071E-03 -2.881176071E-03  6.562000141E-03  1.436047809E+00 
       181 -2.896528924E-03 -2.896528924E-03  6.562000141E-03  1.411480624E+00 
       182 -2.915001474E-03 -2.915001474E-03  6.562000141E-03  1.384429465E+00 
