cellnumber     x-coordinate     y-coordinate     z-coordinate velocity-magnitude 
         1 -1.898222044E-02 -1.898222044E-02  6.562000606E-03  6.182804616E+00 
         2 -1.904012822E-02 -1.904012822E-02  6.562000141E-03  6.091647666E+00 
         3 -1.912219450E-02 -1.912219450E-02  6.562000606E-03  5.987974349E+00 
         4 -1.916676387E-02 -1.916676387E-02  6.562000606E-03  5.915863920E+00 
         5 -1.923896931E-02 -1.923896931E-02  6.562000141E-03  5.847622724E+00 
         6 -1.931096986E-02 -1.931096986E-02  6.562000606E-03  5.818905842E+00 
         7 -1.938296854E-02 -1.938296854E-02  6.562000141E-03  5.815722282E+00 
         8 -1.945496909E-02 -1.945496909E-02  6.562000141E-03  5.814849939E+00 
         9 -1.952696778E-02 -1.952696778E-02  6.562000141E-03  5.841427003E+00 
        10 -1.959896833E-02 -1.959896833E-02  6.562000141E-03  5.856394402E+00 
        11 -1.967096888E-02 -1.967096888E-02  6.562000141E-03  5.896451201E+00 
        12 -1.974296942E-02 -1.974296942E-02  6.562000141E-03  5.921384846E+00 
        13 -1.981496811E-02 -1.981496811E-02  6.562000141E-03  5.968027856E+00 
        14 -1.988696866E-02 -1.988696866E-02  6.562000141E-03  6.001015559E+00 
        15 -1.995896734E-02 -1.995896734E-02  6.562000141E-03  6.050594967E+00 
        16 -2.003096975E-02 -2.003096975E-02  6.562000141E-03  6.090450049E+00 
        17 -2.010296844E-02 -2.010296844E-02  6.562000141E-03  6.139185001E+00 
        18 -2.017496899E-02 -2.017496899E-02  6.562000141E-03  6.183462198E+00 
        19 -2.024696954E-02 -2.024696954E-02  6.562000141E-03  6.226579991E+00 
        20 -2.031897008E-02 -2.031897008E-02  6.562000141E-03  6.271234340E+00 
        21 -2.039096877E-02 -2.039096877E-02  6.562000141E-03  6.304105931E+00 
        22 -2.046296932E-02 -2.046296932E-02  6.562000141E-03  6.344336730E+00 
        23 -2.053496800E-02 -2.053496800E-02  6.562000141E-03  6.363515263E+00 
        24 -2.060696855E-02 -2.060696855E-02  6.562000141E-03  6.395018030E+00 
        25 -2.067896910E-02 -2.067896910E-02  6.562000141E-03  6.393988584E+00 
        26 -2.075096965E-02 -2.075096965E-02  6.562000141E-03  6.398693262E+00 
        27 -2.082296833E-02 -2.082296833E-02  6.562000141E-03  6.345570408E+00 
        28 -2.089514025E-02 -2.089514025E-02  6.562000141E-03  6.271368844E+00 
        29 -2.095155232E-02 -2.095155232E-02  6.562000141E-03  6.112790321E+00 
        30 -2.100796066E-02 -2.100796066E-02  6.562000141E-03  5.998661844E+00 
        31 -2.102797665E-02 -2.102797665E-02  6.562000141E-03  5.931910953E+00 
        32 -2.106651478E-02 -2.106651478E-02  6.562000606E-03  5.716207340E+00 
        33 -2.110337466E-02 -2.110337466E-02  6.562000606E-03  5.315151837E+00 
        34 -2.112556621E-02 -2.112556621E-02  6.562000606E-03  4.876803086E+00 
        35 -2.114406601E-02 -2.114406601E-02  6.562000606E-03  4.344014299E+00 
        36 -2.115948685E-02 -2.115948685E-02  6.562000606E-03  3.730651740E+00 
        37 -2.117234282E-02 -2.117234282E-02  6.562000606E-03  3.062998757E+00 
        38 -2.118305862E-02 -2.118305862E-02  6.562000141E-03  2.368914507E+00 
        39 -2.119199000E-02 -2.119199000E-02  6.562000141E-03  1.702004416E+00 
        40 -2.119943500E-02 -2.119943500E-02  6.562000606E-03  1.115795680E+00 
        41 -2.120563947E-02 -2.120563947E-02  6.562000141E-03  6.214776460E-01 
        42 -2.121081017E-02 -2.121081017E-02  6.562000141E-03  2.071751715E-01 
        43 -2.830280224E-03 -2.830280224E-03  6.562000606E-03  1.466075148E+00 
        44 -2.835373627E-03 -2.835373627E-03  6.562000606E-03  1.468209372E+00 
        45 -2.841493115E-03 -2.841493115E-03  6.562000606E-03  1.469411038E+00 
        46 -2.848849166E-03 -2.848849166E-03  6.562000141E-03  1.468962829E+00 
        47 -2.857688349E-03 -2.857688349E-03  6.562000141E-03  1.465863575E+00 
        48 -2.868303098E-03 -2.868303098E-03  6.562000141E-03  1.458851585E+00 
        49 -2.881055698E-03 -2.881055698E-03  6.562000141E-03  1.446523067E+00 
        50 -2.896386897E-03 -2.896386897E-03  6.562000606E-03  1.427837035E+00 
        51 -2.914825454E-03 -2.914825454E-03  6.562000606E-03  1.403210168E+00 
        52 -2.937011421E-03 -2.937011421E-03  6.562000606E-03  1.376793076E+00 
        53 -2.967901761E-03 -2.967901761E-03  6.562000606E-03  1.348748868E+00 
        54 -3.022594377E-03 -3.022594377E-03  6.562000606E-03  1.351472195E+00 
        55 -3.099788912E-03 -3.099788912E-03  6.562000606E-03  1.377790170E+00 
        56 -3.195534460E-03 -3.195532598E-03  6.562000606E-03  1.428506860E+00 
        57 -3.312505316E-03 -3.312502056E-03  6.562000141E-03  1.497145836E+00 
        58 -3.437505336E-03 -3.437502077E-03  6.562000141E-03  1.541250359E+00 
        59 -3.562505357E-03 -3.562502097E-03  6.562000141E-03  1.519774152E+00 
        60 -3.687505377E-03 -3.687501885E-03  6.562000141E-03  1.446431410E+00 
        61 -3.812505398E-03 -3.812501905E-03  6.562000141E-03  1.362640329E+00 
        62 -3.937505651E-03 -3.937501926E-03  6.562000141E-03  1.280491997E+00 
        63 -4.062505439E-03 -4.062502179E-03  6.562000141E-03  1.203850833E+00 
        64 -4.187505692E-03 -4.187501967E-03  6.562000141E-03  1.135843528E+00 
        65 -4.312505480E-03 -4.312502220E-03  6.562000141E-03  1.076759330E+00 
        66 -4.812505562E-03 -4.812501837E-03  6.562000141E-03  9.455784320E-01 
        67 -4.937505815E-03 -4.937502090E-03  6.562000141E-03  9.795892386E-01 
        68 -5.062505603E-03 -5.062501878E-03  6.562000141E-03  1.060204565E+00 
        69 -5.187505390E-03 -5.187502131E-03  6.562000141E-03  1.173651359E+00 
        70 -5.312505644E-03 -5.312501919E-03  6.562000141E-03  1.270844938E+00 
        71 -5.437505431E-03 -5.437502172E-03  6.562000141E-03  1.284620391E+00 
        72 -5.562505685E-03 -5.562501960E-03  6.562000141E-03  1.176933978E+00 
        73 -5.687505472E-03 -5.687502213E-03  6.562000141E-03  1.028753557E+00 
        74 -5.812505726E-03 -5.812502000E-03  6.562000141E-03  1.057886810E+00 
        75 -5.937505513E-03 -5.937501788E-03  6.562000141E-03  1.278205225E+00 
        76 -6.062505767E-03 -6.062502041E-03  6.562000141E-03  1.557638621E+00 
        77 -6.187505554E-03 -6.187501829E-03  6.562000141E-03  1.830384533E+00 
        78 -6.312505808E-03 -6.312502082E-03  6.562000141E-03  2.082746976E+00 
        79 -6.437505595E-03 -6.437501870E-03  6.562000141E-03  2.309032392E+00 
        80 -6.562505849E-03 -6.562502123E-03  6.562000141E-03  2.515413488E+00 
        81 -6.687505636E-03 -6.687501911E-03  6.562000141E-03  2.701843931E+00 
        82 -6.812505890E-03 -6.812502164E-03  6.562000141E-03  2.864926562E+00 
        83 -6.937505677E-03 -6.937501952E-03  6.562000141E-03  2.997256503E+00 
        84 -7.062505931E-03 -7.062501740E-03  6.562000141E-03  3.088058448E+00 
        85 -7.187505718E-03 -7.187501993E-03  6.562000141E-03  3.139364213E+00 
        86 -7.312505506E-03 -7.312501781E-03  6.562000141E-03  3.182196055E+00 
        87 -7.437505759E-03 -7.437502034E-03  6.562000141E-03  3.250060935E+00 
        88 -7.562505547E-03 -7.562501822E-03  6.562000141E-03  3.345329382E+00 
        89 -7.687505800E-03 -7.687502075E-03  6.562000141E-03  3.450187893E+00 
        90 -7.812505588E-03 -7.812501863E-03  6.562000141E-03  3.548100354E+00 
        91 -7.937505841E-03 -7.937502116E-03  6.562000141E-03  3.637180055E+00 
        92 -8.062506095E-03 -8.062502369E-03  6.562000141E-03  3.724003662E+00 
        93 -4.687505774E-03 -4.687502049E-03  6.562000141E-03  9.523507686E-01 
        94 -4.562505521E-03 -4.562502261E-03  6.562000141E-03  9.847290086E-01 
        95 -4.437505733E-03 -4.437502008E-03  6.562000141E-03  1.026495737E+00 
        96 -8.187505417E-03 -8.187501691E-03  6.562000141E-03  3.813288690E+00 
        97 -8.312505670E-03 -8.312501945E-03  6.562000141E-03  3.907696855E+00 
        98 -8.437505923E-03 -8.437502198E-03  6.562000141E-03  4.008757741E+00 
        99 -8.562506177E-03 -8.562501520E-03  6.562000141E-03  4.117080811E+00 
       100 -8.687505499E-03 -8.687501773E-03  6.562000141E-03  4.231821754E+00 
       101 -8.812505752E-03 -8.812502027E-03  6.562000141E-03  4.352067897E+00 
       102 -8.937506005E-03 -8.937502280E-03  6.562000141E-03  4.477039565E+00 
       103 -9.062506258E-03 -9.062501602E-03  6.562000141E-03  4.602248449E+00 
       104 -9.187505580E-03 -9.187501855E-03  6.562000141E-03  4.723382842E+00 
       105 -9.312505834E-03 -9.312502109E-03  6.562000141E-03  4.838264921E+00 
       106 -9.437506087E-03 -9.437501431E-03  6.562000141E-03  4.946936781E+00 
       107 -9.562505409E-03 -9.562501684E-03  6.562000141E-03  5.049030682E+00 
       108 -9.687505662E-03 -9.687501937E-03  6.562000141E-03  5.143638363E+00 
       109 -9.812505916E-03 -9.812502190E-03  6.562000141E-03  5.230734903E+00 
       110 -9.937506169E-03 -9.937501512E-03  6.562000141E-03  5.310623321E+00 
       111 -1.006250549E-02 -1.006250177E-02  6.562000141E-03  5.383836121E+00 
       112 -1.018750574E-02 -1.018750202E-02  6.562000141E-03  5.451053436E+00 
       113 -1.031250600E-02 -1.031250227E-02  6.562000141E-03  5.513038495E+00 
       114 -1.043750625E-02 -1.043750159E-02  6.562000141E-03  5.570564879E+00 
       115 -1.056250557E-02 -1.056250185E-02  6.562000141E-03  5.624364797E+00 
       116 -1.068750583E-02 -1.068750210E-02  6.562000141E-03  5.675085820E+00 
       117 -1.081250608E-02 -1.081250142E-02  6.562000141E-03  5.723291386E+00 
       118 -1.093750633E-02 -1.093750168E-02  6.562000141E-03  5.769473513E+00 
       119 -1.106250565E-02 -1.106250193E-02  6.562000141E-03  5.814092323E+00 
       120 -1.118750591E-02 -1.118750218E-02  6.562000141E-03  5.857612216E+00 
       121 -1.131250616E-02 -1.131250151E-02  6.562000141E-03  5.900531406E+00 
       122 -1.143750548E-02 -1.143750176E-02  6.562000141E-03  5.943407964E+00 
       123 -1.156250574E-02 -1.156250201E-02  6.562000141E-03  5.986850758E+00 
       124 -1.168750599E-02 -1.168750133E-02  6.562000141E-03  6.031505089E+00 
       125 -1.181250624E-02 -1.181250159E-02  6.562000141E-03  6.078018656E+00 
       126 -1.193750557E-02 -1.193750184E-02  6.562000141E-03  6.127004914E+00 
       127 -1.206250582E-02 -1.206250209E-02  6.562000141E-03  6.179004239E+00 
       128 -1.218750607E-02 -1.218750142E-02  6.562000141E-03  6.234445390E+00 
       129 -1.231250633E-02 -1.231250167E-02  6.562000141E-03  6.293617712E+00 
       130 -1.243750565E-02 -1.243750192E-02  6.562000141E-03  6.356631828E+00 
       131 -1.256250590E-02 -1.256250218E-02  6.562000141E-03  6.423461374E+00 
       132 -1.268750615E-02 -1.268750150E-02  6.562000141E-03  6.493839081E+00 
       133 -1.281250641E-02 -1.281250175E-02  6.562000141E-03  6.567363060E+00 
       134 -1.293750573E-02 -1.293750200E-02  6.562000141E-03  6.643455249E+00 
       135 -1.306250598E-02 -1.306250133E-02  6.562000141E-03  6.721401247E+00 
       136 -1.318750624E-02 -1.318750158E-02  6.562000141E-03  6.800368367E+00 
       137 -1.331250556E-02 -1.331250183E-02  6.562000141E-03  6.879427857E+00 
       138 -1.343750581E-02 -1.343750209E-02  6.562000141E-03  6.957574938E+00 
       139 -1.356250606E-02 -1.356250141E-02  6.562000141E-03  7.033751596E+00 
       140 -1.368750632E-02 -1.368750166E-02  6.562000141E-03  7.106878771E+00 
       141 -1.381250564E-02 -1.381250191E-02  6.562000141E-03  7.175904304E+00 
       142 -1.393750589E-02 -1.393750124E-02  6.562000141E-03  7.239876056E+00 
       143 -1.406250615E-02 -1.406250149E-02  6.562000141E-03  7.298048545E+00 
       144 -1.418750640E-02 -1.418750174E-02  6.562000141E-03  7.350026252E+00 
       145 -1.431250572E-02 -1.431250200E-02  6.562000141E-03  7.395947793E+00 
       146 -1.443750598E-02 -1.443750132E-02  6.562000141E-03  7.436717518E+00 
       147 -1.456250623E-02 -1.456250157E-02  6.562000141E-03  7.474275327E+00 
       148 -1.468750648E-02 -1.468750183E-02  6.562000141E-03  7.511858532E+00 
       149 -1.481250580E-02 -1.481250208E-02  6.562000141E-03  7.554337633E+00 
       150 -1.493750606E-02 -1.493750140E-02  6.562000141E-03  7.608111558E+00 
       151 -1.506250631E-02 -1.506250165E-02  6.562000141E-03  7.679285053E+00 
       152 -1.518750563E-02 -1.518750191E-02  6.562000141E-03  7.770142712E+00 
       153 -1.531250589E-02 -1.531250123E-02  6.562000141E-03  7.878762974E+00 
       154 -1.543750614E-02 -1.543750148E-02  6.562000141E-03  7.988235991E+00 
       155 -1.556250639E-02 -1.556250174E-02  6.562000141E-03  8.072466054E+00 
       156 -1.568750665E-02 -1.568750106E-02  6.562000141E-03  8.115041722E+00 
       157 -1.868750528E-02 -1.868750155E-02  6.562000141E-03  7.034635991E+00 
       158 -1.856250688E-02 -1.856250130E-02  6.562000141E-03  7.183123732E+00 
       159 -1.843750663E-02 -1.843750104E-02  6.562000141E-03  7.297177435E+00 
       160 -1.831250638E-02 -1.831250079E-02  6.562000141E-03  7.419152091E+00 
       161 -1.818750612E-02 -1.818750054E-02  6.562000141E-03  7.557357513E+00 
       162 -1.806250587E-02 -1.806250215E-02  6.562000141E-03  7.702379047E+00 
       163 -1.793750562E-02 -1.793750189E-02  6.562000141E-03  7.836430279E+00 
       164 -1.781250536E-02 -1.781250164E-02  6.562000141E-03  7.944861994E+00 
       165 -1.768750511E-02 -1.768750139E-02  6.562000141E-03  8.028336922E+00 
       166 -1.756250672E-02 -1.756250113E-02  6.562000141E-03  8.083328838E+00 
       167 -1.743750647E-02 -1.743750088E-02  6.562000141E-03  8.104153698E+00 
       168 -1.731250621E-02 -1.731250063E-02  6.562000141E-03  8.088593259E+00 
       169 -1.718750596E-02 -1.718750037E-02  6.562000141E-03  8.039289916E+00 
       170 -1.706250571E-02 -1.706250198E-02  6.562000141E-03  7.966054120E+00 
       171 -1.693750545E-02 -1.693750173E-02  6.562000141E-03  7.883858633E+00 
       172 -1.681250520E-02 -1.681250148E-02  6.562000141E-03  7.810953388E+00 
       173 -1.668750681E-02 -1.668750122E-02  6.562000141E-03  7.768259211E+00 
       174 -1.656250656E-02 -1.656250097E-02  6.562000141E-03  7.768517286E+00 
       175 -1.643750630E-02 -1.643750072E-02  6.562000141E-03  7.800381755E+00 
       176 -1.631250605E-02 -1.631250046E-02  6.562000141E-03  7.852889504E+00 
       177 -1.618750580E-02 -1.618750207E-02  6.562000141E-03  7.919837555E+00 
       178 -1.606250554E-02 -1.606250182E-02  6.562000141E-03  7.993630817E+00 
       179 -1.593750529E-02 -1.593750156E-02  6.562000141E-03  8.062400618E+00 
       180 -1.581250504E-02 -1.581250131E-02  6.562000141E-03  8.108858005E+00 
       181 -1.880351454E-02 -1.880351081E-02  6.562000141E-03  6.763632099E+00 
       182 -1.890108548E-02 -1.890108548E-02  6.562000141E-03  6.498002660E+00 
       183 -1.895662583E-02 -1.895662583E-02  6.562000141E-03  6.321601122E+00 
