cellnumber     x-coordinate     y-coordinate     z-coordinate velocity-magnitude 
         1 -2.830350772E-03 -2.830350772E-03  6.562000141E-03  1.450811457E+00 
         2 -2.835454186E-03 -2.835454186E-03  6.562000141E-03  1.424413311E+00 
         3 -2.841583686E-03 -2.841583686E-03  6.562000141E-03  1.394035336E+00 
         4 -2.848947188E-03 -2.848947188E-03  6.562000141E-03  1.359174789E+00 
         5 -2.857794985E-03 -2.857794985E-03  6.562000606E-03  1.319322255E+00 
         6 -2.868429059E-03 -2.868429059E-03  6.562000141E-03  1.274120381E+00 
         7 -2.881213790E-03 -2.881213790E-03  6.562000606E-03  1.223790651E+00 
         8 -2.896590391E-03 -2.896590391E-03  6.562000606E-03  1.170063390E+00 
         9 -7.812495343E-03 -7.812497672E-03  6.562000141E-03  3.293244961E+00 
        10 -7.937495597E-03 -7.937497459E-03  6.562000141E-03  3.229497744E+00 
        11 -8.062494919E-03 -8.062497713E-03  6.562000141E-03  3.311296286E+00 
        12 -8.187495172E-03 -8.187497966E-03  6.562000141E-03  3.551477173E+00 
        13 -8.312495425E-03 -8.312497288E-03  6.562000141E-03  3.834393047E+00 
        14 -8.437495679E-03 -8.437497541E-03  6.562000141E-03  4.037094026E+00 
        15 -8.562495001E-03 -8.562497795E-03  6.562000141E-03  4.148576783E+00 
        16 -8.687495254E-03 -8.687497117E-03  6.562000141E-03  4.215228378E+00 
        17 -8.812495507E-03 -8.812497370E-03  6.562000141E-03  4.267088405E+00 
        18 -8.937495761E-03 -8.937497623E-03  6.562000141E-03  4.314821843E+00 
        19 -9.062495083E-03 -9.062497877E-03  6.562000141E-03  4.362509917E+00 
        20 -9.187495336E-03 -9.187497199E-03  6.562000141E-03  4.412483465E+00 
        21 -9.312495589E-03 -9.312497452E-03  6.562000141E-03  4.466183584E+00 
        22 -9.437494911E-03 -9.437497705E-03  6.562000141E-03  4.524302074E+00 
        23 -9.562495165E-03 -9.562497027E-03  6.562000141E-03  4.586476711E+00 
        24 -9.687495418E-03 -9.687497281E-03  6.562000141E-03  4.651827009E+00 
        25 -9.812495671E-03 -9.812497534E-03  6.562000141E-03  4.718984325E+00 
        26 -9.937494993E-03 -9.937497787E-03  6.562000141E-03  4.786631324E+00 
        27 -1.006249525E-02 -1.006249711E-02  6.562000141E-03  4.853780909E+00 
        28 -1.018749550E-02 -1.018749736E-02  6.562000141E-03  4.919877942E+00 
        29 -1.031249575E-02 -1.031249762E-02  6.562000141E-03  4.984773661E+00 
        30 -1.043749508E-02 -1.043749694E-02  6.562000141E-03  5.048604678E+00 
        31 -1.056249533E-02 -1.056249719E-02  6.562000141E-03  5.111641006E+00 
        32 -1.068749558E-02 -1.068749744E-02  6.562000141E-03  5.174147853E+00 
        33 -1.081249584E-02 -1.081249770E-02  6.562000141E-03  5.236292018E+00 
        34 -1.093749516E-02 -1.093749702E-02  6.562000141E-03  5.298107563E+00 
        35 -1.106249541E-02 -1.106249727E-02  6.562000141E-03  5.359525247E+00 
        36 -1.118749566E-02 -1.118749753E-02  6.562000141E-03  5.420448909E+00 
        37 -1.131249592E-02 -1.131249778E-02  6.562000141E-03  5.480844548E+00 
        38 -1.143749524E-02 -1.143749710E-02  6.562000141E-03  5.540804864E+00 
        39 -1.156249549E-02 -1.156249736E-02  6.562000141E-03  5.600569593E+00 
        40 -1.168749575E-02 -1.168749761E-02  6.562000141E-03  5.660499412E+00 
        41 -1.181249507E-02 -1.181249693E-02  6.562000141E-03  5.721017766E+00 
        42 -1.193749532E-02 -1.193749718E-02  6.562000141E-03  5.782545892E+00 
        43 -1.206249557E-02 -1.206249744E-02  6.562000141E-03  5.845450162E+00 
        44 -1.218749583E-02 -1.218749769E-02  6.562000141E-03  5.910011513E+00 
        45 -1.231249515E-02 -1.231249701E-02  6.562000141E-03  5.976420552E+00 
        46 -1.243749540E-02 -1.243749727E-02  6.562000141E-03  6.044789519E+00 
        47 -1.256249566E-02 -1.256249752E-02  6.562000141E-03  6.115178112E+00 
        48 -1.268749591E-02 -1.268749684E-02  6.562000141E-03  6.187622534E+00 
        49 -1.281249523E-02 -1.281249709E-02  6.562000141E-03  6.262159169E+00 
        50 -1.293749548E-02 -1.293749735E-02  6.562000141E-03  6.338832483E+00 
        51 -1.306249574E-02 -1.306249760E-02  6.562000141E-03  6.417677812E+00 
        52 -1.318749599E-02 -1.318749692E-02  6.562000141E-03  6.498676150E+00 
        53 -1.331249531E-02 -1.331249718E-02  6.562000141E-03  6.581690877E+00 
        54 -1.343749557E-02 -1.343749743E-02  6.562000141E-03  6.666407682E+00 
        55 -1.356249582E-02 -1.356249675E-02  6.562000141E-03  6.752317730E+00 
        56 -1.368749514E-02 -1.368749700E-02  6.562000141E-03  6.838793173E+00 
        57 -1.381249540E-02 -1.381249726E-02  6.562000141E-03  6.925250856E+00 
        58 -1.393749565E-02 -1.393749751E-02  6.562000141E-03  7.011375484E+00 
        59 -1.406249590E-02 -1.406249683E-02  6.562000141E-03  7.097310888E+00 
        60 -1.418749522E-02 -1.418749709E-02  6.562000141E-03  7.183751707E+00 
        61 -1.431249548E-02 -1.431249734E-02  6.562000141E-03  7.271884926E+00 
        62 -1.443749573E-02 -1.443749759E-02  6.562000141E-03  7.363084931E+00 
        63 -1.456249598E-02 -1.456249692E-02  6.562000141E-03  7.458270901E+00 
        64 -1.468749531E-02 -1.468749717E-02  6.562000141E-03  7.557157387E+00 
        65 -1.481249556E-02 -1.481249742E-02  6.562000141E-03  7.654145087E+00 
        66 -1.493749581E-02 -1.493749674E-02  6.562000141E-03  7.735925001E+00 
        67 -1.506249607E-02 -1.506249700E-02  6.562000141E-03  7.795881615E+00 
        68 -1.518749539E-02 -1.518749725E-02  6.562000141E-03  7.838127320E+00 
        69 -1.531249564E-02 -1.531249750E-02  6.562000141E-03  7.871676053E+00 
        70 -1.543749589E-02 -1.543749683E-02  6.562000141E-03  7.905217792E+00 
        71 -1.556249615E-02 -1.556249708E-02  6.562000141E-03  7.945677191E+00 
        72 -1.568749547E-02 -1.568749733E-02  6.562000141E-03  7.995743054E+00 
        73 -1.581249572E-02 -1.581249759E-02  6.562000141E-03  8.052230706E+00 
        74 -1.593749598E-02 -1.593749598E-02  6.562000141E-03  8.106171213E+00 
        75 -1.606249623E-02 -1.606249623E-02  6.562000141E-03  8.139925342E+00 
        76 -1.895096339E-02 -1.895096339E-02  6.562000141E-03  7.167549721E+00 
        77 -1.890101843E-02 -1.890101843E-02  6.562000606E-03  7.232281185E+00 
        78 -1.880909875E-02 -1.880909875E-02  6.562000141E-03  7.380460235E+00 
        79 -1.868749596E-02 -1.868749596E-02  6.562000141E-03  7.500282683E+00 
        80 -1.856249571E-02 -1.856249757E-02  6.562000141E-03  7.590788768E+00 
        81 -1.843749546E-02 -1.843749732E-02  6.562000141E-03  7.702166948E+00 
        82 -1.831249520E-02 -1.831249706E-02  6.562000141E-03  7.839640791E+00 
        83 -1.818749495E-02 -1.818749681E-02  6.562000141E-03  7.976010740E+00 
        84 -1.806249470E-02 -1.806249656E-02  6.562000141E-03  8.089193683E+00 
        85 -1.793749630E-02 -1.793749630E-02  6.562000141E-03  8.172398165E+00 
        86 -1.781249605E-02 -1.781249605E-02  6.562000141E-03  8.233776649E+00 
        87 -1.768749580E-02 -1.768749580E-02  6.562000141E-03  8.278496254E+00 
        88 -1.756249554E-02 -1.756249741E-02  6.562000141E-03  8.302775318E+00 
        89 -1.743749529E-02 -1.743749715E-02  6.562000141E-03  8.305231212E+00 
        90 -1.731249504E-02 -1.731249690E-02  6.562000141E-03  8.285702163E+00 
        91 -1.718749478E-02 -1.718749665E-02  6.562000141E-03  8.248308401E+00 
        92 -1.706249639E-02 -1.706249639E-02  6.562000141E-03  8.200623480E+00 
        93 -1.693749614E-02 -1.693749614E-02  6.562000141E-03  8.153894109E+00 
        94 -1.681249589E-02 -1.681249589E-02  6.562000141E-03  8.119328612E+00 
        95 -1.668749563E-02 -1.668749750E-02  6.562000141E-03  8.102432718E+00 
        96 -1.656249538E-02 -1.656249724E-02  6.562000141E-03  8.101468287E+00 
        97 -1.643749513E-02 -1.643749699E-02  6.562000141E-03  8.112030602E+00 
        98 -1.631249487E-02 -1.631249674E-02  6.562000141E-03  8.129323146E+00 
        99 -1.618749462E-02 -1.618749648E-02  6.562000141E-03  8.143713767E+00 
       100 -2.915092744E-03 -2.915092744E-03  6.562000141E-03  1.118312748E+00 
       101 -2.937367884E-03 -2.937367884E-03  6.562000141E-03  1.078952779E+00 
       102 -2.973292954E-03 -2.973292954E-03  6.562000141E-03  1.064323805E+00 
       103 -3.061021678E-03 -3.061023075E-03  6.562000141E-03  1.145998623E+00 
       104 -3.187494818E-03 -3.187497612E-03  6.562000141E-03  1.298055023E+00 
       105 -3.312494839E-03 -3.312497633E-03  6.562000141E-03  1.424167861E+00 
       106 -3.437494859E-03 -3.437497653E-03  6.562000141E-03  1.482400810E+00 
       107 -3.562494880E-03 -3.562497674E-03  6.562000141E-03  1.478747817E+00 
       108 -3.687494900E-03 -3.687497694E-03  6.562000141E-03  1.432644280E+00 
       109 -3.812494921E-03 -3.812497715E-03  6.562000141E-03  1.365319207E+00 
       110 -3.937494941E-03 -3.937497735E-03  6.562000141E-03  1.284384963E+00 
       111 -4.062495194E-03 -4.062497523E-03  6.562000141E-03  1.206971829E+00 
       112 -4.187494982E-03 -4.187497776E-03  6.562000141E-03  1.140954212E+00 
       113 -4.312495235E-03 -4.312497564E-03  6.562000141E-03  1.088107900E+00 
       114 -4.437495023E-03 -4.437497817E-03  6.562000141E-03  1.048719821E+00 
       115 -4.562495276E-03 -4.562497605E-03  6.562000141E-03  1.022784448E+00 
       116 -4.687495064E-03 -4.687497858E-03  6.562000141E-03  1.009129956E+00 
       117 -4.812495317E-03 -4.812497646E-03  6.562000141E-03  1.008103712E+00 
       118 -4.937495105E-03 -4.937497433E-03  6.562000141E-03  1.024315017E+00 
       119 -5.062494893E-03 -5.062497687E-03  6.562000141E-03  1.063092881E+00 
       120 -5.187495146E-03 -5.187497474E-03  6.562000141E-03  1.131172631E+00 
       121 -5.312494934E-03 -5.312497728E-03  6.562000141E-03  1.230887258E+00 
       122 -5.437495187E-03 -5.437497515E-03  6.562000141E-03  1.337738794E+00 
       123 -5.562494975E-03 -5.562497769E-03  6.562000141E-03  1.383105525E+00 
       124 -5.687495228E-03 -5.687497556E-03  6.562000141E-03  1.309737219E+00 
       125 -5.812495016E-03 -5.812497810E-03  6.562000141E-03  1.175713845E+00 
       126 -5.937495269E-03 -5.937497597E-03  6.562000141E-03  1.176635136E+00 
       127 -6.062495057E-03 -6.062497385E-03  6.562000141E-03  1.344639069E+00 
       128 -6.187495310E-03 -6.187497638E-03  6.562000141E-03  1.568169451E+00 
       129 -6.312495098E-03 -6.312497426E-03  6.562000141E-03  1.787787182E+00 
       130 -6.437495351E-03 -6.437497679E-03  6.562000141E-03  1.996839064E+00 
       131 -6.562495138E-03 -6.562497467E-03  6.562000141E-03  2.198289080E+00 
       132 -6.687495392E-03 -6.687497720E-03  6.562000141E-03  2.401416514E+00 
       133 -6.812495179E-03 -6.812497508E-03  6.562000141E-03  2.621776339E+00 
       134 -6.937495433E-03 -6.937497761E-03  6.562000141E-03  2.862200264E+00 
       135 -7.062495220E-03 -7.062497549E-03  6.562000141E-03  3.099665174E+00 
       136 -7.187495008E-03 -7.187497336E-03  6.562000141E-03  3.311548014E+00 
       137 -7.312495261E-03 -7.312497590E-03  6.562000141E-03  3.477508458E+00 
       138 -7.437495049E-03 -7.437497377E-03  6.562000141E-03  3.560035608E+00 
       139 -7.562495302E-03 -7.562497631E-03  6.562000141E-03  3.534345780E+00 
       140 -7.687495090E-03 -7.687497418E-03  6.562000141E-03  3.422999956E+00 
       141 -1.898222044E-02 -1.898222044E-02  6.562000606E-03  6.985599205E+00 
       142 -1.904012822E-02 -1.904012822E-02  6.562000141E-03  6.847989310E+00 
       143 -1.912219450E-02 -1.912219450E-02  6.562000606E-03  6.727045052E+00 
       144 -1.916676387E-02 -1.916676387E-02  6.562000606E-03  6.476242856E+00 
       145 -1.923896931E-02 -1.923896931E-02  6.562000141E-03  6.223891704E+00 
       146 -1.931096986E-02 -1.931096986E-02  6.562000606E-03  5.964078428E+00 
       147 -1.938296854E-02 -1.938296854E-02  6.562000141E-03  5.742989922E+00 
       148 -1.945496909E-02 -1.945496909E-02  6.562000141E-03  5.595217495E+00 
       149 -1.952696778E-02 -1.952696778E-02  6.562000141E-03  5.489055765E+00 
       150 -1.959896833E-02 -1.959896833E-02  6.562000141E-03  5.463574112E+00 
       151 -1.967096888E-02 -1.967096888E-02  6.562000141E-03  5.449451233E+00 
       152 -1.974296942E-02 -1.974296942E-02  6.562000141E-03  5.494863081E+00 
       153 -1.981496811E-02 -1.981496811E-02  6.562000141E-03  5.525026977E+00 
       154 -1.988696866E-02 -1.988696866E-02  6.562000141E-03  5.591673110E+00 
       155 -1.995896734E-02 -1.995896734E-02  6.562000141E-03  5.631841809E+00 
       156 -2.003096975E-02 -2.003096975E-02  6.562000141E-03  5.695696270E+00 
       157 -2.010296844E-02 -2.010296844E-02  6.562000141E-03  5.738000996E+00 
       158 -2.017496899E-02 -2.017496899E-02  6.562000141E-03  5.797180225E+00 
       159 -2.024696954E-02 -2.024696954E-02  6.562000141E-03  5.844714944E+00 
       160 -2.031897008E-02 -2.031897008E-02  6.562000141E-03  5.901242149E+00 
       161 -2.039096877E-02 -2.039096877E-02  6.562000141E-03  5.950722398E+00 
       162 -2.046296932E-02 -2.046296932E-02  6.562000141E-03  5.998311545E+00 
       163 -2.053496800E-02 -2.053496800E-02  6.562000141E-03  6.036888851E+00 
       164 -2.060696855E-02 -2.060696855E-02  6.562000141E-03  6.065995279E+00 
       165 -2.067896910E-02 -2.067896910E-02  6.562000141E-03  6.079912386E+00 
       166 -2.075096965E-02 -2.075096965E-02  6.562000141E-03  6.076853442E+00 
       167 -2.082296833E-02 -2.082296833E-02  6.562000141E-03  6.043573242E+00 
       168 -2.089514025E-02 -2.089514025E-02  6.562000141E-03  5.973891558E+00 
       169 -2.095155232E-02 -2.095155232E-02  6.562000141E-03  5.855240544E+00 
       170 -2.100796066E-02 -2.100796066E-02  6.562000141E-03  5.760135564E+00 
       171 -2.102797665E-02 -2.102797665E-02  6.562000141E-03  5.726764599E+00 
       172 -2.106651478E-02 -2.106651478E-02  6.562000606E-03  5.531931466E+00 
       173 -2.110337466E-02 -2.110337466E-02  6.562000606E-03  5.209236024E+00 
       174 -2.112556621E-02 -2.112556621E-02  6.562000606E-03  4.839179108E+00 
       175 -2.114406601E-02 -2.114406601E-02  6.562000606E-03  4.365769808E+00 
       176 -2.115948685E-02 -2.115948685E-02  6.562000606E-03  3.794299837E+00 
       177 -2.117234282E-02 -2.117234282E-02  6.562000606E-03  3.147228470E+00 
       178 -2.118305862E-02 -2.118305862E-02  6.562000141E-03  2.455222161E+00 
       179 -2.119199000E-02 -2.119199000E-02  6.562000141E-03  1.775789826E+00 
       180 -2.119943500E-02 -2.119943500E-02  6.562000606E-03  1.168428403E+00 
       181 -2.120563947E-02 -2.120563947E-02  6.562000141E-03  6.513271019E-01 
       182 -2.121081017E-02 -2.121081017E-02  6.562000141E-03  2.168023940E-01 
