cellnumber     x-coordinate     y-coordinate     z-coordinate velocity-magnitude 
         1 -2.830350772E-03 -2.830350772E-03  6.562000141E-03  1.437465923E+00 
         2 -2.835454186E-03 -2.835454186E-03  6.562000606E-03  1.386311243E+00 
         3 -2.841583686E-03 -2.841583686E-03  6.562000141E-03  1.329767337E+00 
         4 -2.848947421E-03 -2.848947421E-03  6.562000141E-03  1.268617433E+00 
         5 -2.857794985E-03 -2.857794985E-03  6.562000141E-03  1.205342242E+00 
         6 -2.868429059E-03 -2.868429059E-03  6.562000141E-03  1.145784773E+00 
         7 -2.881214023E-03 -2.881214023E-03  6.562000606E-03  1.100345411E+00 
         8 -2.896590624E-03 -2.896590624E-03  6.562000606E-03  1.079929307E+00 
         9 -7.812495343E-03 -7.812497672E-03  6.562000141E-03  3.719446219E+00 
        10 -7.937495597E-03 -7.937497459E-03  6.562000141E-03  3.801102243E+00 
        11 -8.062494919E-03 -8.062497713E-03  6.562000141E-03  3.896233470E+00 
        12 -8.187495172E-03 -8.187497035E-03  6.562000141E-03  3.999576492E+00 
        13 -8.312495425E-03 -8.312497288E-03  6.562000141E-03  4.103776262E+00 
        14 -8.437495679E-03 -8.437497541E-03  6.562000141E-03  4.202769396E+00 
        15 -8.562495001E-03 -8.562497795E-03  6.562000141E-03  4.293547392E+00 
        16 -8.687495254E-03 -8.687497117E-03  6.562000141E-03  4.375834903E+00 
        17 -8.812495507E-03 -8.812497370E-03  6.562000141E-03  4.450903742E+00 
        18 -8.937495761E-03 -8.937497623E-03  6.562000141E-03  4.520616799E+00 
        19 -9.062495083E-03 -9.062496945E-03  6.562000141E-03  4.586720776E+00 
        20 -9.187495336E-03 -9.187497199E-03  6.562000141E-03  4.650574122E+00 
        21 -9.312495589E-03 -9.312497452E-03  6.562000141E-03  4.713327630E+00 
        22 -9.437495843E-03 -9.437497705E-03  6.562000141E-03  4.775608827E+00 
        23 -9.562495165E-03 -9.562497027E-03  6.562000141E-03  4.837689792E+00 
        24 -9.687495418E-03 -9.687497281E-03  6.562000141E-03  4.899805427E+00 
        25 -9.812495671E-03 -9.812497534E-03  6.562000141E-03  4.962239743E+00 
        26 -9.937495925E-03 -9.937497787E-03  6.562000141E-03  5.025206699E+00 
        27 -1.006249525E-02 -1.006249711E-02  6.562000141E-03  5.088768954E+00 
        28 -1.018749550E-02 -1.018749736E-02  6.562000141E-03  5.153029882E+00 
        29 -1.031249575E-02 -1.031249762E-02  6.562000141E-03  5.218234444E+00 
        30 -1.043749508E-02 -1.043749694E-02  6.562000141E-03  5.284744025E+00 
        31 -1.056249533E-02 -1.056249719E-02  6.562000141E-03  5.352982020E+00 
        32 -1.068749558E-02 -1.068749744E-02  6.562000141E-03  5.423447758E+00 
        33 -1.081249584E-02 -1.081249770E-02  6.562000141E-03  5.496741711E+00 
        34 -1.093749516E-02 -1.093749702E-02  6.562000141E-03  5.573683339E+00 
        35 -1.106249541E-02 -1.106249727E-02  6.562000141E-03  5.655369639E+00 
        36 -1.118749566E-02 -1.118749753E-02  6.562000141E-03  5.743147025E+00 
        37 -1.131249592E-02 -1.131249685E-02  6.562000141E-03  5.837813004E+00 
        38 -1.143749524E-02 -1.143749710E-02  6.562000141E-03  5.939497141E+00 
        39 -1.156249549E-02 -1.156249736E-02  6.562000141E-03  6.046260603E+00 
        40 -1.168749575E-02 -1.168749761E-02  6.562000141E-03  6.153564274E+00 
        41 -1.181249600E-02 -1.181249693E-02  6.562000141E-03  6.256729950E+00 
        42 -1.193749532E-02 -1.193749718E-02  6.562000141E-03  6.354566233E+00 
        43 -1.206249557E-02 -1.206249744E-02  6.562000141E-03  6.448392530E+00 
        44 -1.218749583E-02 -1.218749676E-02  6.562000141E-03  6.539318127E+00 
        45 -1.231249608E-02 -1.231249701E-02  6.562000141E-03  6.627877904E+00 
        46 -1.243749540E-02 -1.243749727E-02  6.562000141E-03  6.714250207E+00 
        47 -1.256249566E-02 -1.256249752E-02  6.562000141E-03  6.798580783E+00 
        48 -1.268749591E-02 -1.268749684E-02  6.562000141E-03  6.881073963E+00 
        49 -1.281249523E-02 -1.281249709E-02  6.562000141E-03  6.961559720E+00 
        50 -1.293749548E-02 -1.293749735E-02  6.562000141E-03  7.039898581E+00 
        51 -1.306249574E-02 -1.306249760E-02  6.562000141E-03  7.117065085E+00 
        52 -1.318749599E-02 -1.318749692E-02  6.562000141E-03  7.195082640E+00 
        53 -1.331249531E-02 -1.331249718E-02  6.562000141E-03  7.276312516E+00 
        54 -1.343749557E-02 -1.343749743E-02  6.562000141E-03  7.362930671E+00 
        55 -1.356249582E-02 -1.356249675E-02  6.562000141E-03  7.455929013E+00 
        56 -1.368749607E-02 -1.368749700E-02  6.562000141E-03  7.553938371E+00 
        57 -1.381249540E-02 -1.381249726E-02  6.562000141E-03  7.652533836E+00 
        58 -1.393749565E-02 -1.393749751E-02  6.562000141E-03  7.744661325E+00 
        59 -1.406249590E-02 -1.406249683E-02  6.562000141E-03  7.822900447E+00 
        60 -1.418749616E-02 -1.418749709E-02  6.562000141E-03  7.883445280E+00 
        61 -1.431249548E-02 -1.431249734E-02  6.562000141E-03  7.928585349E+00 
        62 -1.443749573E-02 -1.443749666E-02  6.562000141E-03  7.963670845E+00 
        63 -1.456249598E-02 -1.456249692E-02  6.562000141E-03  7.991557175E+00 
        64 -1.468749531E-02 -1.468749717E-02  6.562000141E-03  8.009493280E+00 
        65 -1.481249556E-02 -1.481249742E-02  6.562000141E-03  8.013618842E+00 
        66 -1.493749581E-02 -1.493749674E-02  6.562000141E-03  8.000959936E+00 
        67 -1.506249607E-02 -1.506249700E-02  6.562000141E-03  7.972530210E+00 
        68 -1.518749539E-02 -1.518749725E-02  6.562000141E-03  7.933470316E+00 
        69 -1.531249564E-02 -1.531249657E-02  6.562000141E-03  7.889920903E+00 
        70 -1.543749589E-02 -1.543749683E-02  6.562000141E-03  7.846706242E+00 
        71 -1.556249615E-02 -1.556249708E-02  6.562000141E-03  7.806674135E+00 
        72 -1.568749547E-02 -1.568749733E-02  6.562000141E-03  7.770926355E+00 
        73 -1.581249572E-02 -1.581249759E-02  6.562000141E-03  7.739587179E+00 
        74 -1.593749598E-02 -1.593749598E-02  6.562000141E-03  7.712622588E+00 
        75 -1.606249623E-02 -1.606249623E-02  6.562000141E-03  7.690595692E+00 
        76 -1.895096339E-02 -1.895096339E-02  6.562000606E-03  6.368212255E+00 
        77 -1.890101843E-02 -1.890101843E-02  6.562000606E-03  6.600073799E+00 
        78 -1.880909875E-02 -1.880909875E-02  6.562000141E-03  6.973403155E+00 
        79 -1.868749596E-02 -1.868749596E-02  6.562000141E-03  7.343099829E+00 
        80 -1.856249571E-02 -1.856249571E-02  6.562000141E-03  7.503808155E+00 
        81 -1.843749546E-02 -1.843749732E-02  6.562000141E-03  7.588093579E+00 
        82 -1.831249520E-02 -1.831249706E-02  6.562000141E-03  7.656371428E+00 
        83 -1.818749495E-02 -1.818749681E-02  6.562000141E-03  7.723573555E+00 
        84 -1.806249656E-02 -1.806249656E-02  6.562000141E-03  7.789541220E+00 
        85 -1.793749630E-02 -1.793749630E-02  6.562000141E-03  7.847277323E+00 
        86 -1.781249605E-02 -1.781249605E-02  6.562000141E-03  7.892633925E+00 
        87 -1.768749580E-02 -1.768749580E-02  6.562000141E-03  7.924112928E+00 
        88 -1.756249554E-02 -1.756249741E-02  6.562000141E-03  7.939532459E+00 
        89 -1.743749529E-02 -1.743749715E-02  6.562000141E-03  7.937894745E+00 
        90 -1.731249504E-02 -1.731249690E-02  6.562000141E-03  7.920282442E+00 
        91 -1.718749478E-02 -1.718749665E-02  6.562000141E-03  7.890281989E+00 
        92 -1.706249639E-02 -1.706249639E-02  6.562000141E-03  7.853061066E+00 
        93 -1.693749614E-02 -1.693749614E-02  6.562000141E-03  7.813354832E+00 
        94 -1.681249589E-02 -1.681249589E-02  6.562000141E-03  7.772243683E+00 
        95 -1.668749563E-02 -1.668749750E-02  6.562000141E-03  7.727304254E+00 
        96 -1.656249538E-02 -1.656249724E-02  6.562000141E-03  7.690583871E+00 
        97 -1.643749513E-02 -1.643749699E-02  6.562000141E-03  7.671428630E+00 
        98 -1.631249487E-02 -1.631249674E-02  6.562000141E-03  7.667797572E+00 
        99 -1.618749648E-02 -1.618749648E-02  6.562000141E-03  7.674943597E+00 
       100 -2.915092744E-03 -2.915092744E-03  6.562000141E-03  1.085834028E+00 
       101 -2.937367652E-03 -2.937367652E-03  6.562000141E-03  1.108791798E+00 
       102 -2.973292954E-03 -2.973292954E-03  6.562000606E-03  1.150545741E+00 
       103 -3.061021678E-03 -3.061023075E-03  6.562000141E-03  1.229571794E+00 
       104 -3.187494818E-03 -3.187497612E-03  6.562000141E-03  1.327857661E+00 
       105 -3.312494839E-03 -3.312497633E-03  6.562000141E-03  1.373391298E+00 
       106 -3.437494859E-03 -3.437497653E-03  6.562000141E-03  1.398529529E+00 
       107 -3.562494880E-03 -3.562497674E-03  6.562000141E-03  1.417811920E+00 
       108 -3.687494900E-03 -3.687497694E-03  6.562000141E-03  1.433713028E+00 
       109 -3.812494921E-03 -3.812497482E-03  6.562000141E-03  1.443010536E+00 
       110 -3.937494941E-03 -3.937497735E-03  6.562000141E-03  1.440706852E+00 
       111 -4.062495194E-03 -4.062497523E-03  6.562000141E-03  1.423582502E+00 
       112 -4.187494982E-03 -4.187497776E-03  6.562000141E-03  1.391576705E+00 
       113 -4.312495235E-03 -4.312497564E-03  6.562000141E-03  1.347031908E+00 
       114 -4.437495023E-03 -4.437497817E-03  6.562000141E-03  1.293468625E+00 
       115 -4.562495276E-03 -4.562497605E-03  6.562000141E-03  1.234801115E+00 
       116 -4.687495064E-03 -4.687497858E-03  6.562000141E-03  1.173984737E+00 
       117 -4.812495317E-03 -4.812497646E-03  6.562000141E-03  1.114802161E+00 
       118 -4.937495105E-03 -4.937497433E-03  6.562000141E-03  1.080841665E+00 
       119 -5.062495358E-03 -5.062497687E-03  6.562000141E-03  1.089874307E+00 
       120 -5.187495146E-03 -5.187497474E-03  6.562000141E-03  1.143565088E+00 
       121 -5.312494934E-03 -5.312497728E-03  6.562000141E-03  1.229039182E+00 
       122 -5.437495187E-03 -5.437497515E-03  6.562000141E-03  1.310106536E+00 
       123 -5.562494975E-03 -5.562497769E-03  6.562000141E-03  1.327923736E+00 
       124 -5.687495228E-03 -5.687497556E-03  6.562000141E-03  1.258784980E+00 
       125 -5.812495016E-03 -5.812497344E-03  6.562000141E-03  1.237251007E+00 
       126 -5.937495269E-03 -5.937497597E-03  6.562000141E-03  1.410433972E+00 
       127 -6.062495057E-03 -6.062497385E-03  6.562000141E-03  1.711921510E+00 
       128 -6.187495310E-03 -6.187497638E-03  6.562000141E-03  2.032966018E+00 
       129 -6.312495098E-03 -6.312497426E-03  6.562000141E-03  2.319899677E+00 
       130 -6.437495351E-03 -6.437497679E-03  6.562000141E-03  2.560491789E+00 
       131 -6.562495138E-03 -6.562497467E-03  6.562000141E-03  2.773520011E+00 
       132 -6.687495392E-03 -6.687497720E-03  6.562000141E-03  2.963871904E+00 
       133 -6.812495179E-03 -6.812497508E-03  6.562000141E-03  3.130719763E+00 
       134 -6.937495433E-03 -6.937497295E-03  6.562000141E-03  3.271344741E+00 
       135 -7.062495220E-03 -7.062497549E-03  6.562000141E-03  3.381844391E+00 
       136 -7.187495474E-03 -7.187497336E-03  6.562000141E-03  3.460658387E+00 
       137 -7.312495261E-03 -7.312497590E-03  6.562000141E-03  3.513970925E+00 
       138 -7.437495515E-03 -7.437497377E-03  6.562000141E-03  3.555470795E+00 
       139 -7.562495302E-03 -7.562497631E-03  6.562000141E-03  3.599042730E+00 
       140 -7.687495090E-03 -7.687497418E-03  6.562000141E-03  3.652545343E+00 
       141 -1.898222044E-02 -1.898222044E-02  6.562000606E-03  6.261681096E+00 
       142 -1.904012822E-02 -1.904012822E-02  6.562000141E-03  6.077014444E+00 
       143 -1.912219450E-02 -1.912219450E-02  6.562000606E-03  5.949883610E+00 
       144 -1.916676387E-02 -1.916676387E-02  6.562000606E-03  5.866018136E+00 
       145 -1.923896931E-02 -1.923896931E-02  6.562000141E-03  5.845357986E+00 
       146 -1.931096986E-02 -1.931096986E-02  6.562000606E-03  5.860662154E+00 
       147 -1.938296854E-02 -1.938296854E-02  6.562000141E-03  5.908672618E+00 
       148 -1.945496909E-02 -1.945496909E-02  6.562000141E-03  5.969025391E+00 
       149 -1.952696778E-02 -1.952696778E-02  6.562000141E-03  6.038295585E+00 
       150 -1.959896833E-02 -1.959896833E-02  6.562000141E-03  6.096347092E+00 
       151 -1.967096888E-02 -1.967096888E-02  6.562000141E-03  6.155436771E+00 
       152 -1.974296942E-02 -1.974296942E-02  6.562000141E-03  6.189308567E+00 
       153 -1.981496811E-02 -1.981496811E-02  6.562000141E-03  6.229948084E+00 
       154 -1.988696866E-02 -1.988696866E-02  6.562000141E-03  6.238942611E+00 
       155 -1.995896734E-02 -1.995896734E-02  6.562000141E-03  6.262003889E+00 
       156 -2.003096975E-02 -2.003096975E-02  6.562000141E-03  6.250204064E+00 
       157 -2.010296844E-02 -2.010296844E-02  6.562000141E-03  6.254909885E+00 
       158 -2.017496899E-02 -2.017496899E-02  6.562000141E-03  6.221063436E+00 
       159 -2.024696954E-02 -2.024696954E-02  6.562000141E-03  6.205816191E+00 
       160 -2.031897008E-02 -2.031897008E-02  6.562000141E-03  6.149880742E+00 
       161 -2.039096877E-02 -2.039096877E-02  6.562000141E-03  6.116085564E+00 
       162 -2.046296932E-02 -2.046296932E-02  6.562000141E-03  6.041746293E+00 
       163 -2.053496800E-02 -2.053496800E-02  6.562000141E-03  5.994004483E+00 
       164 -2.060696855E-02 -2.060696855E-02  6.562000141E-03  5.908892363E+00 
       165 -2.067896910E-02 -2.067896910E-02  6.562000141E-03  5.850546670E+00 
       166 -2.075096965E-02 -2.075096965E-02  6.562000141E-03  5.750150254E+00 
       167 -2.082296833E-02 -2.082296833E-02  6.562000141E-03  5.660385478E+00 
       168 -2.089514025E-02 -2.089514025E-02  6.562000141E-03  5.504109472E+00 
       169 -2.095155232E-02 -2.095155232E-02  6.562000141E-03  5.345806092E+00 
       170 -2.100796066E-02 -2.100796066E-02  6.562000141E-03  5.211761884E+00 
       171 -2.102797665E-02 -2.102797665E-02  6.562000141E-03  5.204822853E+00 
       172 -2.106651478E-02 -2.106651478E-02  6.562000606E-03  4.980448821E+00 
       173 -2.110337466E-02 -2.110337466E-02  6.562000606E-03  4.724770878E+00 
       174 -2.112556621E-02 -2.112556621E-02  6.562000606E-03  4.461074430E+00 
       175 -2.114406601E-02 -2.114406601E-02  6.562000606E-03  4.116127440E+00 
       176 -2.115948685E-02 -2.115948685E-02  6.562000606E-03  3.669883255E+00 
       177 -2.117234282E-02 -2.117234282E-02  6.562000606E-03  3.116033051E+00 
       178 -2.118305862E-02 -2.118305862E-02  6.562000141E-03  2.473651349E+00 
       179 -2.119199000E-02 -2.119199000E-02  6.562000141E-03  1.807513900E+00 
       180 -2.119943500E-02 -2.119943500E-02  6.562000606E-03  1.193488446E+00 
       181 -2.120563947E-02 -2.120563947E-02  6.562000141E-03  6.649048191E-01 
       182 -2.121081017E-02 -2.121081017E-02  6.562000141E-03  2.205827468E-01 
