cellnumber     x-coordinate     y-coordinate     z-coordinate velocity-magnitude 
         1 -2.937239828E-03 -2.937239828E-03  6.562000141E-03  1.485824735E+00 
         2 -2.974424278E-03 -2.974424278E-03  6.562000606E-03  1.469875119E+00 
         3 -3.062231001E-03 -3.062227042E-03  6.562000606E-03  1.446380784E+00 
         4 -3.187502502E-03 -3.187494585E-03  6.562000141E-03  1.441533384E+00 
         5 -3.312502289E-03 -3.312494373E-03  6.562000141E-03  1.432654644E+00 
         6 -3.437502310E-03 -3.437494393E-03  6.562000141E-03  1.423755142E+00 
         7 -3.562502330E-03 -3.562494414E-03  6.562000141E-03  1.406354256E+00 
         8 -3.687502351E-03 -3.687494434E-03  6.562000141E-03  1.375933191E+00 
         9 -3.812502371E-03 -3.812494455E-03  6.562000141E-03  1.333757057E+00 
        10 -3.937502392E-03 -3.937494475E-03  6.562000141E-03  1.285004614E+00 
        11 -1.368750352E-02 -1.368749421E-02  6.562000141E-03  7.232721450E+00 
        12 -1.381250285E-02 -1.381249353E-02  6.562000141E-03  7.305709258E+00 
        13 -1.393750310E-02 -1.393749379E-02  6.562000141E-03  7.375401746E+00 
        14 -4.062502645E-03 -4.062494729E-03  6.562000141E-03  1.234837908E+00 
        15 -4.187502433E-03 -4.187494516E-03  6.562000141E-03  1.186714192E+00 
        16 -4.312502686E-03 -4.312494304E-03  6.562000141E-03  1.137835804E+00 
        17 -4.437502474E-03 -4.437494557E-03  6.562000141E-03  1.087017607E+00 
        18 -4.562502727E-03 -4.562494345E-03  6.562000141E-03  1.048163324E+00 
        19 -4.687502515E-03 -4.687494598E-03  6.562000141E-03  1.028576115E+00 
        20 -4.812502768E-03 -4.812494386E-03  6.562000141E-03  1.028150595E+00 
        21 -4.937502556E-03 -4.937494639E-03  6.562000141E-03  1.050623609E+00 
        22 -5.062502809E-03 -5.062494427E-03  6.562000141E-03  1.105777878E+00 
        23 -5.187502597E-03 -5.187494680E-03  6.562000141E-03  1.194840397E+00 
        24 -5.312502850E-03 -5.312494468E-03  6.562000141E-03  1.280373676E+00 
        25 -5.437502638E-03 -5.437494256E-03  6.562000141E-03  1.293984434E+00 
        26 -5.562502891E-03 -5.562494509E-03  6.562000141E-03  1.187836420E+00 
        27 -5.687502678E-03 -5.687494297E-03  6.562000141E-03  1.040730539E+00 
        28 -5.812502466E-03 -5.812494550E-03  6.562000141E-03  1.051571527E+00 
        29 -5.937502719E-03 -5.937494338E-03  6.562000141E-03  1.249595244E+00 
        30 -6.062502507E-03 -6.062494591E-03  6.562000141E-03  1.567567114E+00 
        31 -6.187502760E-03 -6.187494379E-03  6.562000141E-03  1.942207772E+00 
        32 -6.312502548E-03 -6.312494166E-03  6.562000141E-03  2.290467007E+00 
        33 -6.437502801E-03 -6.437494420E-03  6.562000141E-03  2.551947057E+00 
        34 -6.562502589E-03 -6.562494207E-03  6.562000141E-03  2.751230584E+00 
        35 -6.687502842E-03 -6.687494460E-03  6.562000141E-03  2.908889734E+00 
        36 -6.812502630E-03 -6.812494248E-03  6.562000141E-03  3.025148730E+00 
        37 -6.937502883E-03 -6.937494501E-03  6.562000141E-03  3.105874431E+00 
        38 -7.062502671E-03 -7.062494289E-03  6.562000141E-03  3.180963294E+00 
        39 -7.187502924E-03 -7.187494077E-03  6.562000141E-03  3.285772295E+00 
        40 -7.312502712E-03 -7.312494330E-03  6.562000141E-03  3.424058096E+00 
        41 -7.437502965E-03 -7.437494118E-03  6.562000141E-03  3.572095981E+00 
        42 -7.562502753E-03 -7.562494371E-03  6.562000141E-03  3.698006675E+00 
        43 -7.687503006E-03 -7.687494159E-03  6.562000141E-03  3.784916485E+00 
        44 -7.812502794E-03 -7.812494412E-03  6.562000141E-03  3.852803339E+00 
        45 -7.937503047E-03 -7.937494665E-03  6.562000141E-03  3.915849017E+00 
        46 -8.062503301E-03 -8.062493987E-03  6.562000141E-03  3.978445294E+00 
        47 -8.187502623E-03 -8.187494241E-03  6.562000141E-03  4.041921777E+00 
        48 -8.312502876E-03 -8.312494494E-03  6.562000141E-03  4.106869857E+00 
        49 -8.437503129E-03 -8.437493816E-03  6.562000141E-03  4.173520327E+00 
        50 -8.562502451E-03 -8.562494069E-03  6.562000141E-03  4.241784545E+00 
        51 -8.687502705E-03 -8.687494323E-03  6.562000141E-03  4.311614205E+00 
        52 -8.812502958E-03 -8.812494576E-03  6.562000141E-03  4.382764787E+00 
        53 -8.937503211E-03 -8.937493898E-03  6.562000141E-03  4.454904037E+00 
        54 -9.062502533E-03 -9.062494151E-03  6.562000141E-03  4.527627887E+00 
        55 -9.187502787E-03 -9.187494405E-03  6.562000141E-03  4.600501784E+00 
        56 -9.312503040E-03 -9.312493727E-03  6.562000141E-03  4.673107766E+00 
        57 -9.437503293E-03 -9.437493980E-03  6.562000141E-03  4.745080698E+00 
        58 -9.562502615E-03 -9.562494233E-03  6.562000141E-03  4.816130717E+00 
        59 -9.687502868E-03 -9.687494487E-03  6.562000141E-03  4.886047828E+00 
        60 -9.812503122E-03 -9.812493809E-03  6.562000141E-03  4.954707343E+00 
        61 -9.937503375E-03 -9.937494062E-03  6.562000141E-03  5.022068388E+00 
        62 -1.356250327E-02 -1.356249396E-02  6.562000141E-03  7.154724722E+00 
        63 -1.343750302E-02 -1.343749370E-02  6.562000141E-03  7.071558520E+00 
        64 -1.331250370E-02 -1.331249345E-02  6.562000141E-03  6.984257563E+00 
        65 -1.318750344E-02 -1.318749413E-02  6.562000141E-03  6.894382167E+00 
        66 -1.306250319E-02 -1.306249388E-02  6.562000141E-03  6.803476523E+00 
        67 -1.293750294E-02 -1.293749362E-02  6.562000141E-03  6.712651411E+00 
        68 -1.281250361E-02 -1.281249430E-02  6.562000141E-03  6.621745271E+00 
        69 -1.268750336E-02 -1.268749405E-02  6.562000141E-03  6.531684254E+00 
        70 -1.256250311E-02 -1.256249379E-02  6.562000141E-03  6.444139670E+00 
        71 -1.243750285E-02 -1.243749354E-02  6.562000141E-03  6.360082771E+00 
        72 -1.231250353E-02 -1.231249422E-02  6.562000141E-03  6.279775653E+00 
        73 -1.218750328E-02 -1.218749397E-02  6.562000141E-03  6.202968488E+00 
        74 -1.206250302E-02 -1.206249371E-02  6.562000141E-03  6.129163349E+00 
        75 -1.193750277E-02 -1.193749439E-02  6.562000141E-03  6.057777629E+00 
        76 -1.181250345E-02 -1.181249414E-02  6.562000141E-03  5.988310867E+00 
        77 -1.168750320E-02 -1.168749388E-02  6.562000141E-03  5.920171453E+00 
        78 -1.156250294E-02 -1.156249363E-02  6.562000141E-03  5.853141738E+00 
        79 -1.143750269E-02 -1.143749431E-02  6.562000141E-03  5.787071408E+00 
        80 -1.131250337E-02 -1.131249405E-02  6.562000141E-03  5.721861818E+00 
        81 -1.118750311E-02 -1.118749380E-02  6.562000141E-03  5.657525339E+00 
        82 -1.106250286E-02 -1.106249448E-02  6.562000141E-03  5.593813912E+00 
        83 -1.093750261E-02 -1.093749423E-02  6.562000141E-03  5.530709118E+00 
        84 -1.081250329E-02 -1.081249397E-02  6.562000141E-03  5.468024535E+00 
        85 -1.068750303E-02 -1.068749372E-02  6.562000141E-03  5.405560845E+00 
        86 -1.056250278E-02 -1.056249440E-02  6.562000141E-03  5.343089278E+00 
        87 -1.043750346E-02 -1.043749414E-02  6.562000141E-03  5.280359682E+00 
        88 -1.031250320E-02 -1.031249389E-02  6.562000141E-03  5.217122027E+00 
        89 -1.018750295E-02 -1.018749457E-02  6.562000141E-03  5.153131780E+00 
        90 -1.006250270E-02 -1.006249432E-02  6.562000141E-03  5.088171885E+00 
        91 -1.806250401E-02 -1.806249283E-02  6.562000141E-03  7.425955579E+00 
        92 -1.793750376E-02 -1.793749258E-02  6.562000141E-03  7.422482370E+00 
        93 -1.781250350E-02 -1.781249419E-02  6.562000141E-03  7.411588257E+00 
        94 -1.768750325E-02 -1.768749394E-02  6.562000141E-03  7.395762088E+00 
        95 -1.756250300E-02 -1.756249368E-02  6.562000141E-03  7.377149660E+00 
        96 -1.743750274E-02 -1.743749343E-02  6.562000141E-03  7.355860347E+00 
        97 -1.731250249E-02 -1.731249318E-02  6.562000141E-03  7.332070023E+00 
        98 -1.718750410E-02 -1.718749292E-02  6.562000141E-03  7.310517136E+00 
        99 -1.706250384E-02 -1.706249267E-02  6.562000141E-03  7.298728440E+00 
       100 -1.693750359E-02 -1.693749428E-02  6.562000141E-03  7.304601350E+00 
       101 -1.681250334E-02 -1.681249402E-02  6.562000141E-03  7.332273921E+00 
       102 -1.668750308E-02 -1.668749377E-02  6.562000141E-03  7.378808713E+00 
       103 -1.656250283E-02 -1.656249352E-02  6.562000141E-03  7.435657241E+00 
       104 -1.643750258E-02 -1.643749326E-02  6.562000141E-03  7.497788753E+00 
       105 -1.631250232E-02 -1.631249301E-02  6.562000141E-03  7.564302770E+00 
       106 -1.618750393E-02 -1.618749276E-02  6.562000141E-03  7.631381846E+00 
       107 -1.606250368E-02 -1.606249437E-02  6.562000141E-03  7.696310868E+00 
       108 -1.593750343E-02 -1.593749411E-02  6.562000141E-03  7.757752053E+00 
       109 -1.581250317E-02 -1.581249386E-02  6.562000141E-03  7.815628531E+00 
       110 -1.568750292E-02 -1.568749361E-02  6.562000141E-03  7.870753106E+00 
       111 -1.556250360E-02 -1.556249335E-02  6.562000141E-03  7.924008806E+00 
       112 -1.543750335E-02 -1.543749403E-02  6.562000141E-03  7.974837155E+00 
       113 -1.531250309E-02 -1.531249378E-02  6.562000141E-03  8.019271497E+00 
       114 -1.518750377E-02 -1.518749353E-02  6.562000141E-03  8.049327750E+00 
       115 -1.506250352E-02 -1.506249420E-02  6.562000141E-03  8.055014389E+00 
       116 -1.493750326E-02 -1.493749395E-02  6.562000141E-03  8.028721088E+00 
       117 -1.481250301E-02 -1.481249370E-02  6.562000141E-03  7.969240185E+00 
       118 -1.468750369E-02 -1.468749344E-02  6.562000141E-03  7.884034934E+00 
       119 -1.456250343E-02 -1.456249412E-02  6.562000141E-03  7.786344796E+00 
       120 -1.443750318E-02 -1.443749387E-02  6.562000141E-03  7.688839547E+00 
       121 -1.431250293E-02 -1.431249361E-02  6.562000141E-03  7.598888656E+00 
       122 -1.418750361E-02 -1.418749429E-02  6.562000141E-03  7.518228360E+00 
       123 -1.406250335E-02 -1.406249404E-02  6.562000141E-03  7.444937942E+00 
       124 -1.895638742E-02 -1.895638742E-02  6.562000606E-03  7.205938971E+00 
       125 -1.889957115E-02 -1.889957115E-02  6.562000141E-03  7.203101671E+00 
       126 -1.880222373E-02 -1.880222000E-02  6.562000141E-03  7.247892914E+00 
       127 -1.868750341E-02 -1.868749410E-02  6.562000141E-03  7.294271902E+00 
       128 -1.856250316E-02 -1.856249385E-02  6.562000141E-03  7.339740927E+00 
       129 -1.843750291E-02 -1.843749359E-02  6.562000141E-03  7.375763385E+00 
       130 -1.831250265E-02 -1.831249334E-02  6.562000141E-03  7.403087169E+00 
       131 -1.818750426E-02 -1.818749309E-02  6.562000141E-03  7.419871020E+00 
       132 -1.898222044E-02 -1.898222044E-02  6.562000606E-03  7.165969521E+00 
       133 -1.904012822E-02 -1.904012822E-02  6.562000141E-03  7.152984086E+00 
       134 -1.912219450E-02 -1.912219450E-02  6.562000606E-03  7.153727067E+00 
       135 -1.916676387E-02 -1.916676387E-02  6.562000606E-03  7.122996317E+00 
       136 -1.923896931E-02 -1.923896931E-02  6.562000141E-03  7.104136539E+00 
       137 -1.931096986E-02 -1.931096986E-02  6.562000606E-03  7.070892306E+00 
       138 -1.938296854E-02 -1.938296854E-02  6.562000141E-03  7.029734829E+00 
       139 -1.945496909E-02 -1.945496909E-02  6.562000141E-03  6.980298277E+00 
       140 -1.952696778E-02 -1.952696778E-02  6.562000141E-03  6.889907203E+00 
       141 -1.959896833E-02 -1.959896833E-02  6.562000141E-03  6.809609394E+00 
       142 -1.967096888E-02 -1.967096888E-02  6.562000141E-03  6.663036434E+00 
       143 -1.974296942E-02 -1.974296942E-02  6.562000141E-03  6.561582564E+00 
       144 -1.981496811E-02 -1.981496811E-02  6.562000141E-03  6.409953959E+00 
       145 -1.988696866E-02 -1.988696866E-02  6.562000141E-03  6.332517889E+00 
       146 -1.995896734E-02 -1.995896734E-02  6.562000141E-03  6.250685480E+00 
       147 -2.003096975E-02 -2.003096975E-02  6.562000141E-03  6.227878749E+00 
       148 -2.010296844E-02 -2.010296844E-02  6.562000141E-03  6.234658586E+00 
       149 -2.017496899E-02 -2.017496899E-02  6.562000141E-03  6.258877091E+00 
       150 -2.024696954E-02 -2.024696954E-02  6.562000141E-03  6.321037892E+00 
       151 -2.031897008E-02 -2.031897008E-02  6.562000141E-03  6.362296002E+00 
       152 -2.039096877E-02 -2.039096877E-02  6.562000141E-03  6.429969008E+00 
       153 -2.046296932E-02 -2.046296932E-02  6.562000141E-03  6.459467559E+00 
       154 -2.053496800E-02 -2.053496800E-02  6.562000141E-03  6.496690943E+00 
       155 -2.060696855E-02 -2.060696855E-02  6.562000141E-03  6.497886245E+00 
       156 -2.067896910E-02 -2.067896910E-02  6.562000141E-03  6.487629794E+00 
       157 -2.075096965E-02 -2.075096965E-02  6.562000141E-03  6.443400305E+00 
       158 -2.082296833E-02 -2.082296833E-02  6.562000141E-03  6.359782569E+00 
       159 -2.089514025E-02 -2.089514025E-02  6.562000141E-03  6.214595079E+00 
       160 -2.095155232E-02 -2.095155232E-02  6.562000141E-03  6.012832869E+00 
       161 -2.100796066E-02 -2.100796066E-02  6.562000141E-03  5.853361698E+00 
       162 -2.102797665E-02 -2.102797665E-02  6.562000141E-03  5.811526005E+00 
       163 -2.106651478E-02 -2.106651478E-02  6.562000606E-03  5.550568495E+00 
       164 -2.110337466E-02 -2.110337466E-02  6.562000606E-03  5.178143157E+00 
       165 -2.112556621E-02 -2.112556621E-02  6.562000606E-03  4.779341293E+00 
       166 -2.114406601E-02 -2.114406601E-02  6.562000606E-03  4.283058770E+00 
       167 -2.115948685E-02 -2.115948685E-02  6.562000606E-03  3.697500562E+00 
       168 -2.117234282E-02 -2.117234282E-02  6.562000606E-03  3.047769983E+00 
       169 -2.118305862E-02 -2.118305862E-02  6.562000141E-03  2.364127316E+00 
       170 -2.119199000E-02 -2.119199000E-02  6.562000141E-03  1.701836180E+00 
       171 -2.119943500E-02 -2.119943500E-02  6.562000606E-03  1.116205009E+00 
       172 -2.120563947E-02 -2.120563947E-02  6.562000141E-03  6.210849088E-01 
       173 -2.121081017E-02 -2.121081017E-02  6.562000141E-03  2.065557819E-01 
       174 -2.830386860E-03 -2.830386860E-03  6.562000606E-03  1.470866330E+00 
       175 -2.835483057E-03 -2.835483057E-03  6.562001072E-03  1.482342250E+00 
       176 -2.841604175E-03 -2.841604175E-03  6.562000606E-03  1.494187035E+00 
       177 -2.848957200E-03 -2.848957200E-03  6.562000141E-03  1.505649279E+00 
       178 -2.857792191E-03 -2.857792191E-03  6.562000141E-03  1.515524529E+00 
       179 -2.868410433E-03 -2.868410433E-03  6.561999675E-03  1.522052121E+00 
       180 -2.881176071E-03 -2.881176071E-03  6.562000606E-03  1.522973475E+00 
       181 -2.896528924E-03 -2.896528924E-03  6.562000606E-03  1.516248207E+00 
       182 -2.915001474E-03 -2.915001474E-03  6.562000141E-03  1.502268134E+00 
