cellnumber     x-coordinate     y-coordinate     z-coordinate velocity-magnitude 
         1 -1.843749918E-02 -1.843750477E-02  6.562000141E-03  7.676742877E+00 
         2 -1.831249893E-02 -1.831250452E-02  6.562000141E-03  7.725849354E+00 
         3 -1.818749867E-02 -1.818750426E-02  6.562000141E-03  7.772392678E+00 
         4 -1.806249842E-02 -1.806250401E-02  6.562000141E-03  7.819852747E+00 
         5 -1.793749817E-02 -1.793750376E-02  6.562000141E-03  7.869661709E+00 
         6 -1.781249791E-02 -1.781250350E-02  6.562000141E-03  7.921001170E+00 
         7 -1.768749952E-02 -1.768750325E-02  6.562000141E-03  7.970415466E+00 
         8 -1.756249927E-02 -1.756250486E-02  6.562000141E-03  8.010163424E+00 
         9 -1.743749902E-02 -1.743750460E-02  6.562000141E-03  8.025585892E+00 
        10 -1.731249876E-02 -1.731250435E-02  6.562000141E-03  7.997391915E+00 
        11 -1.718749851E-02 -1.718750410E-02  6.562000141E-03  7.910443690E+00 
        12 -1.706249826E-02 -1.706250384E-02  6.562000141E-03  7.764233884E+00 
        13 -1.693749800E-02 -1.693750359E-02  6.562000141E-03  7.601293551E+00 
        14 -1.681249961E-02 -1.681250334E-02  6.562000141E-03  7.478054057E+00 
        15 -1.668749936E-02 -1.668750495E-02  6.562000141E-03  7.415874028E+00 
        16 -1.656249911E-02 -1.656250469E-02  6.562000141E-03  7.406030804E+00 
        17 -1.643749885E-02 -1.643750444E-02  6.562000141E-03  7.432837776E+00 
        18 -1.631249860E-02 -1.631250419E-02  6.562000141E-03  7.476861694E+00 
        19 -1.618749835E-02 -1.618750393E-02  6.562000141E-03  7.524164416E+00 
        20 -1.606249809E-02 -1.606250368E-02  6.562000141E-03  7.570799207E+00 
        21 -1.593749784E-02 -1.593750343E-02  6.562000141E-03  7.616064130E+00 
        22 -1.581249945E-02 -1.581250504E-02  6.562000141E-03  7.658735067E+00 
        23 -1.568749920E-02 -1.568750478E-02  6.562000141E-03  7.697018526E+00 
        24 -1.556249894E-02 -1.556250453E-02  6.562000141E-03  7.728881961E+00 
        25 -1.543749869E-02 -1.543750428E-02  6.562000141E-03  7.752368024E+00 
        26 -1.531249844E-02 -1.531250402E-02  6.562000141E-03  7.766087220E+00 
        27 -1.518749911E-02 -1.518750470E-02  6.562000141E-03  7.769335044E+00 
        28 -1.506249886E-02 -1.506250445E-02  6.562000141E-03  7.761732187E+00 
        29 -1.493749861E-02 -1.493750419E-02  6.562000141E-03  7.742327792E+00 
        30 -1.481249928E-02 -1.481250487E-02  6.562000141E-03  7.710327330E+00 
        31 -1.468749903E-02 -1.468750462E-02  6.562000141E-03  7.666857246E+00 
        32 -1.456249878E-02 -1.456250437E-02  6.562000141E-03  7.613475746E+00 
        33 -1.443749852E-02 -1.443750411E-02  6.562000141E-03  7.551771924E+00 
        34 -1.431249920E-02 -1.431250479E-02  6.562000141E-03  7.484277910E+00 
        35 -1.418749895E-02 -1.418750454E-02  6.562000141E-03  7.414008987E+00 
        36 -1.406249870E-02 -1.406250428E-02  6.562000141E-03  7.343616190E+00 
        37 -1.393749844E-02 -1.393750496E-02  6.562000141E-03  7.274938015E+00 
        38 -1.381249912E-02 -1.381250471E-02  6.562000141E-03  7.208967425E+00 
        39 -1.368749887E-02 -1.368750446E-02  6.562000141E-03  7.146035806E+00 
        40 -1.356249861E-02 -1.356250420E-02  6.562000141E-03  7.086031699E+00 
        41 -1.343749836E-02 -1.343750488E-02  6.562000141E-03  7.028565923E+00 
        42 -1.331249904E-02 -1.331250463E-02  6.562000141E-03  6.973098444E+00 
        43 -1.318749879E-02 -1.318750437E-02  6.562000141E-03  6.919073337E+00 
        44 -1.306249853E-02 -1.306250505E-02  6.562000141E-03  6.865986687E+00 
        45 -1.293749921E-02 -1.293750480E-02  6.562000141E-03  6.813380680E+00 
        46 -1.281249896E-02 -1.281250454E-02  6.562000141E-03  6.760628584E+00 
        47 -1.268749870E-02 -1.268750429E-02  6.562000141E-03  6.706806284E+00 
        48 -1.256249845E-02 -1.256250497E-02  6.562000141E-03  6.650867562E+00 
        49 -1.243749913E-02 -1.243750472E-02  6.562000141E-03  6.591822070E+00 
        50 -1.231249887E-02 -1.231250446E-02  6.562000141E-03  6.528888723E+00 
        51 -1.218749862E-02 -1.218750421E-02  6.562000141E-03  6.461404229E+00 
        52 -1.206249837E-02 -1.206250489E-02  6.562000141E-03  6.388762271E+00 
        53 -1.193749905E-02 -1.193750463E-02  6.562000141E-03  6.310437314E+00 
        54 -1.181249879E-02 -1.181250438E-02  6.562000141E-03  6.226043468E+00 
        55 -1.168749854E-02 -1.168750506E-02  6.562000141E-03  6.135384414E+00 
        56 -1.156249829E-02 -1.156250481E-02  6.562000141E-03  6.038522025E+00 
        57 -1.143749896E-02 -1.143750455E-02  6.562000141E-03  5.935848315E+00 
        58 -1.131249871E-02 -1.131250430E-02  6.562000141E-03  5.828165013E+00 
        59 -1.118749846E-02 -1.118750498E-02  6.562000141E-03  5.716744143E+00 
        60 -1.898222044E-02 -1.898222044E-02  6.562000606E-03  7.109250932E+00 
        61 -1.904012822E-02 -1.904012822E-02  6.562000141E-03  6.979220803E+00 
        62 -1.912219450E-02 -1.912219450E-02  6.562000606E-03  6.806615925E+00 
        63 -1.916676387E-02 -1.916676387E-02  6.562000606E-03  6.658745085E+00 
        64 -1.923896931E-02 -1.923896931E-02  6.562000141E-03  6.493525952E+00 
        65 -1.931096986E-02 -1.931096986E-02  6.562000606E-03  6.401402756E+00 
        66 -1.938296854E-02 -1.938296854E-02  6.562000141E-03  6.344742061E+00 
        67 -1.945496909E-02 -1.945496909E-02  6.562000141E-03  6.314914873E+00 
        68 -1.952696778E-02 -1.952696778E-02  6.562000141E-03  6.328476134E+00 
        69 -1.959896833E-02 -1.959896833E-02  6.562000141E-03  6.333431993E+00 
        70 -1.967096888E-02 -1.967096888E-02  6.562000141E-03  6.373324445E+00 
        71 -1.974296942E-02 -1.974296942E-02  6.562000141E-03  6.391206971E+00 
        72 -1.981496811E-02 -1.981496811E-02  6.562000141E-03  6.432994671E+00 
        73 -1.988696866E-02 -1.988696866E-02  6.562000141E-03  6.453048292E+00 
        74 -1.995896734E-02 -1.995896734E-02  6.562000141E-03  6.487150804E+00 
        75 -2.003096975E-02 -2.003096975E-02  6.562000141E-03  6.505071548E+00 
        76 -2.010296844E-02 -2.010296844E-02  6.562000141E-03  6.531036066E+00 
        77 -2.017496899E-02 -2.017496899E-02  6.562000141E-03  6.546705195E+00 
        78 -2.024696954E-02 -2.024696954E-02  6.562000141E-03  6.567121931E+00 
        79 -2.031897008E-02 -2.031897008E-02  6.562000141E-03  6.581017584E+00 
        80 -2.039096877E-02 -2.039096877E-02  6.562000141E-03  6.595669604E+00 
        81 -2.046296932E-02 -2.046296932E-02  6.562000141E-03  6.606448191E+00 
        82 -2.053496800E-02 -2.053496800E-02  6.562000141E-03  6.612316538E+00 
        83 -2.060696855E-02 -2.060696855E-02  6.562000141E-03  6.616763547E+00 
        84 -2.067896910E-02 -2.067896910E-02  6.562000141E-03  6.605903369E+00 
        85 -2.075096965E-02 -2.075096965E-02  6.562000141E-03  6.586208909E+00 
        86 -2.082296833E-02 -2.082296833E-02  6.562000141E-03  6.528604149E+00 
        87 -2.089514025E-02 -2.089514025E-02  6.562000141E-03  6.432133030E+00 
        88 -2.095155232E-02 -2.095155232E-02  6.562000141E-03  6.270288026E+00 
        89 -2.100796066E-02 -2.100796066E-02  6.562000141E-03  6.127865373E+00 
        90 -2.102797665E-02 -2.102797665E-02  6.562000141E-03  6.075934368E+00 
        91 -2.106651478E-02 -2.106651478E-02  6.562000606E-03  5.829661057E+00 
        92 -2.110337466E-02 -2.110337466E-02  6.562000606E-03  5.385503870E+00 
        93 -2.112556621E-02 -2.112556621E-02  6.562000606E-03  4.912442843E+00 
        94 -2.114406601E-02 -2.114406601E-02  6.562000606E-03  4.354229022E+00 
        95 -2.115948685E-02 -2.115948685E-02  6.562000606E-03  3.725285181E+00 
        96 -2.117234282E-02 -2.117234282E-02  6.562000606E-03  3.050162106E+00 
        97 -2.118305862E-02 -2.118305862E-02  6.562000141E-03  2.356287034E+00 
        98 -2.119199000E-02 -2.119199000E-02  6.562000141E-03  1.693532964E+00 
        99 -2.119943500E-02 -2.119943500E-02  6.562000606E-03  1.110527380E+00 
       100 -2.120563947E-02 -2.120563947E-02  6.562000141E-03  6.178728887E-01 
       101 -2.121081017E-02 -2.121081017E-02  6.562000141E-03  2.053741698E-01 
       102 -2.830355195E-03 -2.830355195E-03  6.562000606E-03  1.477666367E+00 
       103 -2.835455118E-03 -2.835455118E-03  6.562000606E-03  1.502071440E+00 
       104 -2.841580659E-03 -2.841580659E-03  6.562000606E-03  1.528313231E+00 
       105 -2.848939039E-03 -2.848939039E-03  6.562000606E-03  1.555193452E+00 
       106 -2.857780783E-03 -2.857780783E-03  6.562000141E-03  1.580303960E+00 
       107 -2.868407406E-03 -2.868407406E-03  6.562000141E-03  1.599453895E+00 
       108 -2.881182823E-03 -2.881182823E-03  6.562000141E-03  1.607495435E+00 
       109 -2.896548016E-03 -2.896548016E-03  6.562000141E-03  1.602790005E+00 
       110 -2.915035933E-03 -2.915035933E-03  6.562000141E-03  1.589895818E+00 
       111 -2.937293379E-03 -2.937293379E-03  6.562000141E-03  1.573243243E+00 
       112 -2.975319512E-03 -2.975319512E-03  6.562000606E-03  1.542852940E+00 
       113 -3.059382550E-03 -3.059382550E-03  6.562000606E-03  1.458001835E+00 
       114 -3.123705741E-03 -3.123705741E-03  6.562000141E-03  1.419228363E+00 
       115 -3.189915325E-03 -3.189919051E-03  6.562000141E-03  1.383716018E+00 
       116 -3.312498098E-03 -3.312505083E-03  6.562000141E-03  1.335289188E+00 
       117 -3.437498119E-03 -3.437505104E-03  6.562000141E-03  1.277614044E+00 
       118 -3.562498139E-03 -3.562505124E-03  6.562000141E-03  1.210643223E+00 
       119 -3.687498160E-03 -3.687505145E-03  6.562000141E-03  1.138720722E+00 
       120 -3.812497947E-03 -3.812504932E-03  6.562000141E-03  1.065918118E+00 
       121 -3.937498201E-03 -3.937505186E-03  6.562000141E-03  9.962990178E-01 
       122 -4.062497988E-03 -4.062504973E-03  6.562000141E-03  9.345942402E-01 
       123 -4.187498242E-03 -4.187505227E-03  6.562000141E-03  8.854146108E-01 
       124 -4.312498029E-03 -4.312505014E-03  6.562000141E-03  8.518800025E-01 
       125 -4.437498283E-03 -4.437505268E-03  6.562000141E-03  8.401959601E-01 
       126 -4.562498070E-03 -4.562505055E-03  6.562000141E-03  8.573718614E-01 
       127 -4.687498324E-03 -4.687505309E-03  6.562000141E-03  9.100205689E-01 
       128 -4.812498111E-03 -4.812505096E-03  6.562000141E-03  1.005181363E+00 
       129 -4.937498365E-03 -4.937504884E-03  6.562000141E-03  1.139153994E+00 
       130 -5.062498152E-03 -5.062505137E-03  6.562000141E-03  1.280770863E+00 
       131 -5.187498406E-03 -5.187504925E-03  6.562000141E-03  1.369866850E+00 
       132 -5.312498193E-03 -5.312505178E-03  6.562000141E-03  1.351789693E+00 
       133 -5.437498447E-03 -5.437504966E-03  6.562000141E-03  1.233586289E+00 
       134 -5.562498234E-03 -5.562505219E-03  6.562000141E-03  1.130703717E+00 
       135 -5.687498488E-03 -5.687505007E-03  6.562000141E-03  1.103997333E+00 
       136 -5.812498275E-03 -5.812504794E-03  6.562000141E-03  1.107574793E+00 
       137 -5.937498529E-03 -5.937505048E-03  6.562000141E-03  1.125548512E+00 
       138 -6.062498316E-03 -6.062504835E-03  6.562000141E-03  1.204016023E+00 
       139 -6.187498104E-03 -6.187505089E-03  6.562000141E-03  1.385265147E+00 
       140 -6.312498357E-03 -6.312504876E-03  6.562000141E-03  1.656536232E+00 
       141 -6.437498145E-03 -6.437505130E-03  6.562000141E-03  1.971327834E+00 
       142 -6.562498398E-03 -6.562504917E-03  6.562000141E-03  2.249445073E+00 
       143 -6.687498186E-03 -6.687505171E-03  6.562000141E-03  2.466803774E+00 
       144 -6.812498439E-03 -6.812504958E-03  6.562000141E-03  2.627394619E+00 
       145 -6.937498227E-03 -6.937504746E-03  6.562000141E-03  2.738710199E+00 
       146 -7.062498480E-03 -7.062504999E-03  6.562000141E-03  2.814650100E+00 
       147 -7.187498268E-03 -7.187504787E-03  6.562000141E-03  2.872545364E+00 
       148 -7.312498521E-03 -7.312505040E-03  6.562000141E-03  2.929794480E+00 
       149 -7.437498309E-03 -7.437504828E-03  6.562000141E-03  2.999494375E+00 
       150 -7.562498562E-03 -7.562505081E-03  6.562000141E-03  3.086635502E+00 
       151 -7.687498350E-03 -7.687504869E-03  6.562000141E-03  3.187715929E+00 
       152 -7.812498603E-03 -7.812504657E-03  6.562000141E-03  3.299087271E+00 
       153 -7.937498391E-03 -7.937504910E-03  6.562000141E-03  3.424156221E+00 
       154 -8.062498644E-03 -8.062505163E-03  6.562000141E-03  3.569198827E+00 
       155 -8.187498897E-03 -8.187504485E-03  6.562000141E-03  3.731539285E+00 
       156 -8.312498219E-03 -8.312504739E-03  6.562000141E-03  3.889494107E+00 
       157 -1.106249820E-02 -1.106250472E-02  6.562000141E-03  5.603351559E+00 
       158 -1.093749888E-02 -1.093750447E-02  6.562000141E-03  5.490173642E+00 
       159 -1.081249863E-02 -1.081250515E-02  6.562000141E-03  5.379550963E+00 
       160 -1.068749838E-02 -1.068750490E-02  6.562000141E-03  5.273491195E+00 
       161 -1.056249905E-02 -1.056250464E-02  6.562000141E-03  5.173137119E+00 
       162 -1.043749880E-02 -1.043750439E-02  6.562000141E-03  5.078546534E+00 
       163 -1.031249855E-02 -1.031250507E-02  6.562000141E-03  4.988950083E+00 
       164 -1.018749829E-02 -1.018750481E-02  6.562000141E-03  4.903241109E+00 
       165 -1.006249897E-02 -1.006250456E-02  6.562000141E-03  4.820435378E+00 
       166 -9.937498719E-03 -9.937505238E-03  6.562000141E-03  4.739971228E+00 
       167 -9.812498465E-03 -9.812504984E-03  6.562000141E-03  4.661852210E+00 
       168 -9.687498212E-03 -9.687504731E-03  6.562000141E-03  4.586657674E+00 
       169 -9.562498890E-03 -9.562504478E-03  6.562000141E-03  4.515391960E+00 
       170 -9.437498637E-03 -9.437505156E-03  6.562000141E-03  4.449194717E+00 
       171 -9.312498383E-03 -9.312504902E-03  6.562000141E-03  4.389011048E+00 
       172 -9.187498130E-03 -9.187504649E-03  6.562000141E-03  4.335296814E+00 
       173 -9.062498808E-03 -9.062504396E-03  6.562000141E-03  4.287753859E+00 
       174 -8.937498555E-03 -8.937505074E-03  6.562000141E-03  4.244937685E+00 
       175 -8.812498301E-03 -8.812504821E-03  6.562000141E-03  4.203897363E+00 
       176 -8.687498048E-03 -8.687504567E-03  6.562000141E-03  4.159120190E+00 
       177 -8.562498726E-03 -8.562505245E-03  6.562000141E-03  4.101107547E+00 
       178 -8.437498473E-03 -8.437504992E-03  6.562000141E-03  4.015305545E+00 
       179 -1.895486563E-02 -1.895486563E-02  6.562000606E-03  7.240797044E+00 
       180 -1.889866963E-02 -1.889866963E-02  6.562000141E-03  7.331836933E+00 
       181 -1.880285144E-02 -1.880285516E-02  6.562000141E-03  7.442151767E+00 
       182 -1.868749969E-02 -1.868750341E-02  6.562000141E-03  7.544713029E+00 
       183 -1.856249943E-02 -1.856250316E-02  6.562000141E-03  7.618482195E+00 
