cellnumber     x-coordinate     y-coordinate     z-coordinate velocity-magnitude 
         1  2.831113525E-03 -2.831113525E-03  6.562000141E-03  1.051450140E+00 
         2  2.838137560E-03 -2.838137560E-03  6.562000606E-03  1.062678323E+00 
         3  2.846576972E-03 -2.846576972E-03  6.562000606E-03  1.074596654E+00 
         4  2.856719075E-03 -2.856719075E-03  6.562000141E-03  1.086169058E+00 
         5  2.868911251E-03 -2.868911251E-03  6.562000606E-03  1.095548496E+00 
         6  2.883573063E-03 -2.883573063E-03  6.562000606E-03  1.099970415E+00 
         7  2.901211847E-03 -2.901211847E-03  6.562000606E-03  1.095908878E+00 
         8  2.922442975E-03 -2.922442975E-03  6.562000606E-03  1.080224629E+00 
         9  2.948012901E-03 -2.948012901E-03  6.562000606E-03  1.052055752E+00 
        10  2.978831064E-03 -2.978831064E-03  6.562000606E-03  1.015160041E+00 
        11  3.020680975E-03 -3.020680975E-03  6.562000606E-03  9.585550803E-01 
        12  3.100434784E-03 -3.100434784E-03  6.562000141E-03  9.165133562E-01 
        13  3.216037294E-03 -3.216037294E-03  6.562000141E-03  8.591112082E-01 
        14  3.338444978E-03 -3.338445909E-03  6.562000606E-03  8.190836941E-01 
        15  3.467999864E-03 -3.468001727E-03  6.562000606E-03  7.465313657E-01 
        16  3.535999916E-03 -3.536001779E-03  6.562000606E-03  6.908329795E-01 
        17  3.671999788E-03 -3.672001651E-03  6.562000606E-03  6.494490296E-01 
        18  4.079999868E-03 -4.080001730E-03  6.562000606E-03  6.961919046E-01 
        19  7.344000041E-03 -7.344001904E-03  6.562000606E-03  1.572099042E+00 
        20  7.887999527E-03 -7.888002321E-03  6.562000606E-03  2.424838519E+00 
        21  8.431999944E-03 -8.432001807E-03  6.562000606E-03  2.509051007E+00 
        22  8.975999430E-03 -8.976002224E-03  6.562000606E-03  2.569706448E+00 
        23  9.519999847E-03 -9.520002641E-03  6.562000606E-03  2.889742551E+00 
        24  1.006399933E-02 -1.006400213E-02  6.562000606E-03  3.040815006E+00 
        25  4.623999819E-03 -4.624002147E-03  6.562000606E-03  8.073256624E-01 
        26  5.167999770E-03 -5.168002099E-03  6.562000606E-03  8.212181588E-01 
        27  5.711999722E-03 -5.712002050E-03  6.562000606E-03  8.333540264E-01 
        28  6.255999673E-03 -6.256002001E-03  6.562000606E-03  8.811712078E-01 
        29  6.800000090E-03 -6.800001953E-03  6.562000606E-03  8.221761098E-01 
        30  1.767999865E-02 -1.768000238E-02  6.562000606E-03  5.337667087E+00 
        31  1.713600010E-02 -1.713600196E-02  6.562000606E-03  5.409492435E+00 
        32  1.659199968E-02 -1.659200341E-02  6.562000606E-03  5.618070965E+00 
        33  1.604799926E-02 -1.604800299E-02  6.562000606E-03  5.614619655E+00 
        34  1.550399978E-02 -1.550400257E-02  6.562000606E-03  5.400124108E+00 
        35  1.495999936E-02 -1.496000215E-02  6.562000606E-03  5.286831701E+00 
        36  1.441599987E-02 -1.441600267E-02  6.562000606E-03  5.065472306E+00 
        37  1.387199946E-02 -1.387200225E-02  6.562000606E-03  4.818204009E+00 
        38  1.332799997E-02 -1.332800277E-02  6.562000606E-03  4.435022675E+00 
        39  1.278399955E-02 -1.278400235E-02  6.562000606E-03  4.124540598E+00 
        40  1.223999914E-02 -1.224000193E-02  6.562000606E-03  3.873981139E+00 
        41  1.169599965E-02 -1.169600245E-02  6.562000606E-03  3.564954536E+00 
        42  1.115199924E-02 -1.115200203E-02  6.562000606E-03  3.435257904E+00 
        43  1.060799975E-02 -1.060800254E-02  6.562000606E-03  3.218483119E+00 
        44  1.895311661E-02 -1.895311661E-02  6.562000141E-03  4.025990533E+00 
        45  1.887285709E-02 -1.887285709E-02  6.562000606E-03  3.942282251E+00 
        46  1.878958195E-02 -1.878958195E-02  6.562000606E-03  4.135125091E+00 
        47  1.876249723E-02 -1.876249723E-02  6.562000606E-03  4.204160285E+00 
        48  1.869268529E-02 -1.869268715E-02  6.562000606E-03  4.485233834E+00 
        49  1.856399886E-02 -1.856400259E-02  6.562000606E-03  4.892393731E+00 
        50  1.849599928E-02 -1.849600300E-02  6.562000606E-03  4.982235686E+00 
        51  1.835999824E-02 -1.836000197E-02  6.562000606E-03  5.016163878E+00 
        52  1.808799803E-02 -1.808800176E-02  6.562000606E-03  4.984515891E+00 
        53  1.795199886E-02 -1.795200258E-02  6.562000606E-03  5.047951825E+00 
        54  1.899245940E-02 -1.899245940E-02  6.562000606E-03  3.862079194E+00 
        55  1.905349456E-02 -1.905349456E-02  6.562000606E-03  3.905026160E+00 
        56  1.914011873E-02 -1.914011873E-02  6.562000606E-03  4.017076347E+00 
        57  1.923859492E-02 -1.923859492E-02  6.562000141E-03  4.481459821E+00 
        58  1.930207387E-02 -1.930207387E-02  6.562000141E-03  4.684890881E+00 
        59  1.937407255E-02 -1.937407255E-02  6.562000141E-03  4.723365655E+00 
        60  1.944607310E-02 -1.944607310E-02  6.562000141E-03  4.724056188E+00 
        61  1.951807365E-02 -1.951807365E-02  6.562000141E-03  4.689897952E+00 
        62  1.959007420E-02 -1.959007420E-02  6.562000141E-03  4.615359089E+00 
        63  1.966207288E-02 -1.966207288E-02  6.562000141E-03  4.589748978E+00 
        64  1.973407343E-02 -1.973407343E-02  6.562000141E-03  4.593408447E+00 
        65  1.980607398E-02 -1.980607398E-02  6.562000141E-03  4.746704765E+00 
        66  1.987807266E-02 -1.987807266E-02  6.562000141E-03  4.831347092E+00 
        67  1.995007321E-02 -1.995007321E-02  6.562000141E-03  4.973377713E+00 
        68  2.002207376E-02 -2.002207376E-02  6.562000141E-03  5.072818635E+00 
        69  2.009407431E-02 -2.009407431E-02  6.562000141E-03  5.100978051E+00 
        70  2.016607299E-02 -2.016607299E-02  6.562000141E-03  5.178429135E+00 
        71  2.023807354E-02 -2.023807354E-02  6.562000141E-03  5.134460273E+00 
        72  2.031007409E-02 -2.031007409E-02  6.562000141E-03  5.204760063E+00 
        73  2.038207278E-02 -2.038207278E-02  6.562000141E-03  5.146050278E+00 
        74  2.045407332E-02 -2.045407332E-02  6.562000141E-03  5.132232981E+00 
        75  2.052607387E-02 -2.052607387E-02  6.562000141E-03  5.023989803E+00 
        76  2.059807256E-02 -2.059807256E-02  6.562000141E-03  4.999014902E+00 
        77  2.067007311E-02 -2.067007311E-02  6.562000141E-03  4.862904631E+00 
        78  2.074207366E-02 -2.074207366E-02  6.562000141E-03  4.784958107E+00 
        79  2.081407420E-02 -2.081407420E-02  6.562000141E-03  4.732759940E+00 
        80  2.088592015E-02 -2.088592015E-02  6.562000141E-03  4.822320665E+00 
        81  2.093681321E-02 -2.093681321E-02  6.562000606E-03  4.873767054E+00 
        82  2.101956122E-02 -2.101956122E-02  6.562000606E-03  4.713373915E+00 
        83  2.107902244E-02 -2.107902244E-02  6.562000606E-03  4.517424139E+00 
        84  2.110386454E-02 -2.110386454E-02  6.562000606E-03  4.239855651E+00 
        85  2.112595551E-02 -2.112595551E-02  6.562000606E-03  3.888587821E+00 
        86  2.114437334E-02 -2.114437334E-02  6.562000606E-03  3.401547251E+00 
        87  2.115972713E-02 -2.115972713E-02  6.562000606E-03  2.838418586E+00 
        88  2.117252536E-02 -2.117252536E-02  6.562000141E-03  2.266651997E+00 
        89  2.118319459E-02 -2.118319459E-02  6.562000141E-03  1.729342182E+00 
        90  2.119208500E-02 -2.119208500E-02  6.562000141E-03  1.248641485E+00 
        91  2.119949646E-02 -2.119949646E-02  6.562000141E-03  8.297260691E-01 
        92  2.120567486E-02 -2.120567486E-02  6.562000141E-03  4.685768522E-01 
        93  2.121082321E-02 -2.121082321E-02  6.562000141E-03  1.583028565E-01 
