cellnumber     x-coordinate     y-coordinate     z-coordinate velocity-magnitude 
         1  2.831034595E-03 -2.831034595E-03  6.562000141E-03  1.057930708E+00 
         2  2.837958047E-03 -2.837958047E-03  6.562000141E-03  1.082363180E+00 
         3  2.846276388E-03 -2.846276388E-03  6.562000141E-03  1.109867655E+00 
         4  2.856272738E-03 -2.856272738E-03  6.562000141E-03  1.139496528E+00 
         5  2.868288895E-03 -2.868288895E-03  6.562000141E-03  1.169113540E+00 
         6  2.882738132E-03 -2.882738132E-03  6.562000141E-03  1.194915688E+00 
         7  2.900120802E-03 -2.900120802E-03  6.562000606E-03  1.211138125E+00 
         8  2.921042265E-03 -2.921042265E-03  6.562000606E-03  1.212723374E+00 
         9  2.946239430E-03 -2.946239430E-03  6.562000606E-03  1.197502659E+00 
        10  2.976608928E-03 -2.976608928E-03  6.562000606E-03  1.170549928E+00 
        11  3.030340886E-03 -3.030340886E-03  6.562000141E-03  1.127305551E+00 
        12  3.071275074E-03 -3.071275074E-03  6.562000606E-03  1.096204019E+00 
        13  3.132193349E-03 -3.132193349E-03  6.562000606E-03  1.074218962E+00 
        14  3.234955715E-03 -3.234955715E-03  6.562000606E-03  1.013967344E+00 
        15  3.340301570E-03 -3.340300871E-03  6.562000606E-03  9.958189754E-01 
        16  3.467999864E-03 -3.467998700E-03  6.562000606E-03  9.512778813E-01 
        17  3.535999916E-03 -3.535998752E-03  6.562000606E-03  8.806121091E-01 
        18  3.671999788E-03 -3.671998624E-03  6.562000606E-03  9.103988007E-01 
        19  4.079999868E-03 -4.079998471E-03  6.562000606E-03  7.830470271E-01 
        20  4.623999819E-03 -4.623998888E-03  6.562000606E-03  5.563359373E-01 
        21  5.167999770E-03 -5.167998839E-03  6.562000606E-03  5.317722848E-01 
        22  5.711999722E-03 -5.711998791E-03  6.562000606E-03  7.267888679E-01 
        23  6.255999673E-03 -6.255998742E-03  6.562000606E-03  7.715130213E-01 
        24  6.799999624E-03 -6.799998693E-03  6.562000606E-03  1.053638150E+00 
        25  7.344000041E-03 -7.343999110E-03  6.562000606E-03  1.625318187E+00 
        26  7.887999527E-03 -7.887998596E-03  6.562000606E-03  1.848371245E+00 
        27  8.431999013E-03 -8.431999013E-03  6.562000606E-03  2.368815733E+00 
        28  8.975999430E-03 -8.975999430E-03  6.562000606E-03  3.121087578E+00 
        29  9.519999847E-03 -9.519998915E-03  6.562000606E-03  3.015387206E+00 
        30  1.767999865E-02 -1.767999865E-02  6.562000606E-03  4.935336569E+00 
        31  1.795199886E-02 -1.795199886E-02  6.562000606E-03  5.036177139E+00 
        32  1.808799990E-02 -1.808799990E-02  6.562000606E-03  5.017888356E+00 
        33  1.835999824E-02 -1.836000010E-02  6.562000606E-03  5.361052585E+00 
        34  1.849599928E-02 -1.849599928E-02  6.562000606E-03  5.282293685E+00 
        35  1.856399886E-02 -1.856399886E-02  6.562000606E-03  5.423107036E+00 
        36  1.870221458E-02 -1.870221645E-02  6.562000606E-03  5.406123203E+00 
        37  1.884463057E-02 -1.884463057E-02  6.562000606E-03  5.240329866E+00 
        38  1.894244179E-02 -1.894244179E-02  6.562000606E-03  5.303568045E+00 
        39  1.899245940E-02 -1.899245940E-02  6.562000606E-03  5.116734738E+00 
        40  1.905349456E-02 -1.905349456E-02  6.562000606E-03  4.787687422E+00 
        41  1.914011873E-02 -1.914011873E-02  6.562000606E-03  4.775350717E+00 
        42  1.923859492E-02 -1.923859492E-02  6.562000141E-03  4.676600856E+00 
        43  1.930207387E-02 -1.930207387E-02  6.562000141E-03  4.667119437E+00 
        44  1.937407255E-02 -1.937407255E-02  6.562000141E-03  4.731706510E+00 
        45  1.944607310E-02 -1.944607310E-02  6.562000141E-03  4.836878164E+00 
        46  1.951807365E-02 -1.951807365E-02  6.562000141E-03  4.876511313E+00 
        47  1.959007420E-02 -1.959007420E-02  6.562000141E-03  4.986356894E+00 
        48  1.966207288E-02 -1.966207288E-02  6.562000141E-03  5.014314826E+00 
        49  2.121082321E-02 -2.121082321E-02  6.562000141E-03  1.415614601E-01 
        50  2.120567486E-02 -2.120567486E-02  6.562000606E-03  4.215632279E-01 
        51  2.119949833E-02 -2.119949833E-02  6.562000141E-03  7.494537089E-01 
        52  2.119208500E-02 -2.119208500E-02  6.562000606E-03  1.130827188E+00 
        53  2.118319459E-02 -2.118319459E-02  6.562000141E-03  1.569827222E+00 
        54  2.117252536E-02 -2.117252536E-02  6.562000141E-03  2.065199825E+00 
        55  2.115972713E-02 -2.115972713E-02  6.562000606E-03  2.607092116E+00 
        56  2.114437334E-02 -2.114437334E-02  6.562000606E-03  3.173174823E+00 
        57  2.112595551E-02 -2.112595551E-02  6.562000606E-03  3.726020339E+00 
        58  2.110386454E-02 -2.110386454E-02  6.562000606E-03  4.229780668E+00 
        59  2.107902244E-02 -2.107902244E-02  6.562000606E-03  4.722665783E+00 
        60  2.101955935E-02 -2.101955935E-02  6.562000141E-03  4.885730653E+00 
        61  2.093681321E-02 -2.093681321E-02  6.562000141E-03  5.082376607E+00 
        62  2.088592015E-02 -2.088592015E-02  6.562000141E-03  5.167254099E+00 
        63  2.081407234E-02 -2.081407234E-02  6.562000141E-03  5.124539568E+00 
        64  2.074207366E-02 -2.074207366E-02  6.562000141E-03  5.184983917E+00 
        65  2.067007311E-02 -2.067007311E-02  6.562000141E-03  5.122080614E+00 
        66  2.059807256E-02 -2.059807256E-02  6.562000141E-03  5.146197197E+00 
        67  2.052607387E-02 -2.052607387E-02  6.562000141E-03  5.024822602E+00 
        68  2.045407332E-02 -2.045407332E-02  6.562000141E-03  5.027030074E+00 
        69  2.038207278E-02 -2.038207278E-02  6.562000141E-03  4.836183185E+00 
        70  2.031007409E-02 -2.031007409E-02  6.562000141E-03  4.782289572E+00 
        71  2.023807354E-02 -2.023807354E-02  6.562000141E-03  4.614140201E+00 
        72  2.016607299E-02 -2.016607299E-02  6.562000141E-03  4.590396932E+00 
        73  2.009407245E-02 -2.009407245E-02  6.562000141E-03  4.686390179E+00 
        74  2.002207376E-02 -2.002207376E-02  6.562000141E-03  4.823665274E+00 
        75  1.995007321E-02 -1.995007321E-02  6.562000141E-03  5.003788021E+00 
        76  1.987807266E-02 -1.987807266E-02  6.562000141E-03  5.093686036E+00 
        77  1.980607398E-02 -1.980607398E-02  6.562000141E-03  5.078066498E+00 
        78  1.973407343E-02 -1.973407343E-02  6.562000141E-03  5.097315785E+00 
        79  1.006399933E-02 -1.006399840E-02  6.562000606E-03  2.822607079E+00 
        80  1.060799975E-02 -1.060799882E-02  6.562000606E-03  3.015303332E+00 
        81  1.115200017E-02 -1.115199924E-02  6.562000606E-03  3.514863364E+00 
        82  1.169599965E-02 -1.169599965E-02  6.562000606E-03  3.859864912E+00 
        83  1.224000007E-02 -1.223999914E-02  6.562000606E-03  3.902898136E+00 
        84  1.278399955E-02 -1.278399955E-02  6.562000606E-03  4.092007119E+00 
        85  1.332799997E-02 -1.332799997E-02  6.562000606E-03  4.403657792E+00 
        86  1.387200039E-02 -1.387199946E-02  6.562000606E-03  4.608201167E+00 
        87  1.441599987E-02 -1.441599987E-02  6.562000606E-03  4.805656610E+00 
        88  1.496000029E-02 -1.496000029E-02  6.562000606E-03  5.127464538E+00 
        89  1.550399978E-02 -1.550399978E-02  6.562000606E-03  5.247899534E+00 
        90  1.604799926E-02 -1.604799926E-02  6.562000606E-03  5.289518114E+00 
        91  1.659199968E-02 -1.659199968E-02  6.562000606E-03  5.318566809E+00 
        92  1.713600010E-02 -1.713600010E-02  6.562000606E-03  5.376755973E+00 
