cellnumber     x-coordinate     y-coordinate     z-coordinate velocity-magnitude 
         1  3.671998158E-03 -3.672000254E-03  6.562000606E-03  8.951988975E-01 
         2  4.079998471E-03 -4.080000333E-03  6.562000606E-03  8.954065401E-01 
         3  4.623998422E-03 -4.624000285E-03  6.562000606E-03  8.322015094E-01 
         4  3.467998235E-03 -3.468000330E-03  6.562000606E-03  9.009650139E-01 
         5  3.341175383E-03 -3.341176547E-03  6.562000606E-03  9.092847788E-01 
         6  3.229305614E-03 -3.229305614E-03  6.562000606E-03  8.495494301E-01 
         7  3.150008153E-03 -3.150008153E-03  6.562000606E-03  8.567157272E-01 
         8  3.081055591E-03 -3.081055591E-03  6.562000606E-03  9.038858479E-01 
         9  3.015503287E-03 -3.015503287E-03  6.562000606E-03  1.003652293E+00 
        10  2.976104384E-03 -2.976104384E-03  6.562000606E-03  1.046313323E+00 
        11  2.945830580E-03 -2.945830580E-03  6.562000141E-03  1.065369093E+00 
        12  2.920712577E-03 -2.920712577E-03  6.562000606E-03  1.070109534E+00 
        13  2.899855841E-03 -2.899855841E-03  6.562000606E-03  1.067158365E+00 
        14  2.882527420E-03 -2.882527420E-03  6.562000606E-03  1.060924091E+00 
        15  2.868122654E-03 -2.868122654E-03  6.562000606E-03  1.054437467E+00 
        16  2.856143517E-03 -2.856143517E-03  6.562000141E-03  1.049260556E+00 
        17  2.846177900E-03 -2.846177900E-03  6.562000141E-03  1.045975220E+00 
        18  2.837885171E-03 -2.837885171E-03  6.562000141E-03  1.044589601E+00 
        19  2.830982674E-03 -2.830982674E-03  6.562000141E-03  1.044798531E+00 
        20  1.713599823E-02 -1.713600196E-02  6.562000606E-03  5.150598669E+00 
        21  1.659199782E-02 -1.659200154E-02  6.562000606E-03  5.394956164E+00 
        22  1.604799740E-02 -1.604800113E-02  6.562000606E-03  5.456417205E+00 
        23  3.535998287E-03 -3.536000149E-03  6.562000606E-03  8.491462452E-01 
        24  1.550399791E-02 -1.550400164E-02  6.562000606E-03  5.372330881E+00 
        25  1.495999750E-02 -1.496000122E-02  6.562000606E-03  5.256226089E+00 
        26  1.441599801E-02 -1.441600081E-02  6.562000606E-03  5.230890688E+00 
        27  1.387199759E-02 -1.387200132E-02  6.562000606E-03  4.913598690E+00 
        28  1.332799811E-02 -1.332800090E-02  6.562000606E-03  4.564772125E+00 
        29  1.278399769E-02 -1.278400142E-02  6.562000606E-03  4.370827899E+00 
        30  1.223999821E-02 -1.224000100E-02  6.562000606E-03  4.185924826E+00 
        31  1.169599779E-02 -1.169600058E-02  6.562000606E-03  3.860092382E+00 
        32  1.115199830E-02 -1.115200110E-02  6.562000606E-03  3.492195541E+00 
        33  1.060799789E-02 -1.060800068E-02  6.562000606E-03  3.254323196E+00 
        34  1.006399840E-02 -1.006400120E-02  6.562000606E-03  3.086361807E+00 
        35  9.519997984E-03 -9.520000778E-03  6.562000606E-03  2.785021376E+00 
        36  8.975998498E-03 -8.976000361E-03  6.562000606E-03  2.352820012E+00 
        37  8.431998082E-03 -8.432000875E-03  6.562000606E-03  2.482800218E+00 
        38  7.887997665E-03 -7.888000458E-03  6.562000606E-03  2.703561628E+00 
        39  7.343998179E-03 -7.344000507E-03  6.562000606E-03  2.351435989E+00 
        40  6.799998228E-03 -6.800000556E-03  6.562000606E-03  7.672514077E-01 
        41  6.255998276E-03 -6.256000604E-03  6.562000606E-03  8.331813024E-01 
        42  5.711998325E-03 -5.712000653E-03  6.562000606E-03  6.696521813E-01 
        43  5.167998374E-03 -5.168000702E-03  6.562000606E-03  7.012068088E-01 
        44  1.893839985E-02 -1.893839985E-02  6.562000141E-03  5.007666231E+00 
        45  1.887113415E-02 -1.887113415E-02  6.562000141E-03  5.013757890E+00 
        46  1.880456693E-02 -1.880456693E-02  6.562000141E-03  5.049914928E+00 
        47  1.870380342E-02 -1.870380528E-02  6.562000606E-03  4.964505423E+00 
        48  1.856399700E-02 -1.856400073E-02  6.562000606E-03  4.980023894E+00 
        49  1.849599741E-02 -1.849600114E-02  6.562000606E-03  4.970558227E+00 
        50  1.835999638E-02 -1.836000197E-02  6.562000606E-03  4.965852486E+00 
        51  1.808799803E-02 -1.808800176E-02  6.562000606E-03  4.737334241E+00 
        52  1.795199700E-02 -1.795200072E-02  6.562000606E-03  4.712615568E+00 
        53  1.767999679E-02 -1.768000051E-02  6.562000606E-03  4.722771409E+00 
        54  1.899245940E-02 -1.899245940E-02  6.562000606E-03  5.119484373E+00 
        55  1.905349456E-02 -1.905349456E-02  6.562000606E-03  5.231168441E+00 
        56  1.914011873E-02 -1.914011873E-02  6.562000141E-03  5.278968366E+00 
        57  1.923859492E-02 -1.923859492E-02  6.562000141E-03  5.263683570E+00 
        58  1.930207387E-02 -1.930207387E-02  6.562000141E-03  5.314566619E+00 
        59  1.937407255E-02 -1.937407255E-02  6.562000141E-03  5.312236695E+00 
        60  1.944607310E-02 -1.944607310E-02  6.562000141E-03  5.383112785E+00 
        61  1.951807365E-02 -1.951807365E-02  6.562000141E-03  5.362479454E+00 
        62  1.959007420E-02 -1.959007420E-02  6.562000141E-03  5.373784756E+00 
        63  1.966207288E-02 -1.966207288E-02  6.562000141E-03  5.296552826E+00 
        64  1.973407343E-02 -1.973407343E-02  6.562000141E-03  5.296251328E+00 
        65  1.980607398E-02 -1.980607398E-02  6.562000141E-03  5.268608209E+00 
        66  1.987807266E-02 -1.987807266E-02  6.562000141E-03  5.312580936E+00 
        67  1.995007321E-02 -1.995007321E-02  6.562000141E-03  5.219782566E+00 
        68  2.002207376E-02 -2.002207376E-02  6.562000141E-03  5.014317697E+00 
        69  2.009407245E-02 -2.009407245E-02  6.562000141E-03  4.913655662E+00 
        70  2.016607299E-02 -2.016607299E-02  6.562000141E-03  4.876775220E+00 
        71  2.023807354E-02 -2.023807354E-02  6.562000141E-03  4.955392801E+00 
        72  2.031007409E-02 -2.031007409E-02  6.562000141E-03  4.912186022E+00 
        73  2.038207278E-02 -2.038207278E-02  6.562000141E-03  4.603289309E+00 
        74  2.045407332E-02 -2.045407332E-02  6.562000141E-03  3.971823184E+00 
        75  2.052607387E-02 -2.052607387E-02  6.562000141E-03  3.912039973E+00 
        76  2.059807256E-02 -2.059807256E-02  6.562000141E-03  4.103985911E+00 
        77  2.067007311E-02 -2.067007311E-02  6.562000141E-03  4.106946438E+00 
        78  2.074207366E-02 -2.074207366E-02  6.562000141E-03  4.241927036E+00 
        79  2.081407420E-02 -2.081407420E-02  6.562000141E-03  4.369798516E+00 
        80  2.088592015E-02 -2.088592015E-02  6.562000141E-03  4.348076927E+00 
        81  2.093681321E-02 -2.093681321E-02  6.562000141E-03  4.340436360E+00 
        82  2.101955935E-02 -2.101955935E-02  6.562000141E-03  3.501522207E+00 
        83  2.107902244E-02 -2.107902244E-02  6.562000606E-03  2.850916110E+00 
        84  2.110386454E-02 -2.110386454E-02  6.562000606E-03  2.623521805E+00 
        85  2.112595551E-02 -2.112595551E-02  6.562000606E-03  2.546974650E+00 
        86  2.114437334E-02 -2.114437334E-02  6.562000606E-03  2.357377409E+00 
        87  2.115972713E-02 -2.115972713E-02  6.562000606E-03  2.070065274E+00 
        88  2.117252536E-02 -2.117252536E-02  6.562000141E-03  1.717222800E+00 
        89  2.118319459E-02 -2.118319459E-02  6.562000141E-03  1.342895603E+00 
        90  2.119208500E-02 -2.119208500E-02  6.562000141E-03  9.816688077E-01 
        91  2.119949646E-02 -2.119949646E-02  6.562000141E-03  6.537146240E-01 
        92  2.120567486E-02 -2.120567486E-02  6.562000141E-03  3.670678506E-01 
        93  2.121082321E-02 -2.121082321E-02  6.562000141E-03  1.223819396E-01 
