cellnumber     x-coordinate     y-coordinate     z-coordinate velocity-magnitude 
         1  1.944607310E-02 -1.944607310E-02  6.562000141E-03  6.154128936E+00 
         2  1.951807365E-02 -1.951807365E-02  6.562000141E-03  6.175989851E+00 
         3  1.959007420E-02 -1.959007420E-02  6.562000141E-03  6.247240048E+00 
         4  1.966207288E-02 -1.966207288E-02  6.562000141E-03  6.242990596E+00 
         5  1.973407343E-02 -1.973407343E-02  6.562000141E-03  6.242891977E+00 
         6  1.980607398E-02 -1.980607398E-02  6.562000141E-03  6.204873574E+00 
         7  1.987807453E-02 -1.987807453E-02  6.562000141E-03  6.118893187E+00 
         8  1.995007321E-02 -1.995007321E-02  6.562000141E-03  6.010348775E+00 
         9  2.002207376E-02 -2.002207376E-02  6.562000141E-03  5.846766057E+00 
        10  2.009407431E-02 -2.009407431E-02  6.562000141E-03  5.770198770E+00 
        11  2.016607299E-02 -2.016607299E-02  6.562000141E-03  5.665835803E+00 
        12  2.023807354E-02 -2.023807354E-02  6.562000141E-03  5.626078414E+00 
        13  2.031007409E-02 -2.031007409E-02  6.562000141E-03  5.539720106E+00 
        14  2.038207278E-02 -2.038207278E-02  6.562000141E-03  5.519960056E+00 
        15  2.045407332E-02 -2.045407332E-02  6.562000141E-03  5.302269396E+00 
        16  2.052607387E-02 -2.052607387E-02  6.562000141E-03  5.203866336E+00 
        17  2.059807442E-02 -2.059807442E-02  6.562000141E-03  4.912385587E+00 
        18  2.067007311E-02 -2.067007311E-02  6.562000141E-03  4.849714393E+00 
        19  2.074207366E-02 -2.074207366E-02  6.562000141E-03  4.840581627E+00 
        20  2.081407420E-02 -2.081407420E-02  6.562000141E-03  4.938730211E+00 
        21  2.088592015E-02 -2.088592015E-02  6.562000141E-03  5.119864311E+00 
        22  2.093681321E-02 -2.093681321E-02  6.562000606E-03  5.145186747E+00 
        23  2.101956122E-02 -2.101956122E-02  6.562000606E-03  5.140784695E+00 
        24  2.107902244E-02 -2.107902244E-02  6.562000606E-03  5.118791784E+00 
        25  2.110386454E-02 -2.110386454E-02  6.562000606E-03  4.800371946E+00 
        26  2.112595551E-02 -2.112595551E-02  6.562000606E-03  4.291273092E+00 
        27  2.114437334E-02 -2.114437334E-02  6.562000606E-03  3.659577557E+00 
        28  2.115972713E-02 -2.115972713E-02  6.562000606E-03  2.994546504E+00 
        29  2.117252536E-02 -2.117252536E-02  6.562000141E-03  2.360663100E+00 
        30  2.118319459E-02 -2.118319459E-02  6.562000141E-03  1.787441883E+00 
        31  2.119208500E-02 -2.119208500E-02  6.562000606E-03  1.285070471E+00 
        32  2.119949833E-02 -2.119949833E-02  6.562000141E-03  8.518946452E-01 
        33  2.120567486E-02 -2.120567486E-02  6.562000606E-03  4.802392300E-01 
        34  2.121082321E-02 -2.121082321E-02  6.562000141E-03  1.619562920E-01 
        35  5.167999305E-03 -5.168002099E-03  6.562000606E-03  7.152557372E-01 
        36  5.711999256E-03 -5.712002050E-03  6.562000606E-03  8.296674947E-01 
        37  6.255999207E-03 -6.256002001E-03  6.562000606E-03  8.944539067E-01 
        38  6.799999624E-03 -6.800002418E-03  6.562000606E-03  1.000190946E+00 
        39  7.343999110E-03 -7.344002370E-03  6.562000606E-03  1.928391641E+00 
        40  7.887999527E-03 -7.888002321E-03  6.562000606E-03  2.654880909E+00 
        41  8.431999013E-03 -8.432002738E-03  6.562000606E-03  2.752876159E+00 
        42  8.975999430E-03 -8.976002224E-03  6.562000606E-03  2.719271677E+00 
        43  9.519998915E-03 -9.520002641E-03  6.562000606E-03  2.824060327E+00 
        44  1.006399933E-02 -1.006400306E-02  6.562000606E-03  3.040789525E+00 
        45  1.060799975E-02 -1.060800347E-02  6.562000606E-03  3.244502072E+00 
        46  1.115199924E-02 -1.115200296E-02  6.562000606E-03  3.402718533E+00 
        47  1.169599872E-02 -1.169600245E-02  6.562000606E-03  3.568673857E+00 
        48  1.223999914E-02 -1.224000286E-02  6.562000606E-03  3.607328625E+00 
        49  1.278399955E-02 -1.278400328E-02  6.562000606E-03  3.831833530E+00 
        50  1.332799904E-02 -1.332800370E-02  6.562000606E-03  4.166175968E+00 
        51  1.387199946E-02 -1.387200318E-02  6.562000606E-03  4.406426826E+00 
        52  1.441599894E-02 -1.441600360E-02  6.562000606E-03  4.602575249E+00 
        53  1.495999936E-02 -1.496000402E-02  6.562000606E-03  4.837199222E+00 
        54  1.550399885E-02 -1.550400350E-02  6.562000606E-03  5.018687443E+00 
        55  1.604799926E-02 -1.604800299E-02  6.562000606E-03  5.216561003E+00 
        56  1.659199968E-02 -1.659200341E-02  6.562000606E-03  5.385108995E+00 
        57  1.713599823E-02 -1.713600382E-02  6.562000606E-03  5.418546203E+00 
        58  1.767999865E-02 -1.768000424E-02  6.562000606E-03  5.523220582E+00 
        59  1.795199886E-02 -1.795200258E-02  6.562000606E-03  5.643067387E+00 
        60  1.808799803E-02 -1.808800362E-02  6.562000606E-03  5.582731156E+00 
        61  1.835999824E-02 -1.836000383E-02  6.562000606E-03  5.711101756E+00 
        62  1.849599741E-02 -1.849600300E-02  6.562000606E-03  5.856313937E+00 
        63  1.856399886E-02 -1.856400259E-02  6.562000606E-03  5.801811806E+00 
        64  1.869268529E-02 -1.869268715E-02  6.562000606E-03  5.877533186E+00 
        65  1.876249723E-02 -1.876249723E-02  6.562000606E-03  5.866958492E+00 
        66  1.878958195E-02 -1.878958195E-02  6.562000141E-03  5.888118152E+00 
        67  1.887285709E-02 -1.887285709E-02  6.562000141E-03  5.872584129E+00 
        68  1.895311661E-02 -1.895311661E-02  6.562000141E-03  5.915981499E+00 
        69  1.899245940E-02 -1.899245940E-02  6.562000606E-03  5.905172067E+00 
        70  1.905349456E-02 -1.905349456E-02  6.562000606E-03  5.925834745E+00 
        71  1.914011873E-02 -1.914011873E-02  6.562000606E-03  5.938619773E+00 
        72  1.923859492E-02 -1.923859492E-02  6.562000141E-03  5.948248625E+00 
        73  1.930207387E-02 -1.930207387E-02  6.562000141E-03  6.011399705E+00 
        74  1.937407255E-02 -1.937407255E-02  6.562000141E-03  6.049929720E+00 
        75  2.831113758E-03 -2.831113758E-03  6.562000606E-03  1.057280515E+00 
        76  2.838137560E-03 -2.838137560E-03  6.562000606E-03  1.078422708E+00 
        77  2.846576972E-03 -2.846576972E-03  6.562000606E-03  1.099509721E+00 
        78  2.856718842E-03 -2.856718842E-03  6.562000606E-03  1.118288849E+00 
        79  2.868911251E-03 -2.868911251E-03  6.562000606E-03  1.131055924E+00 
        80  2.883573063E-03 -2.883573063E-03  6.562000606E-03  1.132235117E+00 
        81  2.901212079E-03 -2.901212079E-03  6.562000606E-03  1.115598915E+00 
        82  2.922442975E-03 -2.922442975E-03  6.562000606E-03  1.076750695E+00 
        83  2.948012901E-03 -2.948012901E-03  6.562000606E-03  1.018628418E+00 
        84  2.978831064E-03 -2.978831064E-03  6.562000606E-03  9.530221749E-01 
        85  3.020680975E-03 -3.020680975E-03  6.562000606E-03  8.673939472E-01 
        86  3.100434784E-03 -3.100434784E-03  6.562000141E-03  8.269042117E-01 
        87  3.216037294E-03 -3.216037294E-03  6.562000141E-03  7.602526981E-01 
        88  3.338444745E-03 -3.338445909E-03  6.562000141E-03  7.159358527E-01 
        89  3.467999632E-03 -3.468001960E-03  6.562000606E-03  6.769514212E-01 
        90  3.535999684E-03 -3.536001779E-03  6.562000606E-03  6.171330756E-01 
        91  3.671999555E-03 -3.672001883E-03  6.562000606E-03  6.112899958E-01 
        92  4.079999868E-03 -4.080002196E-03  6.562000606E-03  6.148979074E-01 
        93  4.623999819E-03 -4.624002147E-03  6.562000606E-03  6.157083567E-01 
