cellnumber     x-coordinate     y-coordinate     z-coordinate velocity-magnitude 
         1  2.500000037E-02 -2.788504399E-02  6.561999675E-03  3.607110394E+00 
         2  2.500000037E-02 -2.774104290E-02  6.561999675E-03  3.577930670E+00 
         3  2.500000037E-02 -2.759704366E-02  6.561999675E-03  3.617543106E+00 
         4  2.500000037E-02 -2.745304257E-02  6.561999675E-03  3.664812810E+00 
         5  2.500000037E-02 -2.730904333E-02  6.561999675E-03  3.677232382E+00 
         6  2.500000224E-02 -2.716504410E-02  6.561999675E-03  3.666784442E+00 
         7  2.500000224E-02 -2.702104487E-02  6.562000141E-03  3.659377928E+00 
         8  2.500000037E-02 -2.687704377E-02  6.562000141E-03  3.683922367E+00 
         9  2.500000224E-02 -2.673304267E-02  6.561999675E-03  3.735568405E+00 
        10  2.500000037E-02 -2.658904344E-02  6.562000141E-03  3.786435223E+00 
        11  2.500000037E-02 -2.644504420E-02  6.561999675E-03  3.782209270E+00 
        12  2.500000224E-02 -2.630104311E-02  6.561999675E-03  3.685282749E+00 
        13  2.500000224E-02 -2.615704387E-02  6.562000141E-03  3.625447519E+00 
        14  2.500000224E-02 -2.601304464E-02  6.562000141E-03  3.661828968E+00 
        15  2.500000224E-02 -2.586904354E-02  6.562000141E-03  3.258365911E+00 
        16  2.500000224E-02 -2.572504431E-02  6.562000141E-03  2.065066502E+00 
        17  2.500000224E-02 -2.558104508E-02  6.562000141E-03  1.612750763E+00 
        18  2.500000224E-02 -2.543704398E-02  6.562000141E-03  1.026832869E+00 
        19  2.500000037E-02 -2.529304288E-02  6.562000141E-03  4.405383484E-01 
        20  2.500000037E-02 -2.515085414E-02  6.561999675E-03  9.238157774E-01 
        21  2.500000037E-02 -2.501806431E-02  6.562000141E-03  8.348527082E-01 
        22  2.500000037E-02 -2.492471784E-02  6.562000141E-03  4.986100236E-01 
        23  2.500000037E-02 -2.487709187E-02  6.562000141E-03  1.910648938E-01 
        24  2.500000037E-02 -2.484604716E-02  6.562000141E-03  6.184051023E-02 
        25  2.500000037E-02 -2.482001111E-02  6.561999675E-03  9.124285381E-02 
        26  2.500000037E-02 -2.479819022E-02  6.562000141E-03  1.355007689E-01 
        27  2.500000037E-02 -2.477990836E-02  6.562000141E-03  1.529705119E-01 
        28  2.500000037E-02 -2.476578765E-02  6.562000606E-03  1.473019007E-01 
        29  2.500000037E-02 -2.802904323E-02  6.562000141E-03  3.640590762E+00 
        30  2.500000224E-02 -2.817304432E-02  6.562000141E-03  3.531384758E+00 
        31  2.500000224E-02 -2.831704356E-02  6.562000141E-03  3.212241190E+00 
        32  2.500000224E-02 -2.846104465E-02  6.562000141E-03  3.032679539E+00 
        33  2.500000224E-02 -2.860504389E-02  6.562000141E-03  3.083580147E+00 
        34  2.500000224E-02 -2.874904498E-02  6.562000141E-03  3.055598528E+00 
        35  2.500000224E-02 -2.889304422E-02  6.562000141E-03  3.019318078E+00 
        36  2.500000224E-02 -2.903704345E-02  6.562000141E-03  2.465085809E+00 
        37  2.500000224E-02 -2.918104455E-02  6.562000141E-03  1.688513693E+00 
        38  2.500000224E-02 -2.932504378E-02  6.562000141E-03  1.423732160E+00 
        39  2.500000224E-02 -2.946904302E-02  6.561999675E-03  1.479862936E+00 
        40  2.500000037E-02 -2.961304411E-02  6.562000141E-03  1.318800281E+00 
        41  2.500000224E-02 -2.975704521E-02  6.562000141E-03  6.819980701E-01 
        42  2.500000224E-02 -2.990104258E-02  6.561999675E-03  6.472119923E-01 
        43  2.500000037E-02 -3.004504368E-02  6.562000141E-03  7.689548842E-01 
        44  2.500000224E-02 -3.018904291E-02  6.561999675E-03  7.063294300E-01 
        45  2.500000037E-02 -3.033304401E-02  6.561999675E-03  5.971079718E-01 
        46  2.500000037E-02 -3.046895750E-02  6.562000141E-03  4.515326136E-01 
        47  2.500000037E-02 -3.057143651E-02  6.562000141E-03  6.574143097E-01 
