cellnumber     x-coordinate     y-coordinate     z-coordinate velocity-magnitude 
         1  2.500000037E-02 -2.788504399E-02  6.561999675E-03  3.171045033E+00 
         2  2.500000037E-02 -2.774104290E-02  6.561999675E-03  3.148353849E+00 
         3  2.500000037E-02 -2.759704366E-02  6.561999675E-03  3.172500535E+00 
         4  2.500000037E-02 -2.745304257E-02  6.561999675E-03  3.264356560E+00 
         5  2.500000037E-02 -2.730904333E-02  6.561999675E-03  3.357372896E+00 
         6  2.500000224E-02 -2.716504410E-02  6.561999675E-03  3.441809298E+00 
         7  2.500000224E-02 -2.702104487E-02  6.562000141E-03  3.503992980E+00 
         8  2.500000037E-02 -2.687704377E-02  6.562000141E-03  3.570342288E+00 
         9  2.500000224E-02 -2.673304267E-02  6.561999675E-03  3.593530354E+00 
        10  2.500000037E-02 -2.658904344E-02  6.562000141E-03  3.591833746E+00 
        11  2.500000037E-02 -2.644504420E-02  6.561999675E-03  3.542662532E+00 
        12  2.500000224E-02 -2.630104311E-02  6.561999675E-03  3.527881535E+00 
        13  2.500000224E-02 -2.615704387E-02  6.562000141E-03  3.506075038E+00 
        14  2.500000224E-02 -2.601304464E-02  6.562000141E-03  3.534740773E+00 
        15  2.500000224E-02 -2.586904354E-02  6.562000141E-03  3.560642606E+00 
        16  2.500000224E-02 -2.572504431E-02  6.562000141E-03  3.244560376E+00 
        17  2.500000224E-02 -2.558104508E-02  6.562000141E-03  3.072027987E+00 
        18  2.500000224E-02 -2.543704398E-02  6.562000141E-03  3.184117917E+00 
        19  2.500000037E-02 -2.529304288E-02  6.562000141E-03  2.461174248E+00 
        20  2.500000037E-02 -2.515085414E-02  6.561999675E-03  1.831678829E+00 
        21  2.500000037E-02 -2.501806431E-02  6.562000141E-03  1.558714545E+00 
        22  2.500000037E-02 -2.492471784E-02  6.562000141E-03  1.422304719E+00 
        23  2.500000037E-02 -2.487709187E-02  6.562000141E-03  1.213493020E+00 
        24  2.500000037E-02 -2.484604716E-02  6.562000141E-03  1.061793384E+00 
        25  2.500000037E-02 -2.482001111E-02  6.561999675E-03  9.466279933E-01 
        26  2.500000037E-02 -2.479819022E-02  6.562000141E-03  8.338332090E-01 
        27  2.500000037E-02 -2.477990836E-02  6.562000141E-03  7.006777139E-01 
        28  2.500000037E-02 -2.476578765E-02  6.562000606E-03  5.520915888E-01 
        29  2.500000037E-02 -2.802904323E-02  6.562000141E-03  3.134185997E+00 
        30  2.500000224E-02 -2.817304432E-02  6.562000141E-03  3.061967877E+00 
        31  2.500000224E-02 -2.831704356E-02  6.562000141E-03  2.970716621E+00 
        32  2.500000224E-02 -2.846104465E-02  6.562000141E-03  2.826161878E+00 
        33  2.500000224E-02 -2.860504389E-02  6.562000141E-03  2.607414221E+00 
        34  2.500000224E-02 -2.874904498E-02  6.562000141E-03  2.525764984E+00 
        35  2.500000224E-02 -2.889304422E-02  6.562000141E-03  2.465834501E+00 
        36  2.500000224E-02 -2.903704345E-02  6.562000141E-03  2.313769835E+00 
        37  2.500000224E-02 -2.918104455E-02  6.562000141E-03  2.125309086E+00 
        38  2.500000224E-02 -2.932504378E-02  6.562000141E-03  2.101876016E+00 
        39  2.500000224E-02 -2.946904302E-02  6.561999675E-03  1.922172413E+00 
        40  2.500000037E-02 -2.961304411E-02  6.562000141E-03  1.745627387E+00 
        41  2.500000224E-02 -2.975704521E-02  6.562000141E-03  1.659833908E+00 
        42  2.500000224E-02 -2.990104258E-02  6.561999675E-03  1.553296875E+00 
        43  2.500000037E-02 -3.004504368E-02  6.562000141E-03  1.418647624E+00 
        44  2.500000224E-02 -3.018904291E-02  6.561999675E-03  1.240484233E+00 
        45  2.500000037E-02 -3.033304401E-02  6.561999675E-03  1.113680042E+00 
        46  2.500000037E-02 -3.046895750E-02  6.562000141E-03  1.011794111E+00 
        47  2.500000037E-02 -3.057143651E-02  6.562000141E-03  1.194614895E+00 
