cellnumber     x-coordinate     y-coordinate     z-coordinate velocity-magnitude 
         1  2.500000037E-02 -2.788504399E-02  6.561999675E-03  2.903356759E+00 
         2  2.500000037E-02 -2.774104290E-02  6.561999675E-03  2.951160225E+00 
         3  2.500000037E-02 -2.759704366E-02  6.561999675E-03  2.760409324E+00 
         4  2.500000037E-02 -2.745304257E-02  6.561999675E-03  2.635716713E+00 
         5  2.500000037E-02 -2.730904333E-02  6.561999675E-03  2.810880957E+00 
         6  2.500000224E-02 -2.716504410E-02  6.561999675E-03  3.182274839E+00 
         7  2.500000224E-02 -2.702104487E-02  6.562000141E-03  3.337041213E+00 
         8  2.500000037E-02 -2.687704377E-02  6.562000141E-03  3.168645558E+00 
         9  2.500000224E-02 -2.673304267E-02  6.561999675E-03  2.739877675E+00 
        10  2.500000037E-02 -2.658904344E-02  6.562000141E-03  2.776709396E+00 
        11  2.500000037E-02 -2.644504420E-02  6.561999675E-03  3.477922746E+00 
        12  2.500000224E-02 -2.630104311E-02  6.561999675E-03  4.135565710E+00 
        13  2.500000224E-02 -2.615704387E-02  6.562000141E-03  4.123278049E+00 
        14  2.500000224E-02 -2.601304464E-02  6.562000141E-03  3.610581015E+00 
        15  2.500000224E-02 -2.586904354E-02  6.562000141E-03  2.197450556E+00 
        16  2.500000224E-02 -2.572504431E-02  6.562000141E-03  1.372584652E+00 
        17  2.500000224E-02 -2.558104508E-02  6.562000141E-03  7.794104276E-01 
        18  2.500000224E-02 -2.543704398E-02  6.562000141E-03  6.095508219E-01 
        19  2.500000037E-02 -2.529304288E-02  6.562000141E-03  4.254544334E-01 
        20  2.500000037E-02 -2.515085414E-02  6.561999675E-03  3.212889914E-01 
        21  2.500000037E-02 -2.501806431E-02  6.562000141E-03  7.212653905E-01 
        22  2.500000037E-02 -2.492471784E-02  6.562000141E-03  8.235705863E-01 
        23  2.500000037E-02 -2.487709187E-02  6.562000141E-03  8.211176676E-01 
        24  2.500000037E-02 -2.484604716E-02  6.562000141E-03  7.668216854E-01 
        25  2.500000037E-02 -2.482001111E-02  6.561999675E-03  7.053631681E-01 
        26  2.500000037E-02 -2.479819022E-02  6.562000141E-03  6.356391289E-01 
        27  2.500000037E-02 -2.477990836E-02  6.562000141E-03  5.551539962E-01 
        28  2.500000037E-02 -2.476578765E-02  6.562000606E-03  4.615030696E-01 
        29  2.500000037E-02 -2.802904323E-02  6.562000141E-03  2.713675852E+00 
        30  2.500000224E-02 -2.817304432E-02  6.562000141E-03  2.621819641E+00 
        31  2.500000224E-02 -2.831704356E-02  6.562000141E-03  2.593610188E+00 
        32  2.500000224E-02 -2.846104465E-02  6.562000141E-03  2.524280132E+00 
        33  2.500000224E-02 -2.860504389E-02  6.562000141E-03  2.406394189E+00 
        34  2.500000224E-02 -2.874904498E-02  6.562000141E-03  2.177246704E+00 
        35  2.500000224E-02 -2.889304422E-02  6.562000141E-03  1.952814540E+00 
        36  2.500000224E-02 -2.903704345E-02  6.562000141E-03  1.841344120E+00 
        37  2.500000224E-02 -2.918104455E-02  6.562000141E-03  2.018338074E+00 
        38  2.500000224E-02 -2.932504378E-02  6.562000141E-03  2.215189219E+00 
        39  2.500000224E-02 -2.946904302E-02  6.561999675E-03  2.202166773E+00 
        40  2.500000037E-02 -2.961304411E-02  6.562000141E-03  2.026370945E+00 
        41  2.500000224E-02 -2.975704521E-02  6.562000141E-03  1.897672693E+00 
        42  2.500000224E-02 -2.990104258E-02  6.561999675E-03  2.030355527E+00 
        43  2.500000037E-02 -3.004504368E-02  6.562000141E-03  2.135259840E+00 
        44  2.500000224E-02 -3.018904291E-02  6.561999675E-03  1.591133742E+00 
        45  2.500000037E-02 -3.033304401E-02  6.561999675E-03  7.647838449E-01 
        46  2.500000037E-02 -3.046895750E-02  6.562000141E-03  4.468621003E-01 
        47  2.500000037E-02 -3.057143651E-02  6.562000141E-03  5.073185527E-01 
