cellnumber     x-coordinate     y-coordinate     z-coordinate velocity-magnitude 
         1  2.500000037E-02 -2.788504399E-02  6.561999675E-03  2.360763595E+00 
         2  2.500000037E-02 -2.774104290E-02  6.561999675E-03  2.475166990E+00 
         3  2.500000037E-02 -2.759704366E-02  6.561999675E-03  2.508920243E+00 
         4  2.500000037E-02 -2.745304257E-02  6.561999675E-03  2.527334787E+00 
         5  2.500000037E-02 -2.730904333E-02  6.561999675E-03  2.714770242E+00 
         6  2.500000224E-02 -2.716504410E-02  6.561999675E-03  3.037741317E+00 
         7  2.500000224E-02 -2.702104487E-02  6.562000141E-03  3.327725989E+00 
         8  2.500000037E-02 -2.687704377E-02  6.562000141E-03  3.500339190E+00 
         9  2.500000224E-02 -2.673304267E-02  6.561999675E-03  3.629209902E+00 
        10  2.500000037E-02 -2.658904344E-02  6.562000141E-03  3.681300978E+00 
        11  2.500000037E-02 -2.644504420E-02  6.561999675E-03  3.572742639E+00 
        12  2.500000224E-02 -2.630104311E-02  6.561999675E-03  3.506822680E+00 
        13  2.500000224E-02 -2.615704387E-02  6.562000141E-03  3.431596045E+00 
        14  2.500000224E-02 -2.601304464E-02  6.562000141E-03  3.719622452E+00 
        15  2.500000224E-02 -2.586904354E-02  6.562000141E-03  3.859443675E+00 
        16  2.500000224E-02 -2.572504431E-02  6.562000141E-03  3.335797820E+00 
        17  2.500000224E-02 -2.558104508E-02  6.562000141E-03  2.148051448E+00 
        18  2.500000224E-02 -2.543704398E-02  6.562000141E-03  1.593270983E+00 
        19  2.500000037E-02 -2.529304288E-02  6.562000141E-03  6.990579804E-01 
        20  2.500000037E-02 -2.515085414E-02  6.561999675E-03  3.905897063E-02 
        21  2.500000037E-02 -2.501806431E-02  6.562000141E-03  4.154171003E-01 
        22  2.500000037E-02 -2.492471784E-02  6.562000141E-03  5.279354859E-01 
        23  2.500000037E-02 -2.487709187E-02  6.562000141E-03  5.338737306E-01 
        24  2.500000037E-02 -2.484604716E-02  6.562000141E-03  5.515698806E-01 
        25  2.500000037E-02 -2.482001111E-02  6.561999675E-03  5.393315287E-01 
        26  2.500000037E-02 -2.479819022E-02  6.562000141E-03  4.963548267E-01 
        27  2.500000037E-02 -2.477990836E-02  6.562000141E-03  4.263887106E-01 
        28  2.500000037E-02 -2.476578765E-02  6.562000606E-03  3.420522878E-01 
        29  2.500000037E-02 -2.802904323E-02  6.562000141E-03  2.242996520E+00 
        30  2.500000224E-02 -2.817304432E-02  6.562000141E-03  2.102768189E+00 
        31  2.500000224E-02 -2.831704356E-02  6.562000141E-03  1.969370858E+00 
        32  2.500000224E-02 -2.846104465E-02  6.562000141E-03  1.920830594E+00 
        33  2.500000224E-02 -2.860504389E-02  6.562000141E-03  1.939672207E+00 
        34  2.500000224E-02 -2.874904498E-02  6.562000141E-03  2.033807820E+00 
        35  2.500000224E-02 -2.889304422E-02  6.562000141E-03  1.965139700E+00 
        36  2.500000224E-02 -2.903704345E-02  6.562000141E-03  1.751198250E+00 
        37  2.500000224E-02 -2.918104455E-02  6.562000141E-03  1.557505243E+00 
        38  2.500000224E-02 -2.932504378E-02  6.562000141E-03  1.342314937E+00 
        39  2.500000224E-02 -2.946904302E-02  6.561999675E-03  1.240750766E+00 
        40  2.500000037E-02 -2.961304411E-02  6.562000141E-03  1.277730604E+00 
        41  2.500000224E-02 -2.975704521E-02  6.562000141E-03  1.409795028E+00 
        42  2.500000224E-02 -2.990104258E-02  6.561999675E-03  1.511277208E+00 
        43  2.500000037E-02 -3.004504368E-02  6.562000141E-03  1.482372002E+00 
        44  2.500000224E-02 -3.018904291E-02  6.561999675E-03  1.248568984E+00 
        45  2.500000037E-02 -3.033304401E-02  6.561999675E-03  4.338834714E-01 
        46  2.500000037E-02 -3.046895750E-02  6.562000141E-03  6.015705086E-01 
        47  2.500000037E-02 -3.057143651E-02  6.562000141E-03  6.034974147E-01 
