cellnumber     x-coordinate     y-coordinate     z-coordinate velocity-magnitude 
         1  2.500000037E-02 -2.788504399E-02  6.561999675E-03  2.723772652E+00 
         2  2.500000037E-02 -2.774104290E-02  6.561999675E-03  2.768809725E+00 
         3  2.500000037E-02 -2.759704366E-02  6.561999675E-03  2.795227058E+00 
         4  2.500000037E-02 -2.745304257E-02  6.561999675E-03  2.777915797E+00 
         5  2.500000037E-02 -2.730904333E-02  6.561999675E-03  2.729615981E+00 
         6  2.500000224E-02 -2.716504410E-02  6.561999675E-03  2.726936995E+00 
         7  2.500000224E-02 -2.702104487E-02  6.562000141E-03  2.873350875E+00 
         8  2.500000037E-02 -2.687704377E-02  6.562000141E-03  3.163168084E+00 
         9  2.500000224E-02 -2.673304267E-02  6.561999675E-03  3.505177738E+00 
        10  2.500000037E-02 -2.658904344E-02  6.562000141E-03  3.783344891E+00 
        11  2.500000037E-02 -2.644504420E-02  6.561999675E-03  3.906270579E+00 
        12  2.500000224E-02 -2.630104311E-02  6.561999675E-03  3.915051668E+00 
        13  2.500000224E-02 -2.615704387E-02  6.562000141E-03  3.595690420E+00 
        14  2.500000224E-02 -2.601304464E-02  6.562000141E-03  3.546165503E+00 
        15  2.500000224E-02 -2.586904354E-02  6.562000141E-03  3.295272320E+00 
        16  2.500000224E-02 -2.572504431E-02  6.562000141E-03  3.010309960E+00 
        17  2.500000224E-02 -2.558104508E-02  6.562000141E-03  2.897873666E+00 
        18  2.500000224E-02 -2.543704398E-02  6.562000141E-03  2.817100107E+00 
        19  2.500000037E-02 -2.529304288E-02  6.562000141E-03  2.372738783E+00 
        20  2.500000037E-02 -2.515085414E-02  6.561999675E-03  1.592944409E+00 
        21  2.500000037E-02 -2.501806431E-02  6.562000141E-03  2.516980231E-01 
        22  2.500000037E-02 -2.492471784E-02  6.562000141E-03  1.281670409E-01 
        23  2.500000037E-02 -2.487709187E-02  6.562000141E-03  1.037528471E-01 
        24  2.500000037E-02 -2.484604716E-02  6.562000141E-03  1.574785528E-01 
        25  2.500000037E-02 -2.482001111E-02  6.561999675E-03  1.837799452E-01 
        26  2.500000037E-02 -2.479819022E-02  6.562000141E-03  2.019851646E-01 
        27  2.500000037E-02 -2.477990836E-02  6.562000141E-03  1.980170046E-01 
        28  2.500000037E-02 -2.476578765E-02  6.562000606E-03  1.795995862E-01 
        29  2.500000037E-02 -2.802904323E-02  6.562000141E-03  2.574752456E+00 
        30  2.500000224E-02 -2.817304432E-02  6.562000141E-03  2.302273915E+00 
        31  2.500000224E-02 -2.831704356E-02  6.562000141E-03  2.263821798E+00 
        32  2.500000224E-02 -2.846104465E-02  6.562000141E-03  2.301124510E+00 
        33  2.500000224E-02 -2.860504389E-02  6.562000141E-03  2.335643550E+00 
        34  2.500000224E-02 -2.874904498E-02  6.562000141E-03  2.321554544E+00 
        35  2.500000224E-02 -2.889304422E-02  6.562000141E-03  2.223407059E+00 
        36  2.500000224E-02 -2.903704345E-02  6.562000141E-03  2.157931372E+00 
        37  2.500000224E-02 -2.918104455E-02  6.562000141E-03  2.128964533E+00 
        38  2.500000224E-02 -2.932504378E-02  6.562000141E-03  1.846595978E+00 
        39  2.500000224E-02 -2.946904302E-02  6.561999675E-03  1.697257983E+00 
        40  2.500000037E-02 -2.961304411E-02  6.562000141E-03  1.730119085E+00 
        41  2.500000224E-02 -2.975704521E-02  6.562000141E-03  1.735192755E+00 
        42  2.500000224E-02 -2.990104258E-02  6.561999675E-03  1.742811509E+00 
        43  2.500000037E-02 -3.004504368E-02  6.562000141E-03  1.611947966E+00 
        44  2.500000224E-02 -3.018904291E-02  6.561999675E-03  1.356554072E+00 
        45  2.500000037E-02 -3.033304401E-02  6.561999675E-03  1.143233009E+00 
        46  2.500000037E-02 -3.046895750E-02  6.562000141E-03  8.307220728E-01 
        47  2.500000037E-02 -3.057143651E-02  6.562000141E-03  2.758702252E-01 
