cellnumber     x-coordinate     y-coordinate     z-coordinate velocity-magnitude 
         1  2.500000037E-02 -2.788504399E-02  6.561999675E-03  2.656218539E+00 
         2  2.500000037E-02 -2.774104290E-02  6.561999675E-03  2.693368268E+00 
         3  2.500000037E-02 -2.759704366E-02  6.561999675E-03  2.788784725E+00 
         4  2.500000037E-02 -2.745304257E-02  6.561999675E-03  2.857478298E+00 
         5  2.500000037E-02 -2.730904333E-02  6.561999675E-03  2.835032165E+00 
         6  2.500000224E-02 -2.716504410E-02  6.561999675E-03  2.723604296E+00 
         7  2.500000224E-02 -2.702104487E-02  6.562000141E-03  2.509778246E+00 
         8  2.500000037E-02 -2.687704377E-02  6.562000141E-03  2.239879876E+00 
         9  2.500000224E-02 -2.673304267E-02  6.561999675E-03  2.124865414E+00 
        10  2.500000037E-02 -2.658904344E-02  6.562000141E-03  2.133476971E+00 
        11  2.500000037E-02 -2.644504420E-02  6.561999675E-03  2.042537564E+00 
        12  2.500000224E-02 -2.630104311E-02  6.561999675E-03  2.025513851E+00 
        13  2.500000224E-02 -2.615704387E-02  6.562000141E-03  2.085358869E+00 
        14  2.500000224E-02 -2.601304464E-02  6.562000141E-03  2.347470304E+00 
        15  2.500000224E-02 -2.586904354E-02  6.562000141E-03  2.685902357E+00 
        16  2.500000224E-02 -2.572504431E-02  6.562000141E-03  2.808353333E+00 
        17  2.500000224E-02 -2.558104508E-02  6.562000141E-03  2.676150137E+00 
        18  2.500000224E-02 -2.543704398E-02  6.562000141E-03  2.585215276E+00 
        19  2.500000037E-02 -2.529304288E-02  6.562000141E-03  2.331257954E+00 
        20  2.500000037E-02 -2.515085414E-02  6.561999675E-03  1.951342741E+00 
        21  2.500000037E-02 -2.501806431E-02  6.562000141E-03  1.351650013E+00 
        22  2.500000037E-02 -2.492471784E-02  6.562000141E-03  1.466956226E+00 
        23  2.500000037E-02 -2.487709187E-02  6.562000141E-03  1.882089792E+00 
        24  2.500000037E-02 -2.484604716E-02  6.562000141E-03  2.189668235E+00 
        25  2.500000037E-02 -2.482001111E-02  6.561999675E-03  2.230563839E+00 
        26  2.500000037E-02 -2.479819022E-02  6.562000141E-03  1.965714362E+00 
        27  2.500000037E-02 -2.477990836E-02  6.562000141E-03  1.533771206E+00 
        28  2.500000037E-02 -2.476578765E-02  6.562000606E-03  1.119052909E+00 
        29  2.500000037E-02 -2.802904323E-02  6.562000141E-03  2.656604959E+00 
        30  2.500000224E-02 -2.817304432E-02  6.562000141E-03  2.617695275E+00 
        31  2.500000224E-02 -2.831704356E-02  6.562000141E-03  2.510693808E+00 
        32  2.500000224E-02 -2.846104465E-02  6.562000141E-03  2.380911943E+00 
        33  2.500000224E-02 -2.860504389E-02  6.562000141E-03  2.326045209E+00 
        34  2.500000224E-02 -2.874904498E-02  6.562000141E-03  2.318289971E+00 
        35  2.500000224E-02 -2.889304422E-02  6.562000141E-03  2.339985272E+00 
        36  2.500000224E-02 -2.903704345E-02  6.562000141E-03  2.434686967E+00 
        37  2.500000224E-02 -2.918104455E-02  6.562000141E-03  2.525557597E+00 
        38  2.500000224E-02 -2.932504378E-02  6.562000141E-03  2.582158087E+00 
        39  2.500000224E-02 -2.946904302E-02  6.561999675E-03  2.586833991E+00 
        40  2.500000037E-02 -2.961304411E-02  6.562000141E-03  2.511009651E+00 
        41  2.500000224E-02 -2.975704521E-02  6.562000141E-03  2.559273629E+00 
        42  2.500000224E-02 -2.990104258E-02  6.561999675E-03  2.581679255E+00 
        43  2.500000037E-02 -3.004504368E-02  6.562000141E-03  1.886412494E+00 
        44  2.500000224E-02 -3.018904291E-02  6.561999675E-03  1.397886198E+00 
        45  2.500000037E-02 -3.033304401E-02  6.561999675E-03  1.463180293E+00 
        46  2.500000037E-02 -3.046895750E-02  6.562000141E-03  1.534972881E+00 
        47  2.500000037E-02 -3.057143651E-02  6.562000141E-03  1.445378339E+00 
