cellnumber     x-coordinate     y-coordinate     z-coordinate velocity-magnitude 
         1  2.500000037E-02 -2.788504399E-02  6.561999675E-03  2.941935437E+00 
         2  2.500000037E-02 -2.774104290E-02  6.561999675E-03  2.853651220E+00 
         3  2.500000037E-02 -2.759704366E-02  6.561999675E-03  2.708612469E+00 
         4  2.500000037E-02 -2.745304257E-02  6.561999675E-03  2.585299248E+00 
         5  2.500000037E-02 -2.730904333E-02  6.561999675E-03  2.494340648E+00 
         6  2.500000224E-02 -2.716504410E-02  6.561999675E-03  2.377244067E+00 
         7  2.500000224E-02 -2.702104487E-02  6.562000141E-03  2.240057427E+00 
         8  2.500000037E-02 -2.687704377E-02  6.562000141E-03  2.135315926E+00 
         9  2.500000224E-02 -2.673304267E-02  6.561999675E-03  2.129695228E+00 
        10  2.500000037E-02 -2.658904344E-02  6.562000141E-03  2.209224176E+00 
        11  2.500000037E-02 -2.644504420E-02  6.561999675E-03  2.355166433E+00 
        12  2.500000224E-02 -2.630104311E-02  6.561999675E-03  2.510239952E+00 
        13  2.500000224E-02 -2.615704387E-02  6.562000141E-03  2.505601466E+00 
        14  2.500000224E-02 -2.601304464E-02  6.562000141E-03  2.172230142E+00 
        15  2.500000224E-02 -2.586904354E-02  6.562000141E-03  1.646961595E+00 
        16  2.500000224E-02 -2.572504431E-02  6.562000141E-03  2.052226133E+00 
        17  2.500000224E-02 -2.558104508E-02  6.562000141E-03  1.832173096E+00 
        18  2.500000224E-02 -2.543704398E-02  6.562000141E-03  1.497328160E+00 
        19  2.500000037E-02 -2.529304288E-02  6.562000141E-03  1.055351497E+00 
        20  2.500000037E-02 -2.515085414E-02  6.561999675E-03  1.007919903E+00 
        21  2.500000037E-02 -2.501806431E-02  6.562000141E-03  7.884831822E-01 
        22  2.500000037E-02 -2.492471784E-02  6.562000141E-03  6.317174541E-01 
        23  2.500000037E-02 -2.487709187E-02  6.562000141E-03  5.571691470E-01 
        24  2.500000037E-02 -2.484604716E-02  6.562000141E-03  4.552247415E-01 
        25  2.500000037E-02 -2.482001111E-02  6.561999675E-03  3.783903670E-01 
        26  2.500000037E-02 -2.479819022E-02  6.562000141E-03  2.839180066E-01 
        27  2.500000037E-02 -2.477990836E-02  6.562000141E-03  2.050129617E-01 
        28  2.500000037E-02 -2.476578765E-02  6.562000606E-03  1.389044432E-01 
        29  2.500000037E-02 -2.802904323E-02  6.562000141E-03  2.874515539E+00 
        30  2.500000224E-02 -2.817304432E-02  6.562000141E-03  2.693261542E+00 
        31  2.500000224E-02 -2.831704356E-02  6.562000141E-03  2.671440779E+00 
        32  2.500000224E-02 -2.846104465E-02  6.562000141E-03  2.722108251E+00 
        33  2.500000224E-02 -2.860504389E-02  6.562000141E-03  2.748525270E+00 
        34  2.500000224E-02 -2.874904498E-02  6.562000141E-03  2.675774615E+00 
        35  2.500000224E-02 -2.889304422E-02  6.562000141E-03  2.623474973E+00 
        36  2.500000224E-02 -2.903704345E-02  6.562000141E-03  2.779931828E+00 
        37  2.500000224E-02 -2.918104455E-02  6.562000141E-03  2.916933000E+00 
        38  2.500000224E-02 -2.932504378E-02  6.562000141E-03  2.804110000E+00 
        39  2.500000224E-02 -2.946904302E-02  6.561999675E-03  2.201988291E+00 
        40  2.500000037E-02 -2.961304411E-02  6.562000141E-03  1.193339405E+00 
        41  2.500000224E-02 -2.975704521E-02  6.562000141E-03  4.638292148E-01 
        42  2.500000224E-02 -2.990104258E-02  6.561999675E-03  6.531836808E-01 
        43  2.500000037E-02 -3.004504368E-02  6.562000141E-03  1.026525161E+00 
        44  2.500000224E-02 -3.018904291E-02  6.561999675E-03  9.889701965E-01 
        45  2.500000037E-02 -3.033304401E-02  6.561999675E-03  8.373748210E-01 
        46  2.500000037E-02 -3.046895750E-02  6.562000141E-03  6.991262518E-01 
        47  2.500000037E-02 -3.057143651E-02  6.562000141E-03  7.548747679E-01 
