cellnumber     x-coordinate     y-coordinate     z-coordinate velocity-magnitude 
         1  2.500000037E-02 -2.788504399E-02  6.561999675E-03  2.698118467E+00 
         2  2.500000037E-02 -2.774104290E-02  6.561999675E-03  2.529879400E+00 
         3  2.500000037E-02 -2.759704366E-02  6.561999675E-03  2.428416386E+00 
         4  2.500000037E-02 -2.745304257E-02  6.561999675E-03  2.102297497E+00 
         5  2.500000037E-02 -2.730904333E-02  6.561999675E-03  1.966838279E+00 
         6  2.500000224E-02 -2.716504410E-02  6.561999675E-03  2.032874808E+00 
         7  2.500000224E-02 -2.702104487E-02  6.562000141E-03  2.113063717E+00 
         8  2.500000037E-02 -2.687704377E-02  6.562000141E-03  2.206233325E+00 
         9  2.500000224E-02 -2.673304267E-02  6.561999675E-03  2.461044235E+00 
        10  2.500000037E-02 -2.658904344E-02  6.562000141E-03  2.715875395E+00 
        11  2.500000037E-02 -2.644504420E-02  6.561999675E-03  2.836819260E+00 
        12  2.500000224E-02 -2.630104311E-02  6.561999675E-03  2.914918750E+00 
        13  2.500000224E-02 -2.615704387E-02  6.562000141E-03  2.994217424E+00 
        14  2.500000224E-02 -2.601304464E-02  6.562000141E-03  3.121767431E+00 
        15  2.500000224E-02 -2.586904354E-02  6.562000141E-03  3.043275327E+00 
        16  2.500000224E-02 -2.572504431E-02  6.562000141E-03  2.940648760E+00 
        17  2.500000224E-02 -2.558104508E-02  6.562000141E-03  2.117487815E+00 
        18  2.500000224E-02 -2.543704398E-02  6.562000141E-03  1.030855331E+00 
        19  2.500000037E-02 -2.529304288E-02  6.562000141E-03  1.251724272E+00 
        20  2.500000037E-02 -2.515085414E-02  6.561999675E-03  7.621051000E-01 
        21  2.500000037E-02 -2.501806431E-02  6.562000141E-03  4.531344233E-01 
        22  2.500000037E-02 -2.492471784E-02  6.562000141E-03  3.466490057E-01 
        23  2.500000037E-02 -2.487709187E-02  6.562000141E-03  4.410921308E-01 
        24  2.500000037E-02 -2.484604716E-02  6.562000141E-03  5.071178976E-01 
        25  2.500000037E-02 -2.482001111E-02  6.561999675E-03  5.465020818E-01 
        26  2.500000037E-02 -2.479819022E-02  6.562000141E-03  5.541527252E-01 
        27  2.500000037E-02 -2.477990836E-02  6.562000141E-03  5.216993004E-01 
        28  2.500000037E-02 -2.476578765E-02  6.562000606E-03  4.596257650E-01 
        29  2.500000037E-02 -2.802904323E-02  6.562000141E-03  2.875498537E+00 
        30  2.500000224E-02 -2.817304432E-02  6.562000141E-03  3.014263947E+00 
        31  2.500000224E-02 -2.831704356E-02  6.562000141E-03  3.065924558E+00 
        32  2.500000224E-02 -2.846104465E-02  6.562000141E-03  3.088775911E+00 
        33  2.500000224E-02 -2.860504389E-02  6.562000141E-03  3.100420295E+00 
        34  2.500000224E-02 -2.874904498E-02  6.562000141E-03  3.126479936E+00 
        35  2.500000224E-02 -2.889304422E-02  6.562000141E-03  3.146278844E+00 
        36  2.500000224E-02 -2.903704345E-02  6.562000141E-03  3.149205373E+00 
        37  2.500000224E-02 -2.918104455E-02  6.562000141E-03  3.185461167E+00 
        38  2.500000224E-02 -2.932504378E-02  6.562000141E-03  3.205540110E+00 
        39  2.500000224E-02 -2.946904302E-02  6.561999675E-03  3.200181966E+00 
        40  2.500000037E-02 -2.961304411E-02  6.562000141E-03  3.251701468E+00 
        41  2.500000224E-02 -2.975704521E-02  6.562000141E-03  3.115243467E+00 
        42  2.500000224E-02 -2.990104258E-02  6.561999675E-03  2.453710068E+00 
        43  2.500000037E-02 -3.004504368E-02  6.562000141E-03  1.758791449E+00 
        44  2.500000224E-02 -3.018904291E-02  6.561999675E-03  9.085549004E-01 
        45  2.500000037E-02 -3.033304401E-02  6.561999675E-03  4.318749372E-01 
        46  2.500000037E-02 -3.046895750E-02  6.562000141E-03  3.737193325E-01 
        47  2.500000037E-02 -3.057143651E-02  6.562000141E-03  4.738388117E-01 
