cellnumber     x-coordinate     y-coordinate     z-coordinate velocity-magnitude 
         1  2.500000037E-02 -2.788504399E-02  6.561999675E-03  3.078967796E+00 
         2  2.500000037E-02 -2.774104290E-02  6.561999675E-03  3.195280198E+00 
         3  2.500000037E-02 -2.759704366E-02  6.561999675E-03  3.361351860E+00 
         4  2.500000037E-02 -2.745304257E-02  6.561999675E-03  3.420890143E+00 
         5  2.500000037E-02 -2.730904333E-02  6.561999675E-03  3.411223234E+00 
         6  2.500000224E-02 -2.716504410E-02  6.561999675E-03  3.343106251E+00 
         7  2.500000224E-02 -2.702104487E-02  6.562000141E-03  3.219411587E+00 
         8  2.500000037E-02 -2.687704377E-02  6.562000141E-03  3.081879327E+00 
         9  2.500000224E-02 -2.673304267E-02  6.561999675E-03  3.068418967E+00 
        10  2.500000037E-02 -2.658904344E-02  6.562000141E-03  3.082195090E+00 
        11  2.500000037E-02 -2.644504420E-02  6.561999675E-03  3.025258713E+00 
        12  2.500000224E-02 -2.630104311E-02  6.561999675E-03  2.951844739E+00 
        13  2.500000224E-02 -2.615704387E-02  6.562000141E-03  2.857801255E+00 
        14  2.500000224E-02 -2.601304464E-02  6.562000141E-03  2.746206270E+00 
        15  2.500000224E-02 -2.586904354E-02  6.562000141E-03  2.497078488E+00 
        16  2.500000224E-02 -2.572504431E-02  6.562000141E-03  2.483577972E+00 
        17  2.500000224E-02 -2.558104508E-02  6.562000141E-03  2.190075210E+00 
        18  2.500000224E-02 -2.543704398E-02  6.562000141E-03  1.638542651E+00 
        19  2.500000037E-02 -2.529304288E-02  6.562000141E-03  1.301281488E+00 
        20  2.500000037E-02 -2.515085414E-02  6.561999675E-03  1.257861327E+00 
        21  2.500000037E-02 -2.501806431E-02  6.562000141E-03  9.529829632E-01 
        22  2.500000037E-02 -2.492471784E-02  6.562000141E-03  8.309607669E-01 
        23  2.500000037E-02 -2.487709187E-02  6.562000141E-03  6.973127424E-01 
        24  2.500000037E-02 -2.484604716E-02  6.562000141E-03  6.205998854E-01 
        25  2.500000037E-02 -2.482001111E-02  6.561999675E-03  5.525817853E-01 
        26  2.500000037E-02 -2.479819022E-02  6.562000141E-03  4.922544792E-01 
        27  2.500000037E-02 -2.477990836E-02  6.562000141E-03  4.300004376E-01 
        28  2.500000037E-02 -2.476578765E-02  6.562000606E-03  3.623615205E-01 
        29  2.500000037E-02 -2.802904323E-02  6.562000141E-03  3.076396412E+00 
        30  2.500000224E-02 -2.817304432E-02  6.562000141E-03  3.008931072E+00 
        31  2.500000224E-02 -2.831704356E-02  6.562000141E-03  2.852663630E+00 
        32  2.500000224E-02 -2.846104465E-02  6.562000141E-03  2.684518195E+00 
        33  2.500000224E-02 -2.860504389E-02  6.562000141E-03  2.293601349E+00 
        34  2.500000224E-02 -2.874904498E-02  6.562000141E-03  2.358513063E+00 
        35  2.500000224E-02 -2.889304422E-02  6.562000141E-03  2.103948848E+00 
        36  2.500000224E-02 -2.903704345E-02  6.562000141E-03  1.573106259E+00 
        37  2.500000224E-02 -2.918104455E-02  6.562000141E-03  1.483923241E+00 
        38  2.500000224E-02 -2.932504378E-02  6.562000141E-03  1.307506892E+00 
        39  2.500000224E-02 -2.946904302E-02  6.561999675E-03  1.098793450E+00 
        40  2.500000037E-02 -2.961304411E-02  6.562000141E-03  9.791291988E-01 
        41  2.500000224E-02 -2.975704521E-02  6.562000141E-03  1.025543135E+00 
        42  2.500000224E-02 -2.990104258E-02  6.561999675E-03  9.935226922E-01 
        43  2.500000037E-02 -3.004504368E-02  6.562000141E-03  8.534484693E-01 
        44  2.500000224E-02 -3.018904291E-02  6.561999675E-03  8.169912516E-01 
        45  2.500000037E-02 -3.033304401E-02  6.561999675E-03  1.040928013E+00 
        46  2.500000037E-02 -3.046895750E-02  6.562000141E-03  1.099159829E+00 
        47  2.500000037E-02 -3.057143651E-02  6.562000141E-03  1.003143211E+00 
