cellnumber     x-coordinate     y-coordinate     z-coordinate velocity-magnitude 
         1  2.121082321E-02 -2.121082321E-02  6.562000141E-03  2.697313855E-01 
         2  2.120567486E-02 -2.120567486E-02  6.562000141E-03  8.016663376E-01 
         3  2.119949646E-02 -2.119949646E-02  6.562000141E-03  1.416803282E+00 
         4  2.119208500E-02 -2.119208500E-02  6.562000141E-03  2.112926959E+00 
         5  2.118319459E-02 -2.118319459E-02  6.562000141E-03  2.875981649E+00 
         6  2.117252536E-02 -2.117252536E-02  6.562000141E-03  3.683704096E+00 
         7  2.115972713E-02 -2.115972713E-02  6.562000606E-03  4.520896270E+00 
         8  2.114437334E-02 -2.114437334E-02  6.562000606E-03  5.390673753E+00 
         9  2.112595551E-02 -2.112595551E-02  6.562000606E-03  6.244456157E+00 
        10  2.110386454E-02 -2.110386454E-02  6.562000606E-03  6.907807378E+00 
        11  2.107902244E-02 -2.107902244E-02  6.562000606E-03  7.133534893E+00 
        12  2.101956122E-02 -2.101956122E-02  6.562000606E-03  7.062626787E+00 
        13  2.093681321E-02 -2.093681321E-02  6.562000606E-03  6.889232750E+00 
        14  2.088592015E-02 -2.088592015E-02  6.562000141E-03  6.782652166E+00 
        15  2.081407420E-02 -2.081407420E-02  6.562000141E-03  6.645310728E+00 
        16  2.074207366E-02 -2.074207366E-02  6.562000141E-03  6.773296576E+00 
        17  2.067007311E-02 -2.067007311E-02  6.562000141E-03  6.848586071E+00 
        18  2.059807256E-02 -2.059807256E-02  6.562000141E-03  6.914005649E+00 
        19  2.052607387E-02 -2.052607387E-02  6.562000141E-03  6.785408284E+00 
        20  2.045407332E-02 -2.045407332E-02  6.562000141E-03  6.748118302E+00 
        21  2.038207278E-02 -2.038207278E-02  6.562000141E-03  6.819168658E+00 
        22  2.031007409E-02 -2.031007409E-02  6.562000141E-03  6.831849528E+00 
        23  2.023807354E-02 -2.023807354E-02  6.562000141E-03  6.950273268E+00 
        24  2.016607299E-02 -2.016607299E-02  6.562000141E-03  7.055463229E+00 
        25  2.009407431E-02 -2.009407431E-02  6.562000141E-03  7.202541512E+00 
        26  2.002207376E-02 -2.002207376E-02  6.562000141E-03  7.232561080E+00 
        27  1.995007321E-02 -1.995007321E-02  6.562000141E-03  7.320843419E+00 
        28  1.987807266E-02 -1.987807266E-02  6.562000141E-03  7.324438028E+00 
        29  1.980607398E-02 -1.980607398E-02  6.562000141E-03  7.484394240E+00 
        30  1.973407343E-02 -1.973407343E-02  6.562000141E-03  7.501906932E+00 
        31  1.966207288E-02 -1.966207288E-02  6.562000141E-03  7.611574385E+00 
        32  1.959007420E-02 -1.959007420E-02  6.562000141E-03  7.606429858E+00 
        33  1.951807365E-02 -1.951807365E-02  6.562000141E-03  7.590032240E+00 
        34  1.944607310E-02 -1.944607310E-02  6.562000141E-03  7.541402008E+00 
        35  1.937407255E-02 -1.937407255E-02  6.562000141E-03  7.506066392E+00 
        36  2.830386860E-03 -2.830386860E-03  6.562000606E-03  1.460069197E+00 
        37  2.835483057E-03 -2.835483057E-03  6.562001072E-03  1.450822748E+00 
        38  2.841604175E-03 -2.841604175E-03  6.562000606E-03  1.438412049E+00 
        39  2.848957200E-03 -2.848957200E-03  6.562000606E-03  1.421482995E+00 
        40  2.857792191E-03 -2.857792191E-03  6.562000606E-03  1.397740291E+00 
        41  2.868410666E-03 -2.868410666E-03  6.562000141E-03  1.363725025E+00 
        42  2.881176071E-03 -2.881176071E-03  6.562000606E-03  1.315444418E+00 
        43  2.896528924E-03 -2.896528924E-03  6.562000141E-03  1.245533753E+00 
        44  2.915001474E-03 -2.915001474E-03  6.561999675E-03  1.154054801E+00 
        45  2.937239595E-03 -2.937239595E-03  6.562000141E-03  1.024999977E+00 
        46  2.974424278E-03 -2.974424278E-03  6.562000606E-03  8.331136572E-01 
        47  3.062227042E-03 -3.062231001E-03  6.562000141E-03  6.744499332E-01 
        48  3.187494585E-03 -3.187502269E-03  6.562000141E-03  7.543911357E-01 
        49  3.312494606E-03 -3.312502289E-03  6.562000141E-03  9.393585515E-01 
        50  3.437494626E-03 -3.437502310E-03  6.562000141E-03  9.755720395E-01 
        51  3.562494414E-03 -3.562502330E-03  6.562000141E-03  1.124862475E+00 
        52  3.687494434E-03 -3.687502351E-03  6.562000141E-03  1.271519861E+00 
        53  3.812494455E-03 -3.812502371E-03  6.562000141E-03  1.151687072E+00 
        54  3.937494475E-03 -3.937502392E-03  6.562000141E-03  1.088339563E+00 
        55  4.062494729E-03 -4.062502645E-03  6.562000141E-03  1.022988007E+00 
        56  4.187494516E-03 -4.187502433E-03  6.562000141E-03  9.765133494E-01 
        57  4.312494770E-03 -4.312502686E-03  6.562000141E-03  1.054134736E+00 
        58  4.437494557E-03 -4.437502474E-03  6.562000141E-03  1.168188356E+00 
        59  4.562494811E-03 -4.562502727E-03  6.562000141E-03  1.263779372E+00 
        60  4.687494598E-03 -4.687502515E-03  6.562000141E-03  1.351050178E+00 
        61  4.812494386E-03 -4.812502302E-03  6.562000141E-03  1.430444895E+00 
        62  4.937494639E-03 -4.937502556E-03  6.562000141E-03  1.592315770E+00 
        63  5.062494427E-03 -5.062502343E-03  6.562000141E-03  1.782314231E+00 
        64  5.187494680E-03 -5.187502597E-03  6.562000141E-03  2.110400691E+00 
        65  5.312494468E-03 -5.312502384E-03  6.562000141E-03  2.290967325E+00 
        66  5.437494721E-03 -5.437502638E-03  6.562000141E-03  2.309803508E+00 
        67  5.562494509E-03 -5.562502425E-03  6.562000141E-03  2.279838641E+00 
        68  5.687494297E-03 -5.687502678E-03  6.562000141E-03  2.145582854E+00 
        69  1.706249453E-02 -1.706250384E-02  6.562000141E-03  7.353414418E+00 
        70  1.718749292E-02 -1.718750224E-02  6.562000141E-03  7.197306051E+00 
        71  1.731249318E-02 -1.731250249E-02  6.562000141E-03  7.148047375E+00 
        72  1.743749343E-02 -1.743750274E-02  6.562000141E-03  7.141793263E+00 
        73  1.756249368E-02 -1.756250300E-02  6.562000141E-03  7.143308498E+00 
        74  1.768749394E-02 -1.768750325E-02  6.562000141E-03  7.178055019E+00 
        75  1.781249419E-02 -1.781250350E-02  6.562000141E-03  7.207016404E+00 
        76  1.793749444E-02 -1.793750376E-02  6.562000141E-03  7.298649209E+00 
        77  1.806249283E-02 -1.806250215E-02  6.562000141E-03  7.387879975E+00 
        78  1.818749309E-02 -1.818750240E-02  6.562000141E-03  7.466842488E+00 
        79  1.831249334E-02 -1.831250265E-02  6.562000141E-03  7.375021524E+00 
        80  1.843749359E-02 -1.843750291E-02  6.562000141E-03  7.331614409E+00 
        81  1.856249385E-02 -1.856250316E-02  6.562000141E-03  7.389910013E+00 
        82  1.868749410E-02 -1.868750341E-02  6.562000141E-03  7.506299984E+00 
        83  1.880222000E-02 -1.880222373E-02  6.562000141E-03  7.483362306E+00 
        84  1.889956929E-02 -1.889956929E-02  6.562000606E-03  7.490853242E+00 
        85  1.895638742E-02 -1.895638742E-02  6.562000606E-03  7.523992603E+00 
        86  1.899245940E-02 -1.899245940E-02  6.562000606E-03  7.299894649E+00 
        87  1.905349456E-02 -1.905349456E-02  6.562000606E-03  7.418785158E+00 
        88  1.914011873E-02 -1.914011873E-02  6.562000606E-03  7.267119837E+00 
        89  1.923859492E-02 -1.923859492E-02  6.562000141E-03  7.469369401E+00 
        90  1.930207387E-02 -1.930207387E-02  6.562000141E-03  7.498348416E+00 
        91  1.106249448E-02 -1.106250286E-02  6.562000141E-03  4.199554100E+00 
        92  1.118749473E-02 -1.118750311E-02  6.562000141E-03  4.520788360E+00 
        93  1.131249405E-02 -1.131250244E-02  6.562000141E-03  4.707398643E+00 
        94  1.143749431E-02 -1.143750269E-02  6.562000141E-03  4.762827782E+00 
        95  1.156249456E-02 -1.156250294E-02  6.562000141E-03  4.797569475E+00 
        96  7.687494624E-03 -7.687502541E-03  6.562000141E-03  1.929453751E+00 
        97  7.562494371E-03 -7.562502753E-03  6.562000141E-03  1.795267595E+00 
        98  7.437494583E-03 -7.437502500E-03  6.562000141E-03  1.877852719E+00 
        99  7.312494330E-03 -7.312502712E-03  6.562000141E-03  2.012756550E+00 
       100  7.187494542E-03 -7.187502459E-03  6.562000141E-03  2.055893482E+00 
       101  7.062494289E-03 -7.062502671E-03  6.562000141E-03  2.037139971E+00 
       102  6.937494501E-03 -6.937502418E-03  6.562000141E-03  1.967596710E+00 
       103  6.812494248E-03 -6.812502630E-03  6.562000141E-03  1.851224522E+00 
       104  6.687494460E-03 -6.687502842E-03  6.562000141E-03  1.770719949E+00 
       105  6.562494673E-03 -6.562502589E-03  6.562000141E-03  1.824925204E+00 
       106  6.437494420E-03 -6.437502801E-03  6.562000141E-03  1.864286383E+00 
       107  6.312494632E-03 -6.312502548E-03  6.562000141E-03  1.777368024E+00 
       108  6.187494379E-03 -6.187502760E-03  6.562000141E-03  1.666839211E+00 
       109  6.062494591E-03 -6.062502507E-03  6.562000141E-03  1.846848927E+00 
       110  5.937494338E-03 -5.937502719E-03  6.562000141E-03  2.001174698E+00 
       111  5.812494550E-03 -5.812502466E-03  6.562000141E-03  2.074229827E+00 
       112  1.693749428E-02 -1.693750359E-02  6.562000141E-03  7.444653162E+00 
       113  1.681249402E-02 -1.681250334E-02  6.562000141E-03  7.461656925E+00 
       114  1.668749377E-02 -1.668750308E-02  6.562000141E-03  7.458824683E+00 
       115  1.656249352E-02 -1.656250283E-02  6.562000141E-03  7.429813341E+00 
       116  1.643749326E-02 -1.643750258E-02  6.562000141E-03  7.394528617E+00 
       117  1.631249301E-02 -1.631250232E-02  6.562000141E-03  7.345015349E+00 
       118  1.618749462E-02 -1.618750207E-02  6.562000141E-03  7.247920451E+00 
       119  1.606249437E-02 -1.606250368E-02  6.562000141E-03  7.081806980E+00 
       120  1.593749411E-02 -1.593750343E-02  6.562000141E-03  6.877877940E+00 
       121  1.581249386E-02 -1.581250317E-02  6.562000141E-03  6.675554287E+00 
       122  1.568749361E-02 -1.568750292E-02  6.562000141E-03  6.537841245E+00 
       123  1.556249429E-02 -1.556250267E-02  6.562000141E-03  6.513671145E+00 
       124  1.543749403E-02 -1.543750335E-02  6.562000141E-03  6.536458202E+00 
       125  1.531249378E-02 -1.531250309E-02  6.562000141E-03  6.514014641E+00 
       126  1.518749446E-02 -1.518750284E-02  6.562000141E-03  6.364454437E+00 
       127  1.506249420E-02 -1.506250352E-02  6.562000141E-03  6.179480931E+00 
       128  1.493749395E-02 -1.493750326E-02  6.562000141E-03  6.162127879E+00 
       129  1.481249370E-02 -1.481250301E-02  6.562000141E-03  6.223808116E+00 
       130  1.468749437E-02 -1.468750276E-02  6.562000141E-03  6.194930316E+00 
       131  1.456249412E-02 -1.456250343E-02  6.562000141E-03  6.085918439E+00 
       132  1.443749387E-02 -1.443750318E-02  6.562000141E-03  5.895412352E+00 
       133  1.431249455E-02 -1.431250293E-02  6.562000141E-03  5.690239130E+00 
       134  1.418749429E-02 -1.418750267E-02  6.562000141E-03  5.559569877E+00 
       135  1.406249404E-02 -1.406250335E-02  6.562000141E-03  5.528988913E+00 
       136  1.393749379E-02 -1.393750310E-02  6.562000141E-03  5.588931616E+00 
       137  1.381249446E-02 -1.381250285E-02  6.562000141E-03  5.642878812E+00 
       138  1.368749421E-02 -1.368750259E-02  6.562000141E-03  5.636409443E+00 
       139  1.356249396E-02 -1.356250327E-02  6.562000141E-03  5.584682072E+00 
       140  1.343749370E-02 -1.343750302E-02  6.562000141E-03  5.506877026E+00 
       141  1.331249438E-02 -1.331250276E-02  6.562000141E-03  5.411751079E+00 
       142  1.318749413E-02 -1.318750251E-02  6.562000141E-03  5.301756158E+00 
       143  1.306249388E-02 -1.306250319E-02  6.562000141E-03  5.233851617E+00 
       144  1.293749455E-02 -1.293750294E-02  6.562000141E-03  5.210885015E+00 
       145  1.281249430E-02 -1.281250268E-02  6.562000141E-03  5.227635651E+00 
       146  1.268749405E-02 -1.268750336E-02  6.562000141E-03  5.255006122E+00 
       147  1.256249379E-02 -1.256250311E-02  6.562000141E-03  5.296370400E+00 
       148  1.243749447E-02 -1.243750285E-02  6.562000141E-03  5.294121495E+00 
       149  1.231249422E-02 -1.231250260E-02  6.562000141E-03  5.202477658E+00 
       150  1.218749397E-02 -1.218750328E-02  6.562000141E-03  5.062560495E+00 
       151  1.206249464E-02 -1.206250302E-02  6.562000141E-03  4.923125450E+00 
       152  1.193749439E-02 -1.193750277E-02  6.562000141E-03  4.846361936E+00 
       153  1.181249414E-02 -1.181250252E-02  6.562000141E-03  4.808711689E+00 
       154  1.168749388E-02 -1.168750320E-02  6.562000141E-03  4.782082752E+00 
       155  1.093749423E-02 -1.093750261E-02  6.562000141E-03  4.195863982E+00 
       156  1.081249397E-02 -1.081250329E-02  6.562000141E-03  4.208397895E+00 
       157  1.068749465E-02 -1.068750303E-02  6.562000141E-03  4.107294585E+00 
       158  1.056249440E-02 -1.056250278E-02  6.562000141E-03  3.983277130E+00 
       159  1.043749414E-02 -1.043750253E-02  6.562000141E-03  3.758414324E+00 
       160  1.031249389E-02 -1.031250320E-02  6.562000141E-03  3.390890012E+00 
       161  1.018749457E-02 -1.018750295E-02  6.562000141E-03  3.119771538E+00 
       162  1.006249432E-02 -1.006250270E-02  6.562000141E-03  3.434485388E+00 
       163  9.937494062E-03 -9.937502444E-03  6.562000141E-03  3.906669652E+00 
       164  9.812494740E-03 -9.812503122E-03  6.562000141E-03  4.042340046E+00 
       165  9.687494487E-03 -9.687502868E-03  6.562000141E-03  3.809527993E+00 
       166  9.562494233E-03 -9.562502615E-03  6.562000141E-03  3.379623748E+00 
       167  9.437493980E-03 -9.437502362E-03  6.562000141E-03  2.805687725E+00 
       168  9.312494658E-03 -9.312503040E-03  6.562000141E-03  2.444503211E+00 
       169  9.187494405E-03 -9.187502787E-03  6.562000141E-03  2.369763502E+00 
       170  9.062494151E-03 -9.062502533E-03  6.562000141E-03  2.484112106E+00 
       171  8.937494829E-03 -8.937503211E-03  6.562000141E-03  2.636323944E+00 
       172  8.812494576E-03 -8.812502958E-03  6.562000141E-03  2.818091381E+00 
       173  8.687494323E-03 -8.687502705E-03  6.562000141E-03  3.051811054E+00 
       174  8.562494069E-03 -8.562502451E-03  6.562000141E-03  3.079188244E+00 
       175  8.437494747E-03 -8.437503129E-03  6.562000141E-03  2.857509427E+00 
       176  8.312494494E-03 -8.312502876E-03  6.562000141E-03  2.519810666E+00 
       177  8.187494241E-03 -8.187502623E-03  6.562000141E-03  2.369306309E+00 
       178  8.062493987E-03 -8.062502369E-03  6.562000141E-03  2.693092216E+00 
       179  7.937494665E-03 -7.937503047E-03  6.562000141E-03  2.442271221E+00 
       180  7.812494412E-03 -7.812502794E-03  6.562000141E-03  2.132056796E+00 
