cellnumber     x-coordinate     y-coordinate     z-coordinate velocity-magnitude 
         1  1.631250046E-02 -1.631250605E-02  6.562000141E-03  6.636193484E+00 
         2  1.643750072E-02 -1.643750630E-02  6.562000141E-03  6.772508674E+00 
         3  1.656250097E-02 -1.656250656E-02  6.562000141E-03  6.839910603E+00 
         4  1.668750122E-02 -1.668750495E-02  6.562000141E-03  6.832017934E+00 
         5  1.681250148E-02 -1.681250520E-02  6.562000141E-03  6.847893038E+00 
         6  1.693750173E-02 -1.693750545E-02  6.562000141E-03  6.914559618E+00 
         7  1.706250198E-02 -1.706250571E-02  6.562000141E-03  7.030518562E+00 
         8  1.718750224E-02 -1.718750596E-02  6.562000141E-03  7.140884245E+00 
         9  1.731250063E-02 -1.731250621E-02  6.562000141E-03  7.263134140E+00 
        10  1.743750088E-02 -1.743750647E-02  6.562000141E-03  7.465710846E+00 
        11  1.756250113E-02 -1.756250672E-02  6.562000141E-03  7.748915076E+00 
        12  1.768750139E-02 -1.768750511E-02  6.562000141E-03  8.017393104E+00 
        13  1.781250164E-02 -1.781250536E-02  6.562000141E-03  8.214969881E+00 
        14  1.793750189E-02 -1.793750562E-02  6.562000141E-03  8.332295730E+00 
        15  1.806250215E-02 -1.806250587E-02  6.562000141E-03  8.180955636E+00 
        16  1.818750054E-02 -1.818750612E-02  6.562000141E-03  7.665193946E+00 
        17  1.831250079E-02 -1.831250638E-02  6.562000141E-03  7.481377560E+00 
        18  1.843750104E-02 -1.843750663E-02  6.562000141E-03  7.272185848E+00 
        19  1.856250130E-02 -1.856250502E-02  6.562000141E-03  6.901826639E+00 
        20  1.868750155E-02 -1.868750528E-02  6.562000141E-03  6.901213501E+00 
        21  1.880351081E-02 -1.880351454E-02  6.562000141E-03  7.074316798E+00 
        22  1.890108548E-02 -1.890108548E-02  6.562000141E-03  7.367021329E+00 
        23  1.895662583E-02 -1.895662583E-02  6.562000141E-03  7.436730082E+00 
        24  2.121082321E-02 -2.121082321E-02  6.562000141E-03  3.403078656E-01 
        25  2.120567486E-02 -2.120567486E-02  6.562000141E-03  1.000673377E+00 
        26  2.119949646E-02 -2.119949646E-02  6.562000141E-03  1.768272510E+00 
        27  2.119208500E-02 -2.119208500E-02  6.562000141E-03  2.661109770E+00 
        28  2.118319459E-02 -2.118319459E-02  6.562000141E-03  3.685688401E+00 
        29  2.117252536E-02 -2.117252536E-02  6.562000141E-03  4.827760604E+00 
        30  2.115972713E-02 -2.115972713E-02  6.562000606E-03  6.020403111E+00 
        31  2.114437334E-02 -2.114437334E-02  6.562000606E-03  7.078255669E+00 
        32  2.112595551E-02 -2.112595551E-02  6.562000606E-03  7.695289809E+00 
        33  2.110386454E-02 -2.110386454E-02  6.562000606E-03  7.839270941E+00 
        34  2.107902244E-02 -2.107902244E-02  6.562000606E-03  7.676948363E+00 
        35  2.101956122E-02 -2.101956122E-02  6.562000606E-03  7.262877109E+00 
        36  2.093681321E-02 -2.093681321E-02  6.562000606E-03  6.846811903E+00 
        37  2.088592015E-02 -2.088592015E-02  6.562000141E-03  6.661891393E+00 
        38  2.081407420E-02 -2.081407420E-02  6.562000141E-03  6.590386592E+00 
        39  2.074207366E-02 -2.074207366E-02  6.562000141E-03  6.592327308E+00 
        40  2.067007311E-02 -2.067007311E-02  6.562000141E-03  6.706681794E+00 
        41  2.059807256E-02 -2.059807256E-02  6.562000141E-03  6.761649629E+00 
        42  2.052607387E-02 -2.052607387E-02  6.562000141E-03  6.793157294E+00 
        43  2.045407332E-02 -2.045407332E-02  6.562000141E-03  6.878747364E+00 
        44  2.038207278E-02 -2.038207278E-02  6.562000141E-03  7.042698603E+00 
        45  2.031007409E-02 -2.031007409E-02  6.562000141E-03  7.303868694E+00 
        46  2.023807354E-02 -2.023807354E-02  6.562000141E-03  7.306283634E+00 
        47  2.016607299E-02 -2.016607299E-02  6.562000141E-03  7.521636842E+00 
        48  2.009407431E-02 -2.009407431E-02  6.562000141E-03  7.400707587E+00 
        49  2.002207376E-02 -2.002207376E-02  6.562000141E-03  7.580897013E+00 
        50  1.995007321E-02 -1.995007321E-02  6.562000141E-03  7.323210348E+00 
        51  1.987807266E-02 -1.987807266E-02  6.562000141E-03  7.380833513E+00 
        52  1.980607398E-02 -1.980607398E-02  6.562000141E-03  7.152725704E+00 
        53  1.973407343E-02 -1.973407343E-02  6.562000141E-03  7.250928713E+00 
        54  1.966207288E-02 -1.966207288E-02  6.562000141E-03  7.089932120E+00 
        55  1.959007420E-02 -1.959007420E-02  6.562000141E-03  7.155688638E+00 
        56  1.951807365E-02 -1.951807365E-02  6.562000141E-03  7.033915892E+00 
        57  1.944607310E-02 -1.944607310E-02  6.562000141E-03  7.028844425E+00 
        58  1.937407255E-02 -1.937407255E-02  6.562000141E-03  6.947163056E+00 
        59  1.930207387E-02 -1.930207387E-02  6.562000141E-03  6.954617028E+00 
        60  1.923859492E-02 -1.923859492E-02  6.562000141E-03  7.011625928E+00 
        61  1.914011873E-02 -1.914011873E-02  6.562000141E-03  7.134521532E+00 
        62  1.905349456E-02 -1.905349456E-02  6.562000606E-03  7.244790958E+00 
        63  1.899245940E-02 -1.899245940E-02  6.562000606E-03  7.354521471E+00 
        64  6.437501870E-03 -6.437505595E-03  6.562000141E-03  1.167885586E+00 
        65  6.562502123E-03 -6.562505849E-03  6.562000141E-03  1.191771670E+00 
        66  6.687501911E-03 -6.687505636E-03  6.562000141E-03  1.319716099E+00 
        67  6.812502164E-03 -6.812505424E-03  6.562000141E-03  1.513315506E+00 
        68  6.937501952E-03 -6.937505677E-03  6.562000141E-03  1.666316511E+00 
        69  7.062502205E-03 -7.062505465E-03  6.562000141E-03  1.823105410E+00 
        70  7.187501993E-03 -7.187505718E-03  6.562000141E-03  1.903062697E+00 
        71  7.312501781E-03 -7.312505506E-03  6.562000141E-03  1.854491158E+00 
        72  7.437502034E-03 -7.437505759E-03  6.562000141E-03  1.894639480E+00 
        73  7.562501822E-03 -7.562505547E-03  6.562000141E-03  1.949932842E+00 
        74  7.687502075E-03 -7.687505800E-03  6.562000141E-03  2.014016925E+00 
        75  7.812501863E-03 -7.812505588E-03  6.562000141E-03  2.186548993E+00 
        76  7.937502116E-03 -7.937505841E-03  6.562000141E-03  2.607722349E+00 
        77  8.062502369E-03 -8.062506095E-03  6.562000141E-03  2.916181614E+00 
        78  8.187501691E-03 -8.187505417E-03  6.562000141E-03  3.256726645E+00 
        79  8.312501945E-03 -8.312505670E-03  6.562000141E-03  2.954557821E+00 
        80  8.437502198E-03 -8.437505923E-03  6.562000141E-03  2.793036585E+00 
        81  8.562501520E-03 -8.562506177E-03  6.562000141E-03  3.283296126E+00 
        82  8.687501773E-03 -8.687505499E-03  6.562000141E-03  3.200665767E+00 
        83  8.812502027E-03 -8.812505752E-03  6.562000141E-03  2.709078493E+00 
        84  8.937502280E-03 -8.937506005E-03  6.562000141E-03  2.381792237E+00 
        85  9.062501602E-03 -9.062505327E-03  6.562000141E-03  2.475213879E+00 
        86  9.187501855E-03 -9.187505580E-03  6.562000141E-03  2.493517948E+00 
        87  9.312502109E-03 -9.312505834E-03  6.562000141E-03  3.108513404E+00 
        88  9.437502362E-03 -9.437506087E-03  6.562000141E-03  3.729496042E+00 
        89  9.562501684E-03 -9.562505409E-03  6.562000141E-03  4.043209010E+00 
        90  9.687501937E-03 -9.687505662E-03  6.562000141E-03  4.234717443E+00 
        91  9.812502190E-03 -9.812505916E-03  6.562000141E-03  4.328968713E+00 
        92  9.937501512E-03 -9.937506169E-03  6.562000141E-03  4.370518815E+00 
        93  1.006250177E-02 -1.006250549E-02  6.562000141E-03  4.354167375E+00 
        94  1.018750202E-02 -1.018750574E-02  6.562000141E-03  4.329940661E+00 
        95  1.031250227E-02 -1.031250600E-02  6.562000141E-03  4.374266746E+00 
        96  1.043750159E-02 -1.043750625E-02  6.562000141E-03  4.435699917E+00 
        97  1.056250185E-02 -1.056250557E-02  6.562000141E-03  4.500285358E+00 
        98  1.068750210E-02 -1.068750583E-02  6.562000141E-03  4.516720633E+00 
        99  1.081250142E-02 -1.081250608E-02  6.562000141E-03  4.519278475E+00 
       100  2.830280224E-03 -2.830280224E-03  6.562001072E-03  1.442461532E+00 
       101  2.835373627E-03 -2.835373627E-03  6.562001072E-03  1.403242278E+00 
       102  2.841493115E-03 -2.841493115E-03  6.562000606E-03  1.363588705E+00 
       103  2.848849166E-03 -2.848849166E-03  6.562000141E-03  1.326615413E+00 
       104  2.857688349E-03 -2.857688349E-03  6.562000141E-03  1.296570505E+00 
       105  2.868303098E-03 -2.868303098E-03  6.562000141E-03  1.278184747E+00 
       106  2.881055698E-03 -2.881055698E-03  6.562000606E-03  1.275072984E+00 
       107  2.896386897E-03 -2.896386897E-03  6.562000606E-03  1.287160723E+00 
       108  2.914825454E-03 -2.914825454E-03  6.562000606E-03  1.307129288E+00 
       109  2.937011421E-03 -2.937011421E-03  6.562000606E-03  1.322278044E+00 
       110  2.967901994E-03 -2.967901994E-03  6.562000606E-03  1.329511756E+00 
       111  3.022594377E-03 -3.022594377E-03  6.562000141E-03  1.375392682E+00 
       112  3.099788679E-03 -3.099788679E-03  6.562000606E-03  1.426584508E+00 
       113  3.195532598E-03 -3.195534227E-03  6.562000606E-03  1.504431936E+00 
       114  3.312502056E-03 -3.312505316E-03  6.562000141E-03  1.676638707E+00 
       115  3.437502077E-03 -3.437505336E-03  6.562000141E-03  1.863319839E+00 
       116  3.562502097E-03 -3.562505357E-03  6.562000141E-03  1.984506996E+00 
       117  3.687502118E-03 -3.687505377E-03  6.562000141E-03  2.021677235E+00 
       118  3.812501905E-03 -3.812505398E-03  6.562000141E-03  1.974232198E+00 
       119  3.937501926E-03 -3.937505651E-03  6.562000141E-03  1.927917516E+00 
       120  4.062502179E-03 -4.062505439E-03  6.562000141E-03  1.868148473E+00 
       121  4.187501967E-03 -4.187505692E-03  6.562000141E-03  1.796513603E+00 
       122  4.312502220E-03 -4.312505480E-03  6.562000141E-03  1.772936209E+00 
       123  4.437502008E-03 -4.437505733E-03  6.562000141E-03  1.818358880E+00 
       124  4.562502261E-03 -4.562505521E-03  6.562000141E-03  1.853577313E+00 
       125  4.687502049E-03 -4.687505774E-03  6.562000141E-03  1.879570726E+00 
       126  4.812502302E-03 -4.812505562E-03  6.562000141E-03  1.877806126E+00 
       127  4.937502090E-03 -4.937505350E-03  6.562000141E-03  1.817691429E+00 
       128  5.062501878E-03 -5.062505603E-03  6.562000141E-03  1.807003956E+00 
       129  5.187502131E-03 -5.187505390E-03  6.562000141E-03  1.735410819E+00 
       130  5.312501919E-03 -5.312505644E-03  6.562000141E-03  1.743287738E+00 
       131  5.437502172E-03 -5.437505431E-03  6.562000141E-03  1.743986345E+00 
       132  5.562501960E-03 -5.562505685E-03  6.562000141E-03  1.774772066E+00 
       133  5.687502213E-03 -5.687505472E-03  6.562000141E-03  1.796850091E+00 
       134  5.812502000E-03 -5.812505726E-03  6.562000141E-03  1.782395751E+00 
       135  5.937502254E-03 -5.937505513E-03  6.562000141E-03  1.751026181E+00 
       136  6.062502041E-03 -6.062505767E-03  6.562000141E-03  1.648772934E+00 
       137  6.187501829E-03 -6.187505554E-03  6.562000141E-03  1.434420449E+00 
       138  6.312502082E-03 -6.312505808E-03  6.562000141E-03  1.245475326E+00 
       139  1.093750168E-02 -1.093750540E-02  6.562000141E-03  4.529733400E+00 
       140  1.106250193E-02 -1.106250565E-02  6.562000141E-03  4.556633393E+00 
       141  1.118750218E-02 -1.118750591E-02  6.562000141E-03  4.611472775E+00 
       142  1.131250151E-02 -1.131250616E-02  6.562000141E-03  4.669434334E+00 
       143  1.143750176E-02 -1.143750548E-02  6.562000141E-03  4.705295334E+00 
       144  1.156250201E-02 -1.156250574E-02  6.562000141E-03  4.675136480E+00 
       145  1.168750226E-02 -1.168750599E-02  6.562000141E-03  4.678632867E+00 
       146  1.181250159E-02 -1.181250624E-02  6.562000141E-03  4.811036552E+00 
       147  1.193750184E-02 -1.193750557E-02  6.562000141E-03  4.939817478E+00 
       148  1.206250209E-02 -1.206250582E-02  6.562000141E-03  5.061731270E+00 
       149  1.218750142E-02 -1.218750607E-02  6.562000141E-03  5.161140153E+00 
       150  1.231250167E-02 -1.231250633E-02  6.562000141E-03  5.246061255E+00 
       151  1.243750192E-02 -1.243750565E-02  6.562000141E-03  5.311675865E+00 
       152  1.256250218E-02 -1.256250590E-02  6.562000141E-03  5.406498216E+00 
       153  1.268750150E-02 -1.268750615E-02  6.562000141E-03  5.500247056E+00 
       154  1.281250175E-02 -1.281250548E-02  6.562000141E-03  5.578315831E+00 
       155  1.293750200E-02 -1.293750573E-02  6.562000141E-03  5.644754291E+00 
       156  1.306250133E-02 -1.306250598E-02  6.562000141E-03  5.714808870E+00 
       157  1.318750158E-02 -1.318750624E-02  6.562000141E-03  5.801330674E+00 
       158  1.331250183E-02 -1.331250556E-02  6.562000141E-03  5.902721620E+00 
       159  1.343750209E-02 -1.343750581E-02  6.562000141E-03  6.045349189E+00 
       160  1.356250141E-02 -1.356250606E-02  6.562000141E-03  6.133942191E+00 
       161  1.368750166E-02 -1.368750632E-02  6.562000141E-03  6.091893037E+00 
       162  1.381250191E-02 -1.381250564E-02  6.562000141E-03  6.064573332E+00 
       163  1.393750217E-02 -1.393750589E-02  6.562000141E-03  6.109903122E+00 
       164  1.406250149E-02 -1.406250615E-02  6.562000141E-03  6.170394635E+00 
       165  1.418750174E-02 -1.418750640E-02  6.562000141E-03  6.181344289E+00 
       166  1.431250200E-02 -1.431250572E-02  6.562000141E-03  6.163941653E+00 
       167  1.443750132E-02 -1.443750598E-02  6.562000141E-03  6.146019980E+00 
       168  1.456250157E-02 -1.456250623E-02  6.562000141E-03  6.148754167E+00 
       169  1.468750183E-02 -1.468750555E-02  6.562000141E-03  6.182038254E+00 
       170  1.481250208E-02 -1.481250580E-02  6.562000141E-03  6.221421626E+00 
       171  1.493750140E-02 -1.493750606E-02  6.562000141E-03  6.269037898E+00 
       172  1.506250165E-02 -1.506250631E-02  6.562000141E-03  6.325147909E+00 
       173  1.518750191E-02 -1.518750563E-02  6.562000141E-03  6.392002047E+00 
       174  1.531250123E-02 -1.531250589E-02  6.562000141E-03  6.452024966E+00 
       175  1.543750148E-02 -1.543750614E-02  6.562000141E-03  6.471975143E+00 
       176  1.556250174E-02 -1.556250639E-02  6.562000141E-03  6.462721452E+00 
       177  1.568750106E-02 -1.568750665E-02  6.562000141E-03  6.469824320E+00 
       178  1.581250131E-02 -1.581250504E-02  6.562000141E-03  6.512719956E+00 
       179  1.593750156E-02 -1.593750529E-02  6.562000141E-03  6.574402788E+00 
       180  1.606250182E-02 -1.606250554E-02  6.562000141E-03  6.592982840E+00 
       181  1.618750207E-02 -1.618750580E-02  6.562000141E-03  6.578828323E+00 
