cellnumber     x-coordinate     y-coordinate     z-coordinate velocity-magnitude 
         1  1.999999955E-02 -2.860504203E-02  6.562000141E-03  7.176715154E+00 
         2  1.999999955E-02 -2.846104279E-02  6.562000141E-03  7.046002968E+00 
         3  1.999999955E-02 -2.831704356E-02  6.562000141E-03  7.021912733E+00 
         4  1.999999955E-02 -2.817304432E-02  6.562000141E-03  7.190446534E+00 
         5  1.999999955E-02 -2.802904323E-02  6.562000141E-03  7.283531621E+00 
         6  1.999999955E-02 -2.788504399E-02  6.562000141E-03  7.103849013E+00 
         7  1.999999955E-02 -2.774104290E-02  6.562000141E-03  6.978622572E+00 
         8  1.999999955E-02 -2.759704366E-02  6.562000141E-03  6.958109375E+00 
         9  1.999999955E-02 -2.745304257E-02  6.562000141E-03  6.941513288E+00 
        10  1.999999955E-02 -2.730904333E-02  6.562000141E-03  6.946140816E+00 
        11  1.999999955E-02 -2.716504410E-02  6.562000141E-03  6.911839187E+00 
        12  1.999999955E-02 -2.702104300E-02  6.562000141E-03  6.915879557E+00 
        13  1.999999955E-02 -2.687704377E-02  6.562000141E-03  6.920978551E+00 
        14  1.999999955E-02 -2.673304267E-02  6.562000141E-03  6.831964010E+00 
        15  1.999999955E-02 -2.658904344E-02  6.562000141E-03  6.826077002E+00 
        16  1.999999955E-02 -2.644504420E-02  6.562000141E-03  7.052560237E+00 
        17  1.999999955E-02 -2.630104311E-02  6.562000141E-03  7.000390685E+00 
        18  1.999999955E-02 -2.615704387E-02  6.562000141E-03  6.771906279E+00 
        19  1.999998651E-02 -2.607314475E-02  6.562000141E-03  6.186137709E+00 
        20  1.999994740E-02 -2.602700889E-02  6.562000141E-03  6.891794727E+00 
        21  1.999996044E-02 -2.592459694E-02  6.562000141E-03  6.009663399E+00 
        22  1.999999955E-02 -2.583321184E-02  6.561999675E-03  5.808924003E+00 
        23  1.999999955E-02 -2.984774485E-02  6.562000141E-03  5.079318873E+00 
        24  1.999999955E-02 -2.980891429E-02  6.562000141E-03  5.530663965E+00 
        25  1.999999769E-02 -2.971169166E-02  6.562000141E-03  6.189907738E+00 
        26  1.999999955E-02 -2.959104441E-02  6.562000141E-03  6.577352111E+00 
        27  1.999999955E-02 -2.946904302E-02  6.562000141E-03  6.992673924E+00 
        28  1.999999955E-02 -2.932504378E-02  6.562000141E-03  7.573420843E+00 
        29  1.999999955E-02 -2.918104269E-02  6.562000141E-03  7.772568395E+00 
        30  1.999999955E-02 -2.903704345E-02  6.562000141E-03  7.747842042E+00 
        31  1.999999955E-02 -2.889304422E-02  6.562000141E-03  7.561608969E+00 
        32  1.999999955E-02 -2.874904312E-02  6.562000141E-03  7.340164126E+00 
