cellnumber     x-coordinate     y-coordinate     z-coordinate velocity-magnitude 
         1  1.999999955E-02 -2.984774485E-02  6.562000141E-03  4.414345372E+00 
         2  1.999999955E-02 -2.980891429E-02  6.562000141E-03  4.870069405E+00 
         3  1.999999955E-02 -2.971169166E-02  6.562000606E-03  5.604595669E+00 
         4  1.999999955E-02 -2.959104441E-02  6.562000141E-03  6.436502327E+00 
         5  1.999999955E-02 -2.946904302E-02  6.562000141E-03  7.153231857E+00 
         6  1.999999955E-02 -2.932504378E-02  6.562000141E-03  7.528043352E+00 
         7  1.999999955E-02 -2.918104269E-02  6.562000141E-03  7.767416728E+00 
         8  1.999999955E-02 -2.903704345E-02  6.562000141E-03  7.925952926E+00 
         9  1.999999955E-02 -2.889304236E-02  6.562000141E-03  7.869467596E+00 
        10  1.999999955E-02 -2.874904312E-02  6.562000141E-03  7.685307409E+00 
        11  1.999999955E-02 -2.860504203E-02  6.562000141E-03  7.477762344E+00 
        12  1.999999955E-02 -2.846104279E-02  6.562000141E-03  7.481036418E+00 
        13  1.999999955E-02 -2.831704356E-02  6.562000141E-03  7.450202417E+00 
        14  1.999999955E-02 -2.817304432E-02  6.562000141E-03  7.173850887E+00 
        15  1.999999955E-02 -2.802904323E-02  6.562000141E-03  7.005963017E+00 
        16  1.999999955E-02 -2.788504399E-02  6.562000141E-03  6.875480269E+00 
        17  1.999999955E-02 -2.774104290E-02  6.562000141E-03  6.807341382E+00 
        18  1.999999955E-02 -2.759704366E-02  6.562000141E-03  6.803967450E+00 
        19  1.999999955E-02 -2.745304257E-02  6.562000141E-03  6.793794750E+00 
        20  1.999999955E-02 -2.730904333E-02  6.562000141E-03  6.880561873E+00 
        21  1.999999955E-02 -2.716504410E-02  6.562000141E-03  7.100505895E+00 
        22  1.999999955E-02 -2.702104300E-02  6.562000141E-03  7.219789810E+00 
        23  1.999999955E-02 -2.687704377E-02  6.562000141E-03  6.906349846E+00 
        24  1.999999955E-02 -2.673304267E-02  6.562000141E-03  6.247594782E+00 
        25  1.999999955E-02 -2.658904344E-02  6.562000141E-03  5.710871427E+00 
        26  1.999999955E-02 -2.644504420E-02  6.562000141E-03  5.668258062E+00 
        27  1.999999955E-02 -2.630104311E-02  6.562000141E-03  5.805149295E+00 
        28  1.999999955E-02 -2.615704387E-02  6.562000141E-03  6.638395471E+00 
        29  1.999998651E-02 -2.607314475E-02  6.562000141E-03  6.597682116E+00 
        30  1.999994740E-02 -2.602700889E-02  6.562000141E-03  6.279232138E+00 
        31  1.999996044E-02 -2.592459694E-02  6.562000141E-03  6.358478986E+00 
        32  1.999999955E-02 -2.583321184E-02  6.561999675E-03  5.104437507E+00 
