cellnumber     x-coordinate     y-coordinate     z-coordinate velocity-magnitude 
         1 -2.937239595E-03 -2.937239595E-03  6.562000141E-03  1.338280159E+00 
         2 -2.974424278E-03 -2.974424278E-03  6.562000141E-03  1.498038631E+00 
         3 -3.062231001E-03 -3.062227042E-03  6.562000141E-03  1.870136297E+00 
         4 -3.187502269E-03 -3.187494585E-03  6.562000141E-03  2.095010469E+00 
         5 -3.312502289E-03 -3.312494606E-03  6.562000141E-03  2.028210266E+00 
         6 -3.437502310E-03 -3.437494626E-03  6.562000141E-03  1.872934700E+00 
         7 -3.562502330E-03 -3.562494414E-03  6.562000141E-03  1.730266421E+00 
         8 -3.687502351E-03 -3.687494434E-03  6.562000141E-03  1.614904512E+00 
         9 -3.812502371E-03 -3.812494455E-03  6.562000141E-03  1.523165724E+00 
        10 -3.937502392E-03 -3.937494475E-03  6.562000141E-03  1.452861366E+00 
        11 -1.368750352E-02 -1.368749421E-02  6.562000141E-03  5.043904500E+00 
        12 -1.381250285E-02 -1.381249446E-02  6.562000141E-03  5.095846629E+00 
        13 -1.393750310E-02 -1.393749379E-02  6.562000141E-03  5.147610125E+00 
        14 -4.062502645E-03 -4.062494729E-03  6.562000141E-03  1.402729010E+00 
        15 -4.187502433E-03 -4.187494516E-03  6.562000141E-03  1.372972855E+00 
        16 -4.312502686E-03 -4.312494770E-03  6.562000141E-03  1.364584211E+00 
        17 -4.437502474E-03 -4.437494557E-03  6.562000141E-03  1.376443314E+00 
        18 -4.562502727E-03 -4.562494345E-03  6.562000141E-03  1.404078209E+00 
        19 -4.687502515E-03 -4.687494598E-03  6.562000141E-03  1.437851770E+00 
        20 -4.812502768E-03 -4.812494386E-03  6.562000141E-03  1.464640314E+00 
        21 -4.937502556E-03 -4.937494639E-03  6.562000141E-03  1.473648830E+00 
        22 -5.062502343E-03 -5.062494427E-03  6.562000141E-03  1.461170518E+00 
        23 -5.187502597E-03 -5.187494680E-03  6.562000141E-03  1.421198742E+00 
        24 -5.312502384E-03 -5.312494468E-03  6.562000141E-03  1.355300253E+00 
        25 -5.437502638E-03 -5.437494721E-03  6.562000141E-03  1.293051783E+00 
        26 -5.562502425E-03 -5.562494509E-03  6.562000141E-03  1.253151203E+00 
        27 -5.687502678E-03 -5.687494297E-03  6.562000141E-03  1.216018914E+00 
        28 -5.812502466E-03 -5.812494550E-03  6.562000141E-03  1.135195461E+00 
        29 -5.937502719E-03 -5.937494338E-03  6.562000141E-03  1.031547306E+00 
        30 -6.062502507E-03 -6.062494591E-03  6.562000141E-03  1.053374290E+00 
        31 -6.187502760E-03 -6.187494379E-03  6.562000141E-03  1.224186914E+00 
        32 -6.312502548E-03 -6.312494632E-03  6.562000141E-03  1.427080873E+00 
        33 -6.437502801E-03 -6.437494420E-03  6.562000141E-03  1.588973458E+00 
        34 -6.562502589E-03 -6.562494673E-03  6.562000141E-03  1.713948192E+00 
        35 -6.687502842E-03 -6.687494460E-03  6.562000141E-03  1.823782539E+00 
        36 -6.812502630E-03 -6.812494248E-03  6.562000141E-03  1.926699445E+00 
        37 -6.937502883E-03 -6.937494501E-03  6.562000141E-03  2.024130409E+00 
        38 -7.062502671E-03 -7.062494289E-03  6.562000141E-03  2.114115493E+00 
        39 -7.187502459E-03 -7.187494542E-03  6.562000141E-03  2.193142892E+00 
        40 -7.312502712E-03 -7.312494330E-03  6.562000141E-03  2.257825699E+00 
        41 -7.437502500E-03 -7.437494583E-03  6.562000141E-03  2.308354525E+00 
        42 -7.562502753E-03 -7.562494371E-03  6.562000141E-03  2.352633625E+00 
        43 -7.687502541E-03 -7.687494159E-03  6.562000141E-03  2.403321194E+00 
        44 -7.812502794E-03 -7.812494412E-03  6.562000141E-03  2.466351378E+00 
        45 -7.937503047E-03 -7.937494665E-03  6.562000141E-03  2.536317505E+00 
        46 -8.062502369E-03 -8.062493987E-03  6.562000141E-03  2.604897687E+00 
        47 -8.187502623E-03 -8.187494241E-03  6.562000141E-03  2.669073745E+00 
        48 -8.312502876E-03 -8.312494494E-03  6.562000141E-03  2.730200992E+00 
        49 -8.437503129E-03 -8.437494747E-03  6.562000141E-03  2.789970995E+00 
        50 -8.562502451E-03 -8.562494069E-03  6.562000141E-03  2.849041187E+00 
        51 -8.687502705E-03 -8.687494323E-03  6.562000141E-03  2.907263172E+00 
        52 -8.812502958E-03 -8.812494576E-03  6.562000141E-03  2.964247320E+00 
        53 -8.937503211E-03 -8.937493898E-03  6.562000141E-03  3.019623260E+00 
        54 -9.062502533E-03 -9.062494151E-03  6.562000141E-03  3.073650200E+00 
        55 -9.187502787E-03 -9.187494405E-03  6.562000141E-03  3.126581947E+00 
        56 -9.312503040E-03 -9.312494658E-03  6.562000141E-03  3.179077898E+00 
        57 -9.437503293E-03 -9.437493980E-03  6.562000141E-03  3.231785018E+00 
        58 -9.562502615E-03 -9.562494233E-03  6.562000141E-03  3.285215979E+00 
        59 -9.687502868E-03 -9.687494487E-03  6.562000141E-03  3.339664283E+00 
        60 -9.812503122E-03 -9.812494740E-03  6.562000141E-03  3.395181410E+00 
        61 -9.937502444E-03 -9.937494062E-03  6.562000141E-03  3.451611782E+00 
        62 -1.356250327E-02 -1.356249396E-02  6.562000141E-03  4.991773892E+00 
        63 -1.343750302E-02 -1.343749370E-02  6.562000141E-03  4.939425765E+00 
        64 -1.331250276E-02 -1.331249438E-02  6.562000141E-03  4.886828381E+00 
        65 -1.318750344E-02 -1.318749413E-02  6.562000141E-03  4.833974206E+00 
        66 -1.306250319E-02 -1.306249388E-02  6.562000141E-03  4.780874148E+00 
        67 -1.293750294E-02 -1.293749455E-02  6.562000141E-03  4.727553937E+00 
        68 -1.281250268E-02 -1.281249430E-02  6.562000141E-03  4.674045874E+00 
        69 -1.268750336E-02 -1.268749405E-02  6.562000141E-03  4.620421430E+00 
        70 -1.256250311E-02 -1.256249379E-02  6.562000141E-03  4.566827837E+00 
        71 -1.243750285E-02 -1.243749447E-02  6.562000141E-03  4.513439293E+00 
        72 -1.231250260E-02 -1.231249422E-02  6.562000141E-03  4.460415206E+00 
        73 -1.218750328E-02 -1.218749397E-02  6.562000141E-03  4.407892807E+00 
        74 -1.206250302E-02 -1.206249371E-02  6.562000141E-03  4.355964524E+00 
        75 -1.193750277E-02 -1.193749439E-02  6.562000141E-03  4.304638230E+00 
        76 -1.181250252E-02 -1.181249414E-02  6.562000141E-03  4.253849104E+00 
        77 -1.168750320E-02 -1.168749388E-02  6.562000141E-03  4.203473517E+00 
        78 -1.156250294E-02 -1.156249456E-02  6.562000141E-03  4.153337551E+00 
        79 -1.143750269E-02 -1.143749431E-02  6.562000141E-03  4.103230466E+00 
        80 -1.131250337E-02 -1.131249405E-02  6.562000141E-03  4.052920749E+00 
        81 -1.118750311E-02 -1.118749380E-02  6.562000141E-03  4.002175371E+00 
        82 -1.106250286E-02 -1.106249448E-02  6.562000141E-03  3.950779081E+00 
        83 -1.093750261E-02 -1.093749423E-02  6.562000141E-03  3.898553657E+00 
        84 -1.081250329E-02 -1.081249397E-02  6.562000141E-03  3.845374653E+00 
        85 -1.068750303E-02 -1.068749465E-02  6.562000141E-03  3.791185289E+00 
        86 -1.056250278E-02 -1.056249440E-02  6.562000141E-03  3.736006053E+00 
        87 -1.043750253E-02 -1.043749414E-02  6.562000141E-03  3.679939970E+00 
        88 -1.031250320E-02 -1.031249389E-02  6.562000141E-03  3.623173395E+00 
        89 -1.018750295E-02 -1.018749457E-02  6.562000141E-03  3.565971014E+00 
        90 -1.006250270E-02 -1.006249432E-02  6.562000141E-03  3.508661733E+00 
        91 -1.806250401E-02 -1.806249283E-02  6.562000141E-03  5.652310002E+00 
        92 -1.793750376E-02 -1.793749444E-02  6.562000141E-03  5.682562162E+00 
        93 -1.781250350E-02 -1.781249419E-02  6.562000141E-03  5.694530192E+00 
        94 -1.768750325E-02 -1.768749394E-02  6.562000141E-03  5.687560988E+00 
        95 -1.756250300E-02 -1.756249368E-02  6.562000141E-03  5.660733184E+00 
        96 -1.743750274E-02 -1.743749343E-02  6.562000141E-03  5.616102881E+00 
        97 -1.731250249E-02 -1.731249318E-02  6.562000141E-03  5.560362802E+00 
        98 -1.718750224E-02 -1.718749292E-02  6.562000141E-03  5.511212463E+00 
        99 -1.706250384E-02 -1.706249453E-02  6.562000141E-03  5.480160057E+00 
       100 -1.693750359E-02 -1.693749428E-02  6.562000141E-03  5.465411617E+00 
       101 -1.681250334E-02 -1.681249402E-02  6.562000141E-03  5.460268412E+00 
       102 -1.668750308E-02 -1.668749377E-02  6.562000141E-03  5.460926616E+00 
       103 -1.656250283E-02 -1.656249352E-02  6.562000141E-03  5.466174807E+00 
       104 -1.643750258E-02 -1.643749326E-02  6.562000141E-03  5.474785151E+00 
       105 -1.631250232E-02 -1.631249301E-02  6.562000141E-03  5.485844225E+00 
       106 -1.618750207E-02 -1.618749276E-02  6.562000141E-03  5.498723739E+00 
       107 -1.606250368E-02 -1.606249437E-02  6.562000141E-03  5.512859665E+00 
       108 -1.593750343E-02 -1.593749411E-02  6.562000141E-03  5.527572374E+00 
       109 -1.581250317E-02 -1.581249386E-02  6.562000141E-03  5.541939213E+00 
       110 -1.568750292E-02 -1.568749361E-02  6.562000141E-03  5.554724752E+00 
       111 -1.556250360E-02 -1.556249429E-02  6.562000141E-03  5.564360213E+00 
       112 -1.543750335E-02 -1.543749403E-02  6.562000141E-03  5.569045825E+00 
       113 -1.531250309E-02 -1.531249378E-02  6.562000141E-03  5.567045058E+00 
       114 -1.518750284E-02 -1.518749353E-02  6.562000141E-03  5.557092371E+00 
       115 -1.506250352E-02 -1.506249420E-02  6.562000141E-03  5.538724758E+00 
       116 -1.493750326E-02 -1.493749395E-02  6.562000141E-03  5.512346117E+00 
       117 -1.481250301E-02 -1.481249370E-02  6.562000141E-03  5.478979704E+00 
       118 -1.468750276E-02 -1.468749437E-02  6.562000141E-03  5.439869099E+00 
       119 -1.456250343E-02 -1.456249412E-02  6.562000141E-03  5.396326567E+00 
       120 -1.443750318E-02 -1.443749387E-02  6.562000141E-03  5.349553067E+00 
       121 -1.431250293E-02 -1.431249361E-02  6.562000141E-03  5.300581150E+00 
       122 -1.418750267E-02 -1.418749429E-02  6.562000141E-03  5.250245376E+00 
       123 -1.406250335E-02 -1.406249404E-02  6.562000141E-03  5.199135560E+00 
       124 -1.895638742E-02 -1.895638742E-02  6.562000141E-03  5.261120809E+00 
       125 -1.889957115E-02 -1.889957115E-02  6.562000606E-03  5.256225920E+00 
       126 -1.880222373E-02 -1.880222000E-02  6.562000141E-03  5.299895128E+00 
       127 -1.868750341E-02 -1.868749410E-02  6.562000141E-03  5.350947448E+00 
       128 -1.856250316E-02 -1.856249385E-02  6.562000141E-03  5.411858289E+00 
       129 -1.843750291E-02 -1.843749359E-02  6.562000141E-03  5.476280518E+00 
       130 -1.831250265E-02 -1.831249334E-02  6.562000141E-03  5.543386063E+00 
       131 -1.818750240E-02 -1.818749309E-02  6.562000141E-03  5.604697223E+00 
       132 -1.898222044E-02 -1.898222044E-02  6.562000606E-03  5.225637511E+00 
       133 -1.904012822E-02 -1.904012822E-02  6.562000141E-03  5.202746893E+00 
       134 -1.912219450E-02 -1.912219450E-02  6.562000606E-03  5.211032292E+00 
       135 -1.916676387E-02 -1.916676387E-02  6.562000606E-03  5.167004272E+00 
       136 -1.923896931E-02 -1.923896931E-02  6.562000141E-03  5.162211991E+00 
       137 -1.931096986E-02 -1.931096986E-02  6.562000606E-03  5.105909921E+00 
       138 -1.938296854E-02 -1.938296854E-02  6.562000141E-03  5.079323788E+00 
       139 -1.945496909E-02 -1.945496909E-02  6.562000141E-03  5.001267322E+00 
       140 -1.952696778E-02 -1.952696778E-02  6.562000141E-03  4.941067028E+00 
       141 -1.959896833E-02 -1.959896833E-02  6.562000141E-03  4.837361882E+00 
       142 -1.967096888E-02 -1.967096888E-02  6.562000141E-03  4.739888166E+00 
       143 -1.974296942E-02 -1.974296942E-02  6.562000141E-03  4.618557618E+00 
       144 -1.981496811E-02 -1.981496811E-02  6.562000141E-03  4.499065044E+00 
       145 -1.988696866E-02 -1.988696866E-02  6.562000141E-03  4.384596717E+00 
       146 -1.995896734E-02 -1.995896734E-02  6.562000141E-03  4.283199842E+00 
       147 -2.003096975E-02 -2.003096975E-02  6.562000141E-03  4.205772428E+00 
       148 -2.010296844E-02 -2.010296844E-02  6.562000141E-03  4.157699472E+00 
       149 -2.017496899E-02 -2.017496899E-02  6.562000141E-03  4.128097092E+00 
       150 -2.024696954E-02 -2.024696954E-02  6.562000141E-03  4.138802527E+00 
       151 -2.031897008E-02 -2.031897008E-02  6.562000141E-03  4.146711885E+00 
       152 -2.039096877E-02 -2.039096877E-02  6.562000141E-03  4.199155361E+00 
       153 -2.046296932E-02 -2.046296932E-02  6.562000141E-03  4.224664698E+00 
       154 -2.053496800E-02 -2.053496800E-02  6.562000141E-03  4.286442500E+00 
       155 -2.060696855E-02 -2.060696855E-02  6.562000141E-03  4.307423189E+00 
       156 -2.067896910E-02 -2.067896910E-02  6.562000141E-03  4.348003318E+00 
       157 -2.075096965E-02 -2.075096965E-02  6.562000141E-03  4.339135843E+00 
       158 -2.082296833E-02 -2.082296833E-02  6.562000141E-03  4.314044894E+00 
       159 -2.089514025E-02 -2.089514025E-02  6.562000141E-03  4.217968938E+00 
       160 -2.095155232E-02 -2.095155232E-02  6.562000141E-03  4.072469381E+00 
       161 -2.100796066E-02 -2.100796066E-02  6.562000141E-03  3.953849018E+00 
       162 -2.102797665E-02 -2.102797665E-02  6.562000141E-03  3.924633412E+00 
       163 -2.106651478E-02 -2.106651478E-02  6.562000606E-03  3.711669968E+00 
       164 -2.110337466E-02 -2.110337466E-02  6.562000606E-03  3.440612521E+00 
       165 -2.112556621E-02 -2.112556621E-02  6.562000606E-03  3.185782481E+00 
       166 -2.114406601E-02 -2.114406601E-02  6.562000606E-03  2.880859404E+00 
       167 -2.115948685E-02 -2.115948685E-02  6.562000606E-03  2.508036402E+00 
       168 -2.117234282E-02 -2.117234282E-02  6.562000606E-03  2.068613156E+00 
       169 -2.118305862E-02 -2.118305862E-02  6.562000141E-03  1.598198631E+00 
       170 -2.119199000E-02 -2.119199000E-02  6.562000141E-03  1.149217042E+00 
       171 -2.119943500E-02 -2.119943500E-02  6.562000606E-03  7.544675251E-01 
       172 -2.120563947E-02 -2.120563947E-02  6.562000141E-03  4.197970958E-01 
       173 -2.121081017E-02 -2.121081017E-02  6.562000141E-03  1.393164427E-01 
       174 -2.830386627E-03 -2.830386627E-03  6.562000141E-03  1.053499956E+00 
       175 -2.835483057E-03 -2.835483057E-03  6.562000141E-03  1.066347273E+00 
       176 -2.841603942E-03 -2.841603942E-03  6.562000606E-03  1.079517549E+00 
       177 -2.848957200E-03 -2.848957200E-03  6.562000606E-03  1.092953612E+00 
       178 -2.857792191E-03 -2.857792191E-03  6.562000141E-03  1.107108623E+00 
       179 -2.868410433E-03 -2.868410433E-03  6.562000141E-03  1.123752957E+00 
       180 -2.881176071E-03 -2.881176071E-03  6.562000606E-03  1.147082364E+00 
       181 -2.896528924E-03 -2.896528924E-03  6.562000606E-03  1.184829459E+00 
       182 -2.915001474E-03 -2.915001474E-03  6.562000141E-03  1.246592586E+00 
