cellnumber     x-coordinate     y-coordinate     z-coordinate velocity-magnitude 
         1 -1.843749918E-02 -1.843750477E-02  6.562000141E-03  5.446196255E+00 
         2 -1.831249893E-02 -1.831250452E-02  6.562000141E-03  5.451668221E+00 
         3 -1.818749867E-02 -1.818750426E-02  6.562000141E-03  5.458126855E+00 
         4 -1.806249842E-02 -1.806250401E-02  6.562000141E-03  5.468140771E+00 
         5 -1.793749817E-02 -1.793750376E-02  6.562000141E-03  5.483719305E+00 
         6 -1.781249791E-02 -1.781250350E-02  6.562000141E-03  5.506043497E+00 
         7 -1.768749766E-02 -1.768750511E-02  6.562000141E-03  5.535728011E+00 
         8 -1.756249927E-02 -1.756250486E-02  6.562000141E-03  5.572160033E+00 
         9 -1.743749902E-02 -1.743750460E-02  6.562000141E-03  5.612336830E+00 
        10 -1.731249876E-02 -1.731250435E-02  6.562000141E-03  5.651213560E+00 
        11 -1.718749851E-02 -1.718750410E-02  6.562000141E-03  5.681619399E+00 
        12 -1.706249826E-02 -1.706250384E-02  6.562000141E-03  5.695912974E+00 
        13 -1.693749800E-02 -1.693750359E-02  6.562000141E-03  5.690124578E+00 
        14 -1.681249775E-02 -1.681250520E-02  6.562000141E-03  5.667292448E+00 
        15 -1.668749936E-02 -1.668750495E-02  6.562000141E-03  5.634428809E+00 
        16 -1.656249911E-02 -1.656250469E-02  6.562000141E-03  5.598164554E+00 
        17 -1.643749885E-02 -1.643750444E-02  6.562000141E-03  5.563055866E+00 
        18 -1.631249860E-02 -1.631250419E-02  6.562000141E-03  5.531620165E+00 
        19 -1.618749835E-02 -1.618750393E-02  6.562000141E-03  5.504733299E+00 
        20 -1.606249809E-02 -1.606250368E-02  6.562000141E-03  5.482361540E+00 
        21 -1.593749784E-02 -1.593750529E-02  6.562000141E-03  5.464677824E+00 
        22 -1.581249759E-02 -1.581250504E-02  6.562000141E-03  5.452071533E+00 
        23 -1.568749920E-02 -1.568750478E-02  6.562000141E-03  5.444063932E+00 
        24 -1.556249894E-02 -1.556250453E-02  6.562000141E-03  5.438458723E+00 
        25 -1.543749869E-02 -1.543750428E-02  6.562000141E-03  5.432283728E+00 
        26 -1.531249844E-02 -1.531250495E-02  6.562000141E-03  5.423005308E+00 
        27 -1.518749911E-02 -1.518750470E-02  6.562000141E-03  5.409440740E+00 
        28 -1.506249886E-02 -1.506250445E-02  6.562000141E-03  5.391899725E+00 
        29 -1.493749861E-02 -1.493750513E-02  6.562000141E-03  5.371564815E+00 
        30 -1.481249835E-02 -1.481250487E-02  6.562000141E-03  5.349662876E+00 
        31 -1.468749903E-02 -1.468750462E-02  6.562000141E-03  5.326915673E+00 
        32 -1.456249878E-02 -1.456250437E-02  6.562000141E-03  5.303468259E+00 
        33 -1.443749852E-02 -1.443750504E-02  6.562000141E-03  5.279032311E+00 
        34 -1.431249827E-02 -1.431250479E-02  6.562000141E-03  5.253106518E+00 
        35 -1.418749895E-02 -1.418750454E-02  6.562000141E-03  5.225175149E+00 
        36 -1.406249870E-02 -1.406250522E-02  6.562000141E-03  5.194872278E+00 
        37 -1.393749844E-02 -1.393750496E-02  6.562000141E-03  5.162032948E+00 
        38 -1.381249819E-02 -1.381250471E-02  6.562000141E-03  5.126702050E+00 
        39 -1.368749887E-02 -1.368750446E-02  6.562000141E-03  5.089096379E+00 
        40 -1.356249861E-02 -1.356250513E-02  6.562000141E-03  5.049546067E+00 
        41 -1.343749836E-02 -1.343750488E-02  6.562000141E-03  5.008430006E+00 
        42 -1.331249904E-02 -1.331250463E-02  6.562000141E-03  4.966121648E+00 
        43 -1.318749879E-02 -1.318750437E-02  6.562000141E-03  4.922952957E+00 
        44 -1.306249853E-02 -1.306250505E-02  6.562000141E-03  4.879192916E+00 
        45 -1.293749828E-02 -1.293750480E-02  6.562000141E-03  4.835047361E+00 
        46 -1.281249896E-02 -1.281250454E-02  6.562000141E-03  4.790655033E+00 
        47 -1.268749870E-02 -1.268750522E-02  6.562000141E-03  4.746090730E+00 
        48 -1.256249845E-02 -1.256250497E-02  6.562000141E-03  4.701372221E+00 
        49 -1.243749820E-02 -1.243750472E-02  6.562000141E-03  4.656477608E+00 
        50 -1.231249887E-02 -1.231250446E-02  6.562000141E-03  4.611341795E+00 
        51 -1.218749862E-02 -1.218750514E-02  6.562000141E-03  4.565869126E+00 
        52 -1.206249837E-02 -1.206250489E-02  6.562000141E-03  4.519936199E+00 
        53 -1.193749812E-02 -1.193750463E-02  6.562000141E-03  4.473397804E+00 
        54 -1.181249879E-02 -1.181250531E-02  6.562000141E-03  4.426084802E+00 
        55 -1.168749854E-02 -1.168750506E-02  6.562000141E-03  4.377820874E+00 
        56 -1.156249829E-02 -1.156250481E-02  6.562000141E-03  4.328433578E+00 
        57 -1.143749803E-02 -1.143750455E-02  6.562000141E-03  4.277761082E+00 
        58 -1.131249871E-02 -1.131250523E-02  6.562000141E-03  4.225668541E+00 
        59 -1.118749846E-02 -1.118750498E-02  6.562000141E-03  4.172056752E+00 
        60 -1.898222044E-02 -1.898222044E-02  6.562000606E-03  5.342293927E+00 
        61 -1.904012822E-02 -1.904012822E-02  6.562000141E-03  5.340731811E+00 
        62 -1.912219450E-02 -1.912219450E-02  6.562000606E-03  5.362596546E+00 
        63 -1.916676387E-02 -1.916676387E-02  6.562000606E-03  5.325080314E+00 
        64 -1.923896931E-02 -1.923896931E-02  6.562000141E-03  5.306651480E+00 
        65 -1.931096986E-02 -1.931096986E-02  6.562000606E-03  5.246923635E+00 
        66 -1.938296854E-02 -1.938296854E-02  6.562000141E-03  5.220404730E+00 
        67 -1.945496909E-02 -1.945496909E-02  6.562000141E-03  5.143685313E+00 
        68 -1.952696778E-02 -1.952696778E-02  6.562000141E-03  5.118267666E+00 
        69 -1.959896833E-02 -1.959896833E-02  6.562000141E-03  5.032177854E+00 
        70 -1.967096888E-02 -1.967096888E-02  6.562000141E-03  5.010938202E+00 
        71 -1.974296942E-02 -1.974296942E-02  6.562000141E-03  4.920786962E+00 
        72 -1.981496811E-02 -1.981496811E-02  6.562000141E-03  4.896590173E+00 
        73 -1.988696866E-02 -1.988696866E-02  6.562000141E-03  4.800010171E+00 
        74 -1.995896734E-02 -1.995896734E-02  6.562000141E-03  4.758081651E+00 
        75 -2.003096975E-02 -2.003096975E-02  6.562000141E-03  4.648373415E+00 
        76 -2.010296844E-02 -2.010296844E-02  6.562000141E-03  4.577350938E+00 
        77 -2.017496899E-02 -2.017496899E-02  6.562000141E-03  4.453045920E+00 
        78 -2.024696954E-02 -2.024696954E-02  6.562000141E-03  4.357698876E+00 
        79 -2.031897008E-02 -2.031897008E-02  6.562000141E-03  4.232378213E+00 
        80 -2.039096877E-02 -2.039096877E-02  6.562000141E-03  4.138347872E+00 
        81 -2.046296932E-02 -2.046296932E-02  6.562000141E-03  4.036129015E+00 
        82 -2.053496800E-02 -2.053496800E-02  6.562000141E-03  3.970657615E+00 
        83 -2.060696855E-02 -2.060696855E-02  6.562000141E-03  3.905784131E+00 
        84 -2.067896910E-02 -2.067896910E-02  6.562000141E-03  3.876174960E+00 
        85 -2.075096965E-02 -2.075096965E-02  6.562000141E-03  3.836520731E+00 
        86 -2.082296833E-02 -2.082296833E-02  6.562000141E-03  3.813416984E+00 
        87 -2.089514025E-02 -2.089514025E-02  6.562000141E-03  3.743637667E+00 
        88 -2.095155232E-02 -2.095155232E-02  6.562000141E-03  3.657049795E+00 
        89 -2.100796066E-02 -2.100796066E-02  6.562000141E-03  3.552620557E+00 
        90 -2.102797665E-02 -2.102797665E-02  6.562000141E-03  3.539080095E+00 
        91 -2.106651478E-02 -2.106651478E-02  6.562000606E-03  3.364128469E+00 
        92 -2.110337466E-02 -2.110337466E-02  6.562000606E-03  3.060927123E+00 
        93 -2.112556621E-02 -2.112556621E-02  6.562000606E-03  2.740922027E+00 
        94 -2.114406601E-02 -2.114406601E-02  6.562000606E-03  2.369885377E+00 
        95 -2.115948685E-02 -2.115948685E-02  6.562000606E-03  1.965578906E+00 
        96 -2.117234282E-02 -2.117234282E-02  6.562000606E-03  1.553725667E+00 
        97 -2.118305862E-02 -2.118305862E-02  6.562000141E-03  1.166432646E+00 
        98 -2.119199000E-02 -2.119199000E-02  6.562000141E-03  8.264559400E-01 
        99 -2.119943500E-02 -2.119943500E-02  6.562000606E-03  5.386103201E-01 
       100 -2.120563947E-02 -2.120563947E-02  6.562000141E-03  2.982619714E-01 
       101 -2.121081017E-02 -2.121081017E-02  6.562000141E-03  9.853201943E-02 
       102 -2.830355195E-03 -2.830355195E-03  6.562000606E-03  1.061759005E+00 
       103 -2.835455118E-03 -2.835455118E-03  6.562001072E-03  1.096944678E+00 
       104 -2.841580659E-03 -2.841580659E-03  6.562000606E-03  1.142567423E+00 
       105 -2.848939039E-03 -2.848939039E-03  6.562000606E-03  1.196525607E+00 
       106 -2.857780783E-03 -2.857780783E-03  6.562000606E-03  1.254065071E+00 
       107 -2.868407406E-03 -2.868407406E-03  6.562000141E-03  1.308038915E+00 
       108 -2.881182823E-03 -2.881182823E-03  6.562000141E-03  1.351074682E+00 
       109 -2.896548016E-03 -2.896548016E-03  6.562000606E-03  1.380460910E+00 
       110 -2.915035933E-03 -2.915035933E-03  6.562000141E-03  1.400846355E+00 
       111 -2.937293379E-03 -2.937293379E-03  6.562000141E-03  1.418972596E+00 
       112 -2.975319745E-03 -2.975319745E-03  6.562000606E-03  1.447713426E+00 
       113 -3.059382550E-03 -3.059382550E-03  6.562000606E-03  1.524806926E+00 
       114 -3.123705974E-03 -3.123705974E-03  6.562000141E-03  1.517340075E+00 
       115 -3.189915325E-03 -3.189919051E-03  6.562000141E-03  1.554313164E+00 
       116 -3.312498098E-03 -3.312505083E-03  6.562000141E-03  1.520614597E+00 
       117 -3.437497886E-03 -3.437505104E-03  6.562000141E-03  1.458389051E+00 
       118 -3.562497906E-03 -3.562505124E-03  6.562000141E-03  1.374199653E+00 
       119 -3.687497927E-03 -3.687505145E-03  6.562000141E-03  1.272983186E+00 
       120 -3.812497947E-03 -3.812505165E-03  6.562000141E-03  1.161206214E+00 
       121 -3.937498201E-03 -3.937505186E-03  6.562000141E-03  1.047183313E+00 
       122 -4.062497988E-03 -4.062504973E-03  6.562000141E-03  9.408698820E-01 
       123 -4.187498242E-03 -4.187505227E-03  6.562000141E-03  8.538594072E-01 
       124 -4.312498029E-03 -4.312505014E-03  6.562000141E-03  7.993266778E-01 
       125 -4.437498283E-03 -4.437505268E-03  6.562000141E-03  7.894396147E-01 
       126 -4.562498070E-03 -4.562505055E-03  6.562000141E-03  8.295828764E-01 
       127 -4.687498324E-03 -4.687505309E-03  6.562000141E-03  9.146726519E-01 
       128 -4.812498111E-03 -4.812505096E-03  6.562000141E-03  1.032424317E+00 
       129 -4.937498365E-03 -4.937505350E-03  6.562000141E-03  1.170486586E+00 
       130 -5.062498152E-03 -5.062505137E-03  6.562000141E-03  1.315139320E+00 
       131 -5.187498406E-03 -5.187504925E-03  6.562000141E-03  1.443193962E+00 
       132 -5.312498193E-03 -5.312505178E-03  6.562000141E-03  1.516148172E+00 
       133 -5.437497981E-03 -5.437504966E-03  6.562000141E-03  1.491719376E+00 
       134 -5.562498234E-03 -5.562505219E-03  6.562000141E-03  1.351575790E+00 
       135 -5.687498022E-03 -5.687505007E-03  6.562000141E-03  1.189230617E+00 
       136 -5.812498275E-03 -5.812505260E-03  6.562000141E-03  1.109483386E+00 
       137 -5.937498063E-03 -5.937505048E-03  6.562000141E-03  1.100003131E+00 
       138 -6.062498316E-03 -6.062505301E-03  6.562000141E-03  1.114232660E+00 
       139 -6.187498104E-03 -6.187505089E-03  6.562000141E-03  1.131224726E+00 
       140 -6.312498357E-03 -6.312504876E-03  6.562000141E-03  1.157869796E+00 
       141 -6.437498145E-03 -6.437505130E-03  6.562000141E-03  1.211304892E+00 
       142 -6.562498398E-03 -6.562504917E-03  6.562000141E-03  1.301973960E+00 
       143 -6.687498186E-03 -6.687505171E-03  6.562000141E-03  1.425591947E+00 
       144 -6.812498439E-03 -6.812504958E-03  6.562000141E-03  1.574611993E+00 
       145 -6.937498227E-03 -6.937505212E-03  6.562000141E-03  1.748284950E+00 
       146 -7.062498480E-03 -7.062504999E-03  6.562000141E-03  1.929455391E+00 
       147 -7.187498268E-03 -7.187505253E-03  6.562000141E-03  2.097494739E+00 
       148 -7.312498055E-03 -7.312505040E-03  6.562000141E-03  2.250712599E+00 
       149 -7.437498309E-03 -7.437504828E-03  6.562000141E-03  2.390668697E+00 
       150 -7.562498096E-03 -7.562505081E-03  6.562000141E-03  2.514802668E+00 
       151 -7.687498350E-03 -7.687504869E-03  6.562000141E-03  2.619844669E+00 
       152 -7.812498137E-03 -7.812504657E-03  6.562000141E-03  2.702719457E+00 
       153 -7.937498391E-03 -7.937504910E-03  6.562000141E-03  2.761237168E+00 
       154 -8.062498644E-03 -8.062505163E-03  6.562000141E-03  2.795039833E+00 
       155 -8.187497966E-03 -8.187505417E-03  6.562000141E-03  2.807579392E+00 
       156 -8.312498219E-03 -8.312504739E-03  6.562000141E-03  2.808237635E+00 
       157 -1.106249820E-02 -1.106250472E-02  6.562000141E-03  4.116884285E+00 
       158 -1.093749888E-02 -1.093750447E-02  6.562000141E-03  4.060191780E+00 
       159 -1.081249863E-02 -1.081250515E-02  6.562000141E-03  4.002131979E+00 
       160 -1.068749838E-02 -1.068750490E-02  6.562000141E-03  3.942992715E+00 
       161 -1.056249812E-02 -1.056250464E-02  6.562000141E-03  3.883217338E+00 
       162 -1.043749880E-02 -1.043750532E-02  6.562000141E-03  3.823385578E+00 
       163 -1.031249855E-02 -1.031250507E-02  6.562000141E-03  3.764152959E+00 
       164 -1.018749829E-02 -1.018750481E-02  6.562000141E-03  3.706158119E+00 
       165 -1.006249804E-02 -1.006250456E-02  6.562000141E-03  3.649897439E+00 
       166 -9.937498719E-03 -9.937505238E-03  6.562000141E-03  3.595613372E+00 
       167 -9.812498465E-03 -9.812504984E-03  6.562000141E-03  3.543218895E+00 
       168 -9.687498212E-03 -9.687504731E-03  6.562000141E-03  3.492270954E+00 
       169 -9.562497959E-03 -9.562505409E-03  6.562000141E-03  3.441912072E+00 
       170 -9.437498637E-03 -9.437505156E-03  6.562000141E-03  3.390632174E+00 
       171 -9.312498383E-03 -9.312504902E-03  6.562000141E-03  3.335731151E+00 
       172 -9.187498130E-03 -9.187504649E-03  6.562000141E-03  3.272673447E+00 
       173 -9.062498808E-03 -9.062505327E-03  6.562000141E-03  3.195632255E+00 
       174 -8.937498555E-03 -8.937505074E-03  6.562000141E-03  3.101560860E+00 
       175 -8.812498301E-03 -8.812504821E-03  6.562000141E-03  2.997722407E+00 
       176 -8.687498048E-03 -8.687504567E-03  6.562000141E-03  2.903429026E+00 
       177 -8.562498726E-03 -8.562505245E-03  6.562000141E-03  2.839749006E+00 
       178 -8.437498473E-03 -8.437504992E-03  6.562000141E-03  2.812435778E+00 
       179 -1.895486377E-02 -1.895486377E-02  6.562000606E-03  5.344089807E+00 
       180 -1.889867149E-02 -1.889867149E-02  6.562000606E-03  5.388984510E+00 
       181 -1.880285330E-02 -1.880285516E-02  6.562000141E-03  5.409133683E+00 
       182 -1.868749782E-02 -1.868750341E-02  6.562000141E-03  5.426486943E+00 
       183 -1.856249943E-02 -1.856250502E-02  6.562000141E-03  5.438816440E+00 
