cellnumber     x-coordinate     y-coordinate     z-coordinate velocity-magnitude 
         1 -2.937239828E-03 -2.937239828E-03  6.562000141E-03  1.284792162E+00 
         2 -2.974424278E-03 -2.974424278E-03  6.562000606E-03  1.341122669E+00 
         3 -3.062231001E-03 -3.062227042E-03  6.562000606E-03  1.490128781E+00 
         4 -3.187502502E-03 -3.187494585E-03  6.562000141E-03  1.588296585E+00 
         5 -3.312502289E-03 -3.312494373E-03  6.562000141E-03  1.622404456E+00 
         6 -3.437502310E-03 -3.437494393E-03  6.562000141E-03  1.616555159E+00 
         7 -3.562502330E-03 -3.562494414E-03  6.562000141E-03  1.585396967E+00 
         8 -3.687502351E-03 -3.687494434E-03  6.562000141E-03  1.541352784E+00 
         9 -3.812502371E-03 -3.812494455E-03  6.562000141E-03  1.491905534E+00 
        10 -3.937502392E-03 -3.937494475E-03  6.562000141E-03  1.441244783E+00 
        11 -1.368750352E-02 -1.368749421E-02  6.562000141E-03  4.929428780E+00 
        12 -1.381250285E-02 -1.381249353E-02  6.562000141E-03  4.977843889E+00 
        13 -1.393750310E-02 -1.393749379E-02  6.562000141E-03  5.026378594E+00 
        14 -4.062502645E-03 -4.062494729E-03  6.562000141E-03  1.392002981E+00 
        15 -4.187502433E-03 -4.187494516E-03  6.562000141E-03  1.345718307E+00 
        16 -4.312502686E-03 -4.312494304E-03  6.562000141E-03  1.302760732E+00 
        17 -4.437502474E-03 -4.437494557E-03  6.562000141E-03  1.260417749E+00 
        18 -4.562502727E-03 -4.562494345E-03  6.562000141E-03  1.219378955E+00 
        19 -4.687502515E-03 -4.687494598E-03  6.562000141E-03  1.188882481E+00 
        20 -4.812502768E-03 -4.812494386E-03  6.562000141E-03  1.172913345E+00 
        21 -4.937502556E-03 -4.937494639E-03  6.562000141E-03  1.168896133E+00 
        22 -5.062502809E-03 -5.062494427E-03  6.562000141E-03  1.177487258E+00 
        23 -5.187502597E-03 -5.187494680E-03  6.562000141E-03  1.205081847E+00 
        24 -5.312502850E-03 -5.312494468E-03  6.562000141E-03  1.258823392E+00 
        25 -5.437502638E-03 -5.437494256E-03  6.562000141E-03  1.335726515E+00 
        26 -5.562502891E-03 -5.562494509E-03  6.562000141E-03  1.412565581E+00 
        27 -5.687502678E-03 -5.687494297E-03  6.562000141E-03  1.444164052E+00 
        28 -5.812502466E-03 -5.812494550E-03  6.562000141E-03  1.375409924E+00 
        29 -5.937502719E-03 -5.937494338E-03  6.562000141E-03  1.211334271E+00 
        30 -6.062502507E-03 -6.062494591E-03  6.562000141E-03  1.078178476E+00 
        31 -6.187502760E-03 -6.187494379E-03  6.562000141E-03  1.043365232E+00 
        32 -6.312502548E-03 -6.312494166E-03  6.562000141E-03  1.084216823E+00 
        33 -6.437502801E-03 -6.437494420E-03  6.562000141E-03  1.168392491E+00 
        34 -6.562502589E-03 -6.562494207E-03  6.562000141E-03  1.280331867E+00 
        35 -6.687502842E-03 -6.687494460E-03  6.562000141E-03  1.415850017E+00 
        36 -6.812502630E-03 -6.812494248E-03  6.562000141E-03  1.584583715E+00 
        37 -6.937502883E-03 -6.937494501E-03  6.562000141E-03  1.785871833E+00 
        38 -7.062502671E-03 -7.062494289E-03  6.562000141E-03  1.998621337E+00 
        39 -7.187502924E-03 -7.187494077E-03  6.562000141E-03  2.182945393E+00 
        40 -7.312502712E-03 -7.312494330E-03  6.562000141E-03  2.318930294E+00 
        41 -7.437502965E-03 -7.437494118E-03  6.562000141E-03  2.409897523E+00 
        42 -7.562502753E-03 -7.562494371E-03  6.562000141E-03  2.452950892E+00 
        43 -7.687503006E-03 -7.687494159E-03  6.562000141E-03  2.456412544E+00 
        44 -7.812502794E-03 -7.812494412E-03  6.562000141E-03  2.443714551E+00 
        45 -7.937503047E-03 -7.937494665E-03  6.562000141E-03  2.442599449E+00 
        46 -8.062503301E-03 -8.062493987E-03  6.562000141E-03  2.475690993E+00 
        47 -8.187502623E-03 -8.187494241E-03  6.562000141E-03  2.559902498E+00 
        48 -8.312502876E-03 -8.312494494E-03  6.562000141E-03  2.706155705E+00 
        49 -8.437503129E-03 -8.437493816E-03  6.562000141E-03  2.900512335E+00 
        50 -8.562502451E-03 -8.562494069E-03  6.562000141E-03  3.089173549E+00 
        51 -8.687502705E-03 -8.687494323E-03  6.562000141E-03  3.216099244E+00 
        52 -8.812502958E-03 -8.812494576E-03  6.562000141E-03  3.284376217E+00 
        53 -8.937503211E-03 -8.937493898E-03  6.562000141E-03  3.328127354E+00 
        54 -9.062502533E-03 -9.062494151E-03  6.562000141E-03  3.363058809E+00 
        55 -9.187502787E-03 -9.187494405E-03  6.562000141E-03  3.393875210E+00 
        56 -9.312503040E-03 -9.312493727E-03  6.562000141E-03  3.422701522E+00 
        57 -9.437503293E-03 -9.437493980E-03  6.562000141E-03  3.450102533E+00 
        58 -9.562502615E-03 -9.562494233E-03  6.562000141E-03  3.476428485E+00 
        59 -9.687502868E-03 -9.687494487E-03  6.562000141E-03  3.502126617E+00 
        60 -9.812503122E-03 -9.812493809E-03  6.562000141E-03  3.527987690E+00 
        61 -9.937503375E-03 -9.937494062E-03  6.562000141E-03  3.554878359E+00 
        62 -1.356250327E-02 -1.356249396E-02  6.562000141E-03  4.881296913E+00 
        63 -1.343750302E-02 -1.343749370E-02  6.562000141E-03  4.833512802E+00 
        64 -1.331250370E-02 -1.331249345E-02  6.562000141E-03  4.786086692E+00 
        65 -1.318750344E-02 -1.318749413E-02  6.562000141E-03  4.738979631E+00 
        66 -1.306250319E-02 -1.306249388E-02  6.562000141E-03  4.692139988E+00 
        67 -1.293750294E-02 -1.293749362E-02  6.562000141E-03  4.645517397E+00 
        68 -1.281250361E-02 -1.281249430E-02  6.562000141E-03  4.599045108E+00 
        69 -1.268750336E-02 -1.268749405E-02  6.562000141E-03  4.552656978E+00 
        70 -1.256250311E-02 -1.256249379E-02  6.562000141E-03  4.506279135E+00 
        71 -1.243750285E-02 -1.243749354E-02  6.562000141E-03  4.459822507E+00 
        72 -1.231250353E-02 -1.231249422E-02  6.562000141E-03  4.413179930E+00 
        73 -1.218750328E-02 -1.218749397E-02  6.562000141E-03  4.366225340E+00 
        74 -1.206250302E-02 -1.206249371E-02  6.562000141E-03  4.318817211E+00 
        75 -1.193750277E-02 -1.193749439E-02  6.562000141E-03  4.270808034E+00 
        76 -1.181250345E-02 -1.181249414E-02  6.562000141E-03  4.222061806E+00 
        77 -1.168750320E-02 -1.168749388E-02  6.562000141E-03  4.172480212E+00 
        78 -1.156250294E-02 -1.156249363E-02  6.562000141E-03  4.122038036E+00 
        79 -1.143750269E-02 -1.143749431E-02  6.562000141E-03  4.070822423E+00 
        80 -1.131250337E-02 -1.131249405E-02  6.562000141E-03  4.019066591E+00 
        81 -1.118750311E-02 -1.118749380E-02  6.562000141E-03  3.967165707E+00 
        82 -1.106250286E-02 -1.106249448E-02  6.562000141E-03  3.915662809E+00 
        83 -1.093750261E-02 -1.093749423E-02  6.562000141E-03  3.865201115E+00 
        84 -1.081250329E-02 -1.081249397E-02  6.562000141E-03  3.816451584E+00 
        85 -1.068750303E-02 -1.068749372E-02  6.562000141E-03  3.770030256E+00 
        86 -1.056250278E-02 -1.056249440E-02  6.562000141E-03  3.726427784E+00 
        87 -1.043750346E-02 -1.043749414E-02  6.562000141E-03  3.685961249E+00 
        88 -1.031250320E-02 -1.031249389E-02  6.562000141E-03  3.648750844E+00 
        89 -1.018750295E-02 -1.018749457E-02  6.562000141E-03  3.614716005E+00 
        90 -1.006250270E-02 -1.006249432E-02  6.562000141E-03  3.583578173E+00 
        91 -1.806250401E-02 -1.806249283E-02  6.562000141E-03  5.413720149E+00 
        92 -1.793750376E-02 -1.793749258E-02  6.562000141E-03  5.443724800E+00 
        93 -1.781250350E-02 -1.781249419E-02  6.562000141E-03  5.474845723E+00 
        94 -1.768750325E-02 -1.768749394E-02  6.562000141E-03  5.505964679E+00 
        95 -1.756250300E-02 -1.756249368E-02  6.562000141E-03  5.536195261E+00 
        96 -1.743750274E-02 -1.743749343E-02  6.562000141E-03  5.564866590E+00 
        97 -1.731250249E-02 -1.731249318E-02  6.562000141E-03  5.591480813E+00 
        98 -1.718750410E-02 -1.718749292E-02  6.562000141E-03  5.615714905E+00 
        99 -1.706250384E-02 -1.706249267E-02  6.562000141E-03  5.637534912E+00 
       100 -1.693750359E-02 -1.693749428E-02  6.562000141E-03  5.657215978E+00 
       101 -1.681250334E-02 -1.681249402E-02  6.562000141E-03  5.674857039E+00 
       102 -1.668750308E-02 -1.668749377E-02  6.562000141E-03  5.689573896E+00 
       103 -1.656250283E-02 -1.656249352E-02  6.562000141E-03  5.699471155E+00 
       104 -1.643750258E-02 -1.643749326E-02  6.562000141E-03  5.701504072E+00 
       105 -1.631250232E-02 -1.631249301E-02  6.562000141E-03  5.692632778E+00 
       106 -1.618750393E-02 -1.618749276E-02  6.562000141E-03  5.673160507E+00 
       107 -1.606250368E-02 -1.606249437E-02  6.562000141E-03  5.646556454E+00 
       108 -1.593750343E-02 -1.593749411E-02  6.562000141E-03  5.616707500E+00 
       109 -1.581250317E-02 -1.581249386E-02  6.562000141E-03  5.586082633E+00 
       110 -1.568750292E-02 -1.568749361E-02  6.562000141E-03  5.555740207E+00 
       111 -1.556250360E-02 -1.556249335E-02  6.562000141E-03  5.526046352E+00 
       112 -1.543750335E-02 -1.543749403E-02  6.562000141E-03  5.496719111E+00 
       113 -1.531250309E-02 -1.531249378E-02  6.562000141E-03  5.467242380E+00 
       114 -1.518750377E-02 -1.518749353E-02  6.562000141E-03  5.436991605E+00 
       115 -1.506250352E-02 -1.506249420E-02  6.562000141E-03  5.405389698E+00 
       116 -1.493750326E-02 -1.493749395E-02  6.562000141E-03  5.371950156E+00 
       117 -1.481250301E-02 -1.481249370E-02  6.562000141E-03  5.336292498E+00 
       118 -1.468750369E-02 -1.468749344E-02  6.562000141E-03  5.298168215E+00 
       119 -1.456250343E-02 -1.456249412E-02  6.562000141E-03  5.257505381E+00 
       120 -1.443750318E-02 -1.443749387E-02  6.562000141E-03  5.214438782E+00 
       121 -1.431250293E-02 -1.431249361E-02  6.562000141E-03  5.169298678E+00 
       122 -1.418750361E-02 -1.418749429E-02  6.562000141E-03  5.122559092E+00 
       123 -1.406250335E-02 -1.406249404E-02  6.562000141E-03  5.074751804E+00 
       124 -1.895638742E-02 -1.895638742E-02  6.562000606E-03  5.314909521E+00 
       125 -1.889957115E-02 -1.889957115E-02  6.562000141E-03  5.342306003E+00 
       126 -1.880222373E-02 -1.880222000E-02  6.562000141E-03  5.328501200E+00 
       127 -1.868750341E-02 -1.868749410E-02  6.562000141E-03  5.327029873E+00 
       128 -1.856250316E-02 -1.856249385E-02  6.562000141E-03  5.332157469E+00 
       129 -1.843750291E-02 -1.843749359E-02  6.562000141E-03  5.344152223E+00 
       130 -1.831250265E-02 -1.831249334E-02  6.562000141E-03  5.362512056E+00 
       131 -1.818750426E-02 -1.818749309E-02  6.562000141E-03  5.386163568E+00 
       132 -1.898222044E-02 -1.898222044E-02  6.562000606E-03  5.337419559E+00 
       133 -1.904012822E-02 -1.904012822E-02  6.562000141E-03  5.324957132E+00 
       134 -1.912219450E-02 -1.912219450E-02  6.562000606E-03  5.260856012E+00 
       135 -1.916676387E-02 -1.916676387E-02  6.562000606E-03  5.225340288E+00 
       136 -1.923896931E-02 -1.923896931E-02  6.562000141E-03  5.144341717E+00 
       137 -1.931096986E-02 -1.931096986E-02  6.562000606E-03  5.042305704E+00 
       138 -1.938296854E-02 -1.938296854E-02  6.562000141E-03  4.950604347E+00 
       139 -1.945496909E-02 -1.945496909E-02  6.562000141E-03  4.815021430E+00 
       140 -1.952696778E-02 -1.952696778E-02  6.562000141E-03  4.742888796E+00 
       141 -1.959896833E-02 -1.959896833E-02  6.562000141E-03  4.615726382E+00 
       142 -1.967096888E-02 -1.967096888E-02  6.562000141E-03  4.571966221E+00 
       143 -1.974296942E-02 -1.974296942E-02  6.562000141E-03  4.467798118E+00 
       144 -1.981496811E-02 -1.981496811E-02  6.562000141E-03  4.440997586E+00 
       145 -1.988696866E-02 -1.988696866E-02  6.562000141E-03  4.350750540E+00 
       146 -1.995896734E-02 -1.995896734E-02  6.562000141E-03  4.318644823E+00 
       147 -2.003096975E-02 -2.003096975E-02  6.562000141E-03  4.228121602E+00 
       148 -2.010296844E-02 -2.010296844E-02  6.562000141E-03  4.186289227E+00 
       149 -2.017496899E-02 -2.017496899E-02  6.562000141E-03  4.103459531E+00 
       150 -2.024696954E-02 -2.024696954E-02  6.562000141E-03  4.068051380E+00 
       151 -2.031897008E-02 -2.031897008E-02  6.562000141E-03  4.009706744E+00 
       152 -2.039096877E-02 -2.039096877E-02  6.562000141E-03  3.996192289E+00 
       153 -2.046296932E-02 -2.046296932E-02  6.562000141E-03  3.970576990E+00 
       154 -2.053496800E-02 -2.053496800E-02  6.562000141E-03  3.984337007E+00 
       155 -2.060696855E-02 -2.060696855E-02  6.562000141E-03  3.988043098E+00 
       156 -2.067896910E-02 -2.067896910E-02  6.562000141E-03  4.019132350E+00 
       157 -2.075096965E-02 -2.075096965E-02  6.562000141E-03  4.029443155E+00 
       158 -2.082296833E-02 -2.082296833E-02  6.562000141E-03  4.045684831E+00 
       159 -2.089514025E-02 -2.089514025E-02  6.562000141E-03  4.015874818E+00 
       160 -2.095155232E-02 -2.095155232E-02  6.562000141E-03  3.964728394E+00 
       161 -2.100796066E-02 -2.100796066E-02  6.562000141E-03  3.897569088E+00 
       162 -2.102797665E-02 -2.102797665E-02  6.562000141E-03  3.888985663E+00 
       163 -2.106651478E-02 -2.106651478E-02  6.562000606E-03  3.747848125E+00 
       164 -2.110337466E-02 -2.110337466E-02  6.562000606E-03  3.489107553E+00 
       165 -2.112556621E-02 -2.112556621E-02  6.562000606E-03  3.183488926E+00 
       166 -2.114406601E-02 -2.114406601E-02  6.562000606E-03  2.801020400E+00 
       167 -2.115948685E-02 -2.115948685E-02  6.562000606E-03  2.362408735E+00 
       168 -2.117234282E-02 -2.117234282E-02  6.562000606E-03  1.894127708E+00 
       169 -2.118305862E-02 -2.118305862E-02  6.562000141E-03  1.434418533E+00 
       170 -2.119199000E-02 -2.119199000E-02  6.562000141E-03  1.021076599E+00 
       171 -2.119943500E-02 -2.119943500E-02  6.562000606E-03  6.678966881E-01 
       172 -2.120563947E-02 -2.120563947E-02  6.562000141E-03  3.714154583E-01 
       173 -2.121081017E-02 -2.121081017E-02  6.562000141E-03  1.234002908E-01 
       174 -2.830386860E-03 -2.830386860E-03  6.562000606E-03  1.048719095E+00 
       175 -2.835483057E-03 -2.835483057E-03  6.562001072E-03  1.056502798E+00 
       176 -2.841604175E-03 -2.841604175E-03  6.562000606E-03  1.069201652E+00 
       177 -2.848957200E-03 -2.848957200E-03  6.562000141E-03  1.087529865E+00 
       178 -2.857792191E-03 -2.857792191E-03  6.562000141E-03  1.111656992E+00 
       179 -2.868410433E-03 -2.868410433E-03  6.561999675E-03  1.140989891E+00 
       180 -2.881176071E-03 -2.881176071E-03  6.562000606E-03  1.174175601E+00 
       181 -2.896528924E-03 -2.896528924E-03  6.562000606E-03  1.209490322E+00 
       182 -2.915001474E-03 -2.915001474E-03  6.562000141E-03  1.246109660E+00 
