cellnumber     x-coordinate     y-coordinate     z-coordinate velocity-magnitude 
         1  3.500000015E-02 -2.946904302E-02  6.561999675E-03  3.371779826E+00 
         2  3.500000015E-02 -2.932504192E-02  6.562000141E-03  3.518742375E+00 
         3  3.500000015E-02 -2.918104269E-02  6.561999675E-03  3.769208930E+00 
         4  3.500000015E-02 -2.903704345E-02  6.561999675E-03  4.015167015E+00 
         5  3.500000015E-02 -2.889304236E-02  6.561999675E-03  4.006176518E+00 
         6  3.500000015E-02 -2.874904312E-02  6.561999675E-03  3.797628816E+00 
         7  3.500000015E-02 -2.860504203E-02  6.561999675E-03  3.312306821E+00 
         8  3.500000015E-02 -2.846104279E-02  6.561999675E-03  2.131020901E+00 
         9  3.500000015E-02 -2.831704356E-02  6.561999675E-03  1.433573968E+00 
        10  3.500000015E-02 -2.817304246E-02  6.561999675E-03  1.783075249E+00 
        11  3.500000015E-02 -2.802904323E-02  6.561999675E-03  1.784069861E+00 
        12  3.500000015E-02 -2.788504213E-02  6.561999675E-03  1.896893211E+00 
        13  3.500000015E-02 -2.774104290E-02  6.561999675E-03  2.086293413E+00 
        14  3.500000015E-02 -2.759704180E-02  6.561999675E-03  2.242712196E+00 
        15  3.500000015E-02 -2.745304257E-02  6.561999675E-03  2.450707833E+00 
        16  3.500000015E-02 -2.730904333E-02  6.561999675E-03  2.714555858E+00 
        17  3.500000015E-02 -2.716504224E-02  6.561999675E-03  2.966890550E+00 
        18  3.500000015E-02 -2.702104300E-02  6.561999675E-03  2.950764045E+00 
        19  3.500000015E-02 -2.687704191E-02  6.561999675E-03  2.614913500E+00 
        20  3.500000015E-02 -2.673304267E-02  6.561999675E-03  2.113251820E+00 
        21  3.500000015E-02 -2.658904344E-02  6.561999675E-03  1.476218091E+00 
        22  3.500000015E-02 -2.644504234E-02  6.561999675E-03  1.030843106E+00 
        23  3.500000015E-02 -2.630104311E-02  6.561999675E-03  8.887586247E-01 
        24  3.500000015E-02 -2.615704201E-02  6.561999675E-03  8.479887722E-01 
        25  3.500000015E-02 -2.601304278E-02  6.561999675E-03  8.776567703E-01 
        26  3.500000015E-02 -2.586904354E-02  6.561999675E-03  9.041966667E-01 
        27  3.500000015E-02 -2.572504245E-02  6.561999675E-03  9.500302685E-01 
        28  3.500000015E-02 -2.558104321E-02  6.561999675E-03  1.141180337E+00 
        29  3.500000015E-02 -2.543704212E-02  6.561999675E-03  1.288232105E+00 
        30  3.500000015E-02 -2.529304288E-02  6.561999675E-03  1.336042926E+00 
        31  3.500000015E-02 -2.514904365E-02  6.561999675E-03  1.328910088E+00 
        32  3.500000015E-02 -2.500504255E-02  6.561999675E-03  1.417056594E+00 
        33  3.500000015E-02 -2.486104332E-02  6.561999675E-03  1.499931129E+00 
        34  3.500000015E-02 -2.471704222E-02  6.561999675E-03  1.433040710E+00 
        35  3.500000015E-02 -2.457304299E-02  6.561999675E-03  1.258491258E+00 
        36  3.500000015E-02 -2.442904189E-02  6.561999675E-03  1.161568039E+00 
        37  3.500000015E-02 -2.428504266E-02  6.561999675E-03  4.216637477E-01 
        38  3.500000015E-02 -2.414104342E-02  6.561999675E-03  3.446188747E-01 
        39  3.500000015E-02 -2.399704233E-02  6.561999675E-03  4.950935418E-01 
        40  3.500000015E-02 -2.385304309E-02  6.562000141E-03  6.640105732E-01 
        41  3.500000015E-02 -2.370904200E-02  6.561999675E-03  7.370417878E-01 
        42  3.500000015E-02 -2.356504276E-02  6.562000141E-03  5.006978017E-01 
        43  3.500000015E-02 -2.344694175E-02  6.562000141E-03  5.830040930E-01 
        44  3.500000015E-02 -2.332915738E-02  6.562000141E-03  1.278392831E+00 
        45  3.500000015E-02 -2.320699580E-02  6.562000141E-03  1.142253223E+00 
        46  3.500000015E-02 -2.314046212E-02  6.562000141E-03  8.193350900E-01 
        47  3.500000015E-02 -2.310776524E-02  6.561999675E-03  5.999416055E-01 
        48  3.500000015E-02 -2.307719551E-02  6.561999675E-03  4.681635345E-01 
        49  3.500000015E-02 -2.305160835E-02  6.562000141E-03  3.709324409E-01 
        50  3.500000015E-02 -2.303021587E-02  6.561999675E-03  2.962829399E-01 
        51  3.500000015E-02 -2.301233262E-02  6.562000141E-03  2.323322679E-01 
        52  3.499999642E-02 -2.299739420E-02  6.562000141E-03  1.738586908E-01 
        53  3.500000015E-02 -2.298492938E-02  6.562000141E-03  1.220496021E-01 
        54  3.500000015E-02 -2.297452837E-02  6.562000141E-03  7.802717087E-02 
        55  3.500000015E-02 -2.296585403E-02  6.562000141E-03  4.262821697E-02 
        56  3.500000015E-02 -2.296095528E-02  6.562000141E-03  1.457135875E-02 
        57  3.500000015E-02 -3.232943267E-02  6.562000141E-03  1.032480285E+00 
        58  3.500000015E-02 -3.219095245E-02  6.562000141E-03  1.069417052E+00 
        59  3.500000015E-02 -3.206104040E-02  6.562000141E-03  1.063956203E+00 
        60  3.500000015E-02 -3.191704303E-02  6.561999675E-03  1.014114961E+00 
        61  3.500000015E-02 -3.177304193E-02  6.561999675E-03  1.440279365E+00 
        62  3.500000015E-02 -3.162904084E-02  6.561999675E-03  2.456689344E+00 
        63  3.500000015E-02 -3.148504347E-02  6.561999675E-03  3.077464178E+00 
        64  3.500000015E-02 -3.134104237E-02  6.561999675E-03  2.995961445E+00 
        65  3.500000015E-02 -3.119704314E-02  6.561999675E-03  2.913140132E+00 
        66  3.500000015E-02 -3.105304204E-02  6.561999675E-03  2.855093240E+00 
        67  3.500000015E-02 -3.090904281E-02  6.561999675E-03  2.750380951E+00 
        68  3.500000015E-02 -3.076504171E-02  6.561999675E-03  2.839630191E+00 
        69  3.500000015E-02 -3.062104248E-02  6.562000141E-03  2.919158395E+00 
        70  3.500000015E-02 -3.047704324E-02  6.561999675E-03  2.868879831E+00 
        71  3.500000015E-02 -3.033304214E-02  6.562000141E-03  2.879265861E+00 
        72  3.500000015E-02 -3.018904291E-02  6.561999675E-03  2.952393146E+00 
        73  3.500000015E-02 -3.004504181E-02  6.561999675E-03  3.097430531E+00 
        74  3.500000015E-02 -2.990104258E-02  6.561999675E-03  3.184381865E+00 
        75  3.500000015E-02 -2.975704335E-02  6.561999675E-03  3.222137387E+00 
        76  3.500000015E-02 -2.961304225E-02  6.561999675E-03  3.234278528E+00 
