cellnumber     x-coordinate     y-coordinate     z-coordinate velocity-magnitude 
         1  3.500000015E-02 -2.946904302E-02  6.561999675E-03  4.280453528E+00 
         2  3.500000015E-02 -2.932504192E-02  6.562000141E-03  4.721373657E+00 
         3  3.500000015E-02 -2.918104269E-02  6.561999675E-03  4.860971179E+00 
         4  3.500000015E-02 -2.903704345E-02  6.561999675E-03  4.963835615E+00 
         5  3.500000015E-02 -2.889304236E-02  6.561999675E-03  5.213195626E+00 
         6  3.500000015E-02 -2.874904312E-02  6.561999675E-03  5.618113939E+00 
         7  3.500000015E-02 -2.860504203E-02  6.561999675E-03  5.908815776E+00 
         8  3.500000015E-02 -2.846104279E-02  6.561999675E-03  5.907419854E+00 
         9  3.500000015E-02 -2.831704356E-02  6.561999675E-03  5.854757511E+00 
        10  3.500000015E-02 -2.817304246E-02  6.561999675E-03  5.803548727E+00 
        11  3.500000015E-02 -2.802904323E-02  6.561999675E-03  5.703512051E+00 
        12  3.500000015E-02 -2.788504213E-02  6.561999675E-03  5.707684057E+00 
        13  3.500000015E-02 -2.774104290E-02  6.561999675E-03  5.706398372E+00 
        14  3.500000015E-02 -2.759704180E-02  6.561999675E-03  5.666464636E+00 
        15  3.500000015E-02 -2.745304257E-02  6.561999675E-03  5.604099999E+00 
        16  3.500000015E-02 -2.730904333E-02  6.561999675E-03  5.539615092E+00 
        17  3.500000015E-02 -2.716504224E-02  6.561999675E-03  5.533736254E+00 
        18  3.500000015E-02 -2.702104300E-02  6.561999675E-03  5.541711631E+00 
        19  3.500000015E-02 -2.687704191E-02  6.561999675E-03  5.436432816E+00 
        20  3.500000015E-02 -2.673304267E-02  6.561999675E-03  5.050119845E+00 
        21  3.500000015E-02 -2.658904344E-02  6.561999675E-03  3.689176505E+00 
        22  3.500000015E-02 -2.644504234E-02  6.561999675E-03  2.412862486E+00 
        23  3.500000015E-02 -2.630104311E-02  6.561999675E-03  2.070613405E+00 
        24  3.500000015E-02 -2.615704201E-02  6.561999675E-03  2.146714686E+00 
        25  3.500000015E-02 -2.601304278E-02  6.561999675E-03  2.288556493E+00 
        26  3.500000015E-02 -2.586904354E-02  6.561999675E-03  2.107304512E+00 
        27  3.500000015E-02 -2.572504245E-02  6.561999675E-03  2.167409857E+00 
        28  3.500000015E-02 -2.558104321E-02  6.561999675E-03  2.399549638E+00 
        29  3.500000015E-02 -2.543704212E-02  6.561999675E-03  2.691951003E+00 
        30  3.500000015E-02 -2.529304288E-02  6.561999675E-03  3.274667447E+00 
        31  3.500000015E-02 -2.514904365E-02  6.561999675E-03  4.264520200E+00 
        32  3.500000015E-02 -2.500504255E-02  6.561999675E-03  4.949008597E+00 
        33  3.500000015E-02 -2.486104332E-02  6.561999675E-03  4.557681217E+00 
        34  3.500000015E-02 -2.471704222E-02  6.561999675E-03  3.524672853E+00 
        35  3.500000015E-02 -2.457304299E-02  6.561999675E-03  3.288922582E+00 
        36  3.500000015E-02 -2.442904189E-02  6.561999675E-03  3.889872879E+00 
        37  3.500000015E-02 -2.428504266E-02  6.561999675E-03  4.439990935E+00 
        38  3.500000015E-02 -2.414104342E-02  6.561999675E-03  4.613365077E+00 
        39  3.500000015E-02 -2.399704233E-02  6.561999675E-03  4.369940907E+00 
        40  3.500000015E-02 -2.385304309E-02  6.562000141E-03  4.046334293E+00 
        41  3.500000015E-02 -2.370904200E-02  6.561999675E-03  3.486161389E+00 
        42  3.500000015E-02 -2.356504276E-02  6.562000141E-03  3.248570236E+00 
        43  3.500000015E-02 -2.344694175E-02  6.562000141E-03  2.904125965E+00 
        44  3.500000015E-02 -2.332915738E-02  6.562000141E-03  2.280589250E+00 
        45  3.500000015E-02 -2.320699580E-02  6.562000141E-03  2.078600543E+00 
        46  3.500000015E-02 -2.314046212E-02  6.562000141E-03  2.069511405E+00 
        47  3.500000015E-02 -2.310776524E-02  6.561999675E-03  2.017412412E+00 
        48  3.500000015E-02 -2.307719551E-02  6.561999675E-03  1.901236322E+00 
        49  3.500000015E-02 -2.305160835E-02  6.562000141E-03  1.744624878E+00 
        50  3.500000015E-02 -2.303021587E-02  6.561999675E-03  1.561416064E+00 
        51  3.500000015E-02 -2.301233262E-02  6.562000141E-03  1.347932719E+00 
        52  3.499999642E-02 -2.299739420E-02  6.562000141E-03  1.103574830E+00 
        53  3.500000015E-02 -2.298492938E-02  6.562000141E-03  8.448750816E-01 
        54  3.500000015E-02 -2.297452837E-02  6.562000141E-03  5.879628178E-01 
        55  3.500000015E-02 -2.296585403E-02  6.562000141E-03  3.444692287E-01 
        56  3.500000015E-02 -2.296095528E-02  6.562000141E-03  1.202402639E-01 
        57  3.500000015E-02 -3.232943267E-02  6.562000141E-03  1.635156456E+00 
        58  3.500000015E-02 -3.219095245E-02  6.562000141E-03  1.628292899E+00 
        59  3.500000015E-02 -3.206104040E-02  6.562000141E-03  1.630151300E+00 
        60  3.500000015E-02 -3.191704303E-02  6.561999675E-03  1.798040339E+00 
        61  3.500000015E-02 -3.177304193E-02  6.561999675E-03  2.315172935E+00 
        62  3.500000015E-02 -3.162904084E-02  6.561999675E-03  2.713479437E+00 
        63  3.500000015E-02 -3.148504347E-02  6.561999675E-03  2.572984320E+00 
        64  3.500000015E-02 -3.134104237E-02  6.561999675E-03  2.430831577E+00 
        65  3.500000015E-02 -3.119704314E-02  6.561999675E-03  2.525625402E+00 
        66  3.500000015E-02 -3.105304204E-02  6.561999675E-03  2.852588567E+00 
        67  3.500000015E-02 -3.090904281E-02  6.561999675E-03  2.580719250E+00 
        68  3.500000015E-02 -3.076504171E-02  6.561999675E-03  1.772982507E+00 
        69  3.500000015E-02 -3.062104248E-02  6.562000141E-03  1.624115279E+00 
        70  3.500000015E-02 -3.047704324E-02  6.561999675E-03  1.946727292E+00 
        71  3.500000015E-02 -3.033304214E-02  6.562000141E-03  2.381688088E+00 
        72  3.500000015E-02 -3.018904291E-02  6.561999675E-03  3.047057709E+00 
        73  3.500000015E-02 -3.004504181E-02  6.561999675E-03  3.850507783E+00 
        74  3.500000015E-02 -2.990104258E-02  6.561999675E-03  4.053400728E+00 
        75  3.500000015E-02 -2.975704335E-02  6.561999675E-03  3.838120993E+00 
        76  3.500000015E-02 -2.961304225E-02  6.561999675E-03  3.867688312E+00 
