cellnumber     x-coordinate     y-coordinate     z-coordinate velocity-magnitude 
         1  3.500000015E-02 -2.946904302E-02  6.561999675E-03  2.997835607E+00 
         2  3.500000015E-02 -2.932504192E-02  6.562000141E-03  3.083273953E+00 
         3  3.500000015E-02 -2.918104269E-02  6.561999675E-03  2.903387418E+00 
         4  3.500000015E-02 -2.903704345E-02  6.561999675E-03  3.004250099E+00 
         5  3.500000015E-02 -2.889304236E-02  6.561999675E-03  2.822864274E+00 
         6  3.500000015E-02 -2.874904312E-02  6.561999675E-03  2.382340132E+00 
         7  3.500000015E-02 -2.860504203E-02  6.561999675E-03  2.351923531E+00 
         8  3.500000015E-02 -2.846104279E-02  6.561999675E-03  2.546537099E+00 
         9  3.500000015E-02 -2.831704356E-02  6.561999675E-03  2.839684482E+00 
        10  3.500000015E-02 -2.817304246E-02  6.561999675E-03  3.209038322E+00 
        11  3.500000015E-02 -2.802904323E-02  6.561999675E-03  3.454761275E+00 
        12  3.500000015E-02 -2.788504213E-02  6.561999675E-03  3.391959611E+00 
        13  3.500000015E-02 -2.774104290E-02  6.561999675E-03  2.915880757E+00 
        14  3.500000015E-02 -2.759704180E-02  6.561999675E-03  2.542046534E+00 
        15  3.500000015E-02 -2.745304257E-02  6.561999675E-03  2.265466674E+00 
        16  3.500000015E-02 -2.730904333E-02  6.561999675E-03  2.234588394E+00 
        17  3.500000015E-02 -2.716504224E-02  6.561999675E-03  2.476361326E+00 
        18  3.500000015E-02 -2.702104300E-02  6.561999675E-03  2.683710838E+00 
        19  3.500000015E-02 -2.687704191E-02  6.561999675E-03  2.723582472E+00 
        20  3.500000015E-02 -2.673304267E-02  6.561999675E-03  2.793555624E+00 
        21  3.500000015E-02 -2.658904344E-02  6.561999675E-03  2.922666436E+00 
        22  3.500000015E-02 -2.644504234E-02  6.561999675E-03  2.924700764E+00 
        23  3.500000015E-02 -2.630104311E-02  6.561999675E-03  2.861601158E+00 
        24  3.500000015E-02 -2.615704201E-02  6.561999675E-03  2.713067123E+00 
        25  3.500000015E-02 -2.601304278E-02  6.561999675E-03  2.473426131E+00 
        26  3.500000015E-02 -2.586904354E-02  6.561999675E-03  2.103449756E+00 
        27  3.500000015E-02 -2.572504245E-02  6.561999675E-03  1.124770435E+00 
        28  3.500000015E-02 -2.558104321E-02  6.561999675E-03  9.127736101E-01 
        29  3.500000015E-02 -2.543704212E-02  6.561999675E-03  9.795862160E-01 
        30  3.500000015E-02 -2.529304288E-02  6.561999675E-03  8.529355099E-01 
        31  3.500000015E-02 -2.514904365E-02  6.561999675E-03  8.634473363E-01 
        32  3.500000015E-02 -2.500504255E-02  6.561999675E-03  1.283934426E+00 
        33  3.500000015E-02 -2.486104332E-02  6.561999675E-03  1.715318525E+00 
        34  3.500000015E-02 -2.471704222E-02  6.561999675E-03  1.988263498E+00 
        35  3.500000015E-02 -2.457304299E-02  6.561999675E-03  1.730341600E+00 
        36  3.500000015E-02 -2.442904189E-02  6.561999675E-03  1.337934042E+00 
        37  3.500000015E-02 -2.428504266E-02  6.561999675E-03  1.201748572E+00 
        38  3.500000015E-02 -2.414104342E-02  6.561999675E-03  8.871431026E-01 
        39  3.500000015E-02 -2.399704233E-02  6.561999675E-03  5.964153504E-01 
        40  3.500000015E-02 -2.385304309E-02  6.562000141E-03  7.384165462E-01 
        41  3.500000015E-02 -2.370904200E-02  6.561999675E-03  7.529608329E-01 
        42  3.500000015E-02 -2.356504276E-02  6.562000141E-03  7.334668829E-01 
        43  3.500000015E-02 -2.344694175E-02  6.562000141E-03  7.361291510E-01 
        44  3.500000015E-02 -2.332915738E-02  6.562000141E-03  8.067408962E-01 
        45  3.500000015E-02 -2.320699580E-02  6.562000141E-03  1.015143223E+00 
        46  3.500000015E-02 -2.314046212E-02  6.562000141E-03  1.074946906E+00 
        47  3.500000015E-02 -2.310776524E-02  6.561999675E-03  1.070704103E+00 
        48  3.500000015E-02 -2.307719551E-02  6.561999675E-03  1.028962134E+00 
        49  3.500000015E-02 -2.305160835E-02  6.562000141E-03  9.705914169E-01 
        50  3.500000015E-02 -2.303021587E-02  6.561999675E-03  8.771089963E-01 
        51  3.500000015E-02 -2.301233262E-02  6.562000141E-03  7.530662378E-01 
        52  3.499999642E-02 -2.299739420E-02  6.562000141E-03  6.096034642E-01 
        53  3.500000015E-02 -2.298492938E-02  6.562000141E-03  4.614359022E-01 
        54  3.500000015E-02 -2.297452837E-02  6.562000141E-03  3.179761182E-01 
        55  3.500000015E-02 -2.296585403E-02  6.562000141E-03  1.846551962E-01 
        56  3.500000015E-02 -2.296095528E-02  6.562000141E-03  6.404356218E-02 
        57  3.500000015E-02 -3.232943267E-02  6.562000141E-03  5.325641691E+00 
        58  3.500000015E-02 -3.219095245E-02  6.562000141E-03  5.311282494E+00 
        59  3.500000015E-02 -3.206104040E-02  6.562000141E-03  5.215067159E+00 
        60  3.500000015E-02 -3.191704303E-02  6.561999675E-03  5.230174553E+00 
        61  3.500000015E-02 -3.177304193E-02  6.561999675E-03  5.143256011E+00 
        62  3.500000015E-02 -3.162904084E-02  6.561999675E-03  5.082487054E+00 
        63  3.500000015E-02 -3.148504347E-02  6.561999675E-03  5.065081295E+00 
        64  3.500000015E-02 -3.134104237E-02  6.561999675E-03  5.084163940E+00 
        65  3.500000015E-02 -3.119704314E-02  6.561999675E-03  5.082490478E+00 
        66  3.500000015E-02 -3.105304204E-02  6.561999675E-03  4.953666423E+00 
        67  3.500000015E-02 -3.090904281E-02  6.561999675E-03  4.734708871E+00 
        68  3.500000015E-02 -3.076504171E-02  6.561999675E-03  4.466209064E+00 
        69  3.500000015E-02 -3.062104248E-02  6.562000141E-03  4.222211473E+00 
        70  3.500000015E-02 -3.047704324E-02  6.561999675E-03  4.068291681E+00 
        71  3.500000015E-02 -3.033304214E-02  6.562000141E-03  3.864441277E+00 
        72  3.500000015E-02 -3.018904291E-02  6.561999675E-03  3.624574503E+00 
        73  3.500000015E-02 -3.004504181E-02  6.561999675E-03  3.459958688E+00 
        74  3.500000015E-02 -2.990104258E-02  6.561999675E-03  3.311891115E+00 
        75  3.500000015E-02 -2.975704335E-02  6.561999675E-03  3.061776318E+00 
        76  3.500000015E-02 -2.961304225E-02  6.561999675E-03  2.943820579E+00 
