cellnumber     x-coordinate     y-coordinate     z-coordinate velocity-magnitude 
         1  3.500000015E-02 -2.946904302E-02  6.561999675E-03  3.610666390E+00 
         2  3.500000015E-02 -2.932504192E-02  6.562000141E-03  3.566790744E+00 
         3  3.500000015E-02 -2.918104269E-02  6.561999675E-03  3.462820507E+00 
         4  3.500000015E-02 -2.903704345E-02  6.561999675E-03  3.372051242E+00 
         5  3.500000015E-02 -2.889304236E-02  6.561999675E-03  3.388245442E+00 
         6  3.500000015E-02 -2.874904312E-02  6.561999675E-03  3.453894087E+00 
         7  3.500000015E-02 -2.860504203E-02  6.561999675E-03  3.583096574E+00 
         8  3.500000015E-02 -2.846104279E-02  6.561999675E-03  3.766076213E+00 
         9  3.500000015E-02 -2.831704356E-02  6.561999675E-03  4.045430918E+00 
        10  3.500000015E-02 -2.817304246E-02  6.561999675E-03  4.402615244E+00 
        11  3.500000015E-02 -2.802904323E-02  6.561999675E-03  4.765483772E+00 
        12  3.500000015E-02 -2.788504213E-02  6.561999675E-03  5.125491593E+00 
        13  3.500000015E-02 -2.774104290E-02  6.561999675E-03  5.428998920E+00 
        14  3.500000015E-02 -2.759704180E-02  6.561999675E-03  5.694489588E+00 
        15  3.500000015E-02 -2.745304257E-02  6.561999675E-03  5.886777426E+00 
        16  3.500000015E-02 -2.730904333E-02  6.561999675E-03  5.938810453E+00 
        17  3.500000015E-02 -2.716504224E-02  6.561999675E-03  5.712085559E+00 
        18  3.500000015E-02 -2.702104300E-02  6.561999675E-03  5.194420159E+00 
        19  3.500000015E-02 -2.687704191E-02  6.561999675E-03  4.711678120E+00 
        20  3.500000015E-02 -2.673304267E-02  6.561999675E-03  4.346082955E+00 
        21  3.500000015E-02 -2.658904344E-02  6.561999675E-03  4.122115306E+00 
        22  3.500000015E-02 -2.644504234E-02  6.561999675E-03  4.109996421E+00 
        23  3.500000015E-02 -2.630104311E-02  6.561999675E-03  3.694831378E+00 
        24  3.500000015E-02 -2.615704201E-02  6.561999675E-03  3.429356114E+00 
        25  3.500000015E-02 -2.601304278E-02  6.561999675E-03  3.710725353E+00 
        26  3.500000015E-02 -2.586904354E-02  6.561999675E-03  3.678797264E+00 
        27  3.500000015E-02 -2.572504245E-02  6.561999675E-03  3.225086392E+00 
        28  3.500000015E-02 -2.558104321E-02  6.561999675E-03  3.077417685E+00 
        29  3.500000015E-02 -2.543704212E-02  6.561999675E-03  3.024416682E+00 
        30  3.500000015E-02 -2.529304288E-02  6.561999675E-03  2.641540675E+00 
        31  3.500000015E-02 -2.514904365E-02  6.561999675E-03  2.509110514E+00 
        32  3.500000015E-02 -2.500504255E-02  6.561999675E-03  2.122403985E+00 
        33  3.500000015E-02 -2.486104332E-02  6.561999675E-03  1.041140227E+00 
        34  3.500000015E-02 -2.471704222E-02  6.561999675E-03  8.035595679E-01 
        35  3.500000015E-02 -2.457304299E-02  6.561999675E-03  1.013531486E+00 
        36  3.500000015E-02 -2.442904189E-02  6.561999675E-03  1.139636774E+00 
        37  3.500000015E-02 -2.428504266E-02  6.561999675E-03  1.056799878E+00 
        38  3.500000015E-02 -2.414104342E-02  6.561999675E-03  9.017039419E-01 
        39  3.500000015E-02 -2.399704233E-02  6.561999675E-03  7.198278908E-01 
        40  3.500000015E-02 -2.385304309E-02  6.562000141E-03  3.156930870E-01 
        41  3.500000015E-02 -2.370904200E-02  6.561999675E-03  9.055293573E-01 
        42  3.500000015E-02 -2.356504276E-02  6.562000141E-03  1.127453706E+00 
        43  3.500000015E-02 -2.344694175E-02  6.562000141E-03  1.072240946E+00 
        44  3.500000015E-02 -2.332915738E-02  6.562000141E-03  1.021080124E+00 
        45  3.500000015E-02 -2.320699580E-02  6.562000141E-03  9.116162771E-01 
        46  3.500000015E-02 -2.314046212E-02  6.562000141E-03  8.806556229E-01 
        47  3.500000015E-02 -2.310776524E-02  6.561999675E-03  7.961728531E-01 
        48  3.500000015E-02 -2.307719551E-02  6.561999675E-03  7.172619845E-01 
        49  3.500000015E-02 -2.305160835E-02  6.562000141E-03  6.365436202E-01 
        50  3.500000015E-02 -2.303021587E-02  6.561999675E-03  5.469216380E-01 
        51  3.500000015E-02 -2.301233262E-02  6.562000141E-03  4.527745644E-01 
        52  3.499999642E-02 -2.299739420E-02  6.562000141E-03  3.579472899E-01 
        53  3.500000015E-02 -2.298492938E-02  6.562000141E-03  2.664831490E-01 
        54  3.500000015E-02 -2.297452837E-02  6.562000141E-03  1.812100733E-01 
        55  3.500000015E-02 -2.296585403E-02  6.562000141E-03  1.039653705E-01 
        56  3.500000015E-02 -2.296095528E-02  6.562000141E-03  3.556640557E-02 
        57  3.500000015E-02 -3.232943267E-02  6.562000141E-03  5.768065754E-01 
        58  3.500000015E-02 -3.219095245E-02  6.562000141E-03  9.173561518E-01 
        59  3.500000015E-02 -3.206104040E-02  6.562000141E-03  1.147200879E+00 
        60  3.500000015E-02 -3.191704303E-02  6.561999675E-03  1.376949447E+00 
        61  3.500000015E-02 -3.177304193E-02  6.561999675E-03  1.595252232E+00 
        62  3.500000015E-02 -3.162904084E-02  6.561999675E-03  1.808462628E+00 
        63  3.500000015E-02 -3.148504347E-02  6.561999675E-03  1.957604621E+00 
        64  3.500000015E-02 -3.134104237E-02  6.561999675E-03  2.045533432E+00 
        65  3.500000015E-02 -3.119704314E-02  6.561999675E-03  2.133512296E+00 
        66  3.500000015E-02 -3.105304204E-02  6.561999675E-03  2.271981608E+00 
        67  3.500000015E-02 -3.090904281E-02  6.561999675E-03  2.987408953E+00 
        68  3.500000015E-02 -3.076504171E-02  6.561999675E-03  3.614573933E+00 
        69  3.500000015E-02 -3.062104248E-02  6.562000141E-03  3.874659887E+00 
        70  3.500000015E-02 -3.047704324E-02  6.561999675E-03  4.059622341E+00 
        71  3.500000015E-02 -3.033304214E-02  6.562000141E-03  4.045693662E+00 
        72  3.500000015E-02 -3.018904291E-02  6.561999675E-03  3.774205815E+00 
        73  3.500000015E-02 -3.004504181E-02  6.561999675E-03  3.631567902E+00 
        74  3.500000015E-02 -2.990104258E-02  6.561999675E-03  3.805400227E+00 
        75  3.500000015E-02 -2.975704335E-02  6.561999675E-03  3.776819060E+00 
        76  3.500000015E-02 -2.961304225E-02  6.561999675E-03  3.725350718E+00 
