cellnumber     x-coordinate     y-coordinate     z-coordinate velocity-magnitude 
         1  3.500000015E-02 -2.946904302E-02  6.561999675E-03  2.118384430E+00 
         2  3.500000015E-02 -2.932504192E-02  6.562000141E-03  1.719698010E+00 
         3  3.500000015E-02 -2.918104269E-02  6.561999675E-03  1.719749687E+00 
         4  3.500000015E-02 -2.903704345E-02  6.561999675E-03  2.876387511E+00 
         5  3.500000015E-02 -2.889304236E-02  6.561999675E-03  4.219198443E+00 
         6  3.500000015E-02 -2.874904312E-02  6.561999675E-03  4.799747522E+00 
         7  3.500000015E-02 -2.860504203E-02  6.561999675E-03  4.736239134E+00 
         8  3.500000015E-02 -2.846104279E-02  6.561999675E-03  4.552500548E+00 
         9  3.500000015E-02 -2.831704356E-02  6.561999675E-03  4.511719250E+00 
        10  3.500000015E-02 -2.817304246E-02  6.561999675E-03  4.487193789E+00 
        11  3.500000015E-02 -2.802904323E-02  6.561999675E-03  4.465594022E+00 
        12  3.500000015E-02 -2.788504213E-02  6.561999675E-03  4.815659177E+00 
        13  3.500000015E-02 -2.774104290E-02  6.561999675E-03  5.230996971E+00 
        14  3.500000015E-02 -2.759704180E-02  6.561999675E-03  5.478340259E+00 
        15  3.500000015E-02 -2.745304257E-02  6.561999675E-03  5.481284693E+00 
        16  3.500000015E-02 -2.730904333E-02  6.561999675E-03  5.401112345E+00 
        17  3.500000015E-02 -2.716504224E-02  6.561999675E-03  5.129378322E+00 
        18  3.500000015E-02 -2.702104300E-02  6.561999675E-03  4.803660651E+00 
        19  3.500000015E-02 -2.687704191E-02  6.561999675E-03  4.361871550E+00 
        20  3.500000015E-02 -2.673304267E-02  6.561999675E-03  3.920134884E+00 
        21  3.500000015E-02 -2.658904344E-02  6.561999675E-03  3.780507065E+00 
        22  3.500000015E-02 -2.644504234E-02  6.561999675E-03  3.665133231E+00 
        23  3.500000015E-02 -2.630104311E-02  6.561999675E-03  3.264989803E+00 
        24  3.500000015E-02 -2.615704201E-02  6.561999675E-03  2.951609452E+00 
        25  3.500000015E-02 -2.601304278E-02  6.561999675E-03  2.825193096E+00 
        26  3.500000015E-02 -2.586904354E-02  6.561999675E-03  2.767842189E+00 
        27  3.500000015E-02 -2.572504245E-02  6.561999675E-03  2.865381258E+00 
        28  3.500000015E-02 -2.558104321E-02  6.561999675E-03  2.980941753E+00 
        29  3.500000015E-02 -2.543704212E-02  6.561999675E-03  2.832109198E+00 
        30  3.500000015E-02 -2.529304288E-02  6.561999675E-03  2.524875045E+00 
        31  3.500000015E-02 -2.514904365E-02  6.561999675E-03  2.382938714E+00 
        32  3.500000015E-02 -2.500504255E-02  6.561999675E-03  1.890921932E+00 
        33  3.500000015E-02 -2.486104332E-02  6.561999675E-03  1.504465724E+00 
        34  3.500000015E-02 -2.471704222E-02  6.561999675E-03  1.507583571E+00 
        35  3.500000015E-02 -2.457304299E-02  6.561999675E-03  1.518262715E+00 
        36  3.500000015E-02 -2.442904189E-02  6.561999675E-03  1.423837180E+00 
        37  3.500000015E-02 -2.428504266E-02  6.561999675E-03  1.283463104E+00 
        38  3.500000015E-02 -2.414104342E-02  6.561999675E-03  1.107995669E+00 
        39  3.500000015E-02 -2.399704233E-02  6.561999675E-03  9.067040422E-01 
        40  3.500000015E-02 -2.385304309E-02  6.562000141E-03  8.028122010E-01 
        41  3.500000015E-02 -2.370904200E-02  6.561999675E-03  8.791855036E-01 
        42  3.500000015E-02 -2.356504276E-02  6.562000141E-03  1.137184174E+00 
        43  3.500000015E-02 -2.344694175E-02  6.562000141E-03  1.381763523E+00 
        44  3.500000015E-02 -2.332915738E-02  6.562000141E-03  1.615937905E+00 
        45  3.500000015E-02 -2.320699580E-02  6.562000141E-03  1.163386428E+00 
        46  3.500000015E-02 -2.314046212E-02  6.562000141E-03  8.634365772E-01 
        47  3.500000015E-02 -2.310776524E-02  6.561999675E-03  5.445541487E-01 
        48  3.500000015E-02 -2.307719551E-02  6.561999675E-03  3.848913216E-01 
        49  3.500000015E-02 -2.305160835E-02  6.562000141E-03  2.693540216E-01 
        50  3.500000015E-02 -2.303021587E-02  6.561999675E-03  1.907388617E-01 
        51  3.500000015E-02 -2.301233262E-02  6.562000141E-03  1.383449038E-01 
        52  3.499999642E-02 -2.299739420E-02  6.562000141E-03  1.060791710E-01 
        53  3.500000015E-02 -2.298492938E-02  6.562000141E-03  8.472498687E-02 
        54  3.500000015E-02 -2.297452837E-02  6.562000141E-03  6.538833868E-02 
        55  3.500000015E-02 -2.296585403E-02  6.562000141E-03  4.326788757E-02 
        56  3.500000015E-02 -2.296095528E-02  6.562000141E-03  1.725973601E-02 
        57  3.500000015E-02 -3.232943267E-02  6.562000141E-03  2.233921726E+00 
        58  3.500000015E-02 -3.219095245E-02  6.562000141E-03  2.377257172E+00 
        59  3.500000015E-02 -3.206104040E-02  6.562000141E-03  2.359645025E+00 
        60  3.500000015E-02 -3.191704303E-02  6.561999675E-03  2.282139788E+00 
        61  3.500000015E-02 -3.177304193E-02  6.561999675E-03  2.069306344E+00 
        62  3.500000015E-02 -3.162904084E-02  6.561999675E-03  1.648014143E+00 
        63  3.500000015E-02 -3.148504347E-02  6.561999675E-03  1.161633584E+00 
        64  3.500000015E-02 -3.134104237E-02  6.561999675E-03  8.548078438E-01 
        65  3.500000015E-02 -3.119704314E-02  6.561999675E-03  1.045314826E+00 
        66  3.500000015E-02 -3.105304204E-02  6.561999675E-03  1.046589120E+00 
        67  3.500000015E-02 -3.090904281E-02  6.561999675E-03  1.078668143E+00 
        68  3.500000015E-02 -3.076504171E-02  6.561999675E-03  1.114817574E+00 
        69  3.500000015E-02 -3.062104248E-02  6.562000141E-03  1.059880166E+00 
        70  3.500000015E-02 -3.047704324E-02  6.561999675E-03  1.244252060E+00 
        71  3.500000015E-02 -3.033304214E-02  6.562000141E-03  1.264035595E+00 
        72  3.500000015E-02 -3.018904291E-02  6.561999675E-03  1.446884277E+00 
        73  3.500000015E-02 -3.004504181E-02  6.561999675E-03  1.827719972E+00 
        74  3.500000015E-02 -2.990104258E-02  6.561999675E-03  2.307455112E+00 
        75  3.500000015E-02 -2.975704335E-02  6.561999675E-03  2.421359493E+00 
        76  3.500000015E-02 -2.961304225E-02  6.561999675E-03  2.372721113E+00 
