cellnumber     x-coordinate     y-coordinate     z-coordinate velocity-magnitude 
         1  3.500000015E-02 -2.946904302E-02  6.561999675E-03  5.653800781E+00 
         2  3.500000015E-02 -2.932504192E-02  6.562000141E-03  5.350788680E+00 
         3  3.500000015E-02 -2.918104269E-02  6.561999675E-03  5.193996018E+00 
         4  3.500000015E-02 -2.903704345E-02  6.561999675E-03  5.313826338E+00 
         5  3.500000015E-02 -2.889304236E-02  6.561999675E-03  5.215792773E+00 
         6  3.500000015E-02 -2.874904312E-02  6.561999675E-03  4.947787142E+00 
         7  3.500000015E-02 -2.860504203E-02  6.561999675E-03  5.221289764E+00 
         8  3.500000015E-02 -2.846104279E-02  6.561999675E-03  5.702594930E+00 
         9  3.500000015E-02 -2.831704356E-02  6.561999675E-03  5.759983592E+00 
        10  3.500000015E-02 -2.817304246E-02  6.561999675E-03  5.667213427E+00 
        11  3.500000015E-02 -2.802904323E-02  6.561999675E-03  5.698438411E+00 
        12  3.500000015E-02 -2.788504213E-02  6.561999675E-03  5.714827623E+00 
        13  3.500000015E-02 -2.774104290E-02  6.561999675E-03  5.694736547E+00 
        14  3.500000015E-02 -2.759704180E-02  6.561999675E-03  5.517098953E+00 
        15  3.500000015E-02 -2.745304257E-02  6.561999675E-03  4.857418407E+00 
        16  3.500000015E-02 -2.730904333E-02  6.561999675E-03  4.389019218E+00 
        17  3.500000015E-02 -2.716504224E-02  6.561999675E-03  3.804954049E+00 
        18  3.500000015E-02 -2.702104300E-02  6.561999675E-03  3.919953292E+00 
        19  3.500000015E-02 -2.687704191E-02  6.561999675E-03  3.857343022E+00 
        20  3.500000015E-02 -2.673304267E-02  6.561999675E-03  4.508260405E+00 
        21  3.500000015E-02 -2.658904344E-02  6.561999675E-03  5.187615362E+00 
        22  3.500000015E-02 -2.644504234E-02  6.561999675E-03  4.771354545E+00 
        23  3.500000015E-02 -2.630104311E-02  6.561999675E-03  3.050407547E+00 
        24  3.500000015E-02 -2.615704201E-02  6.561999675E-03  2.044566731E+00 
        25  3.500000015E-02 -2.601304278E-02  6.561999675E-03  1.550102093E+00 
        26  3.500000015E-02 -2.586904354E-02  6.561999675E-03  1.475737527E+00 
        27  3.500000015E-02 -2.572504245E-02  6.561999675E-03  1.674877345E+00 
        28  3.500000015E-02 -2.558104321E-02  6.561999675E-03  1.735278960E+00 
        29  3.500000015E-02 -2.543704212E-02  6.561999675E-03  1.713473034E+00 
        30  3.500000015E-02 -2.529304288E-02  6.561999675E-03  1.334002357E+00 
        31  3.500000015E-02 -2.514904365E-02  6.561999675E-03  1.223753169E+00 
        32  3.500000015E-02 -2.500504255E-02  6.561999675E-03  1.452233788E+00 
        33  3.500000015E-02 -2.486104332E-02  6.561999675E-03  1.977349714E+00 
        34  3.500000015E-02 -2.471704222E-02  6.561999675E-03  2.581601726E+00 
        35  3.500000015E-02 -2.457304299E-02  6.561999675E-03  2.708527635E+00 
        36  3.500000015E-02 -2.442904189E-02  6.561999675E-03  2.756708227E+00 
        37  3.500000015E-02 -2.428504266E-02  6.561999675E-03  3.085139179E+00 
        38  3.500000015E-02 -2.414104342E-02  6.561999675E-03  3.324539358E+00 
        39  3.500000015E-02 -2.399704233E-02  6.561999675E-03  3.452918395E+00 
        40  3.500000015E-02 -2.385304309E-02  6.562000141E-03  3.419117591E+00 
        41  3.500000015E-02 -2.370904200E-02  6.561999675E-03  3.332356537E+00 
        42  3.500000015E-02 -2.356504276E-02  6.562000141E-03  2.988495726E+00 
        43  3.500000015E-02 -2.344694175E-02  6.562000141E-03  2.490689440E+00 
        44  3.500000015E-02 -2.332915738E-02  6.562000141E-03  2.388712295E+00 
        45  3.500000015E-02 -2.320699580E-02  6.562000141E-03  2.148488197E+00 
        46  3.500000015E-02 -2.314046212E-02  6.562000141E-03  1.997906149E+00 
        47  3.500000015E-02 -2.310776524E-02  6.561999675E-03  1.885612873E+00 
        48  3.500000015E-02 -2.307719551E-02  6.561999675E-03  1.745367142E+00 
        49  3.500000015E-02 -2.305160835E-02  6.562000141E-03  1.587717899E+00 
        50  3.500000015E-02 -2.303021587E-02  6.561999675E-03  1.432580770E+00 
        51  3.500000015E-02 -2.301233262E-02  6.562000141E-03  1.273209136E+00 
        52  3.499999642E-02 -2.299739420E-02  6.562000141E-03  1.096457186E+00 
        53  3.500000015E-02 -2.298492938E-02  6.562000141E-03  8.945124772E-01 
        54  3.500000015E-02 -2.297452837E-02  6.562000141E-03  6.664415871E-01 
        55  3.500000015E-02 -2.296585403E-02  6.562000141E-03  4.173386003E-01 
        56  3.500000015E-02 -2.296095528E-02  6.562000141E-03  1.560893915E-01 
        57  3.500000015E-02 -3.232943267E-02  6.562000141E-03  2.544698525E+00 
        58  3.500000015E-02 -3.219095245E-02  6.562000141E-03  2.391201522E+00 
        59  3.500000015E-02 -3.206104040E-02  6.562000141E-03  2.230163357E+00 
        60  3.500000015E-02 -3.191704303E-02  6.561999675E-03  2.534959254E+00 
        61  3.500000015E-02 -3.177304193E-02  6.561999675E-03  2.716182758E+00 
        62  3.500000015E-02 -3.162904084E-02  6.561999675E-03  2.674730213E+00 
        63  3.500000015E-02 -3.148504347E-02  6.561999675E-03  2.395439699E+00 
        64  3.500000015E-02 -3.134104237E-02  6.561999675E-03  2.356634766E+00 
        65  3.500000015E-02 -3.119704314E-02  6.561999675E-03  2.547720206E+00 
        66  3.500000015E-02 -3.105304204E-02  6.561999675E-03  2.883907094E+00 
        67  3.500000015E-02 -3.090904281E-02  6.561999675E-03  3.175456814E+00 
        68  3.500000015E-02 -3.076504171E-02  6.561999675E-03  3.258057988E+00 
        69  3.500000015E-02 -3.062104248E-02  6.562000141E-03  3.425315024E+00 
        70  3.500000015E-02 -3.047704324E-02  6.561999675E-03  3.827324915E+00 
        71  3.500000015E-02 -3.033304214E-02  6.562000141E-03  4.065975786E+00 
        72  3.500000015E-02 -3.018904291E-02  6.561999675E-03  3.853468410E+00 
        73  3.500000015E-02 -3.004504181E-02  6.561999675E-03  3.780418457E+00 
        74  3.500000015E-02 -2.990104258E-02  6.561999675E-03  4.292830786E+00 
        75  3.500000015E-02 -2.975704335E-02  6.561999675E-03  4.748214265E+00 
        76  3.500000015E-02 -2.961304225E-02  6.561999675E-03  5.392413150E+00 
