cellnumber     x-coordinate     y-coordinate     z-coordinate velocity-magnitude 
         1  3.500000015E-02 -2.946904302E-02  6.561999675E-03  4.841760946E+00 
         2  3.500000015E-02 -2.932504192E-02  6.562000141E-03  4.467873196E+00 
         3  3.500000015E-02 -2.918104269E-02  6.561999675E-03  4.461135138E+00 
         4  3.500000015E-02 -2.903704345E-02  6.561999675E-03  4.768029268E+00 
         5  3.500000015E-02 -2.889304236E-02  6.561999675E-03  4.853563141E+00 
         6  3.500000015E-02 -2.874904312E-02  6.561999675E-03  4.897764064E+00 
         7  3.500000015E-02 -2.860504203E-02  6.561999675E-03  4.850009979E+00 
         8  3.500000015E-02 -2.846104279E-02  6.561999675E-03  4.862982974E+00 
         9  3.500000015E-02 -2.831704356E-02  6.561999675E-03  5.087676828E+00 
        10  3.500000015E-02 -2.817304246E-02  6.561999675E-03  5.218833712E+00 
        11  3.500000015E-02 -2.802904323E-02  6.561999675E-03  5.130479822E+00 
        12  3.500000015E-02 -2.788504213E-02  6.561999675E-03  4.618901300E+00 
        13  3.500000015E-02 -2.774104290E-02  6.561999675E-03  3.465414734E+00 
        14  3.500000015E-02 -2.759704180E-02  6.561999675E-03  3.308291524E+00 
        15  3.500000015E-02 -2.745304257E-02  6.561999675E-03  3.168488263E+00 
        16  3.500000015E-02 -2.730904333E-02  6.561999675E-03  2.161645285E+00 
        17  3.500000015E-02 -2.716504224E-02  6.561999675E-03  1.623972712E+00 
        18  3.500000015E-02 -2.702104300E-02  6.561999675E-03  1.415028576E+00 
        19  3.500000015E-02 -2.687704191E-02  6.561999675E-03  8.203001877E-01 
        20  3.500000015E-02 -2.673304267E-02  6.561999675E-03  1.217183195E+00 
        21  3.500000015E-02 -2.658904344E-02  6.561999675E-03  1.566038461E+00 
        22  3.500000015E-02 -2.644504234E-02  6.561999675E-03  1.541725486E+00 
        23  3.500000015E-02 -2.630104311E-02  6.561999675E-03  1.422604648E+00 
        24  3.500000015E-02 -2.615704201E-02  6.561999675E-03  1.298131203E+00 
        25  3.500000015E-02 -2.601304278E-02  6.561999675E-03  1.548159743E+00 
        26  3.500000015E-02 -2.586904354E-02  6.561999675E-03  1.742909999E+00 
        27  3.500000015E-02 -2.572504245E-02  6.561999675E-03  1.921587751E+00 
        28  3.500000015E-02 -2.558104321E-02  6.561999675E-03  2.117586390E+00 
        29  3.500000015E-02 -2.543704212E-02  6.561999675E-03  2.157732884E+00 
        30  3.500000015E-02 -2.529304288E-02  6.561999675E-03  2.574241763E+00 
        31  3.500000015E-02 -2.514904365E-02  6.561999675E-03  2.871804290E+00 
        32  3.500000015E-02 -2.500504255E-02  6.561999675E-03  3.283723536E+00 
        33  3.500000015E-02 -2.486104332E-02  6.561999675E-03  3.725961047E+00 
        34  3.500000015E-02 -2.471704222E-02  6.561999675E-03  3.673611051E+00 
        35  3.500000015E-02 -2.457304299E-02  6.561999675E-03  3.270320105E+00 
        36  3.500000015E-02 -2.442904189E-02  6.561999675E-03  2.862224224E+00 
        37  3.500000015E-02 -2.428504266E-02  6.561999675E-03  2.494461439E+00 
        38  3.500000015E-02 -2.414104342E-02  6.561999675E-03  1.862368586E+00 
        39  3.500000015E-02 -2.399704233E-02  6.561999675E-03  1.563602943E+00 
        40  3.500000015E-02 -2.385304309E-02  6.562000141E-03  1.532913054E+00 
        41  3.500000015E-02 -2.370904200E-02  6.561999675E-03  1.392503752E+00 
        42  3.500000015E-02 -2.356504276E-02  6.562000141E-03  1.209567971E+00 
        43  3.500000015E-02 -2.344694175E-02  6.562000141E-03  1.017350846E+00 
        44  3.500000015E-02 -2.332915738E-02  6.562000141E-03  9.108453797E-01 
        45  3.500000015E-02 -2.320699580E-02  6.562000141E-03  8.239233879E-01 
        46  3.500000015E-02 -2.314046212E-02  6.562000141E-03  7.629185744E-01 
        47  3.500000015E-02 -2.310776524E-02  6.561999675E-03  6.939228641E-01 
        48  3.500000015E-02 -2.307719551E-02  6.561999675E-03  5.838151769E-01 
        49  3.500000015E-02 -2.305160835E-02  6.562000141E-03  4.721590424E-01 
        50  3.500000015E-02 -2.303021587E-02  6.561999675E-03  3.714349148E-01 
        51  3.500000015E-02 -2.301233262E-02  6.562000141E-03  2.862727016E-01 
        52  3.499999642E-02 -2.299739420E-02  6.562000141E-03  2.155437399E-01 
        53  3.500000015E-02 -2.298492938E-02  6.562000141E-03  1.557576010E-01 
        54  3.500000015E-02 -2.297452837E-02  6.562000141E-03  1.042649055E-01 
        55  3.500000015E-02 -2.296585403E-02  6.562000141E-03  5.949312778E-02 
        56  3.500000015E-02 -2.296095528E-02  6.562000141E-03  2.042426937E-02 
        57  3.500000015E-02 -3.232943267E-02  6.562000141E-03  2.177769865E+00 
        58  3.500000015E-02 -3.219095245E-02  6.562000141E-03  2.998425544E+00 
        59  3.500000015E-02 -3.206104040E-02  6.562000141E-03  3.098132032E+00 
        60  3.500000015E-02 -3.191704303E-02  6.561999675E-03  3.244950219E+00 
        61  3.500000015E-02 -3.177304193E-02  6.561999675E-03  3.176673000E+00 
        62  3.500000015E-02 -3.162904084E-02  6.561999675E-03  2.684630490E+00 
        63  3.500000015E-02 -3.148504347E-02  6.561999675E-03  2.367820602E+00 
        64  3.500000015E-02 -3.134104237E-02  6.561999675E-03  2.483732221E+00 
        65  3.500000015E-02 -3.119704314E-02  6.561999675E-03  2.770488308E+00 
        66  3.500000015E-02 -3.105304204E-02  6.561999675E-03  2.350390961E+00 
        67  3.500000015E-02 -3.090904281E-02  6.561999675E-03  2.244873699E+00 
        68  3.500000015E-02 -3.076504171E-02  6.561999675E-03  2.472308108E+00 
        69  3.500000015E-02 -3.062104248E-02  6.562000141E-03  2.314345631E+00 
        70  3.500000015E-02 -3.047704324E-02  6.561999675E-03  2.193985601E+00 
        71  3.500000015E-02 -3.033304214E-02  6.562000141E-03  2.316173419E+00 
        72  3.500000015E-02 -3.018904291E-02  6.561999675E-03  2.799249602E+00 
        73  3.500000015E-02 -3.004504181E-02  6.561999675E-03  3.340291148E+00 
        74  3.500000015E-02 -2.990104258E-02  6.561999675E-03  4.243970549E+00 
        75  3.500000015E-02 -2.975704335E-02  6.561999675E-03  4.966960361E+00 
        76  3.500000015E-02 -2.961304225E-02  6.561999675E-03  5.058112746E+00 
