cellnumber     x-coordinate     y-coordinate     z-coordinate velocity-magnitude 
         1  3.500000015E-02 -2.946904302E-02  6.561999675E-03  2.158649519E+00 
         2  3.500000015E-02 -2.932504192E-02  6.562000141E-03  2.040529287E+00 
         3  3.500000015E-02 -2.918104269E-02  6.561999675E-03  2.180511517E+00 
         4  3.500000015E-02 -2.903704345E-02  6.561999675E-03  2.140157376E+00 
         5  3.500000015E-02 -2.889304236E-02  6.561999675E-03  1.968284892E+00 
         6  3.500000015E-02 -2.874904312E-02  6.561999675E-03  1.771049629E+00 
         7  3.500000015E-02 -2.860504203E-02  6.561999675E-03  1.644709197E+00 
         8  3.500000015E-02 -2.846104279E-02  6.561999675E-03  1.712572672E+00 
         9  3.500000015E-02 -2.831704356E-02  6.561999675E-03  2.036991753E+00 
        10  3.500000015E-02 -2.817304246E-02  6.561999675E-03  1.954263412E+00 
        11  3.500000015E-02 -2.802904323E-02  6.561999675E-03  1.161344004E+00 
        12  3.500000015E-02 -2.788504213E-02  6.561999675E-03  7.317042393E-01 
        13  3.500000015E-02 -2.774104290E-02  6.561999675E-03  9.653481467E-01 
        14  3.500000015E-02 -2.759704180E-02  6.561999675E-03  9.628128813E-01 
        15  3.500000015E-02 -2.745304257E-02  6.561999675E-03  1.036759534E+00 
        16  3.500000015E-02 -2.730904333E-02  6.561999675E-03  1.191847569E+00 
        17  3.500000015E-02 -2.716504224E-02  6.561999675E-03  1.800559252E+00 
        18  3.500000015E-02 -2.702104300E-02  6.561999675E-03  2.764888982E+00 
        19  3.500000015E-02 -2.687704191E-02  6.561999675E-03  3.121527673E+00 
        20  3.500000015E-02 -2.673304267E-02  6.561999675E-03  2.958499238E+00 
        21  3.500000015E-02 -2.658904344E-02  6.561999675E-03  2.907846474E+00 
        22  3.500000015E-02 -2.644504234E-02  6.561999675E-03  2.729327720E+00 
        23  3.500000015E-02 -2.630104311E-02  6.561999675E-03  2.320810175E+00 
        24  3.500000015E-02 -2.615704201E-02  6.561999675E-03  1.916444794E+00 
        25  3.500000015E-02 -2.601304278E-02  6.561999675E-03  1.722691399E+00 
        26  3.500000015E-02 -2.586904354E-02  6.561999675E-03  1.482348650E+00 
        27  3.500000015E-02 -2.572504245E-02  6.561999675E-03  1.447348827E+00 
        28  3.500000015E-02 -2.558104321E-02  6.561999675E-03  1.096589911E+00 
        29  3.500000015E-02 -2.543704212E-02  6.561999675E-03  4.505561138E-01 
        30  3.500000015E-02 -2.529304288E-02  6.561999675E-03  5.400463992E-01 
        31  3.500000015E-02 -2.514904365E-02  6.561999675E-03  4.906427470E-01 
        32  3.500000015E-02 -2.500504255E-02  6.561999675E-03  5.220432830E-01 
        33  3.500000015E-02 -2.486104332E-02  6.561999675E-03  5.153533587E-01 
        34  3.500000015E-02 -2.471704222E-02  6.561999675E-03  4.994617229E-01 
        35  3.500000015E-02 -2.457304299E-02  6.561999675E-03  5.584218934E-01 
        36  3.500000015E-02 -2.442904189E-02  6.561999675E-03  6.480626419E-01 
        37  3.500000015E-02 -2.428504266E-02  6.561999675E-03  6.663335073E-01 
        38  3.500000015E-02 -2.414104342E-02  6.561999675E-03  6.985536456E-01 
        39  3.500000015E-02 -2.399704233E-02  6.561999675E-03  6.849349839E-01 
        40  3.500000015E-02 -2.385304309E-02  6.562000141E-03  7.266777978E-01 
        41  3.500000015E-02 -2.370904200E-02  6.561999675E-03  7.856482705E-01 
        42  3.500000015E-02 -2.356504276E-02  6.562000141E-03  1.044131920E+00 
        43  3.500000015E-02 -2.344694175E-02  6.562000141E-03  1.171822961E+00 
        44  3.500000015E-02 -2.332915738E-02  6.562000141E-03  9.551701951E-01 
        45  3.500000015E-02 -2.320699580E-02  6.562000141E-03  5.951547194E-01 
        46  3.500000015E-02 -2.314046212E-02  6.562000141E-03  3.096189218E-01 
        47  3.500000015E-02 -2.310776524E-02  6.561999675E-03  2.233150472E-01 
        48  3.500000015E-02 -2.307719551E-02  6.561999675E-03  2.047549615E-01 
        49  3.500000015E-02 -2.305160835E-02  6.562000141E-03  1.860262193E-01 
        50  3.500000015E-02 -2.303021587E-02  6.561999675E-03  1.582315411E-01 
        51  3.500000015E-02 -2.301233262E-02  6.562000141E-03  1.218331030E-01 
        52  3.499999642E-02 -2.299739420E-02  6.562000141E-03  8.563427768E-02 
        53  3.500000015E-02 -2.298492938E-02  6.562000141E-03  5.453514270E-02 
        54  3.500000015E-02 -2.297452837E-02  6.562000141E-03  3.082160206E-02 
        55  3.500000015E-02 -2.296585403E-02  6.562000141E-03  1.434441714E-02 
        56  3.500000015E-02 -2.296095528E-02  6.562000141E-03  3.892979493E-03 
        57  3.500000015E-02 -3.232943267E-02  6.562000141E-03  4.237697035E+00 
        58  3.500000015E-02 -3.219095245E-02  6.562000141E-03  4.987396431E+00 
        59  3.500000015E-02 -3.206104040E-02  6.562000141E-03  4.339508332E+00 
        60  3.500000015E-02 -3.191704303E-02  6.561999675E-03  4.071055981E+00 
        61  3.500000015E-02 -3.177304193E-02  6.561999675E-03  4.246522342E+00 
        62  3.500000015E-02 -3.162904084E-02  6.561999675E-03  4.304612686E+00 
        63  3.500000015E-02 -3.148504347E-02  6.561999675E-03  4.388871391E+00 
        64  3.500000015E-02 -3.134104237E-02  6.561999675E-03  4.520375832E+00 
        65  3.500000015E-02 -3.119704314E-02  6.561999675E-03  4.528580536E+00 
        66  3.500000015E-02 -3.105304204E-02  6.561999675E-03  4.717977684E+00 
        67  3.500000015E-02 -3.090904281E-02  6.561999675E-03  5.086798495E+00 
        68  3.500000015E-02 -3.076504171E-02  6.561999675E-03  5.275222935E+00 
        69  3.500000015E-02 -3.062104248E-02  6.562000141E-03  5.279637426E+00 
        70  3.500000015E-02 -3.047704324E-02  6.561999675E-03  5.054811352E+00 
        71  3.500000015E-02 -3.033304214E-02  6.562000141E-03  4.543413956E+00 
        72  3.500000015E-02 -3.018904291E-02  6.561999675E-03  3.936846081E+00 
        73  3.500000015E-02 -3.004504181E-02  6.561999675E-03  3.242585155E+00 
        74  3.500000015E-02 -2.990104258E-02  6.561999675E-03  2.534388591E+00 
        75  3.500000015E-02 -2.975704335E-02  6.561999675E-03  2.219186983E+00 
        76  3.500000015E-02 -2.961304225E-02  6.561999675E-03  2.281882758E+00 
