cellnumber     x-coordinate     y-coordinate     z-coordinate velocity-magnitude 
         1  3.500000015E-02 -2.946904302E-02  6.561999675E-03  3.145552276E+00 
         2  3.500000015E-02 -2.932504192E-02  6.562000141E-03  3.501454589E+00 
         3  3.500000015E-02 -2.918104269E-02  6.561999675E-03  3.616347371E+00 
         4  3.500000015E-02 -2.903704345E-02  6.561999675E-03  3.792345037E+00 
         5  3.500000015E-02 -2.889304236E-02  6.561999675E-03  4.141896055E+00 
         6  3.500000015E-02 -2.874904312E-02  6.561999675E-03  4.647898428E+00 
         7  3.500000015E-02 -2.860504203E-02  6.561999675E-03  5.140224060E+00 
         8  3.500000015E-02 -2.846104279E-02  6.561999675E-03  5.153217261E+00 
         9  3.500000015E-02 -2.831704356E-02  6.561999675E-03  5.005784171E+00 
        10  3.500000015E-02 -2.817304246E-02  6.561999675E-03  4.737696772E+00 
        11  3.500000015E-02 -2.802904323E-02  6.561999675E-03  4.423724276E+00 
        12  3.500000015E-02 -2.788504213E-02  6.561999675E-03  4.183470481E+00 
        13  3.500000015E-02 -2.774104290E-02  6.561999675E-03  4.167790163E+00 
        14  3.500000015E-02 -2.759704180E-02  6.561999675E-03  4.541466990E+00 
        15  3.500000015E-02 -2.745304257E-02  6.561999675E-03  4.719873750E+00 
        16  3.500000015E-02 -2.730904333E-02  6.561999675E-03  4.286318920E+00 
        17  3.500000015E-02 -2.716504224E-02  6.561999675E-03  2.876134976E+00 
        18  3.500000015E-02 -2.702104300E-02  6.561999675E-03  2.256616517E+00 
        19  3.500000015E-02 -2.687704191E-02  6.561999675E-03  1.698044744E+00 
        20  3.500000015E-02 -2.673304267E-02  6.561999675E-03  1.216478350E+00 
        21  3.500000015E-02 -2.658904344E-02  6.561999675E-03  1.276813818E+00 
        22  3.500000015E-02 -2.644504234E-02  6.561999675E-03  1.410766822E+00 
        23  3.500000015E-02 -2.630104311E-02  6.561999675E-03  1.351286402E+00 
        24  3.500000015E-02 -2.615704201E-02  6.561999675E-03  1.169653103E+00 
        25  3.500000015E-02 -2.601304278E-02  6.561999675E-03  9.313092688E-01 
        26  3.500000015E-02 -2.586904354E-02  6.561999675E-03  6.367498117E-01 
        27  3.500000015E-02 -2.572504245E-02  6.561999675E-03  4.775737318E-01 
        28  3.500000015E-02 -2.558104321E-02  6.561999675E-03  3.410866032E-01 
        29  3.500000015E-02 -2.543704212E-02  6.561999675E-03  3.210295048E-01 
        30  3.500000015E-02 -2.529304288E-02  6.561999675E-03  3.520203828E-01 
        31  3.500000015E-02 -2.514904365E-02  6.561999675E-03  3.775113071E-01 
        32  3.500000015E-02 -2.500504255E-02  6.561999675E-03  2.757108792E-01 
        33  3.500000015E-02 -2.486104332E-02  6.561999675E-03  2.326842978E-01 
        34  3.500000015E-02 -2.471704222E-02  6.561999675E-03  3.612063566E-01 
        35  3.500000015E-02 -2.457304299E-02  6.561999675E-03  5.053341066E-01 
        36  3.500000015E-02 -2.442904189E-02  6.561999675E-03  6.177201664E-01 
        37  3.500000015E-02 -2.428504266E-02  6.561999675E-03  7.038281725E-01 
        38  3.500000015E-02 -2.414104342E-02  6.561999675E-03  7.738584649E-01 
        39  3.500000015E-02 -2.399704233E-02  6.561999675E-03  8.187764366E-01 
        40  3.500000015E-02 -2.385304309E-02  6.562000141E-03  1.160836068E+00 
        41  3.500000015E-02 -2.370904200E-02  6.561999675E-03  1.422651809E+00 
        42  3.500000015E-02 -2.356504276E-02  6.562000141E-03  1.410982136E+00 
        43  3.500000015E-02 -2.344694175E-02  6.562000141E-03  1.410173547E+00 
        44  3.500000015E-02 -2.332915738E-02  6.562000141E-03  1.069509487E+00 
        45  3.500000015E-02 -2.320699580E-02  6.562000141E-03  4.793843598E-01 
        46  3.500000015E-02 -2.314046212E-02  6.562000141E-03  5.951624042E-01 
        47  3.500000015E-02 -2.310776524E-02  6.561999675E-03  8.246720992E-01 
        48  3.500000015E-02 -2.307719551E-02  6.561999675E-03  9.347451326E-01 
        49  3.500000015E-02 -2.305160835E-02  6.562000141E-03  9.116446952E-01 
        50  3.500000015E-02 -2.303021587E-02  6.561999675E-03  8.164525653E-01 
        51  3.500000015E-02 -2.301233262E-02  6.562000141E-03  6.774350197E-01 
        52  3.499999642E-02 -2.299739420E-02  6.562000141E-03  5.306793395E-01 
        53  3.500000015E-02 -2.298492938E-02  6.562000141E-03  3.889142473E-01 
        54  3.500000015E-02 -2.297452837E-02  6.562000141E-03  2.599208327E-01 
        55  3.500000015E-02 -2.296585403E-02  6.562000141E-03  1.466314718E-01 
        56  3.500000015E-02 -2.296095528E-02  6.562000141E-03  4.935880953E-02 
        57  3.500000015E-02 -3.232943267E-02  6.562000141E-03  5.331937991E-01 
        58  3.500000015E-02 -3.219095245E-02  6.562000141E-03  4.814732699E-01 
        59  3.500000015E-02 -3.206104040E-02  6.562000141E-03  4.642915911E-01 
        60  3.500000015E-02 -3.191704303E-02  6.561999675E-03  5.533232254E-01 
        61  3.500000015E-02 -3.177304193E-02  6.561999675E-03  8.639934582E-01 
        62  3.500000015E-02 -3.162904084E-02  6.561999675E-03  1.251130602E+00 
        63  3.500000015E-02 -3.148504347E-02  6.561999675E-03  1.680205755E+00 
        64  3.500000015E-02 -3.134104237E-02  6.561999675E-03  1.858473508E+00 
        65  3.500000015E-02 -3.119704314E-02  6.561999675E-03  1.638536802E+00 
        66  3.500000015E-02 -3.105304204E-02  6.561999675E-03  1.191243125E+00 
        67  3.500000015E-02 -3.090904281E-02  6.561999675E-03  9.695154358E-01 
        68  3.500000015E-02 -3.076504171E-02  6.561999675E-03  1.202693988E+00 
        69  3.500000015E-02 -3.062104248E-02  6.562000141E-03  1.852937045E+00 
        70  3.500000015E-02 -3.047704324E-02  6.561999675E-03  2.766855247E+00 
        71  3.500000015E-02 -3.033304214E-02  6.562000141E-03  2.995097995E+00 
        72  3.500000015E-02 -3.018904291E-02  6.561999675E-03  3.049269859E+00 
        73  3.500000015E-02 -3.004504181E-02  6.561999675E-03  3.050578610E+00 
        74  3.500000015E-02 -2.990104258E-02  6.561999675E-03  2.786344421E+00 
        75  3.500000015E-02 -2.975704335E-02  6.561999675E-03  2.632075006E+00 
        76  3.500000015E-02 -2.961304225E-02  6.561999675E-03  2.831636564E+00 
