cellnumber     x-coordinate     y-coordinate     z-coordinate velocity-magnitude 
         1  3.500000015E-02 -2.946904302E-02  6.561999675E-03  1.344858506E+00 
         2  3.500000015E-02 -2.932504192E-02  6.562000141E-03  1.480827527E+00 
         3  3.500000015E-02 -2.918104269E-02  6.561999675E-03  2.013342704E+00 
         4  3.500000015E-02 -2.903704345E-02  6.561999675E-03  2.701354244E+00 
         5  3.500000015E-02 -2.889304236E-02  6.561999675E-03  3.177245628E+00 
         6  3.500000015E-02 -2.874904312E-02  6.561999675E-03  3.457772881E+00 
         7  3.500000015E-02 -2.860504203E-02  6.561999675E-03  3.818910556E+00 
         8  3.500000015E-02 -2.846104279E-02  6.561999675E-03  4.550296695E+00 
         9  3.500000015E-02 -2.831704356E-02  6.561999675E-03  5.134878625E+00 
        10  3.500000015E-02 -2.817304246E-02  6.561999675E-03  5.114795374E+00 
        11  3.500000015E-02 -2.802904323E-02  6.561999675E-03  4.705605368E+00 
        12  3.500000015E-02 -2.788504213E-02  6.561999675E-03  4.376474721E+00 
        13  3.500000015E-02 -2.774104290E-02  6.561999675E-03  4.086602650E+00 
        14  3.500000015E-02 -2.759704180E-02  6.561999675E-03  3.885783909E+00 
        15  3.500000015E-02 -2.745304257E-02  6.561999675E-03  3.923421331E+00 
        16  3.500000015E-02 -2.730904333E-02  6.561999675E-03  3.919369089E+00 
        17  3.500000015E-02 -2.716504224E-02  6.561999675E-03  3.743902893E+00 
        18  3.500000015E-02 -2.702104300E-02  6.561999675E-03  3.379340842E+00 
        19  3.500000015E-02 -2.687704191E-02  6.561999675E-03  3.066813155E+00 
        20  3.500000015E-02 -2.673304267E-02  6.561999675E-03  3.090727258E+00 
        21  3.500000015E-02 -2.658904344E-02  6.561999675E-03  3.038978840E+00 
        22  3.500000015E-02 -2.644504234E-02  6.561999675E-03  2.715328921E+00 
        23  3.500000015E-02 -2.630104311E-02  6.561999675E-03  2.438983571E+00 
        24  3.500000015E-02 -2.615704201E-02  6.561999675E-03  2.239010205E+00 
        25  3.500000015E-02 -2.601304278E-02  6.561999675E-03  2.122932025E+00 
        26  3.500000015E-02 -2.586904354E-02  6.561999675E-03  1.987264718E+00 
        27  3.500000015E-02 -2.572504245E-02  6.561999675E-03  1.774350095E+00 
        28  3.500000015E-02 -2.558104321E-02  6.561999675E-03  1.578520142E+00 
        29  3.500000015E-02 -2.543704212E-02  6.561999675E-03  1.338143594E+00 
        30  3.500000015E-02 -2.529304288E-02  6.561999675E-03  1.189676812E+00 
        31  3.500000015E-02 -2.514904365E-02  6.561999675E-03  9.941673846E-01 
        32  3.500000015E-02 -2.500504255E-02  6.561999675E-03  7.174973350E-01 
        33  3.500000015E-02 -2.486104332E-02  6.561999675E-03  5.036674802E-01 
        34  3.500000015E-02 -2.471704222E-02  6.561999675E-03  4.210646128E-01 
        35  3.500000015E-02 -2.457304299E-02  6.561999675E-03  4.691662576E-01 
        36  3.500000015E-02 -2.442904189E-02  6.561999675E-03  4.040467413E-01 
        37  3.500000015E-02 -2.428504266E-02  6.561999675E-03  2.689504259E-01 
        38  3.500000015E-02 -2.414104342E-02  6.561999675E-03  3.009459226E-01 
        39  3.500000015E-02 -2.399704233E-02  6.561999675E-03  2.778896252E-01 
        40  3.500000015E-02 -2.385304309E-02  6.562000141E-03  1.620551482E-01 
        41  3.500000015E-02 -2.370904200E-02  6.561999675E-03  1.140977078E-01 
        42  3.500000015E-02 -2.356504276E-02  6.562000141E-03  4.865349751E-01 
        43  3.500000015E-02 -2.344694175E-02  6.562000141E-03  8.377769752E-01 
        44  3.500000015E-02 -2.332915738E-02  6.562000141E-03  9.442379911E-01 
        45  3.500000015E-02 -2.320699580E-02  6.562000141E-03  9.356364058E-01 
        46  3.500000015E-02 -2.314046212E-02  6.562000141E-03  5.461023729E-01 
        47  3.500000015E-02 -2.310776524E-02  6.561999675E-03  3.316799291E-01 
        48  3.500000015E-02 -2.307719551E-02  6.561999675E-03  2.264507074E-01 
        49  3.500000015E-02 -2.305160835E-02  6.562000141E-03  1.622912027E-01 
        50  3.500000015E-02 -2.303021587E-02  6.561999675E-03  1.222217591E-01 
        51  3.500000015E-02 -2.301233262E-02  6.562000141E-03  9.463296526E-02 
        52  3.499999642E-02 -2.299739420E-02  6.562000141E-03  7.234713207E-02 
        53  3.500000015E-02 -2.298492938E-02  6.562000141E-03  5.291821727E-02 
        54  3.500000015E-02 -2.297452837E-02  6.562000141E-03  3.541054202E-02 
        55  3.500000015E-02 -2.296585403E-02  6.562000141E-03  1.993020173E-02 
        56  3.500000015E-02 -2.296095528E-02  6.562000141E-03  6.658503346E-03 
        57  3.500000015E-02 -3.232943267E-02  6.562000141E-03  3.376907945E+00 
        58  3.500000015E-02 -3.219095245E-02  6.562000141E-03  3.687730585E+00 
        59  3.500000015E-02 -3.206104040E-02  6.562000141E-03  3.745848764E+00 
        60  3.500000015E-02 -3.191704303E-02  6.561999675E-03  4.057075784E+00 
        61  3.500000015E-02 -3.177304193E-02  6.561999675E-03  4.325932121E+00 
        62  3.500000015E-02 -3.162904084E-02  6.561999675E-03  4.339737004E+00 
        63  3.500000015E-02 -3.148504347E-02  6.561999675E-03  4.398353781E+00 
        64  3.500000015E-02 -3.134104237E-02  6.561999675E-03  4.475053946E+00 
        65  3.500000015E-02 -3.119704314E-02  6.561999675E-03  4.466109206E+00 
        66  3.500000015E-02 -3.105304204E-02  6.561999675E-03  4.358604960E+00 
        67  3.500000015E-02 -3.090904281E-02  6.561999675E-03  3.978194862E+00 
        68  3.500000015E-02 -3.076504171E-02  6.561999675E-03  3.524857470E+00 
        69  3.500000015E-02 -3.062104248E-02  6.562000141E-03  3.327361841E+00 
        70  3.500000015E-02 -3.047704324E-02  6.561999675E-03  3.271353656E+00 
        71  3.500000015E-02 -3.033304214E-02  6.562000141E-03  3.071001529E+00 
        72  3.500000015E-02 -3.018904291E-02  6.561999675E-03  2.908593153E+00 
        73  3.500000015E-02 -3.004504181E-02  6.561999675E-03  2.141222025E+00 
        74  3.500000015E-02 -2.990104258E-02  6.561999675E-03  1.495941999E+00 
        75  3.500000015E-02 -2.975704335E-02  6.561999675E-03  1.289069093E+00 
        76  3.500000015E-02 -2.961304225E-02  6.561999675E-03  1.376575597E+00 
