cellnumber     x-coordinate     y-coordinate     z-coordinate velocity-magnitude 
         1  1.999999955E-02 -2.984435484E-02  6.562000141E-03  6.966427326E+00 
         2  1.999999955E-02 -2.979804762E-02  6.562000141E-03  7.205068208E+00 
         3  2.000000142E-02 -2.971792966E-02  6.562000606E-03  7.185999703E+00 
         4  1.999999955E-02 -2.960570157E-02  6.562000606E-03  7.038272872E+00 
         5  1.999999955E-02 -2.947092615E-02  6.562000141E-03  7.075181806E+00 
         6  1.999999955E-02 -2.932692692E-02  6.562000141E-03  7.315050212E+00 
         7  1.999999955E-02 -2.918292582E-02  6.562000141E-03  7.319323807E+00 
         8  1.999999955E-02 -2.903892659E-02  6.562000141E-03  6.990048496E+00 
         9  1.999999955E-02 -2.889492549E-02  6.562000141E-03  6.887054492E+00 
        10  1.999999955E-02 -2.875092626E-02  6.562000141E-03  6.772060958E+00 
        11  1.999999955E-02 -2.860692702E-02  6.562000141E-03  6.781368848E+00 
        12  1.999999955E-02 -2.846292593E-02  6.562000141E-03  6.849135418E+00 
        13  1.999999955E-02 -2.831892669E-02  6.562000141E-03  6.799481577E+00 
        14  1.999999955E-02 -2.817492560E-02  6.562000141E-03  6.719802528E+00 
        15  1.999999955E-02 -2.803092636E-02  6.562000141E-03  6.855065593E+00 
        16  1.999999955E-02 -2.788692527E-02  6.562000141E-03  7.072048819E+00 
        17  1.999999955E-02 -2.774292603E-02  6.562000141E-03  7.247744179E+00 
        18  1.999999955E-02 -2.759892680E-02  6.562000141E-03  7.272733938E+00 
        19  1.999999955E-02 -2.745492570E-02  6.562000141E-03  7.271378221E+00 
        20  1.999999955E-02 -2.731092647E-02  6.562000141E-03  7.257558056E+00 
        21  1.999999955E-02 -2.716692537E-02  6.562000141E-03  7.221095723E+00 
        22  1.999999955E-02 -2.702292614E-02  6.562000141E-03  7.169219288E+00 
        23  1.999999955E-02 -2.687892690E-02  6.562000141E-03  7.048729169E+00 
        24  1.999999955E-02 -2.673492581E-02  6.562000141E-03  6.920554260E+00 
        25  1.999999955E-02 -2.659092657E-02  6.562000141E-03  6.757452662E+00 
        26  1.999999955E-02 -2.644692548E-02  6.562000141E-03  6.585116362E+00 
        27  1.999999955E-02 -2.630292624E-02  6.562000141E-03  6.519795185E+00 
        28  1.999999955E-02 -2.615892701E-02  6.562000141E-03  6.519268069E+00 
        29  1.999999955E-02 -2.601870149E-02  6.562000141E-03  6.551306219E+00 
        30  1.999999955E-02 -2.588963695E-02  6.562000141E-03  6.569418304E+00 
        31  1.999999955E-02 -2.581939846E-02  6.562000141E-03  6.422633745E+00 
