cellnumber     x-coordinate     y-coordinate     z-coordinate velocity-magnitude 
         1  1.999999955E-02 -2.583321184E-02  6.561999675E-03  5.334999930E+00 
         2  1.999996044E-02 -2.592459694E-02  6.562000141E-03  6.502904168E+00 
         3  1.999994740E-02 -2.602700889E-02  6.562000141E-03  6.965760862E+00 
         4  1.999998651E-02 -2.607314475E-02  6.562000141E-03  6.700891525E+00 
         5  1.999999955E-02 -2.615704387E-02  6.562000141E-03  6.835974791E+00 
         6  1.999999955E-02 -2.630104311E-02  6.562000141E-03  6.914120969E+00 
         7  1.999999955E-02 -2.644504234E-02  6.562000141E-03  6.951615340E+00 
         8  1.999999955E-02 -2.658904344E-02  6.562000141E-03  7.030527438E+00 
         9  1.999999955E-02 -2.673304267E-02  6.562000141E-03  7.416880063E+00 
        10  1.999999955E-02 -2.687704377E-02  6.562000141E-03  7.669648735E+00 
        11  1.999999955E-02 -2.702104300E-02  6.562000141E-03  7.748314270E+00 
        12  1.999999955E-02 -2.716504224E-02  6.562000141E-03  7.428377079E+00 
        13  1.999999955E-02 -2.730904333E-02  6.562000141E-03  7.223060739E+00 
        14  1.999999955E-02 -2.745304257E-02  6.562000141E-03  7.137026040E+00 
        15  1.999999955E-02 -2.759704366E-02  6.562000141E-03  7.128660580E+00 
        16  1.999999955E-02 -2.774104290E-02  6.562000141E-03  7.318408694E+00 
        17  1.999999955E-02 -2.788504213E-02  6.562000141E-03  7.514647078E+00 
        18  1.999999955E-02 -2.802904323E-02  6.562000141E-03  7.606283645E+00 
        19  1.999999955E-02 -2.817304246E-02  6.562000141E-03  7.434480028E+00 
        20  1.999999955E-02 -2.831704356E-02  6.562000141E-03  7.280777223E+00 
        21  1.999999955E-02 -2.846104279E-02  6.562000141E-03  7.313869233E+00 
        22  1.999999955E-02 -2.860504203E-02  6.562000141E-03  7.572145424E+00 
        23  1.999999955E-02 -2.874904312E-02  6.562000141E-03  7.374649096E+00 
        24  1.999999955E-02 -2.889304236E-02  6.562000141E-03  7.235760057E+00 
        25  1.999999955E-02 -2.903704345E-02  6.562000141E-03  7.558453331E+00 
        26  1.999999955E-02 -2.918104269E-02  6.562000141E-03  7.641981059E+00 
        27  1.999999955E-02 -2.932504192E-02  6.562000141E-03  7.293126143E+00 
        28  1.999999955E-02 -2.946904302E-02  6.562000141E-03  7.145270237E+00 
        29  1.999999955E-02 -2.959104441E-02  6.562000141E-03  6.601580701E+00 
        30  1.999999955E-02 -2.971169166E-02  6.562000141E-03  6.036476617E+00 
        31  1.999999955E-02 -2.980891429E-02  6.562000141E-03  5.381448130E+00 
        32  1.999999955E-02 -2.984774485E-02  6.562000141E-03  4.906666635E+00 
