cellnumber     x-coordinate     y-coordinate     z-coordinate velocity-magnitude 
         1  1.999999955E-02 -2.984435484E-02  6.562000141E-03  6.101201847E+00 
         2  1.999999955E-02 -2.979804762E-02  6.562000141E-03  6.627655483E+00 
         3  2.000000142E-02 -2.971792966E-02  6.562000606E-03  7.156082404E+00 
         4  1.999999955E-02 -2.960570157E-02  6.562000606E-03  7.646669287E+00 
         5  1.999999955E-02 -2.947092615E-02  6.562000141E-03  8.135196773E+00 
         6  1.999999955E-02 -2.932692692E-02  6.562000141E-03  8.631877621E+00 
         7  1.999999955E-02 -2.918292582E-02  6.562000141E-03  8.571015435E+00 
         8  1.999999955E-02 -2.903892659E-02  6.562000141E-03  8.479869368E+00 
         9  1.999999955E-02 -2.889492549E-02  6.562000141E-03  8.367567133E+00 
        10  1.999999955E-02 -2.875092626E-02  6.562000141E-03  8.045921229E+00 
        11  1.999999955E-02 -2.860692702E-02  6.562000141E-03  7.831302572E+00 
        12  1.999999955E-02 -2.846292593E-02  6.562000141E-03  7.572933941E+00 
        13  1.999999955E-02 -2.831892669E-02  6.562000141E-03  6.895817094E+00 
        14  1.999999955E-02 -2.817492560E-02  6.562000141E-03  6.563766963E+00 
        15  1.999999955E-02 -2.803092636E-02  6.562000141E-03  6.540787789E+00 
        16  1.999999955E-02 -2.788692527E-02  6.562000141E-03  6.493845545E+00 
        17  1.999999955E-02 -2.774292603E-02  6.562000141E-03  6.455260112E+00 
        18  1.999999955E-02 -2.759892680E-02  6.562000141E-03  6.370793655E+00 
        19  1.999999955E-02 -2.745492570E-02  6.562000141E-03  6.413105966E+00 
        20  1.999999955E-02 -2.731092647E-02  6.562000141E-03  6.474862192E+00 
        21  1.999999955E-02 -2.716692537E-02  6.562000141E-03  6.438358765E+00 
        22  1.999999955E-02 -2.702292614E-02  6.562000141E-03  6.294860381E+00 
        23  1.999999955E-02 -2.687892690E-02  6.562000141E-03  6.145628041E+00 
        24  1.999999955E-02 -2.673492581E-02  6.562000141E-03  6.091080395E+00 
        25  1.999999955E-02 -2.659092657E-02  6.562000141E-03  6.049734622E+00 
        26  1.999999955E-02 -2.644692548E-02  6.562000141E-03  6.189894936E+00 
        27  1.999999955E-02 -2.630292624E-02  6.562000141E-03  6.466801165E+00 
        28  1.999999955E-02 -2.615892701E-02  6.562000141E-03  6.474730561E+00 
        29  1.999999955E-02 -2.601870149E-02  6.562000141E-03  6.494135808E+00 
        30  1.999999955E-02 -2.588963695E-02  6.562000141E-03  6.306426751E+00 
        31  1.999999955E-02 -2.581939846E-02  6.562000141E-03  5.646783696E+00 
