cellnumber     x-coordinate     y-coordinate     z-coordinate velocity-magnitude 
         1  1.999999955E-02 -2.984435484E-02  6.562000141E-03  6.937128167E+00 
         2  1.999999955E-02 -2.979804762E-02  6.562000141E-03  7.236497208E+00 
         3  2.000000142E-02 -2.971792966E-02  6.562000606E-03  7.298077960E+00 
         4  1.999999955E-02 -2.960570157E-02  6.562000606E-03  7.327722233E+00 
         5  1.999999955E-02 -2.947092615E-02  6.562000141E-03  7.762458354E+00 
         6  1.999999955E-02 -2.932692692E-02  6.562000141E-03  7.860093657E+00 
         7  1.999999955E-02 -2.918292582E-02  6.562000141E-03  7.781806638E+00 
         8  1.999999955E-02 -2.903892659E-02  6.562000141E-03  7.827639836E+00 
         9  1.999999955E-02 -2.889492549E-02  6.562000141E-03  7.859253968E+00 
        10  1.999999955E-02 -2.875092626E-02  6.562000141E-03  7.819092958E+00 
        11  1.999999955E-02 -2.860692702E-02  6.562000141E-03  7.808908562E+00 
        12  1.999999955E-02 -2.846292593E-02  6.562000141E-03  7.907142812E+00 
        13  1.999999955E-02 -2.831892669E-02  6.562000141E-03  8.056263551E+00 
        14  1.999999955E-02 -2.817492560E-02  6.562000141E-03  8.107052880E+00 
        15  1.999999955E-02 -2.803092636E-02  6.562000141E-03  8.126084820E+00 
        16  1.999999955E-02 -2.788692527E-02  6.562000141E-03  8.146865157E+00 
        17  1.999999955E-02 -2.774292603E-02  6.562000141E-03  8.089297038E+00 
        18  1.999999955E-02 -2.759892680E-02  6.562000141E-03  7.924499368E+00 
        19  1.999999955E-02 -2.745492570E-02  6.562000141E-03  7.476187333E+00 
        20  1.999999955E-02 -2.731092647E-02  6.562000141E-03  7.195517206E+00 
        21  1.999999955E-02 -2.716692537E-02  6.562000141E-03  7.138942477E+00 
        22  1.999999955E-02 -2.702292614E-02  6.562000141E-03  7.081268044E+00 
        23  1.999999955E-02 -2.687892690E-02  6.562000141E-03  6.664035671E+00 
        24  1.999999955E-02 -2.673492581E-02  6.562000141E-03  6.486731423E+00 
        25  1.999999955E-02 -2.659092657E-02  6.562000141E-03  6.594335428E+00 
        26  1.999999955E-02 -2.644692548E-02  6.562000141E-03  6.783211202E+00 
        27  1.999999955E-02 -2.630292624E-02  6.562000141E-03  6.832233867E+00 
        28  1.999999955E-02 -2.615892701E-02  6.562000141E-03  6.788204753E+00 
        29  1.999999955E-02 -2.601870149E-02  6.562000141E-03  6.721785177E+00 
        30  1.999999955E-02 -2.588963695E-02  6.562000141E-03  6.739636480E+00 
        31  1.999999955E-02 -2.581939846E-02  6.562000141E-03  6.665298254E+00 
