cellnumber     x-coordinate     y-coordinate     z-coordinate velocity-magnitude 
         1  1.999999955E-02 -2.984774485E-02  6.562000141E-03  4.218042638E+00 
         2  1.999999955E-02 -2.980891429E-02  6.562000141E-03  4.709940371E+00 
         3  1.999999955E-02 -2.971169166E-02  6.562000141E-03  5.516772984E+00 
         4  1.999999955E-02 -2.959104441E-02  6.562000141E-03  6.310423200E+00 
         5  1.999999955E-02 -2.946904302E-02  6.562000141E-03  6.847947546E+00 
         6  1.999999955E-02 -2.932504378E-02  6.562000141E-03  7.219685625E+00 
         7  1.999999955E-02 -2.918104269E-02  6.562000141E-03  7.288136976E+00 
         8  1.999999955E-02 -2.903704345E-02  6.562000141E-03  7.343240354E+00 
         9  1.999999955E-02 -2.889304422E-02  6.562000141E-03  7.351625877E+00 
        10  1.999999955E-02 -2.874904312E-02  6.562000141E-03  7.451950066E+00 
        11  1.999999955E-02 -2.860504389E-02  6.562000141E-03  7.364976446E+00 
        12  1.999999955E-02 -2.846104279E-02  6.562000141E-03  7.206072704E+00 
        13  1.999999955E-02 -2.831704356E-02  6.562000141E-03  7.256020617E+00 
        14  1.999999955E-02 -2.817304432E-02  6.562000141E-03  7.949591547E+00 
        15  1.999999955E-02 -2.802904323E-02  6.562000141E-03  8.516094390E+00 
        16  1.999999955E-02 -2.788504399E-02  6.562000141E-03  8.482335948E+00 
        17  1.999999955E-02 -2.774104290E-02  6.562000141E-03  8.321187073E+00 
        18  1.999999955E-02 -2.759704366E-02  6.562000141E-03  7.894089663E+00 
        19  1.999999955E-02 -2.745304257E-02  6.562000141E-03  7.290105126E+00 
        20  1.999999955E-02 -2.730904333E-02  6.562000141E-03  7.120004522E+00 
        21  1.999999955E-02 -2.716504410E-02  6.562000141E-03  7.039117961E+00 
        22  1.999999955E-02 -2.702104300E-02  6.562000141E-03  6.966213981E+00 
        23  1.999999955E-02 -2.687704377E-02  6.562000141E-03  6.901156707E+00 
        24  1.999999955E-02 -2.673304267E-02  6.562000141E-03  6.865969363E+00 
        25  1.999999955E-02 -2.658904344E-02  6.562000141E-03  6.743568774E+00 
        26  1.999999955E-02 -2.644504420E-02  6.562000141E-03  6.579893498E+00 
        27  1.999999955E-02 -2.630104311E-02  6.562000141E-03  6.522867873E+00 
        28  1.999999955E-02 -2.615704387E-02  6.562000141E-03  6.313343173E+00 
        29  1.999998651E-02 -2.607314475E-02  6.562000141E-03  4.911761864E+00 
        30  1.999994740E-02 -2.602700889E-02  6.562000141E-03  6.078717251E+00 
        31  1.999996044E-02 -2.592459694E-02  6.562000141E-03  4.842313870E+00 
        32  1.999999955E-02 -2.583321184E-02  6.561999675E-03  4.094620064E+00 
