cellnumber     x-coordinate     y-coordinate     z-coordinate velocity-magnitude 
         1  1.999999955E-02 -2.583321184E-02  6.561999675E-03  5.994252210E+00 
         2  1.999996044E-02 -2.592459694E-02  6.562000141E-03  6.357071833E+00 
         3  1.999994740E-02 -2.602700889E-02  6.562000141E-03  6.255697803E+00 
         4  1.999998651E-02 -2.607314475E-02  6.562000141E-03  6.408465704E+00 
         5  1.999999955E-02 -2.615704387E-02  6.562000141E-03  6.311744613E+00 
         6  1.999999955E-02 -2.630104311E-02  6.562000141E-03  6.269289346E+00 
         7  1.999999955E-02 -2.644504234E-02  6.562000141E-03  6.271130447E+00 
         8  1.999999955E-02 -2.658904344E-02  6.562000141E-03  6.358518345E+00 
         9  1.999999955E-02 -2.673304267E-02  6.562000141E-03  6.491277830E+00 
        10  1.999999955E-02 -2.687704377E-02  6.562000141E-03  6.624970762E+00 
        11  1.999999955E-02 -2.702104300E-02  6.562000141E-03  6.718671979E+00 
        12  1.999999955E-02 -2.716504224E-02  6.562000141E-03  6.808191108E+00 
        13  1.999999955E-02 -2.730904333E-02  6.562000141E-03  6.862734215E+00 
        14  1.999999955E-02 -2.745304257E-02  6.562000141E-03  6.907280708E+00 
        15  1.999999955E-02 -2.759704366E-02  6.562000141E-03  6.951986332E+00 
        16  1.999999955E-02 -2.774104290E-02  6.562000141E-03  6.941629873E+00 
        17  1.999999955E-02 -2.788504213E-02  6.562000141E-03  6.981110738E+00 
        18  1.999999955E-02 -2.802904323E-02  6.562000141E-03  7.154523050E+00 
        19  1.999999955E-02 -2.817304246E-02  6.562000141E-03  7.230941253E+00 
        20  1.999999955E-02 -2.831704356E-02  6.562000141E-03  7.118092498E+00 
        21  1.999999955E-02 -2.846104279E-02  6.562000141E-03  7.106662555E+00 
        22  1.999999955E-02 -2.860504203E-02  6.562000141E-03  7.222219666E+00 
        23  1.999999955E-02 -2.874904312E-02  6.562000141E-03  7.272523277E+00 
        24  1.999999955E-02 -2.889304236E-02  6.562000141E-03  7.280046077E+00 
        25  1.999999955E-02 -2.903704345E-02  6.562000141E-03  7.268689653E+00 
        26  1.999999955E-02 -2.918104269E-02  6.562000141E-03  7.333677567E+00 
        27  1.999999955E-02 -2.932504378E-02  6.562000141E-03  7.770016042E+00 
        28  1.999999955E-02 -2.946904302E-02  6.562000141E-03  7.790467966E+00 
        29  1.999999955E-02 -2.959104441E-02  6.562000141E-03  7.500709064E+00 
        30  1.999999955E-02 -2.971169166E-02  6.562000141E-03  6.853279818E+00 
        31  1.999999955E-02 -2.980891429E-02  6.562000141E-03  5.904908375E+00 
        32  1.999999955E-02 -2.984774485E-02  6.562000141E-03  5.264755584E+00 
