cellnumber     x-coordinate     y-coordinate     z-coordinate velocity-magnitude 
         1  1.999999955E-02 -2.984435484E-02  6.562000141E-03  5.062099513E+00 
         2  1.999999955E-02 -2.979804762E-02  6.562000141E-03  5.488975685E+00 
         3  2.000000142E-02 -2.971792966E-02  6.562000606E-03  5.935382741E+00 
         4  1.999999955E-02 -2.960570157E-02  6.562000606E-03  6.452029667E+00 
         5  1.999999955E-02 -2.947092615E-02  6.562000141E-03  7.777786886E+00 
         6  1.999999955E-02 -2.932692692E-02  6.562000141E-03  8.852617995E+00 
         7  1.999999955E-02 -2.918292582E-02  6.562000141E-03  8.767820778E+00 
         8  1.999999955E-02 -2.903892659E-02  6.562000141E-03  8.354531959E+00 
         9  1.999999955E-02 -2.889492549E-02  6.562000141E-03  8.011908049E+00 
        10  1.999999955E-02 -2.875092626E-02  6.562000141E-03  7.850824425E+00 
        11  1.999999955E-02 -2.860692702E-02  6.562000141E-03  7.683683002E+00 
        12  1.999999955E-02 -2.846292593E-02  6.562000141E-03  7.472002885E+00 
        13  1.999999955E-02 -2.831892669E-02  6.562000141E-03  7.383646426E+00 
        14  1.999999955E-02 -2.817492560E-02  6.562000141E-03  7.370699717E+00 
        15  1.999999955E-02 -2.803092636E-02  6.562000141E-03  7.311758815E+00 
        16  1.999999955E-02 -2.788692527E-02  6.562000141E-03  7.257884796E+00 
        17  1.999999955E-02 -2.774292603E-02  6.562000141E-03  7.114588079E+00 
        18  1.999999955E-02 -2.759892680E-02  6.562000141E-03  6.657343266E+00 
        19  1.999999955E-02 -2.745492570E-02  6.562000141E-03  6.365252339E+00 
        20  1.999999955E-02 -2.731092647E-02  6.562000141E-03  5.967534289E+00 
        21  1.999999955E-02 -2.716692537E-02  6.562000141E-03  6.080960668E+00 
        22  1.999999955E-02 -2.702292614E-02  6.562000141E-03  6.557036791E+00 
        23  1.999999955E-02 -2.687892690E-02  6.562000141E-03  6.440323988E+00 
        24  1.999999955E-02 -2.673492581E-02  6.562000141E-03  6.487321158E+00 
        25  1.999999955E-02 -2.659092657E-02  6.562000141E-03  6.571651326E+00 
        26  1.999999955E-02 -2.644692548E-02  6.562000141E-03  6.762627892E+00 
        27  1.999999955E-02 -2.630292624E-02  6.562000141E-03  6.712558698E+00 
        28  1.999999955E-02 -2.615892701E-02  6.562000141E-03  6.664148102E+00 
        29  1.999999955E-02 -2.601870149E-02  6.562000141E-03  6.673171305E+00 
        30  1.999999955E-02 -2.588963695E-02  6.562000141E-03  6.569835126E+00 
        31  1.999999955E-02 -2.581939846E-02  6.562000141E-03  6.038710721E+00 
