cellnumber     x-coordinate     y-coordinate     z-coordinate velocity-magnitude 
         1  1.999999955E-02 -2.831704356E-02  6.562000141E-03  7.260047885E+00 
         2  1.999999955E-02 -2.817304432E-02  6.562000141E-03  7.199664990E+00 
         3  1.999999955E-02 -2.802904323E-02  6.562000141E-03  7.234733848E+00 
         4  1.999999955E-02 -2.788504399E-02  6.562000141E-03  7.255790378E+00 
         5  1.999999955E-02 -2.774104290E-02  6.562000141E-03  7.118794023E+00 
         6  1.999999955E-02 -2.759704366E-02  6.562000141E-03  6.952064994E+00 
         7  1.999999955E-02 -2.745304257E-02  6.562000141E-03  7.184046573E+00 
         8  1.999999955E-02 -2.730904333E-02  6.562000141E-03  7.202121238E+00 
         9  1.999999955E-02 -2.716504410E-02  6.562000141E-03  7.176998929E+00 
        10  1.999999955E-02 -2.702104300E-02  6.562000141E-03  6.928830208E+00 
        11  1.999999955E-02 -2.687704377E-02  6.562000141E-03  6.610718197E+00 
        12  1.999999955E-02 -2.673304267E-02  6.562000141E-03  6.550654600E+00 
        13  1.999999955E-02 -2.658904344E-02  6.562000141E-03  6.542473441E+00 
        14  1.999999955E-02 -2.644504234E-02  6.562000141E-03  6.592961987E+00 
        15  1.999999955E-02 -2.630104311E-02  6.562000141E-03  6.552989383E+00 
        16  1.999999955E-02 -2.615704387E-02  6.562000141E-03  6.630573562E+00 
        17  1.999998651E-02 -2.607314475E-02  6.562000141E-03  6.433330843E+00 
        18  1.999994740E-02 -2.602700889E-02  6.562000141E-03  6.438013460E+00 
        19  1.999996044E-02 -2.592459694E-02  6.562000141E-03  5.722451998E+00 
        20  1.999999955E-02 -2.583321184E-02  6.561999675E-03  5.333989361E+00 
        21  1.999999955E-02 -2.984774671E-02  6.562000141E-03  5.149630754E+00 
        22  1.999999955E-02 -2.980891429E-02  6.562000141E-03  6.017822147E+00 
        23  1.999999769E-02 -2.971169166E-02  6.562000141E-03  7.171230484E+00 
        24  1.999999955E-02 -2.959104441E-02  6.562000141E-03  7.701958536E+00 
        25  1.999999955E-02 -2.946904302E-02  6.562000141E-03  7.813092215E+00 
        26  1.999999955E-02 -2.932504378E-02  6.562000141E-03  7.677795639E+00 
        27  1.999999955E-02 -2.918104269E-02  6.562000141E-03  7.507747490E+00 
        28  1.999999955E-02 -2.903704345E-02  6.562000141E-03  7.434616593E+00 
        29  1.999999955E-02 -2.889304422E-02  6.562000141E-03  7.324616163E+00 
        30  1.999999955E-02 -2.874904312E-02  6.562000141E-03  7.338022061E+00 
        31  1.999999955E-02 -2.860504389E-02  6.562000141E-03  7.449528803E+00 
        32  1.999999955E-02 -2.846104279E-02  6.562000141E-03  7.390976900E+00 
