cellnumber     x-coordinate     y-coordinate     z-coordinate velocity-magnitude 
         1  1.999999955E-02 -2.984435484E-02  6.562000141E-03  5.323473074E+00 
         2  1.999999955E-02 -2.979804762E-02  6.562000141E-03  6.268605850E+00 
         3  2.000000142E-02 -2.971792966E-02  6.562000606E-03  7.096262575E+00 
         4  1.999999955E-02 -2.960570157E-02  6.562000606E-03  7.325123314E+00 
         5  1.999999955E-02 -2.947092615E-02  6.562000141E-03  7.657716345E+00 
         6  1.999999955E-02 -2.932692692E-02  6.562000141E-03  7.776285991E+00 
         7  1.999999955E-02 -2.918292582E-02  6.562000141E-03  8.101412898E+00 
         8  1.999999955E-02 -2.903892659E-02  6.562000141E-03  8.532709040E+00 
         9  1.999999955E-02 -2.889492549E-02  6.562000141E-03  8.619517226E+00 
        10  1.999999955E-02 -2.875092626E-02  6.562000141E-03  8.301303591E+00 
        11  1.999999955E-02 -2.860692702E-02  6.562000141E-03  7.646722170E+00 
        12  1.999999955E-02 -2.846292593E-02  6.562000141E-03  7.253893131E+00 
        13  1.999999955E-02 -2.831892669E-02  6.562000141E-03  7.176572535E+00 
        14  1.999999955E-02 -2.817492560E-02  6.562000141E-03  7.151315169E+00 
        15  1.999999955E-02 -2.803092636E-02  6.562000141E-03  7.309552271E+00 
        16  1.999999955E-02 -2.788692527E-02  6.562000141E-03  7.381484721E+00 
        17  1.999999955E-02 -2.774292603E-02  6.562000141E-03  7.380389933E+00 
        18  1.999999955E-02 -2.759892680E-02  6.562000141E-03  6.538151858E+00 
        19  1.999999955E-02 -2.745492570E-02  6.562000141E-03  6.017634987E+00 
        20  1.999999955E-02 -2.731092647E-02  6.562000141E-03  5.943255832E+00 
        21  1.999999955E-02 -2.716692537E-02  6.562000141E-03  5.941890598E+00 
        22  1.999999955E-02 -2.702292614E-02  6.562000141E-03  6.058886464E+00 
        23  1.999999955E-02 -2.687892690E-02  6.562000141E-03  6.227704526E+00 
        24  1.999999955E-02 -2.673492581E-02  6.562000141E-03  6.482079262E+00 
        25  1.999999955E-02 -2.659092657E-02  6.562000141E-03  6.778218878E+00 
        26  1.999999955E-02 -2.644692548E-02  6.562000141E-03  6.799622253E+00 
        27  1.999999955E-02 -2.630292624E-02  6.562000141E-03  6.520002677E+00 
        28  1.999999955E-02 -2.615892701E-02  6.562000141E-03  6.408190277E+00 
        29  1.999999955E-02 -2.601870149E-02  6.562000141E-03  6.294937101E+00 
        30  1.999999955E-02 -2.588963695E-02  6.562000141E-03  5.809894882E+00 
        31  1.999999955E-02 -2.581939846E-02  6.562000141E-03  4.742688310E+00 
