cellnumber     x-coordinate     y-coordinate     z-coordinate velocity-magnitude 
         1  1.999999955E-02 -2.984435484E-02  6.562000141E-03  4.807697922E+00 
         2  1.999999955E-02 -2.979804762E-02  6.562000141E-03  5.401973051E+00 
         3  2.000000142E-02 -2.971792966E-02  6.562000606E-03  6.451393579E+00 
         4  1.999999955E-02 -2.960570157E-02  6.562000606E-03  7.212915486E+00 
         5  1.999999955E-02 -2.947092615E-02  6.562000141E-03  7.654541500E+00 
         6  1.999999955E-02 -2.932692692E-02  6.562000141E-03  7.334500440E+00 
         7  1.999999955E-02 -2.918292582E-02  6.562000141E-03  7.165983374E+00 
         8  1.999999955E-02 -2.903892659E-02  6.562000141E-03  6.977444183E+00 
         9  1.999999955E-02 -2.889492549E-02  6.562000141E-03  6.619039181E+00 
        10  1.999999955E-02 -2.875092626E-02  6.562000141E-03  6.278310121E+00 
        11  1.999999955E-02 -2.860692702E-02  6.562000141E-03  6.231768211E+00 
        12  1.999999955E-02 -2.846292593E-02  6.562000141E-03  6.669229151E+00 
        13  1.999999955E-02 -2.831892669E-02  6.562000141E-03  7.168384325E+00 
        14  1.999999955E-02 -2.817492560E-02  6.562000141E-03  7.375325372E+00 
        15  1.999999955E-02 -2.803092636E-02  6.562000141E-03  7.274128847E+00 
        16  1.999999955E-02 -2.788692527E-02  6.562000141E-03  7.081931266E+00 
        17  1.999999955E-02 -2.774292603E-02  6.562000141E-03  7.023538747E+00 
        18  1.999999955E-02 -2.759892680E-02  6.562000141E-03  6.735236215E+00 
        19  1.999999955E-02 -2.745492570E-02  6.562000141E-03  6.227602698E+00 
        20  1.999999955E-02 -2.731092647E-02  6.562000141E-03  6.427035636E+00 
        21  1.999999955E-02 -2.716692537E-02  6.562000141E-03  6.652132644E+00 
        22  1.999999955E-02 -2.702292614E-02  6.562000141E-03  6.791565111E+00 
        23  1.999999955E-02 -2.687892690E-02  6.562000141E-03  6.931116457E+00 
        24  1.999999955E-02 -2.673492581E-02  6.562000141E-03  7.017395279E+00 
        25  1.999999955E-02 -2.659092657E-02  6.562000141E-03  7.165242021E+00 
        26  1.999999955E-02 -2.644692548E-02  6.562000141E-03  7.236093296E+00 
        27  1.999999955E-02 -2.630292624E-02  6.562000141E-03  7.230011430E+00 
        28  1.999999955E-02 -2.615892701E-02  6.562000141E-03  7.251007687E+00 
        29  1.999999955E-02 -2.601870149E-02  6.562000141E-03  7.453481423E+00 
        30  1.999999955E-02 -2.588963695E-02  6.562000141E-03  7.458809234E+00 
        31  1.999999955E-02 -2.581939846E-02  6.562000141E-03  6.909220529E+00 
