cellnumber     x-coordinate     y-coordinate     z-coordinate velocity-magnitude 
         1  1.999999955E-02 -2.984774485E-02  6.562000141E-03  4.132546685E+00 
         2  1.999999955E-02 -2.980891429E-02  6.562000141E-03  4.580041225E+00 
         3  1.999999955E-02 -2.971169166E-02  6.562000141E-03  5.226265537E+00 
         4  1.999999955E-02 -2.959104441E-02  6.562000141E-03  6.050935202E+00 
         5  1.999999955E-02 -2.946904302E-02  6.562000141E-03  6.878544644E+00 
         6  1.999999955E-02 -2.932504192E-02  6.562000141E-03  7.196136705E+00 
         7  1.999999955E-02 -2.918104269E-02  6.562000141E-03  7.392164073E+00 
         8  1.999999955E-02 -2.903704345E-02  6.562000141E-03  7.485693481E+00 
         9  1.999999955E-02 -2.889304236E-02  6.562000141E-03  7.483658323E+00 
        10  1.999999955E-02 -2.874904312E-02  6.562000141E-03  7.306016385E+00 
        11  1.999999955E-02 -2.860504203E-02  6.562000141E-03  7.180405023E+00 
        12  1.999999955E-02 -2.846104279E-02  6.562000141E-03  7.186968176E+00 
        13  1.999999955E-02 -2.831704356E-02  6.562000141E-03  7.556049450E+00 
        14  1.999999955E-02 -2.817304246E-02  6.562000141E-03  7.901553851E+00 
        15  1.999999955E-02 -2.802904323E-02  6.562000141E-03  7.826573237E+00 
        16  1.999999955E-02 -2.788504213E-02  6.562000141E-03  7.617888363E+00 
        17  1.999999955E-02 -2.774104290E-02  6.562000141E-03  7.353385501E+00 
        18  1.999999955E-02 -2.759704366E-02  6.562000141E-03  7.236671266E+00 
        19  1.999999955E-02 -2.745304257E-02  6.562000141E-03  6.989119903E+00 
        20  1.999999955E-02 -2.730904333E-02  6.562000141E-03  6.768260163E+00 
        21  1.999999955E-02 -2.716504224E-02  6.562000141E-03  6.623535394E+00 
        22  1.999999955E-02 -2.702104300E-02  6.562000141E-03  6.655282426E+00 
        23  1.999999955E-02 -2.687704377E-02  6.562000141E-03  6.805763325E+00 
        24  1.999999955E-02 -2.673304267E-02  6.562000141E-03  6.939699140E+00 
        25  1.999999955E-02 -2.658904344E-02  6.562000141E-03  7.023698085E+00 
        26  1.999999955E-02 -2.644504234E-02  6.562000141E-03  6.984368673E+00 
        27  1.999999955E-02 -2.630104311E-02  6.562000141E-03  6.079104218E+00 
        28  1.999999955E-02 -2.615704201E-02  6.562000141E-03  5.772563245E+00 
        29  1.999998651E-02 -2.607314475E-02  6.562000141E-03  5.855594848E+00 
        30  1.999994740E-02 -2.602700889E-02  6.562000141E-03  6.845299516E+00 
        31  1.999996044E-02 -2.592459694E-02  6.562000141E-03  6.467896883E+00 
        32  1.999999955E-02 -2.583321184E-02  6.561999675E-03  6.954233813E+00 
