cellnumber     x-coordinate     y-coordinate     z-coordinate velocity-magnitude 
         1  1.999999955E-02 -2.984435484E-02  6.562000141E-03  5.103865276E+00 
         2  1.999999955E-02 -2.979804762E-02  6.562000141E-03  5.725427512E+00 
         3  2.000000142E-02 -2.971792966E-02  6.562000606E-03  6.552558833E+00 
         4  1.999999955E-02 -2.960570157E-02  6.562000606E-03  7.345351368E+00 
         5  1.999999955E-02 -2.947092615E-02  6.562000141E-03  7.944231513E+00 
         6  1.999999955E-02 -2.932692692E-02  6.562000141E-03  8.097158659E+00 
         7  1.999999955E-02 -2.918292582E-02  6.562000141E-03  8.241145646E+00 
         8  1.999999955E-02 -2.903892659E-02  6.562000141E-03  8.301877429E+00 
         9  1.999999955E-02 -2.889492549E-02  6.562000141E-03  8.284717372E+00 
        10  1.999999955E-02 -2.875092626E-02  6.562000141E-03  8.147018205E+00 
        11  1.999999955E-02 -2.860692702E-02  6.562000141E-03  7.725281363E+00 
        12  1.999999955E-02 -2.846292593E-02  6.562000141E-03  7.265027491E+00 
        13  1.999999955E-02 -2.831892669E-02  6.562000141E-03  7.036017962E+00 
        14  1.999999955E-02 -2.817492560E-02  6.562000141E-03  6.912904575E+00 
        15  1.999999955E-02 -2.803092636E-02  6.562000141E-03  6.978876537E+00 
        16  1.999999955E-02 -2.788692527E-02  6.562000141E-03  6.991849904E+00 
        17  1.999999955E-02 -2.774292603E-02  6.562000141E-03  6.679884483E+00 
        18  1.999999955E-02 -2.759892680E-02  6.562000141E-03  6.631939023E+00 
        19  1.999999955E-02 -2.745492570E-02  6.562000141E-03  6.738822868E+00 
        20  1.999999955E-02 -2.731092647E-02  6.562000141E-03  6.603971160E+00 
        21  1.999999955E-02 -2.716692537E-02  6.562000141E-03  6.165383672E+00 
        22  1.999999955E-02 -2.702292614E-02  6.562000141E-03  5.966164875E+00 
        23  1.999999955E-02 -2.687892690E-02  6.562000141E-03  6.042030567E+00 
        24  1.999999955E-02 -2.673492581E-02  6.562000141E-03  6.138610698E+00 
        25  1.999999955E-02 -2.659092657E-02  6.562000141E-03  6.240498205E+00 
        26  1.999999955E-02 -2.644692548E-02  6.562000141E-03  6.333288697E+00 
        27  1.999999955E-02 -2.630292624E-02  6.562000141E-03  6.425217965E+00 
        28  1.999999955E-02 -2.615892701E-02  6.562000141E-03  6.518172484E+00 
        29  1.999999955E-02 -2.601870149E-02  6.562000141E-03  6.600791284E+00 
        30  1.999999955E-02 -2.588963695E-02  6.562000141E-03  6.614308778E+00 
        31  1.999999955E-02 -2.581939846E-02  6.562000141E-03  6.004878163E+00 
