cellnumber     x-coordinate     y-coordinate     z-coordinate velocity-magnitude 
         1  1.999999955E-02 -2.984774671E-02  6.562000141E-03  5.439051869E+00 
         2  1.999999955E-02 -2.980891429E-02  6.562000141E-03  5.981721923E+00 
         3  1.999999769E-02 -2.971169166E-02  6.562000141E-03  6.711191179E+00 
         4  1.999999955E-02 -2.959104441E-02  6.562000141E-03  7.387613525E+00 
         5  1.999999955E-02 -2.946904302E-02  6.562000141E-03  7.707836577E+00 
         6  1.999999955E-02 -2.932504378E-02  6.562000141E-03  7.434732173E+00 
         7  1.999999955E-02 -2.918104269E-02  6.562000141E-03  7.061894052E+00 
         8  1.999999955E-02 -2.903704345E-02  6.562000141E-03  7.175638294E+00 
         9  1.999999955E-02 -2.889304422E-02  6.562000141E-03  7.351804170E+00 
        10  1.999999955E-02 -2.874904312E-02  6.562000141E-03  7.233406116E+00 
        11  1.999999955E-02 -2.860504389E-02  6.562000141E-03  7.248104261E+00 
        12  1.999999955E-02 -2.846104279E-02  6.562000141E-03  7.150056770E+00 
        13  1.999999955E-02 -2.831704356E-02  6.562000141E-03  7.036641460E+00 
        14  1.999999955E-02 -2.817304432E-02  6.562000141E-03  6.977906092E+00 
        15  1.999999955E-02 -2.802904323E-02  6.562000141E-03  6.910180061E+00 
        16  1.999999955E-02 -2.788504399E-02  6.562000141E-03  6.943263245E+00 
        17  1.999999955E-02 -2.774104290E-02  6.562000141E-03  7.090010483E+00 
        18  1.999999955E-02 -2.759704366E-02  6.562000141E-03  7.362864957E+00 
        19  1.999999955E-02 -2.745304257E-02  6.562000141E-03  7.773892239E+00 
        20  1.999999955E-02 -2.730904333E-02  6.562000141E-03  7.703376285E+00 
        21  1.999999955E-02 -2.716504410E-02  6.562000141E-03  7.132143251E+00 
        22  1.999999955E-02 -2.702104300E-02  6.562000141E-03  7.229202817E+00 
        23  1.999999955E-02 -2.687704377E-02  6.562000141E-03  7.332248554E+00 
        24  1.999999955E-02 -2.673304267E-02  6.562000141E-03  7.201670997E+00 
        25  1.999999955E-02 -2.658904344E-02  6.562000141E-03  6.941528424E+00 
        26  1.999999955E-02 -2.644504234E-02  6.562000141E-03  6.612237013E+00 
        27  1.999999955E-02 -2.630104311E-02  6.562000141E-03  6.314174640E+00 
        28  1.999999955E-02 -2.615704387E-02  6.562000141E-03  6.099485071E+00 
        29  1.999998651E-02 -2.607314475E-02  6.562000141E-03  5.829864781E+00 
        30  1.999994740E-02 -2.602700889E-02  6.562000141E-03  6.164714346E+00 
        31  1.999996044E-02 -2.592459694E-02  6.562000141E-03  5.789373281E+00 
        32  1.999999955E-02 -2.583321184E-02  6.561999675E-03  5.482962353E+00 
