cellnumber     x-coordinate     y-coordinate     z-coordinate velocity-magnitude 
         1  3.500000015E-02 -2.990104258E-02  6.561999675E-03  2.664216590E+00 
         2  3.500000015E-02 -2.975704335E-02  6.561999675E-03  2.737470387E+00 
         3  3.500000015E-02 -2.961304225E-02  6.562000141E-03  2.791088797E+00 
         4  3.500000015E-02 -2.946904302E-02  6.561999675E-03  2.823698122E+00 
         5  3.500000015E-02 -2.932504192E-02  6.562000141E-03  2.834880546E+00 
         6  3.500000015E-02 -2.918104269E-02  6.561999675E-03  2.825213132E+00 
         7  3.500000015E-02 -2.903704345E-02  6.561999675E-03  2.796133288E+00 
         8  3.500000015E-02 -2.889304236E-02  6.561999675E-03  2.749735358E+00 
         9  3.500000015E-02 -2.874904312E-02  6.561999675E-03  2.688492158E+00 
        10  3.500000015E-02 -2.860504203E-02  6.561999675E-03  2.614989566E+00 
        11  3.500000015E-02 -2.846104279E-02  6.561999675E-03  2.531706022E+00 
        12  3.500000015E-02 -2.831704356E-02  6.561999675E-03  2.440879119E+00 
        13  3.500000015E-02 -2.817304246E-02  6.561999675E-03  2.344371202E+00 
        14  3.500000015E-02 -2.802904323E-02  6.561999675E-03  2.242836028E+00 
        15  3.500000015E-02 -2.788504213E-02  6.561999675E-03  2.136645353E+00 
        16  3.500000015E-02 -2.774104290E-02  6.561999675E-03  2.026744678E+00 
        17  3.500000015E-02 -2.759704180E-02  6.561999675E-03  1.913858613E+00 
        18  3.500000015E-02 -2.745304257E-02  6.561999675E-03  1.798250305E+00 
        19  3.500000015E-02 -2.730904333E-02  6.561999675E-03  1.678340304E+00 
        20  3.500000015E-02 -2.716504224E-02  6.561999675E-03  1.551836662E+00 
        21  3.500000015E-02 -2.702104300E-02  6.561999675E-03  1.418374965E+00 
        22  3.500000015E-02 -2.687704191E-02  6.561999675E-03  1.279235625E+00 
        23  3.500000015E-02 -2.673304267E-02  6.561999675E-03  1.137282758E+00 
        24  3.500000015E-02 -2.658904344E-02  6.561999675E-03  9.969703206E-01 
        25  3.500000015E-02 -2.644504234E-02  6.561999675E-03  8.639170494E-01 
        26  3.500000015E-02 -2.630104311E-02  6.561999675E-03  7.434581055E-01 
        27  3.500000015E-02 -2.615704201E-02  6.562000141E-03  6.380480763E-01 
        28  3.500000015E-02 -2.601304278E-02  6.561999675E-03  5.462375467E-01 
        29  3.500000015E-02 -2.586904354E-02  6.561999675E-03  4.683386653E-01 
        30  3.500000015E-02 -2.572504245E-02  6.561999675E-03  4.071379802E-01 
        31  3.500000015E-02 -2.558104321E-02  6.562000141E-03  3.644363481E-01 
        32  3.500000015E-02 -2.543704212E-02  6.561999675E-03  3.400568026E-01 
        33  3.500000015E-02 -2.529304288E-02  6.562000141E-03  3.312713210E-01 
        34  3.500000015E-02 -2.514904365E-02  6.561999675E-03  3.335877040E-01 
        35  3.500000015E-02 -2.500504255E-02  6.561999675E-03  3.423314147E-01 
        36  3.500000015E-02 -2.486104332E-02  6.561999675E-03  3.537817474E-01 
        37  3.500000015E-02 -2.471704222E-02  6.562000141E-03  3.654662238E-01 
        38  3.500000015E-02 -2.457304299E-02  6.562000141E-03  3.760255848E-01 
        39  3.500000015E-02 -2.442904375E-02  6.561999675E-03  3.850420376E-01 
        40  3.500000015E-02 -2.310776524E-02  6.562000141E-03  2.714271369E-01 
        41  3.500000015E-02 -2.307719551E-02  6.561999675E-03  2.270611443E-01 
        42  3.500000015E-02 -2.296095528E-02  6.562000141E-03  5.308342082E-03 
        43  3.500000015E-02 -2.296585403E-02  6.562000141E-03  1.653081499E-02 
        44  3.500000015E-02 -2.297452837E-02  6.562000141E-03  3.071757523E-02 
        45  3.499999642E-02 -2.298492752E-02  6.562000141E-03  4.869340930E-02 
        46  3.499999642E-02 -2.299739420E-02  6.562000141E-03  7.148985882E-02 
        47  3.500000015E-02 -2.301233448E-02  6.562000141E-03  1.003464399E-01 
        48  3.500000015E-02 -2.303021587E-02  6.562000141E-03  1.364272194E-01 
        49  3.500000015E-02 -2.305160835E-02  6.562000141E-03  1.797704860E-01 
        50  3.500000015E-02 -2.314046025E-02  6.562000141E-03  3.108008524E-01 
        51  3.500000015E-02 -2.320699580E-02  6.562000141E-03  3.527213656E-01 
        52  3.500000015E-02 -2.332915738E-02  6.562000141E-03  3.859994252E-01 
        53  3.500000015E-02 -2.344694175E-02  6.562000141E-03  3.886314119E-01 
        54  3.500000015E-02 -2.356504276E-02  6.561999675E-03  3.987635866E-01 
        55  3.500000015E-02 -2.370904200E-02  6.561999675E-03  4.032434381E-01 
        56  3.500000015E-02 -2.385304309E-02  6.562000141E-03  4.040237106E-01 
        57  3.500000015E-02 -2.399704233E-02  6.561999675E-03  4.021672796E-01 
        58  3.500000015E-02 -2.414104342E-02  6.562000141E-03  3.982159729E-01 
        59  3.500000015E-02 -2.428504266E-02  6.562000141E-03  3.924577938E-01 
        60  3.500000015E-02 -3.232943267E-02  6.562000141E-03  5.527644967E-01 
        61  3.500000015E-02 -3.219095245E-02  6.562000141E-03  6.888090413E-01 
        62  3.500000015E-02 -3.206104040E-02  6.561999675E-03  7.801857499E-01 
        63  3.500000015E-02 -3.191704303E-02  6.561999675E-03  8.765281332E-01 
        64  3.500000015E-02 -3.177304193E-02  6.561999675E-03  9.808797310E-01 
        65  3.500000015E-02 -3.162904084E-02  6.561999675E-03  1.095062619E+00 
        66  3.500000015E-02 -3.148504347E-02  6.562000141E-03  1.219101950E+00 
        67  3.500000015E-02 -3.134104237E-02  6.561999675E-03  1.352187634E+00 
        68  3.500000015E-02 -3.119704314E-02  6.561999675E-03  1.492574509E+00 
        69  3.500000015E-02 -3.105304204E-02  6.561999675E-03  1.638021644E+00 
        70  3.500000015E-02 -3.090904281E-02  6.561999675E-03  1.785963088E+00 
        71  3.500000015E-02 -3.076504171E-02  6.561999675E-03  1.933702119E+00 
        72  3.500000015E-02 -3.062104248E-02  6.561999675E-03  2.078495514E+00 
        73  3.500000015E-02 -3.047704324E-02  6.561999675E-03  2.217550401E+00 
        74  3.500000015E-02 -3.033304214E-02  6.561999675E-03  2.348058058E+00 
        75  3.500000015E-02 -3.018904291E-02  6.561999675E-03  2.467226866E+00 
        76  3.500000015E-02 -3.004504181E-02  6.561999675E-03  2.573356740E+00 
