cellnumber     x-coordinate     y-coordinate     z-coordinate velocity-magnitude 
         1  2.500000037E-02 -2.476578765E-02  6.562000606E-03  9.808770971E-01 
         2  2.500000037E-02 -2.477990836E-02  6.562000141E-03  1.141768415E+00 
         3  2.500000037E-02 -2.479819022E-02  6.562000141E-03  1.128726269E+00 
         4  2.500000037E-02 -2.482001111E-02  6.561999675E-03  9.862211800E-01 
         5  2.500000037E-02 -2.484604716E-02  6.562000141E-03  8.800769722E-01 
         6  2.500000037E-02 -2.487709187E-02  6.562000141E-03  9.494755098E-01 
         7  2.500000037E-02 -2.492471784E-02  6.562000141E-03  1.091768640E+00 
         8  2.500000037E-02 -2.501806431E-02  6.562000141E-03  8.602196566E-01 
         9  2.500000037E-02 -2.515085414E-02  6.562000141E-03  3.417317541E-01 
        10  2.500000224E-02 -2.529304475E-02  6.561999675E-03  1.520312917E+00 
        11  2.500000224E-02 -2.543704398E-02  6.562000141E-03  3.006910382E+00 
        12  2.500000224E-02 -2.558104321E-02  6.562000141E-03  3.801656912E+00 
        13  2.500000224E-02 -2.572504431E-02  6.562000141E-03  4.017227838E+00 
        14  2.500000224E-02 -2.586904354E-02  6.562000141E-03  5.312963259E+00 
        15  2.500000224E-02 -2.601304464E-02  6.562000141E-03  6.031861945E+00 
        16  2.500000224E-02 -2.615704387E-02  6.562000141E-03  5.699740287E+00 
        17  2.500000224E-02 -2.630104497E-02  6.562000141E-03  5.870464822E+00 
        18  2.500000224E-02 -2.644504420E-02  6.562000141E-03  5.782014949E+00 
        19  2.500000224E-02 -2.658904344E-02  6.562000141E-03  5.779762188E+00 
        20  2.500000224E-02 -2.673304453E-02  6.562000141E-03  6.050643296E+00 
        21  2.500000224E-02 -2.687704377E-02  6.562000141E-03  6.255971077E+00 
        22  2.500000224E-02 -2.702104487E-02  6.562000141E-03  6.514065375E+00 
        23  2.500000224E-02 -2.716504410E-02  6.562000141E-03  6.747818321E+00 
        24  2.500000224E-02 -2.730904333E-02  6.562000141E-03  6.817041953E+00 
        25  2.500000224E-02 -2.745304443E-02  6.562000141E-03  6.822957732E+00 
        26  2.500000224E-02 -2.759704366E-02  6.562000141E-03  6.751187252E+00 
        27  2.500000224E-02 -2.774104476E-02  6.562000141E-03  6.793579874E+00 
        28  2.500000224E-02 -2.788504399E-02  6.562000141E-03  6.968875733E+00 
        29  2.500000224E-02 -2.802904509E-02  6.562000141E-03  7.061578903E+00 
        30  2.500000224E-02 -2.817304432E-02  6.562000141E-03  7.036927712E+00 
        31  2.500000224E-02 -2.831704356E-02  6.562000141E-03  7.140445805E+00 
        32  2.500000224E-02 -2.846104465E-02  6.562000141E-03  7.197005974E+00 
        33  2.500000224E-02 -2.860504389E-02  6.562000141E-03  7.119749490E+00 
        34  2.500000224E-02 -2.874904498E-02  6.562000141E-03  6.971296619E+00 
        35  2.500000224E-02 -2.889304422E-02  6.562000141E-03  6.825489393E+00 
        36  2.500000224E-02 -2.903704345E-02  6.562000141E-03  6.648426844E+00 
        37  2.500000037E-02 -2.918104269E-02  6.561999675E-03  6.442859786E+00 
        38  2.500000224E-02 -2.932504378E-02  6.562000141E-03  6.028937797E+00 
        39  2.500000224E-02 -2.946904488E-02  6.562000141E-03  5.775541288E+00 
        40  2.500000224E-02 -2.961304411E-02  6.562000141E-03  4.584329916E+00 
        41  2.500000224E-02 -2.975704335E-02  6.562000141E-03  4.668783528E+00 
        42  2.500000224E-02 -2.990104444E-02  6.562000141E-03  4.676074121E+00 
        43  2.500000224E-02 -3.004504368E-02  6.561999675E-03  4.224218272E+00 
        44  2.500000037E-02 -3.018904291E-02  6.561999675E-03  4.045924389E+00 
        45  2.500000224E-02 -3.033304401E-02  6.561999675E-03  3.031924210E+00 
        46  2.500000037E-02 -3.046895750E-02  6.562000141E-03  2.795637475E+00 
        47  2.500000037E-02 -3.057143651E-02  6.562000141E-03  3.259575344E+00 
