cellnumber     x-coordinate     y-coordinate     z-coordinate velocity-magnitude 
         1  2.500000037E-02 -2.918104269E-02  6.561999675E-03  8.219555748E+00 
         2  2.500000224E-02 -2.932504378E-02  6.562000141E-03  7.821192857E+00 
         3  2.500000224E-02 -2.946904488E-02  6.562000141E-03  6.835970797E+00 
         4  2.500000224E-02 -2.961304411E-02  6.562000141E-03  4.117335394E+00 
         5  2.500000224E-02 -2.975704335E-02  6.562000141E-03  4.714282297E+00 
         6  2.500000224E-02 -2.990104444E-02  6.562000141E-03  4.663116192E+00 
         7  2.500000224E-02 -3.004504368E-02  6.561999675E-03  3.971506367E+00 
         8  2.500000037E-02 -3.018904291E-02  6.561999675E-03  3.196477636E+00 
         9  2.500000224E-02 -3.033304401E-02  6.561999675E-03  1.732079170E+00 
        10  2.500000037E-02 -3.046895750E-02  6.562000141E-03  1.325124912E+00 
        11  2.500000037E-02 -3.057143651E-02  6.562000141E-03  1.121589059E+00 
        12  2.500000037E-02 -2.476578765E-02  6.562000606E-03  5.558544661E-01 
        13  2.500000037E-02 -2.477990836E-02  6.562000141E-03  7.944546886E-01 
        14  2.500000037E-02 -2.479819022E-02  6.562000141E-03  1.009433485E+00 
        15  2.500000037E-02 -2.482001111E-02  6.561999675E-03  1.174103178E+00 
        16  2.500000037E-02 -2.484604716E-02  6.562000141E-03  1.294491843E+00 
        17  2.500000037E-02 -2.487709187E-02  6.562000141E-03  1.381917468E+00 
        18  2.500000037E-02 -2.492471784E-02  6.562000141E-03  1.457921063E+00 
        19  2.500000037E-02 -2.501806431E-02  6.562000141E-03  1.817119923E+00 
        20  2.500000037E-02 -2.515085414E-02  6.562000141E-03  4.119208538E+00 
        21  2.500000224E-02 -2.529304475E-02  6.561999675E-03  5.317567409E+00 
        22  2.500000224E-02 -2.543704398E-02  6.562000141E-03  5.597397936E+00 
        23  2.500000224E-02 -2.558104321E-02  6.562000141E-03  6.461420362E+00 
        24  2.500000224E-02 -2.572504431E-02  6.562000141E-03  6.648618043E+00 
        25  2.500000224E-02 -2.586904354E-02  6.562000141E-03  6.256385580E+00 
        26  2.500000224E-02 -2.601304464E-02  6.562000141E-03  6.453610582E+00 
        27  2.500000224E-02 -2.615704387E-02  6.562000141E-03  6.509379142E+00 
        28  2.500000224E-02 -2.630104497E-02  6.562000141E-03  6.184692319E+00 
        29  2.500000224E-02 -2.644504420E-02  6.562000141E-03  5.935560429E+00 
        30  2.500000224E-02 -2.658904344E-02  6.562000141E-03  6.018346392E+00 
        31  2.500000224E-02 -2.673304453E-02  6.562000141E-03  5.984297960E+00 
        32  2.500000224E-02 -2.687704377E-02  6.562000141E-03  6.077370792E+00 
        33  2.500000224E-02 -2.702104487E-02  6.562000141E-03  6.316086153E+00 
        34  2.500000224E-02 -2.716504410E-02  6.562000141E-03  6.452436315E+00 
        35  2.500000224E-02 -2.730904333E-02  6.562000141E-03  6.783110198E+00 
        36  2.500000224E-02 -2.745304443E-02  6.562000141E-03  7.075316968E+00 
        37  2.500000224E-02 -2.759704366E-02  6.562000141E-03  7.374331624E+00 
        38  2.500000224E-02 -2.774104476E-02  6.562000141E-03  7.622299395E+00 
        39  2.500000224E-02 -2.788504399E-02  6.562000141E-03  7.757810579E+00 
        40  2.500000224E-02 -2.802904509E-02  6.562000141E-03  7.759401294E+00 
        41  2.500000224E-02 -2.817304432E-02  6.562000141E-03  7.655363582E+00 
        42  2.500000224E-02 -2.831704356E-02  6.562000141E-03  7.590114319E+00 
        43  2.500000224E-02 -2.846104465E-02  6.562000141E-03  7.596168692E+00 
        44  2.500000224E-02 -2.860504389E-02  6.562000141E-03  7.613795292E+00 
        45  2.500000224E-02 -2.874904498E-02  6.562000141E-03  7.699882358E+00 
        46  2.500000224E-02 -2.889304422E-02  6.562000141E-03  7.885526741E+00 
        47  2.500000224E-02 -2.903704345E-02  6.562000141E-03  8.157907483E+00 
