cellnumber     x-coordinate     y-coordinate     z-coordinate velocity-magnitude 
         1  2.500000037E-02 -3.057143651E-02  6.562000141E-03  1.304965585E+00 
         2  2.500000037E-02 -3.046895750E-02  6.562000141E-03  1.281871787E+00 
         3  2.500000037E-02 -3.033304401E-02  6.562000141E-03  1.253576898E+00 
         4  2.500000224E-02 -3.018904291E-02  6.561999675E-03  1.835960306E+00 
         5  2.500000037E-02 -3.004504368E-02  6.562000141E-03  2.183745585E+00 
         6  2.500000037E-02 -2.990104258E-02  6.561999675E-03  2.913894308E+00 
         7  2.500000224E-02 -2.975704335E-02  6.561999675E-03  3.595996381E+00 
         8  2.500000224E-02 -2.961304411E-02  6.562000141E-03  4.029764033E+00 
         9  2.500000224E-02 -2.946904488E-02  6.562000141E-03  6.175556776E+00 
        10  2.500000224E-02 -2.932504378E-02  6.562000141E-03  7.724437619E+00 
        11  2.500000224E-02 -2.918104455E-02  6.562000141E-03  7.919211140E+00 
        12  2.500000224E-02 -2.903704345E-02  6.562000141E-03  7.791460422E+00 
        13  2.500000224E-02 -2.889304422E-02  6.562000141E-03  7.520439686E+00 
        14  2.500000224E-02 -2.874904498E-02  6.562000141E-03  7.216832924E+00 
        15  2.500000224E-02 -2.860504389E-02  6.562000141E-03  6.972807322E+00 
        16  2.500000224E-02 -2.846104465E-02  6.562000141E-03  6.776099193E+00 
        17  2.500000224E-02 -2.831704356E-02  6.562000141E-03  6.628684751E+00 
        18  2.500000224E-02 -2.817304432E-02  6.562000141E-03  6.709727165E+00 
        19  2.500000224E-02 -2.802904509E-02  6.562000141E-03  6.998304895E+00 
        20  2.500000224E-02 -2.788504399E-02  6.562000141E-03  7.085764399E+00 
        21  2.500000224E-02 -2.774104476E-02  6.562000141E-03  6.687676897E+00 
        22  2.500000224E-02 -2.759704366E-02  6.562000141E-03  5.696102441E+00 
        23  2.500000224E-02 -2.745304443E-02  6.562000141E-03  5.316806181E+00 
        24  2.500000224E-02 -2.730904333E-02  6.562000141E-03  5.672423235E+00 
        25  2.500000037E-02 -2.716504410E-02  6.562000141E-03  5.672895494E+00 
        26  2.500000037E-02 -2.702104300E-02  6.561999675E-03  5.259320096E+00 
        27  2.500000224E-02 -2.687704377E-02  6.561999675E-03  4.965692472E+00 
        28  2.500000224E-02 -2.673304453E-02  6.562000141E-03  5.004304289E+00 
        29  2.500000224E-02 -2.658904344E-02  6.562000141E-03  5.237829361E+00 
        30  2.500000224E-02 -2.644504420E-02  6.562000141E-03  5.344643255E+00 
        31  2.500000224E-02 -2.630104497E-02  6.562000141E-03  4.618930717E+00 
        32  2.500000224E-02 -2.615704387E-02  6.562000141E-03  4.025423607E+00 
        33  2.500000224E-02 -2.601304464E-02  6.562000141E-03  3.900599109E+00 
        34  2.500000224E-02 -2.586904354E-02  6.562000141E-03  3.578084836E+00 
        35  2.500000224E-02 -2.572504431E-02  6.562000141E-03  3.329311028E+00 
        36  2.500000224E-02 -2.558104321E-02  6.562000141E-03  2.455744376E+00 
        37  2.500000224E-02 -2.543704398E-02  6.562000141E-03  1.865227812E+00 
        38  2.500000037E-02 -2.476578765E-02  6.562000606E-03  1.638254285E+00 
        39  2.500000037E-02 -2.477990836E-02  6.562000141E-03  1.904174000E+00 
        40  2.500000037E-02 -2.479819022E-02  6.562000141E-03  2.013739112E+00 
        41  2.500000037E-02 -2.482001111E-02  6.561999675E-03  2.046850979E+00 
        42  2.500000037E-02 -2.484604716E-02  6.562000141E-03  2.079622885E+00 
        43  2.500000037E-02 -2.487709001E-02  6.561999675E-03  2.118299833E+00 
        44  2.500000037E-02 -2.492471784E-02  6.562000141E-03  2.172788006E+00 
        45  2.500000037E-02 -2.501806431E-02  6.562000141E-03  2.328712524E+00 
        46  2.500000037E-02 -2.515085414E-02  6.562000141E-03  1.719645341E+00 
        47  2.500000224E-02 -2.529304475E-02  6.562000141E-03  1.427283929E+00 
