cellnumber     x-coordinate     y-coordinate     z-coordinate velocity-magnitude 
         1  2.500000037E-02 -2.476578765E-02  6.562000606E-03  9.338222330E-01 
         2  2.500000037E-02 -2.477990650E-02  6.562000141E-03  1.325230467E+00 
         3  2.500000037E-02 -2.479819022E-02  6.562000141E-03  1.629387768E+00 
         4  2.500000037E-02 -2.482001111E-02  6.561999675E-03  1.809360516E+00 
         5  2.500000037E-02 -2.484604716E-02  6.562000141E-03  1.847937240E+00 
         6  2.500000037E-02 -2.487709187E-02  6.562000141E-03  1.774527657E+00 
         7  2.500000037E-02 -2.492471784E-02  6.562000141E-03  1.614026714E+00 
         8  2.500000037E-02 -2.501806431E-02  6.562000141E-03  1.537113828E+00 
         9  2.500000037E-02 -2.515085414E-02  6.561999675E-03  1.235287753E+00 
        10  2.500000037E-02 -2.529304288E-02  6.561999675E-03  1.289534484E+00 
        11  2.500000037E-02 -2.543704398E-02  6.562000141E-03  3.350863391E+00 
        12  2.500000224E-02 -2.558104508E-02  6.562000141E-03  3.780454633E+00 
        13  2.500000224E-02 -2.572504431E-02  6.562000141E-03  2.796637243E+00 
        14  2.500000224E-02 -2.586904354E-02  6.562000141E-03  1.774757662E+00 
        15  2.500000224E-02 -2.601304464E-02  6.562000141E-03  1.167502123E+00 
        16  2.500000224E-02 -2.615704387E-02  6.562000141E-03  8.924255830E-01 
        17  2.500000224E-02 -2.630104311E-02  6.561999675E-03  1.022177671E+00 
        18  2.500000037E-02 -2.644504420E-02  6.561999675E-03  2.069049760E+00 
        19  2.500000037E-02 -2.658904344E-02  6.561999675E-03  2.915923805E+00 
        20  2.500000037E-02 -2.673304267E-02  6.561999675E-03  3.203054496E+00 
        21  2.500000037E-02 -2.687704377E-02  6.561999675E-03  3.298208735E+00 
        22  2.500000037E-02 -2.702104300E-02  6.561999675E-03  3.187225311E+00 
        23  2.500000037E-02 -2.716504410E-02  6.561999675E-03  3.042440482E+00 
        24  2.500000037E-02 -2.730904333E-02  6.561999675E-03  2.899112806E+00 
        25  2.500000037E-02 -2.745304257E-02  6.561999675E-03  2.630522516E+00 
        26  2.500000037E-02 -2.759704366E-02  6.561999675E-03  3.294548032E+00 
        27  2.500000037E-02 -2.774104290E-02  6.561999675E-03  4.988341756E+00 
        28  2.500000037E-02 -2.788504399E-02  6.561999675E-03  5.983079460E+00 
        29  2.500000037E-02 -2.802904323E-02  6.561999675E-03  6.589904774E+00 
        30  2.500000037E-02 -2.817304246E-02  6.561999675E-03  7.130568376E+00 
        31  2.500000037E-02 -2.831704356E-02  6.561999675E-03  7.015149081E+00 
        32  2.500000037E-02 -2.846104279E-02  6.561999675E-03  6.589289230E+00 
        33  2.500000037E-02 -2.860504389E-02  6.561999675E-03  6.629850448E+00 
        34  2.500000037E-02 -2.874904312E-02  6.561999675E-03  6.959364378E+00 
        35  2.500000037E-02 -2.889304422E-02  6.561999675E-03  7.031705353E+00 
        36  2.500000037E-02 -2.903704345E-02  6.561999675E-03  6.636641877E+00 
        37  2.500000037E-02 -2.918104269E-02  6.562000141E-03  6.577140134E+00 
        38  2.500000224E-02 -2.932504378E-02  6.562000141E-03  6.938447077E+00 
        39  2.500000224E-02 -2.946904488E-02  6.562000141E-03  7.039979023E+00 
        40  2.500000224E-02 -2.961304411E-02  6.562000141E-03  5.468245653E+00 
        41  2.500000224E-02 -2.975704335E-02  6.561999675E-03  3.284721160E+00 
        42  2.500000037E-02 -2.990104258E-02  6.561999675E-03  3.908036950E+00 
        43  2.500000037E-02 -3.004504368E-02  6.561999675E-03  3.593788973E+00 
        44  2.500000037E-02 -3.018904291E-02  6.561999675E-03  3.015602057E+00 
        45  2.500000037E-02 -3.033304401E-02  6.561999675E-03  1.611520749E+00 
        46  2.500000037E-02 -3.046895750E-02  6.562000141E-03  2.473831559E+00 
        47  2.500000037E-02 -3.057143651E-02  6.562000141E-03  3.289604196E+00 
