cellnumber     x-coordinate     y-coordinate     z-coordinate velocity-magnitude 
         1  2.500000037E-02 -2.476578765E-02  6.562000606E-03  1.305756438E+00 
         2  2.500000037E-02 -2.477990836E-02  6.562000141E-03  1.519726611E+00 
         3  2.500000037E-02 -2.479819022E-02  6.562000141E-03  1.673861430E+00 
         4  2.500000037E-02 -2.482001111E-02  6.561999675E-03  1.788815603E+00 
         5  2.500000037E-02 -2.484604716E-02  6.562000141E-03  1.822553018E+00 
         6  2.500000037E-02 -2.487709187E-02  6.562000141E-03  1.871386107E+00 
         7  2.500000037E-02 -2.492471784E-02  6.562000141E-03  1.966840052E+00 
         8  2.500000037E-02 -2.501806431E-02  6.562000141E-03  1.828027380E+00 
         9  2.500000037E-02 -2.515085414E-02  6.562000141E-03  2.490795617E+00 
        10  2.500000224E-02 -2.529304475E-02  6.561999675E-03  2.570129803E+00 
        11  2.500000224E-02 -2.543704398E-02  6.562000141E-03  2.541728313E+00 
        12  2.500000224E-02 -2.558104321E-02  6.562000141E-03  3.855837368E+00 
        13  2.500000224E-02 -2.572504431E-02  6.562000141E-03  5.398696837E+00 
        14  2.500000224E-02 -2.586904354E-02  6.562000141E-03  5.193895007E+00 
        15  2.500000224E-02 -2.601304464E-02  6.562000141E-03  5.553727417E+00 
        16  2.500000224E-02 -2.615704387E-02  6.562000141E-03  5.879332451E+00 
        17  2.500000224E-02 -2.630104497E-02  6.562000141E-03  5.779485470E+00 
        18  2.500000224E-02 -2.644504420E-02  6.562000141E-03  5.791828936E+00 
        19  2.500000224E-02 -2.658904344E-02  6.562000141E-03  6.213188821E+00 
        20  2.500000224E-02 -2.673304453E-02  6.562000141E-03  6.398104783E+00 
        21  2.500000224E-02 -2.687704377E-02  6.562000141E-03  6.602726933E+00 
        22  2.500000224E-02 -2.702104487E-02  6.562000141E-03  6.915926430E+00 
        23  2.500000224E-02 -2.716504410E-02  6.562000141E-03  6.988497457E+00 
        24  2.500000224E-02 -2.730904333E-02  6.562000141E-03  6.996439653E+00 
        25  2.500000224E-02 -2.745304443E-02  6.562000141E-03  6.906589976E+00 
        26  2.500000224E-02 -2.759704366E-02  6.562000141E-03  6.799765318E+00 
        27  2.500000224E-02 -2.774104476E-02  6.562000141E-03  6.689935228E+00 
        28  2.500000224E-02 -2.788504399E-02  6.562000141E-03  6.602322005E+00 
        29  2.500000224E-02 -2.802904509E-02  6.562000141E-03  6.544793281E+00 
        30  2.500000224E-02 -2.817304432E-02  6.562000141E-03  6.567179438E+00 
        31  2.500000224E-02 -2.831704356E-02  6.562000141E-03  6.680538096E+00 
        32  2.500000224E-02 -2.846104465E-02  6.562000141E-03  6.695971913E+00 
        33  2.500000224E-02 -2.860504389E-02  6.562000141E-03  6.768868403E+00 
        34  2.500000224E-02 -2.874904498E-02  6.562000141E-03  6.883347948E+00 
        35  2.500000224E-02 -2.889304422E-02  6.562000141E-03  6.847575626E+00 
        36  2.500000224E-02 -2.903704345E-02  6.562000141E-03  6.847481850E+00 
        37  2.500000037E-02 -2.918104269E-02  6.561999675E-03  6.802115599E+00 
        38  2.500000224E-02 -2.932504378E-02  6.562000141E-03  6.750773855E+00 
        39  2.500000224E-02 -2.946904488E-02  6.562000141E-03  6.742799465E+00 
        40  2.500000224E-02 -2.961304411E-02  6.562000141E-03  6.517565993E+00 
        41  2.500000224E-02 -2.975704335E-02  6.562000141E-03  4.925428906E+00 
        42  2.500000224E-02 -2.990104444E-02  6.562000141E-03  1.693397447E+00 
        43  2.500000224E-02 -3.004504368E-02  6.561999675E-03  8.357602528E-01 
        44  2.500000037E-02 -3.018904291E-02  6.561999675E-03  1.628533877E+00 
        45  2.500000224E-02 -3.033304401E-02  6.561999675E-03  2.845343480E+00 
        46  2.500000037E-02 -3.046895750E-02  6.562000141E-03  3.771019304E+00 
        47  2.500000037E-02 -3.057143651E-02  6.562000141E-03  3.648472655E+00 
