cellnumber     x-coordinate     y-coordinate     z-coordinate velocity-magnitude 
         1  2.500000037E-02 -2.476578765E-02  6.562000606E-03  4.817928037E-01 
         2  2.500000037E-02 -2.477990836E-02  6.562000141E-03  4.652743288E-01 
         3  2.500000037E-02 -2.479819022E-02  6.562000141E-03  4.265191433E-01 
         4  2.500000037E-02 -2.482001111E-02  6.561999675E-03  3.965514855E-01 
         5  2.500000037E-02 -2.484604716E-02  6.562000141E-03  3.840346229E-01 
         6  2.500000037E-02 -2.487709187E-02  6.562000141E-03  4.209320569E-01 
         7  2.500000037E-02 -2.492471784E-02  6.562000141E-03  7.076621314E-01 
         8  2.500000037E-02 -2.501806431E-02  6.562000141E-03  1.274881215E+00 
         9  2.500000037E-02 -2.515085414E-02  6.562000141E-03  1.326299124E+00 
        10  2.500000224E-02 -2.529304475E-02  6.561999675E-03  1.568282019E+00 
        11  2.500000224E-02 -2.543704398E-02  6.562000141E-03  1.993872145E+00 
        12  2.500000224E-02 -2.558104321E-02  6.562000141E-03  2.173640942E+00 
        13  2.500000224E-02 -2.572504431E-02  6.562000141E-03  1.511942597E+00 
        14  2.500000224E-02 -2.586904354E-02  6.562000141E-03  2.266475178E+00 
        15  2.500000224E-02 -2.601304464E-02  6.562000141E-03  3.703092588E+00 
        16  2.500000224E-02 -2.615704387E-02  6.562000141E-03  5.325576945E+00 
        17  2.500000224E-02 -2.630104497E-02  6.562000141E-03  5.656919473E+00 
        18  2.500000224E-02 -2.644504420E-02  6.562000141E-03  5.448527011E+00 
        19  2.500000224E-02 -2.658904344E-02  6.562000141E-03  5.028493990E+00 
        20  2.500000224E-02 -2.673304453E-02  6.562000141E-03  5.479849876E+00 
        21  2.500000224E-02 -2.687704377E-02  6.562000141E-03  5.434131742E+00 
        22  2.500000224E-02 -2.702104487E-02  6.562000141E-03  5.092722695E+00 
        23  2.500000224E-02 -2.716504410E-02  6.562000141E-03  5.235948718E+00 
        24  2.500000224E-02 -2.730904333E-02  6.562000141E-03  5.522482981E+00 
        25  2.500000224E-02 -2.745304443E-02  6.562000141E-03  5.697084039E+00 
        26  2.500000224E-02 -2.759704366E-02  6.562000141E-03  6.236119114E+00 
        27  2.500000224E-02 -2.774104476E-02  6.562000141E-03  6.432817163E+00 
        28  2.500000224E-02 -2.788504399E-02  6.562000141E-03  6.473001483E+00 
        29  2.500000224E-02 -2.802904509E-02  6.562000141E-03  6.586946295E+00 
        30  2.500000224E-02 -2.817304432E-02  6.562000141E-03  6.723356636E+00 
        31  2.500000224E-02 -2.831704356E-02  6.562000141E-03  6.774879601E+00 
        32  2.500000224E-02 -2.846104465E-02  6.562000141E-03  6.755048477E+00 
        33  2.500000224E-02 -2.860504389E-02  6.562000141E-03  6.645555905E+00 
        34  2.500000224E-02 -2.874904498E-02  6.562000141E-03  6.535377814E+00 
        35  2.500000224E-02 -2.889304422E-02  6.562000141E-03  6.522518322E+00 
        36  2.500000224E-02 -2.903704345E-02  6.562000141E-03  6.618027964E+00 
        37  2.500000037E-02 -2.918104269E-02  6.561999675E-03  6.883707766E+00 
        38  2.500000224E-02 -2.932504378E-02  6.562000141E-03  7.372243194E+00 
        39  2.500000224E-02 -2.946904488E-02  6.562000141E-03  7.412114285E+00 
        40  2.500000224E-02 -2.961304411E-02  6.562000141E-03  7.073282311E+00 
        41  2.500000224E-02 -2.975704335E-02  6.562000141E-03  5.883296331E+00 
        42  2.500000224E-02 -2.990104444E-02  6.562000141E-03  2.247685393E+00 
        43  2.500000224E-02 -3.004504368E-02  6.561999675E-03  1.021808111E+00 
        44  2.500000037E-02 -3.018904291E-02  6.561999675E-03  2.860495478E+00 
        45  2.500000224E-02 -3.033304401E-02  6.561999675E-03  2.631684452E+00 
        46  2.500000037E-02 -3.046895750E-02  6.562000141E-03  1.992154757E+00 
        47  2.500000037E-02 -3.057143651E-02  6.562000141E-03  2.654353029E+00 
