cellnumber     x-coordinate     y-coordinate     z-coordinate velocity-magnitude 
         1  2.500000037E-02 -2.476578765E-02  6.562000606E-03  2.165440519E-01 
         2  2.500000037E-02 -2.477990836E-02  6.562000141E-03  1.282746178E-01 
         3  2.500000037E-02 -2.479819022E-02  6.562000141E-03  6.341200994E-01 
         4  2.500000037E-02 -2.482001111E-02  6.561999675E-03  1.318621019E+00 
         5  2.500000037E-02 -2.484604716E-02  6.562000141E-03  2.049810583E+00 
         6  2.500000037E-02 -2.487709187E-02  6.562000141E-03  2.720181527E+00 
         7  2.500000037E-02 -2.492471784E-02  6.562000141E-03  3.496027962E+00 
         8  2.500000037E-02 -2.501806431E-02  6.562000141E-03  3.997537939E+00 
         9  2.500000037E-02 -2.515085414E-02  6.562000141E-03  3.936584017E+00 
        10  2.500000224E-02 -2.529304475E-02  6.561999675E-03  3.876041398E+00 
        11  2.500000224E-02 -2.543704398E-02  6.562000141E-03  4.583386008E+00 
        12  2.500000224E-02 -2.558104321E-02  6.562000141E-03  5.288948755E+00 
        13  2.500000224E-02 -2.572504431E-02  6.562000141E-03  5.282468417E+00 
        14  2.500000224E-02 -2.586904354E-02  6.562000141E-03  5.070952744E+00 
        15  2.500000224E-02 -2.601304464E-02  6.562000141E-03  3.937353518E+00 
        16  2.500000224E-02 -2.615704387E-02  6.562000141E-03  3.304092959E+00 
        17  2.500000224E-02 -2.630104497E-02  6.562000141E-03  3.238247456E+00 
        18  2.500000224E-02 -2.644504420E-02  6.562000141E-03  3.521321739E+00 
        19  2.500000224E-02 -2.658904344E-02  6.562000141E-03  4.812650027E+00 
        20  2.500000224E-02 -2.673304453E-02  6.562000141E-03  6.005984845E+00 
        21  2.500000224E-02 -2.687704377E-02  6.562000141E-03  6.129078704E+00 
        22  2.500000224E-02 -2.702104487E-02  6.562000141E-03  6.439048204E+00 
        23  2.500000224E-02 -2.716504410E-02  6.562000141E-03  7.248957933E+00 
        24  2.500000224E-02 -2.730904333E-02  6.562000141E-03  6.829270128E+00 
        25  2.500000224E-02 -2.745304443E-02  6.562000141E-03  5.517207132E+00 
        26  2.500000224E-02 -2.759704366E-02  6.562000141E-03  5.644416713E+00 
        27  2.500000224E-02 -2.774104476E-02  6.562000141E-03  6.717689103E+00 
        28  2.500000224E-02 -2.788504399E-02  6.562000141E-03  6.903679188E+00 
        29  2.500000224E-02 -2.802904509E-02  6.562000141E-03  6.805180804E+00 
        30  2.500000224E-02 -2.817304432E-02  6.562000141E-03  6.776787493E+00 
        31  2.500000224E-02 -2.831704356E-02  6.562000141E-03  6.732315898E+00 
        32  2.500000224E-02 -2.846104465E-02  6.562000141E-03  6.706404861E+00 
        33  2.500000224E-02 -2.860504389E-02  6.562000141E-03  6.752389936E+00 
        34  2.500000224E-02 -2.874904498E-02  6.562000141E-03  6.884422821E+00 
        35  2.500000224E-02 -2.889304422E-02  6.562000141E-03  6.962475930E+00 
        36  2.500000224E-02 -2.903704345E-02  6.562000141E-03  7.030135564E+00 
        37  2.500000037E-02 -2.918104269E-02  6.561999675E-03  7.158924197E+00 
        38  2.500000224E-02 -2.932504378E-02  6.562000141E-03  7.353167025E+00 
        39  2.500000224E-02 -2.946904488E-02  6.562000141E-03  7.223234152E+00 
        40  2.500000224E-02 -2.961304411E-02  6.562000141E-03  6.851660532E+00 
        41  2.500000224E-02 -2.975704335E-02  6.562000141E-03  6.574976259E+00 
        42  2.500000224E-02 -2.990104444E-02  6.562000141E-03  5.821339128E+00 
        43  2.500000224E-02 -3.004504368E-02  6.561999675E-03  3.175620746E+00 
        44  2.500000037E-02 -3.018904291E-02  6.561999675E-03  1.204290174E+00 
        45  2.500000224E-02 -3.033304401E-02  6.561999675E-03  2.418657609E+00 
        46  2.500000037E-02 -3.046895750E-02  6.562000141E-03  2.236048675E+00 
        47  2.500000037E-02 -3.057143651E-02  6.562000141E-03  1.693727883E+00 
