cellnumber     x-coordinate     y-coordinate     z-coordinate velocity-magnitude 
         1  2.500000037E-02 -2.476578765E-02  6.562000606E-03  2.166242564E-01 
         2  2.500000037E-02 -2.477990836E-02  6.562000141E-03  3.584994533E-01 
         3  2.500000037E-02 -2.479819022E-02  6.562000141E-03  5.274920283E-01 
         4  2.500000037E-02 -2.482001111E-02  6.561999675E-03  7.249605299E-01 
         5  2.500000037E-02 -2.484604716E-02  6.562000141E-03  9.564442272E-01 
         6  2.500000037E-02 -2.487709187E-02  6.562000141E-03  1.235783189E+00 
         7  2.500000037E-02 -2.492471784E-02  6.562000141E-03  1.682775304E+00 
         8  2.500000037E-02 -2.501806431E-02  6.562000141E-03  2.353135709E+00 
         9  2.500000037E-02 -2.515085414E-02  6.562000141E-03  3.695514861E+00 
        10  2.500000224E-02 -2.529304475E-02  6.561999675E-03  4.535835850E+00 
        11  2.500000224E-02 -2.543704398E-02  6.562000141E-03  5.325337962E+00 
        12  2.500000224E-02 -2.558104321E-02  6.562000141E-03  5.102926603E+00 
        13  2.500000224E-02 -2.572504431E-02  6.562000141E-03  4.495396700E+00 
        14  2.500000224E-02 -2.586904354E-02  6.562000141E-03  4.405362033E+00 
        15  2.500000224E-02 -2.601304464E-02  6.562000141E-03  4.510780994E+00 
        16  2.500000224E-02 -2.615704387E-02  6.562000141E-03  4.522950147E+00 
        17  2.500000224E-02 -2.630104497E-02  6.562000141E-03  4.538069033E+00 
        18  2.500000224E-02 -2.644504420E-02  6.562000141E-03  4.654845951E+00 
        19  2.500000224E-02 -2.658904344E-02  6.562000141E-03  4.871647438E+00 
        20  2.500000224E-02 -2.673304453E-02  6.562000141E-03  5.193366942E+00 
        21  2.500000224E-02 -2.687704377E-02  6.562000141E-03  5.598677953E+00 
        22  2.500000224E-02 -2.702104487E-02  6.562000141E-03  6.100959376E+00 
        23  2.500000224E-02 -2.716504410E-02  6.562000141E-03  6.381784052E+00 
        24  2.500000224E-02 -2.730904333E-02  6.562000141E-03  6.359715618E+00 
        25  2.500000224E-02 -2.745304443E-02  6.562000141E-03  6.443172801E+00 
        26  2.500000224E-02 -2.759704366E-02  6.562000141E-03  6.539360585E+00 
        27  2.500000224E-02 -2.774104476E-02  6.562000141E-03  6.762877207E+00 
        28  2.500000224E-02 -2.788504399E-02  6.562000141E-03  6.868681755E+00 
        29  2.500000224E-02 -2.802904509E-02  6.562000141E-03  6.837538066E+00 
        30  2.500000224E-02 -2.817304432E-02  6.562000141E-03  6.425628580E+00 
        31  2.500000224E-02 -2.831704356E-02  6.562000141E-03  6.533352134E+00 
        32  2.500000224E-02 -2.846104465E-02  6.562000141E-03  6.905854756E+00 
        33  2.500000224E-02 -2.860504389E-02  6.562000141E-03  7.126532677E+00 
        34  2.500000224E-02 -2.874904498E-02  6.562000141E-03  7.273681065E+00 
        35  2.500000224E-02 -2.889304422E-02  6.562000141E-03  7.368506288E+00 
        36  2.500000224E-02 -2.903704345E-02  6.562000141E-03  7.485625464E+00 
        37  2.500000037E-02 -2.918104269E-02  6.561999675E-03  7.549764568E+00 
        38  2.500000224E-02 -2.932504378E-02  6.562000141E-03  7.267527519E+00 
        39  2.500000224E-02 -2.946904488E-02  6.562000141E-03  5.760504850E+00 
        40  2.500000224E-02 -2.961304411E-02  6.562000141E-03  5.867030429E+00 
        41  2.500000224E-02 -2.975704335E-02  6.562000141E-03  5.898839666E+00 
        42  2.500000224E-02 -2.990104444E-02  6.562000141E-03  4.938220014E+00 
        43  2.500000224E-02 -3.004504368E-02  6.561999675E-03  3.283132169E+00 
        44  2.500000037E-02 -3.018904291E-02  6.561999675E-03  2.304305659E+00 
        45  2.500000224E-02 -3.033304401E-02  6.561999675E-03  8.216215469E-01 
        46  2.500000037E-02 -3.046895750E-02  6.562000141E-03  2.572138991E+00 
        47  2.500000037E-02 -3.057143651E-02  6.562000141E-03  3.148010391E+00 
