cellnumber     x-coordinate     y-coordinate     z-coordinate velocity-magnitude 
         1  2.500000037E-02 -2.476578765E-02  6.562000606E-03  1.106984084E+00 
         2  2.500000037E-02 -2.477990836E-02  6.562000141E-03  1.437594958E+00 
         3  2.500000037E-02 -2.479819022E-02  6.562000141E-03  1.753165180E+00 
         4  2.500000037E-02 -2.482001111E-02  6.561999675E-03  2.106472729E+00 
         5  2.500000037E-02 -2.484604716E-02  6.562000141E-03  2.539853963E+00 
         6  2.500000037E-02 -2.487709187E-02  6.562000141E-03  2.995202870E+00 
         7  2.500000037E-02 -2.492471784E-02  6.562000141E-03  3.542016082E+00 
         8  2.500000037E-02 -2.501806431E-02  6.562000141E-03  4.375846221E+00 
         9  2.500000037E-02 -2.515085414E-02  6.562000141E-03  5.763137990E+00 
        10  2.500000224E-02 -2.529304475E-02  6.561999675E-03  6.137243597E+00 
        11  2.500000224E-02 -2.543704398E-02  6.562000141E-03  5.940072651E+00 
        12  2.500000224E-02 -2.558104321E-02  6.562000141E-03  5.788317098E+00 
        13  2.500000224E-02 -2.572504431E-02  6.562000141E-03  5.739199354E+00 
        14  2.500000224E-02 -2.586904354E-02  6.562000141E-03  5.196339814E+00 
        15  2.500000224E-02 -2.601304464E-02  6.562000141E-03  4.777725037E+00 
        16  2.500000224E-02 -2.615704387E-02  6.562000141E-03  4.864984909E+00 
        17  2.500000224E-02 -2.630104497E-02  6.562000141E-03  5.107358996E+00 
        18  2.500000224E-02 -2.644504420E-02  6.562000141E-03  5.352315529E+00 
        19  2.500000224E-02 -2.658904344E-02  6.562000141E-03  5.453240191E+00 
        20  2.500000224E-02 -2.673304453E-02  6.562000141E-03  5.347957688E+00 
        21  2.500000224E-02 -2.687704377E-02  6.562000141E-03  5.446161765E+00 
        22  2.500000224E-02 -2.702104487E-02  6.562000141E-03  5.509165004E+00 
        23  2.500000224E-02 -2.716504410E-02  6.562000141E-03  5.599373856E+00 
        24  2.500000224E-02 -2.730904333E-02  6.562000141E-03  5.791531638E+00 
        25  2.500000224E-02 -2.745304443E-02  6.562000141E-03  5.998169255E+00 
        26  2.500000224E-02 -2.759704366E-02  6.562000141E-03  6.145625512E+00 
        27  2.500000224E-02 -2.774104476E-02  6.562000141E-03  6.333557132E+00 
        28  2.500000224E-02 -2.788504399E-02  6.562000141E-03  6.507347322E+00 
        29  2.500000224E-02 -2.802904509E-02  6.562000141E-03  6.587602146E+00 
        30  2.500000224E-02 -2.817304432E-02  6.562000141E-03  6.594734805E+00 
        31  2.500000224E-02 -2.831704356E-02  6.562000141E-03  6.611670170E+00 
        32  2.500000224E-02 -2.846104465E-02  6.562000141E-03  6.656594667E+00 
        33  2.500000224E-02 -2.860504389E-02  6.562000141E-03  6.854540676E+00 
        34  2.500000224E-02 -2.874904498E-02  6.562000141E-03  7.038422125E+00 
        35  2.500000224E-02 -2.889304422E-02  6.562000141E-03  7.200435125E+00 
        36  2.500000224E-02 -2.903704345E-02  6.562000141E-03  7.347680488E+00 
        37  2.500000037E-02 -2.918104269E-02  6.561999675E-03  7.227839260E+00 
        38  2.500000224E-02 -2.932504378E-02  6.562000141E-03  6.703674505E+00 
        39  2.500000224E-02 -2.946904488E-02  6.562000141E-03  6.161136970E+00 
        40  2.500000224E-02 -2.961304411E-02  6.562000141E-03  3.802146352E+00 
        41  2.500000224E-02 -2.975704335E-02  6.562000141E-03  7.987798217E-01 
        42  2.500000224E-02 -2.990104444E-02  6.562000141E-03  1.369471671E+00 
        43  2.500000224E-02 -3.004504368E-02  6.561999675E-03  1.838060394E+00 
        44  2.500000037E-02 -3.018904291E-02  6.561999675E-03  2.152810641E+00 
        45  2.500000224E-02 -3.033304401E-02  6.561999675E-03  2.312714469E+00 
        46  2.500000037E-02 -3.046895750E-02  6.562000141E-03  2.236343217E+00 
        47  2.500000037E-02 -3.057143651E-02  6.562000141E-03  2.312840517E+00 
