cellnumber     x-coordinate     y-coordinate     z-coordinate velocity-magnitude 
         1  2.999999933E-02 -2.730904333E-02  6.562000141E-03  6.059168472E+00 
         2  2.999999933E-02 -2.745304257E-02  6.562000141E-03  5.980047537E+00 
         3  2.999999933E-02 -2.759704366E-02  6.562000141E-03  6.051635616E+00 
         4  2.999999933E-02 -2.774104290E-02  6.562000141E-03  6.195371044E+00 
         5  2.999999933E-02 -2.788504399E-02  6.562000141E-03  6.320990895E+00 
         6  2.999999933E-02 -2.802904323E-02  6.562000141E-03  6.157897683E+00 
         7  2.999999933E-02 -2.817304432E-02  6.562000141E-03  5.940009126E+00 
         8  2.999999933E-02 -2.831704356E-02  6.562000141E-03  5.532782577E+00 
         9  2.999999933E-02 -2.846104279E-02  6.562000141E-03  5.539655186E+00 
        10  2.999999933E-02 -2.860504389E-02  6.562000141E-03  6.094375615E+00 
        11  2.999999933E-02 -2.874904312E-02  6.562000141E-03  6.123954622E+00 
        12  2.999999933E-02 -2.889304422E-02  6.562000141E-03  4.943345837E+00 
        13  2.999999933E-02 -2.903704345E-02  6.562000141E-03  3.036508308E+00 
        14  2.999999933E-02 -2.918104269E-02  6.562000141E-03  1.294640030E+00 
        15  2.999999933E-02 -2.932504378E-02  6.562000141E-03  1.112977154E+00 
        16  2.999999933E-02 -2.946904302E-02  6.562000141E-03  1.545897271E+00 
        17  2.999999933E-02 -2.961304411E-02  6.562000141E-03  1.959009765E+00 
        18  2.999999933E-02 -2.975704335E-02  6.562000141E-03  1.752146773E+00 
        19  2.999999933E-02 -2.990104258E-02  6.562000141E-03  1.469772238E+00 
        20  2.999999933E-02 -3.004504368E-02  6.562000141E-03  1.641747216E+00 
        21  2.999999933E-02 -3.018904291E-02  6.562000141E-03  2.018724371E+00 
        22  2.999999933E-02 -3.033304401E-02  6.562000141E-03  2.457417483E+00 
        23  2.999999933E-02 -3.047704324E-02  6.562000141E-03  3.286204448E+00 
        24  2.999999933E-02 -3.062104248E-02  6.562000141E-03  3.847776530E+00 
        25  2.999999933E-02 -3.076504357E-02  6.562000141E-03  3.225244778E+00 
        26  2.999999933E-02 -3.090904281E-02  6.562000141E-03  1.903453249E+00 
        27  2.999999933E-02 -3.105304390E-02  6.562000141E-03  1.358089362E+00 
        28  2.999999933E-02 -3.119704314E-02  6.562000141E-03  1.001319799E+00 
        29  2.999999933E-02 -3.133584931E-02  6.562000141E-03  6.170527085E-01 
        30  2.999999933E-02 -3.145632520E-02  6.562000141E-03  5.070644627E-01 
        31  2.999999933E-02 -2.401195839E-02  6.562000606E-03  1.125858878E+00 
        32  2.999999933E-02 -2.404091880E-02  6.562000141E-03  1.487166369E+00 
        33  2.999999933E-02 -2.412424795E-02  6.562000141E-03  2.767027380E+00 
        34  2.999999933E-02 -2.420346625E-02  6.562000141E-03  2.087945312E+00 
        35  2.999999933E-02 -2.429169975E-02  6.562000141E-03  2.043122896E+00 
        36  2.999999933E-02 -2.442904375E-02  6.562000141E-03  1.765418324E+00 
        37  2.999999933E-02 -2.457304299E-02  6.562000141E-03  1.432428024E+00 
        38  2.999999933E-02 -2.471704409E-02  6.562000141E-03  1.358563292E+00 
        39  2.999999933E-02 -2.486104332E-02  6.562000141E-03  1.763050671E+00 
        40  2.999999933E-02 -2.500504255E-02  6.562000141E-03  2.183495815E+00 
        41  2.999999933E-02 -2.514904365E-02  6.562000141E-03  2.210993161E+00 
        42  2.999999933E-02 -2.529304288E-02  6.562000141E-03  2.005380946E+00 
        43  2.999999933E-02 -2.543704398E-02  6.562000141E-03  2.747470308E+00 
        44  2.999999933E-02 -2.558104321E-02  6.562000141E-03  3.739607828E+00 
        45  2.999999933E-02 -2.572504245E-02  6.562000141E-03  4.131760327E+00 
        46  2.999999933E-02 -2.586904354E-02  6.562000141E-03  4.717156694E+00 
        47  2.999999933E-02 -2.601304278E-02  6.562000141E-03  4.967754988E+00 
        48  2.999999933E-02 -2.615704387E-02  6.562000141E-03  5.032650632E+00 
        49  2.999999933E-02 -2.630104311E-02  6.562000141E-03  4.750194123E+00 
        50  2.999999933E-02 -2.644504420E-02  6.562000141E-03  4.875217035E+00 
        51  2.999999933E-02 -2.658904344E-02  6.562000141E-03  4.835487126E+00 
        52  2.999999933E-02 -2.673304267E-02  6.562000141E-03  5.601524893E+00 
        53  2.999999933E-02 -2.687704377E-02  6.562000141E-03  6.665743606E+00 
        54  2.999999933E-02 -2.702104300E-02  6.562000141E-03  6.280700204E+00 
        55  2.999999933E-02 -2.716504410E-02  6.562000141E-03  6.071316073E+00 
