cellnumber     x-coordinate     y-coordinate     z-coordinate velocity-magnitude 
         1  2.999999933E-02 -2.471704409E-02  6.562000141E-03  4.128458046E+00 
         2  2.999999933E-02 -2.457304299E-02  6.562000141E-03  3.120831395E+00 
         3  2.999999933E-02 -2.442904375E-02  6.562000141E-03  2.252432610E+00 
         4  2.999999933E-02 -2.429169975E-02  6.562000141E-03  1.322683597E+00 
         5  2.999999933E-02 -2.420346625E-02  6.562000141E-03  7.180563221E-01 
         6  2.999999933E-02 -2.412424795E-02  6.562000141E-03  4.230475656E-01 
         7  2.999999933E-02 -2.404091880E-02  6.562000141E-03  1.189074815E+00 
         8  2.999999933E-02 -2.401195839E-02  6.562000606E-03  1.518989412E+00 
         9  2.999999933E-02 -2.932504378E-02  6.562000141E-03  5.706872397E+00 
        10  2.999999933E-02 -2.946904302E-02  6.562000141E-03  5.545478362E+00 
        11  2.999999933E-02 -2.961304411E-02  6.562000141E-03  5.522921633E+00 
        12  2.999999933E-02 -2.975704335E-02  6.562000141E-03  5.401482093E+00 
        13  2.999999933E-02 -2.990104258E-02  6.562000141E-03  5.279846089E+00 
        14  2.999999933E-02 -3.004504368E-02  6.562000141E-03  5.052276818E+00 
        15  2.999999933E-02 -3.018904291E-02  6.562000141E-03  4.455465352E+00 
        16  2.999999933E-02 -3.033304401E-02  6.562000141E-03  3.914276351E+00 
        17  2.999999933E-02 -3.047704324E-02  6.562000141E-03  3.067268972E+00 
        18  2.999999933E-02 -3.062104248E-02  6.562000141E-03  1.784662909E+00 
        19  2.999999933E-02 -3.076504357E-02  6.562000141E-03  1.756438819E+00 
        20  2.999999933E-02 -3.090904281E-02  6.562000141E-03  1.687736001E+00 
        21  2.999999933E-02 -3.105304390E-02  6.562000141E-03  1.051944581E+00 
        22  2.999999933E-02 -3.119704314E-02  6.562000141E-03  8.118043017E-01 
        23  2.999999933E-02 -3.133584931E-02  6.562000141E-03  1.493475957E+00 
        24  2.999999933E-02 -3.145632520E-02  6.562000141E-03  1.827306159E+00 
        25  2.999999933E-02 -2.486104332E-02  6.562000141E-03  5.234798793E+00 
        26  2.999999933E-02 -2.500504255E-02  6.562000141E-03  5.133214616E+00 
        27  2.999999933E-02 -2.514904365E-02  6.562000141E-03  3.917853590E+00 
        28  2.999999933E-02 -2.529304288E-02  6.562000141E-03  3.072618044E+00 
        29  2.999999933E-02 -2.543704398E-02  6.562000141E-03  3.376524003E+00 
        30  2.999999933E-02 -2.558104321E-02  6.562000141E-03  4.106627815E+00 
        31  2.999999933E-02 -2.572504245E-02  6.562000141E-03  4.735068923E+00 
        32  2.999999933E-02 -2.586904354E-02  6.562000141E-03  5.011130323E+00 
        33  2.999999933E-02 -2.601304278E-02  6.562000141E-03  5.220380949E+00 
        34  2.999999933E-02 -2.615704387E-02  6.562000141E-03  5.490718611E+00 
        35  2.999999933E-02 -2.630104311E-02  6.562000141E-03  5.676190931E+00 
        36  2.999999933E-02 -2.644504420E-02  6.562000141E-03  5.532912893E+00 
        37  2.999999933E-02 -2.658904344E-02  6.562000141E-03  5.389034884E+00 
        38  2.999999933E-02 -2.673304267E-02  6.562000141E-03  4.988636727E+00 
        39  2.999999933E-02 -2.687704377E-02  6.562000141E-03  4.674962038E+00 
        40  2.999999933E-02 -2.702104300E-02  6.562000141E-03  4.669137708E+00 
        41  2.999999933E-02 -2.716504410E-02  6.562000141E-03  4.792068889E+00 
        42  2.999999933E-02 -2.730904333E-02  6.562000141E-03  5.183251637E+00 
        43  2.999999933E-02 -2.745304257E-02  6.562000141E-03  5.455793533E+00 
        44  2.999999933E-02 -2.759704366E-02  6.562000141E-03  5.532760767E+00 
        45  2.999999933E-02 -2.774104290E-02  6.562000141E-03  5.475965644E+00 
        46  2.999999933E-02 -2.788504399E-02  6.562000141E-03  5.280185448E+00 
        47  2.999999933E-02 -2.802904323E-02  6.562000141E-03  5.188573813E+00 
        48  2.999999933E-02 -2.817304246E-02  6.562000141E-03  5.107654293E+00 
        49  2.999999933E-02 -2.831704356E-02  6.562000141E-03  5.138967106E+00 
        50  2.999999933E-02 -2.846104279E-02  6.562000141E-03  5.185148617E+00 
        51  2.999999933E-02 -2.860504389E-02  6.562000141E-03  5.287846018E+00 
        52  2.999999933E-02 -2.874904312E-02  6.562000141E-03  5.429880820E+00 
        53  2.999999933E-02 -2.889304422E-02  6.562000141E-03  5.487758776E+00 
        54  2.999999933E-02 -2.903704345E-02  6.562000141E-03  5.656409829E+00 
        55  2.999999933E-02 -2.918104269E-02  6.562000141E-03  5.765512926E+00 
