cellnumber     x-coordinate     y-coordinate     z-coordinate velocity-magnitude 
         1  2.999999933E-02 -2.401195839E-02  6.562000606E-03  8.574932301E-01 
         2  2.999999933E-02 -2.404091880E-02  6.562000141E-03  7.599487040E-01 
         3  3.000000119E-02 -2.412424982E-02  6.562000606E-03  1.697201356E+00 
         4  2.999999933E-02 -2.420346625E-02  6.562000606E-03  1.820629045E+00 
         5  2.999999933E-02 -2.429169975E-02  6.562000141E-03  1.859173480E+00 
         6  2.999999933E-02 -2.442904375E-02  6.562000141E-03  1.853580721E+00 
         7  2.999999933E-02 -2.457304299E-02  6.562000141E-03  1.832773141E+00 
         8  2.999999933E-02 -2.471704409E-02  6.562000141E-03  2.393945761E+00 
         9  2.999999933E-02 -2.486104332E-02  6.562000141E-03  2.871995142E+00 
        10  2.999999933E-02 -2.500504255E-02  6.562000141E-03  2.647393821E+00 
        11  2.999999933E-02 -2.514904365E-02  6.562000141E-03  3.402470076E+00 
        12  2.999999933E-02 -2.529304288E-02  6.562000141E-03  3.586776031E+00 
        13  2.999999933E-02 -2.543704398E-02  6.562000141E-03  3.774876130E+00 
        14  2.999999933E-02 -2.558104321E-02  6.562000141E-03  4.057459049E+00 
        15  2.999999933E-02 -2.572504245E-02  6.562000141E-03  4.868822302E+00 
        16  2.999999933E-02 -2.586904354E-02  6.562000141E-03  5.114530943E+00 
        17  2.999999933E-02 -2.601304278E-02  6.562000141E-03  4.871615735E+00 
        18  2.999999933E-02 -2.615704387E-02  6.562000141E-03  4.555824591E+00 
        19  2.999999933E-02 -2.630104311E-02  6.562000141E-03  4.500465617E+00 
        20  2.999999933E-02 -2.644504420E-02  6.562000141E-03  4.476586407E+00 
        21  2.999999933E-02 -2.658904344E-02  6.562000141E-03  4.746826743E+00 
        22  2.999999933E-02 -2.673304267E-02  6.562000141E-03  5.277568699E+00 
        23  2.999999933E-02 -2.687704377E-02  6.562000141E-03  5.930068987E+00 
        24  2.999999933E-02 -2.702104300E-02  6.562000141E-03  6.967053878E+00 
        25  2.999999933E-02 -2.716504410E-02  6.562000141E-03  7.187163473E+00 
        26  2.999999933E-02 -2.730904333E-02  6.562000141E-03  7.180151123E+00 
        27  2.999999933E-02 -2.745304257E-02  6.562000141E-03  6.995787335E+00 
        28  2.999999933E-02 -2.759704366E-02  6.562000141E-03  6.981170784E+00 
        29  2.999999933E-02 -2.774104290E-02  6.562000141E-03  7.075946472E+00 
        30  2.999999933E-02 -2.788504399E-02  6.562000141E-03  6.907664548E+00 
        31  2.999999933E-02 -2.802904323E-02  6.562000141E-03  6.797021995E+00 
        32  2.999999933E-02 -2.817304246E-02  6.562000141E-03  6.833872187E+00 
        33  2.999999933E-02 -2.831704356E-02  6.562000141E-03  6.713280916E+00 
        34  2.999999933E-02 -2.846104279E-02  6.562000141E-03  6.261142736E+00 
        35  2.999999933E-02 -2.860504389E-02  6.562000141E-03  5.823774079E+00 
        36  2.999999933E-02 -2.874904312E-02  6.562000141E-03  5.632087639E+00 
        37  2.999999933E-02 -2.889304422E-02  6.562000141E-03  5.695085838E+00 
        38  2.999999933E-02 -2.903704345E-02  6.562000141E-03  6.064391800E+00 
        39  2.999999933E-02 -2.918104269E-02  6.562000141E-03  6.363015325E+00 
        40  2.999999933E-02 -3.145632893E-02  6.562000141E-03  2.591135652E+00 
        41  2.999999933E-02 -3.133584931E-02  6.562000141E-03  2.349312267E+00 
        42  2.999999933E-02 -3.119704314E-02  6.562000141E-03  2.000265145E+00 
        43  2.999999933E-02 -3.105304390E-02  6.562000141E-03  1.805171647E+00 
        44  2.999999933E-02 -3.090904281E-02  6.562000141E-03  2.097395899E+00 
        45  2.999999933E-02 -3.076504357E-02  6.562000141E-03  2.414146206E+00 
        46  2.999999933E-02 -3.062104248E-02  6.562000141E-03  1.780472352E+00 
        47  2.999999933E-02 -3.047704324E-02  6.562000141E-03  1.051730281E+00 
        48  2.999999933E-02 -3.033304401E-02  6.562000141E-03  1.911571655E+00 
        49  2.999999933E-02 -3.018904291E-02  6.562000141E-03  3.660707011E+00 
        50  2.999999933E-02 -3.004504368E-02  6.562000141E-03  5.245031142E+00 
        51  2.999999933E-02 -2.990104258E-02  6.562000141E-03  5.647304939E+00 
        52  2.999999933E-02 -2.975704335E-02  6.562000141E-03  6.090120035E+00 
        53  2.999999933E-02 -2.961304411E-02  6.562000141E-03  6.298259062E+00 
        54  2.999999933E-02 -2.946904302E-02  6.562000141E-03  6.457051026E+00 
        55  2.999999933E-02 -2.932504378E-02  6.562000141E-03  6.451274057E+00 
