cellnumber     x-coordinate     y-coordinate     z-coordinate velocity-magnitude 
         1  2.999999933E-02 -2.404350787E-02  6.562000141E-03  1.952285843E+00 
         2  2.999999933E-02 -2.411941253E-02  6.562000141E-03  3.375653814E+00 
         3  2.999999933E-02 -2.418471873E-02  6.562000141E-03  3.508396798E+00 
         4  2.999999933E-02 -2.428327687E-02  6.562000141E-03  3.515458638E+00 
         5  2.999999933E-02 -2.443092689E-02  6.562000141E-03  2.968707184E+00 
         6  2.999999933E-02 -2.457492612E-02  6.562000141E-03  2.976985840E+00 
         7  2.999999933E-02 -2.471892536E-02  6.562000141E-03  2.880008522E+00 
         8  2.999999933E-02 -2.486292645E-02  6.562000141E-03  2.602508524E+00 
         9  2.999999933E-02 -2.500692569E-02  6.562000141E-03  2.612486733E+00 
        10  2.999999933E-02 -2.515092678E-02  6.562000141E-03  2.973178872E+00 
        11  2.999999933E-02 -2.529492602E-02  6.562000141E-03  2.618220097E+00 
        12  2.999999933E-02 -2.543892711E-02  6.562000141E-03  3.252590682E+00 
        13  2.999999933E-02 -2.558292635E-02  6.562000141E-03  3.198086430E+00 
        14  2.999999933E-02 -2.572692558E-02  6.562000141E-03  3.344066103E+00 
        15  2.999999933E-02 -2.587092668E-02  6.562000141E-03  5.371590527E+00 
        16  2.999999933E-02 -2.601492591E-02  6.562000141E-03  6.699850095E+00 
        17  2.999999933E-02 -2.615892701E-02  6.562000141E-03  7.504041875E+00 
        18  2.999999933E-02 -2.630292624E-02  6.562000141E-03  7.435353388E+00 
        19  2.999999933E-02 -2.644692548E-02  6.562000141E-03  6.826948272E+00 
        20  2.999999933E-02 -2.659092657E-02  6.562000141E-03  6.681706430E+00 
        21  2.999999933E-02 -2.673492581E-02  6.562000141E-03  6.495992581E+00 
        22  2.999999933E-02 -2.687892690E-02  6.562000141E-03  6.720296727E+00 
        23  2.999999933E-02 -2.702292614E-02  6.562000141E-03  6.514639481E+00 
        24  2.999999933E-02 -2.716692537E-02  6.562000141E-03  6.225140631E+00 
        25  2.999999933E-02 -2.731092647E-02  6.562000141E-03  6.076631398E+00 
        26  2.999999933E-02 -2.745492570E-02  6.562000141E-03  5.993166970E+00 
        27  2.999999933E-02 -2.759892680E-02  6.562000141E-03  5.912144243E+00 
        28  2.999999933E-02 -2.774292603E-02  6.562000141E-03  5.702092324E+00 
        29  2.999999933E-02 -2.788692527E-02  6.562000141E-03  5.697916988E+00 
        30  2.999999933E-02 -2.803092636E-02  6.562000141E-03  5.810894128E+00 
        31  2.999999933E-02 -2.817492560E-02  6.562000141E-03  5.896038830E+00 
        32  2.999999933E-02 -2.831892669E-02  6.562000141E-03  5.809058434E+00 
        33  2.999999933E-02 -2.846292593E-02  6.562000141E-03  5.892207208E+00 
        34  2.999999933E-02 -3.147172555E-02  6.562000141E-03  1.974021088E+00 
        35  2.999999933E-02 -3.135218471E-02  6.562000141E-03  1.854751345E+00 
        36  2.999999933E-02 -3.119892627E-02  6.562000141E-03  1.735756081E+00 
        37  2.999999933E-02 -3.105492704E-02  6.562000141E-03  1.705470584E+00 
        38  2.999999933E-02 -3.091092594E-02  6.562000141E-03  1.921494808E+00 
        39  2.999999933E-02 -3.076692671E-02  6.562000141E-03  1.992535987E+00 
        40  2.999999933E-02 -3.062292561E-02  6.562000141E-03  1.778391690E+00 
        41  2.999999933E-02 -3.047892638E-02  6.562000141E-03  1.454294542E+00 
        42  2.999999933E-02 -3.033492528E-02  6.562000141E-03  1.270843915E+00 
        43  2.999999933E-02 -3.019092605E-02  6.562000141E-03  2.053906124E+00 
        44  2.999999933E-02 -3.004692681E-02  6.562000141E-03  2.871535089E+00 
        45  2.999999933E-02 -2.990292571E-02  6.562000141E-03  3.390080024E+00 
        46  2.999999933E-02 -2.975892648E-02  6.562000141E-03  3.416763206E+00 
        47  2.999999933E-02 -2.961492538E-02  6.562000141E-03  3.560339396E+00 
        48  2.999999933E-02 -2.947092615E-02  6.562000141E-03  4.306137399E+00 
        49  2.999999933E-02 -2.932692692E-02  6.562000141E-03  4.745125761E+00 
        50  2.999999933E-02 -2.918292582E-02  6.562000141E-03  4.762212930E+00 
        51  2.999999933E-02 -2.903892659E-02  6.562000141E-03  4.827719425E+00 
        52  2.999999933E-02 -2.889492549E-02  6.562000141E-03  5.276720683E+00 
        53  2.999999933E-02 -2.875092626E-02  6.562000141E-03  5.327904158E+00 
        54  2.999999933E-02 -2.860692702E-02  6.562000141E-03  5.686208644E+00 
