cellnumber     x-coordinate     y-coordinate     z-coordinate velocity-magnitude 
         1  2.999999933E-02 -2.774104290E-02  6.562000141E-03  3.713413638E+00 
         2  2.999999933E-02 -2.788504399E-02  6.562000141E-03  3.454527118E+00 
         3  2.999999933E-02 -2.802904323E-02  6.562000141E-03  3.577368760E+00 
         4  2.999999933E-02 -2.817304432E-02  6.562000141E-03  3.756001905E+00 
         5  2.999999933E-02 -2.831704356E-02  6.562000141E-03  3.882091429E+00 
         6  2.999999933E-02 -2.846104279E-02  6.562000141E-03  4.654883446E+00 
         7  2.999999933E-02 -2.860504389E-02  6.562000141E-03  5.952503500E+00 
         8  2.999999933E-02 -2.874904312E-02  6.562000141E-03  6.560688427E+00 
         9  2.999999933E-02 -2.889304422E-02  6.562000141E-03  7.061164976E+00 
        10  2.999999933E-02 -2.903704345E-02  6.562000141E-03  7.402112933E+00 
        11  2.999999933E-02 -2.918104269E-02  6.562000141E-03  7.674096517E+00 
        12  2.999999933E-02 -2.932504378E-02  6.562000141E-03  7.716552226E+00 
        13  2.999999933E-02 -2.946904302E-02  6.562000141E-03  7.352388922E+00 
        14  2.999999933E-02 -2.961304411E-02  6.562000141E-03  6.624449849E+00 
        15  2.999999933E-02 -2.975704335E-02  6.562000141E-03  5.831053829E+00 
        16  2.999999933E-02 -2.990104258E-02  6.562000141E-03  4.812511670E+00 
        17  2.999999933E-02 -3.004504368E-02  6.562000141E-03  3.949256864E+00 
        18  2.999999933E-02 -3.018904291E-02  6.562000141E-03  4.337300160E+00 
        19  2.999999933E-02 -3.033304401E-02  6.562000141E-03  4.283522704E+00 
        20  2.999999933E-02 -3.047704324E-02  6.562000141E-03  3.653380037E+00 
        21  2.999999933E-02 -3.062104248E-02  6.562000141E-03  3.204674745E+00 
        22  2.999999933E-02 -3.076504357E-02  6.562000141E-03  1.136121705E+00 
        23  2.999999933E-02 -3.090904281E-02  6.562000141E-03  1.710501148E+00 
        24  2.999999933E-02 -3.105304390E-02  6.562000141E-03  1.505043812E+00 
        25  2.999999933E-02 -3.119704314E-02  6.562000141E-03  1.356740957E+00 
        26  2.999999933E-02 -3.133584931E-02  6.562000141E-03  1.351606385E+00 
        27  2.999999933E-02 -3.145632520E-02  6.562000141E-03  8.248953274E-01 
        28  2.999999933E-02 -2.401195839E-02  6.562000606E-03  9.686877557E-01 
        29  2.999999933E-02 -2.404091880E-02  6.562000141E-03  1.534173395E+00 
        30  2.999999933E-02 -2.412424982E-02  6.562000606E-03  2.305906580E+00 
        31  2.999999933E-02 -2.420346625E-02  6.562000606E-03  1.867248969E+00 
        32  2.999999933E-02 -2.429169975E-02  6.562000141E-03  2.226821423E+00 
        33  2.999999933E-02 -2.442904375E-02  6.562000141E-03  2.208578858E+00 
        34  2.999999933E-02 -2.457304299E-02  6.562000141E-03  2.077147087E+00 
        35  2.999999933E-02 -2.471704409E-02  6.562000141E-03  1.718939641E+00 
        36  2.999999933E-02 -2.486104332E-02  6.562000141E-03  1.365771641E+00 
        37  2.999999933E-02 -2.500504255E-02  6.562000141E-03  1.267491064E+00 
        38  2.999999933E-02 -2.514904365E-02  6.562000141E-03  1.330162837E+00 
        39  2.999999933E-02 -2.529304288E-02  6.562000141E-03  1.451281698E+00 
        40  2.999999933E-02 -2.543704398E-02  6.562000141E-03  1.872613444E+00 
        41  2.999999933E-02 -2.558104321E-02  6.562000141E-03  2.192518963E+00 
        42  2.999999933E-02 -2.572504245E-02  6.562000141E-03  2.762261608E+00 
        43  2.999999933E-02 -2.586904354E-02  6.562000141E-03  2.834805712E+00 
        44  2.999999933E-02 -2.601304278E-02  6.562000141E-03  3.884368682E+00 
        45  2.999999933E-02 -2.615704387E-02  6.562000141E-03  4.859784444E+00 
        46  2.999999933E-02 -2.630104311E-02  6.562000141E-03  4.805885428E+00 
        47  2.999999933E-02 -2.644504420E-02  6.562000141E-03  5.790920656E+00 
        48  2.999999933E-02 -2.658904344E-02  6.562000141E-03  6.901551846E+00 
        49  2.999999933E-02 -2.673304267E-02  6.562000141E-03  7.001892992E+00 
        50  2.999999933E-02 -2.687704377E-02  6.562000141E-03  6.023600227E+00 
        51  2.999999933E-02 -2.702104300E-02  6.562000141E-03  4.848447826E+00 
        52  2.999999933E-02 -2.716504410E-02  6.562000141E-03  4.999719288E+00 
        53  2.999999933E-02 -2.730904333E-02  6.562000141E-03  4.864283202E+00 
        54  2.999999933E-02 -2.745304257E-02  6.562000141E-03  4.602802617E+00 
        55  2.999999933E-02 -2.759704366E-02  6.562000141E-03  4.229597497E+00 
