cellnumber     x-coordinate     y-coordinate     z-coordinate velocity-magnitude 
         1  2.999999933E-02 -2.716504410E-02  6.562000141E-03  4.490165355E+00 
         2  2.999999933E-02 -2.730904333E-02  6.562000141E-03  4.532635628E+00 
         3  2.999999933E-02 -2.745304257E-02  6.562000141E-03  4.653175556E+00 
         4  2.999999933E-02 -2.759704366E-02  6.562000141E-03  4.936625808E+00 
         5  2.999999933E-02 -2.774104290E-02  6.562000141E-03  5.589416115E+00 
         6  2.999999933E-02 -2.788504399E-02  6.562000141E-03  6.548009044E+00 
         7  2.999999933E-02 -2.802904323E-02  6.562000141E-03  7.391129536E+00 
         8  2.999999933E-02 -2.817304432E-02  6.562000141E-03  7.675739870E+00 
         9  2.999999933E-02 -2.831704356E-02  6.562000141E-03  7.618806585E+00 
        10  2.999999933E-02 -2.846104279E-02  6.562000141E-03  7.142246443E+00 
        11  2.999999933E-02 -2.860504389E-02  6.562000141E-03  5.641274414E+00 
        12  2.999999933E-02 -2.874904312E-02  6.562000141E-03  5.682148742E+00 
        13  2.999999933E-02 -2.889304422E-02  6.562000141E-03  6.055631914E+00 
        14  2.999999933E-02 -2.903704345E-02  6.562000141E-03  5.530306758E+00 
        15  2.999999933E-02 -2.918104269E-02  6.562000141E-03  5.205036569E+00 
        16  2.999999933E-02 -2.932504378E-02  6.562000141E-03  5.297641185E+00 
        17  2.999999933E-02 -2.946904302E-02  6.562000141E-03  5.579580365E+00 
        18  2.999999933E-02 -2.961304411E-02  6.562000141E-03  6.150343692E+00 
        19  2.999999933E-02 -2.975704335E-02  6.562000141E-03  7.128497253E+00 
        20  2.999999933E-02 -2.990104258E-02  6.562000141E-03  6.988607128E+00 
        21  2.999999933E-02 -3.004504368E-02  6.562000141E-03  5.084947924E+00 
        22  2.999999933E-02 -3.018904291E-02  6.562000141E-03  2.779414625E+00 
        23  2.999999933E-02 -3.033304401E-02  6.562000141E-03  2.200713811E+00 
        24  2.999999933E-02 -3.047704324E-02  6.562000141E-03  1.313669882E+00 
        25  2.999999933E-02 -3.062104248E-02  6.562000141E-03  1.116326074E+00 
        26  2.999999933E-02 -3.076504357E-02  6.562000141E-03  9.134348574E-01 
        27  2.999999933E-02 -3.090904281E-02  6.562000141E-03  1.039029145E+00 
        28  2.999999933E-02 -3.105304390E-02  6.562000141E-03  1.311348953E+00 
        29  2.999999933E-02 -3.119704314E-02  6.562000141E-03  1.972403846E+00 
        30  2.999999933E-02 -3.133584931E-02  6.562000141E-03  2.736859255E+00 
        31  2.999999933E-02 -3.145632520E-02  6.562000141E-03  3.064724620E+00 
        32  2.999999933E-02 -2.401195839E-02  6.562000606E-03  2.294950901E+00 
        33  2.999999933E-02 -2.404091880E-02  6.562000141E-03  2.715689266E+00 
        34  2.999999933E-02 -2.412424795E-02  6.562000141E-03  2.272830750E+00 
        35  2.999999933E-02 -2.420346625E-02  6.562000141E-03  2.700112616E+00 
        36  2.999999933E-02 -2.429169975E-02  6.562000141E-03  3.057411614E+00 
        37  2.999999933E-02 -2.442904375E-02  6.562000141E-03  3.275285548E+00 
        38  2.999999933E-02 -2.457304299E-02  6.562000141E-03  3.679434789E+00 
        39  2.999999933E-02 -2.471704409E-02  6.562000141E-03  3.491007841E+00 
        40  2.999999933E-02 -2.486104332E-02  6.562000141E-03  4.610479191E+00 
        41  2.999999933E-02 -2.500504255E-02  6.562000141E-03  5.244035311E+00 
        42  2.999999933E-02 -2.514904365E-02  6.562000141E-03  5.979782029E+00 
        43  2.999999933E-02 -2.529304288E-02  6.562000141E-03  6.877882153E+00 
        44  2.999999933E-02 -2.543704398E-02  6.562000141E-03  7.281522811E+00 
        45  2.999999933E-02 -2.558104321E-02  6.562000141E-03  7.282307982E+00 
        46  2.999999933E-02 -2.572504245E-02  6.562000141E-03  7.012728220E+00 
        47  2.999999933E-02 -2.586904354E-02  6.562000141E-03  6.512404885E+00 
        48  2.999999933E-02 -2.601304278E-02  6.562000141E-03  6.034396014E+00 
        49  2.999999933E-02 -2.615704387E-02  6.562000141E-03  5.490611264E+00 
        50  2.999999933E-02 -2.630104311E-02  6.562000141E-03  5.077254678E+00 
        51  2.999999933E-02 -2.644504420E-02  6.562000141E-03  4.620734120E+00 
        52  2.999999933E-02 -2.658904344E-02  6.562000141E-03  4.310627006E+00 
        53  2.999999933E-02 -2.673304267E-02  6.562000141E-03  4.236877984E+00 
        54  2.999999933E-02 -2.687704377E-02  6.562000141E-03  4.238881744E+00 
        55  2.999999933E-02 -2.702104300E-02  6.562000141E-03  4.374780476E+00 
