cellnumber     x-coordinate     y-coordinate     z-coordinate velocity-magnitude 
         1  2.999999933E-02 -2.401195839E-02  6.562000141E-03  1.253681091E+00 
         2  2.999999933E-02 -2.404091880E-02  6.562000141E-03  1.519221025E+00 
         3  2.999999933E-02 -2.412424795E-02  6.562000141E-03  2.122553361E+00 
         4  2.999999933E-02 -2.420346625E-02  6.562000141E-03  1.806042399E+00 
         5  2.999999933E-02 -2.429169975E-02  6.562000141E-03  2.392980821E+00 
         6  2.999999933E-02 -2.442904375E-02  6.562000141E-03  3.103858778E+00 
         7  2.999999933E-02 -2.457304299E-02  6.562000141E-03  3.379993179E+00 
         8  2.999999933E-02 -2.471704409E-02  6.562000141E-03  2.818711449E+00 
         9  2.999999933E-02 -2.486104332E-02  6.562000141E-03  2.334566991E+00 
        10  2.999999933E-02 -2.500504255E-02  6.562000141E-03  2.457681307E+00 
        11  2.999999933E-02 -2.514904365E-02  6.562000141E-03  3.450500577E+00 
        12  2.999999933E-02 -2.529304288E-02  6.562000141E-03  3.747006718E+00 
        13  2.999999933E-02 -2.543704398E-02  6.562000141E-03  3.559192330E+00 
        14  2.999999933E-02 -2.558104321E-02  6.562000141E-03  3.751334494E+00 
        15  2.999999933E-02 -2.572504245E-02  6.562000141E-03  3.790337329E+00 
        16  2.999999933E-02 -2.586904354E-02  6.562000141E-03  4.127171713E+00 
        17  2.999999933E-02 -2.601304278E-02  6.562000141E-03  4.420298256E+00 
        18  2.999999933E-02 -2.615704387E-02  6.562000141E-03  4.602242278E+00 
        19  2.999999933E-02 -2.630104311E-02  6.562000141E-03  4.844716920E+00 
        20  2.999999933E-02 -2.644504420E-02  6.562000141E-03  5.462631820E+00 
        21  2.999999933E-02 -2.658904344E-02  6.562000141E-03  6.185680127E+00 
        22  2.999999933E-02 -2.673304267E-02  6.562000141E-03  6.736472555E+00 
        23  2.999999933E-02 -2.687704377E-02  6.562000141E-03  6.831356149E+00 
        24  2.999999933E-02 -2.702104300E-02  6.562000141E-03  6.642983901E+00 
        25  2.999999933E-02 -2.716504410E-02  6.562000141E-03  5.973510805E+00 
        26  2.999999933E-02 -2.730904333E-02  6.562000141E-03  5.856138669E+00 
        27  2.999999933E-02 -2.745304257E-02  6.562000141E-03  5.769022204E+00 
        28  2.999999933E-02 -2.759704366E-02  6.562000141E-03  4.854617439E+00 
        29  2.999999933E-02 -2.774104290E-02  6.562000141E-03  3.228906254E+00 
        30  2.999999933E-02 -2.788504399E-02  6.562000141E-03  2.492669356E+00 
        31  2.999999933E-02 -2.802904323E-02  6.562000141E-03  1.686386889E+00 
        32  2.999999933E-02 -2.817304246E-02  6.562000141E-03  1.877045683E+00 
        33  2.999999933E-02 -2.831704356E-02  6.562000141E-03  2.400921438E+00 
        34  2.999999933E-02 -2.846104279E-02  6.562000141E-03  3.638569947E+00 
        35  2.999999933E-02 -2.860504389E-02  6.562000141E-03  3.865833971E+00 
        36  2.999999933E-02 -2.874904312E-02  6.562000141E-03  3.980674500E+00 
        37  2.999999933E-02 -2.889304422E-02  6.562000141E-03  4.181766064E+00 
        38  2.999999933E-02 -2.903704345E-02  6.562000141E-03  4.199926296E+00 
        39  2.999999933E-02 -2.918104269E-02  6.562000141E-03  4.251888105E+00 
        40  2.999999933E-02 -2.932504378E-02  6.562000141E-03  4.494145802E+00 
        41  2.999999933E-02 -2.946904302E-02  6.562000141E-03  4.375484451E+00 
        42  2.999999933E-02 -2.961304411E-02  6.562000141E-03  3.957526866E+00 
        43  2.999999933E-02 -2.975704335E-02  6.562000141E-03  3.764032156E+00 
        44  2.999999933E-02 -2.990104258E-02  6.562000141E-03  3.074585033E+00 
        45  2.999999933E-02 -3.004504368E-02  6.562000141E-03  2.583734565E+00 
        46  2.999999933E-02 -3.018904291E-02  6.562000141E-03  1.989168857E+00 
        47  2.999999933E-02 -3.033304401E-02  6.562000141E-03  1.593200106E+00 
        48  2.999999933E-02 -3.047704324E-02  6.562000141E-03  1.860130697E+00 
        49  2.999999933E-02 -3.062104248E-02  6.562000141E-03  2.703121773E+00 
        50  2.999999933E-02 -3.076504357E-02  6.562000141E-03  3.145694245E+00 
        51  2.999999933E-02 -3.090904281E-02  6.562000141E-03  2.851626977E+00 
        52  2.999999933E-02 -3.105304390E-02  6.562000141E-03  6.958739295E-01 
        53  2.999999933E-02 -3.119704314E-02  6.562000141E-03  4.988762739E-01 
        54  2.999999933E-02 -3.133584931E-02  6.562000141E-03  5.418729003E-01 
        55  2.999999933E-02 -3.145632520E-02  6.562000141E-03  6.017099752E-01 
