cellnumber     x-coordinate     y-coordinate     z-coordinate velocity-magnitude 
         1  2.999999933E-02 -2.401195839E-02  6.562000606E-03  3.169907080E+00 
         2  2.999999933E-02 -2.404091880E-02  6.562000141E-03  3.958442559E+00 
         3  3.000000119E-02 -2.412424982E-02  6.562000606E-03  4.643199253E+00 
         4  2.999999933E-02 -2.420346625E-02  6.562000606E-03  4.414984860E+00 
         5  2.999999933E-02 -2.429169975E-02  6.562000141E-03  4.223108539E+00 
         6  2.999999933E-02 -2.442904375E-02  6.562000141E-03  3.419825481E+00 
         7  2.999999933E-02 -2.457304299E-02  6.562000141E-03  2.848589207E+00 
         8  2.999999933E-02 -2.471704409E-02  6.562000141E-03  1.781871460E+00 
         9  2.999999933E-02 -2.486104332E-02  6.562000141E-03  1.853334379E+00 
        10  2.999999933E-02 -2.500504255E-02  6.562000141E-03  3.048913991E+00 
        11  2.999999933E-02 -2.514904365E-02  6.562000141E-03  3.137895777E+00 
        12  2.999999933E-02 -2.529304288E-02  6.562000141E-03  3.241617088E+00 
        13  2.999999933E-02 -2.543704398E-02  6.562000141E-03  3.747339023E+00 
        14  2.999999933E-02 -2.558104321E-02  6.562000141E-03  3.628726568E+00 
        15  2.999999933E-02 -2.572504245E-02  6.562000141E-03  3.345065273E+00 
        16  2.999999933E-02 -2.586904354E-02  6.562000141E-03  4.236556808E+00 
        17  2.999999933E-02 -2.601304278E-02  6.562000141E-03  5.524102384E+00 
        18  2.999999933E-02 -2.615704387E-02  6.562000141E-03  6.002475730E+00 
        19  2.999999933E-02 -2.630104311E-02  6.562000141E-03  6.147357486E+00 
        20  2.999999933E-02 -2.644504420E-02  6.562000141E-03  6.141805984E+00 
        21  2.999999933E-02 -2.658904344E-02  6.562000141E-03  6.131796767E+00 
        22  2.999999933E-02 -2.673304267E-02  6.562000141E-03  6.102180881E+00 
        23  2.999999933E-02 -2.687704377E-02  6.562000141E-03  6.142915878E+00 
        24  2.999999933E-02 -2.702104300E-02  6.562000141E-03  6.260403382E+00 
        25  2.999999933E-02 -2.716504410E-02  6.562000141E-03  6.350230667E+00 
        26  2.999999933E-02 -2.730904333E-02  6.562000141E-03  6.500462963E+00 
        27  2.999999933E-02 -2.745304257E-02  6.562000141E-03  6.689468387E+00 
        28  2.999999933E-02 -2.759704366E-02  6.562000141E-03  6.878862415E+00 
        29  2.999999933E-02 -2.774104290E-02  6.562000141E-03  6.963854991E+00 
        30  2.999999933E-02 -2.788504399E-02  6.562000141E-03  6.873278912E+00 
        31  2.999999933E-02 -2.802904323E-02  6.562000141E-03  6.715334662E+00 
        32  2.999999933E-02 -2.817304246E-02  6.562000141E-03  6.705515101E+00 
        33  2.999999933E-02 -2.831704356E-02  6.562000141E-03  6.864539942E+00 
        34  2.999999933E-02 -2.846104279E-02  6.562000141E-03  7.010166627E+00 
        35  2.999999933E-02 -2.860504389E-02  6.562000141E-03  6.987143790E+00 
        36  2.999999933E-02 -2.874904312E-02  6.562000141E-03  7.006750691E+00 
        37  2.999999933E-02 -2.889304422E-02  6.562000141E-03  6.522877645E+00 
        38  2.999999933E-02 -2.903704345E-02  6.562000141E-03  5.844623512E+00 
        39  2.999999933E-02 -2.918104269E-02  6.562000141E-03  5.777940603E+00 
        40  2.999999933E-02 -2.932504378E-02  6.562000141E-03  4.470621423E+00 
        41  2.999999933E-02 -2.946904302E-02  6.562000141E-03  3.418078027E+00 
        42  2.999999933E-02 -2.961304411E-02  6.562000141E-03  2.840945726E+00 
        43  2.999999933E-02 -2.975704335E-02  6.562000141E-03  3.500406360E+00 
        44  2.999999933E-02 -2.990104258E-02  6.562000141E-03  3.904082207E+00 
        45  2.999999933E-02 -3.004504368E-02  6.562000141E-03  4.044139078E+00 
        46  2.999999933E-02 -3.018904291E-02  6.562000141E-03  4.340952794E+00 
        47  2.999999933E-02 -3.033304401E-02  6.562000141E-03  4.492249275E+00 
        48  2.999999933E-02 -3.047704324E-02  6.562000141E-03  4.443384561E+00 
        49  2.999999933E-02 -3.062104434E-02  6.562000141E-03  3.291141112E+00 
        50  2.999999933E-02 -3.076504357E-02  6.562000141E-03  1.894147006E+00 
        51  2.999999933E-02 -3.090904281E-02  6.562000141E-03  3.231938350E-01 
        52  2.999999933E-02 -3.105304390E-02  6.562000141E-03  8.768617850E-01 
        53  2.999999933E-02 -3.119704314E-02  6.562000141E-03  1.206109557E+00 
        54  2.999999933E-02 -3.133584931E-02  6.562000141E-03  1.277254071E+00 
        55  2.999999933E-02 -3.145632520E-02  6.562000141E-03  1.120635952E+00 
