cellnumber     x-coordinate     y-coordinate     z-coordinate velocity-magnitude 
         1  2.999999933E-02 -2.404350787E-02  6.562000141E-03  1.512066760E+00 
         2  2.999999933E-02 -2.411941253E-02  6.562000141E-03  1.937525377E+00 
         3  2.999999933E-02 -2.418471873E-02  6.562000141E-03  1.775216946E+00 
         4  2.999999933E-02 -2.428327687E-02  6.562000141E-03  2.109262331E+00 
         5  2.999999933E-02 -2.443092689E-02  6.562000141E-03  1.793924140E+00 
         6  2.999999933E-02 -2.457492612E-02  6.562000141E-03  2.132421082E+00 
         7  2.999999933E-02 -2.471892536E-02  6.562000141E-03  4.491587301E+00 
         8  2.999999933E-02 -2.486292645E-02  6.562000141E-03  5.520570459E+00 
         9  2.999999933E-02 -2.500692569E-02  6.562000141E-03  5.901659819E+00 
        10  2.999999933E-02 -2.515092678E-02  6.562000141E-03  6.148094002E+00 
        11  2.999999933E-02 -2.529492602E-02  6.562000141E-03  5.945695293E+00 
        12  2.999999933E-02 -2.543892711E-02  6.562000141E-03  5.140230817E+00 
        13  2.999999933E-02 -2.558292635E-02  6.562000141E-03  5.042068752E+00 
        14  2.999999933E-02 -2.572692558E-02  6.562000141E-03  5.214560385E+00 
        15  2.999999933E-02 -2.587092668E-02  6.562000141E-03  5.063303565E+00 
        16  2.999999933E-02 -2.601492591E-02  6.562000141E-03  4.972242256E+00 
        17  2.999999933E-02 -2.615892701E-02  6.562000141E-03  4.967594180E+00 
        18  2.999999933E-02 -2.630292624E-02  6.562000141E-03  5.208648608E+00 
        19  2.999999933E-02 -2.644692548E-02  6.562000141E-03  5.602415590E+00 
        20  2.999999933E-02 -2.659092657E-02  6.562000141E-03  5.861404044E+00 
        21  2.999999933E-02 -2.673492581E-02  6.562000141E-03  5.851134266E+00 
        22  2.999999933E-02 -2.687892690E-02  6.562000141E-03  6.021004726E+00 
        23  2.999999933E-02 -2.702292614E-02  6.562000141E-03  6.587374024E+00 
        24  2.999999933E-02 -2.716692537E-02  6.562000141E-03  6.929204442E+00 
        25  2.999999933E-02 -2.731092647E-02  6.562000141E-03  6.934602548E+00 
        26  2.999999933E-02 -2.745492570E-02  6.562000141E-03  6.881097232E+00 
        27  2.999999933E-02 -2.759892680E-02  6.562000141E-03  6.776267259E+00 
        28  2.999999933E-02 -2.774292603E-02  6.562000141E-03  6.492569668E+00 
        29  2.999999933E-02 -2.788692527E-02  6.562000141E-03  6.269751750E+00 
        30  2.999999933E-02 -2.803092636E-02  6.562000141E-03  6.266104451E+00 
        31  2.999999933E-02 -2.817492560E-02  6.562000141E-03  5.924340376E+00 
        32  2.999999933E-02 -2.831892669E-02  6.562000141E-03  5.479575450E+00 
        33  2.999999933E-02 -2.846292593E-02  6.562000141E-03  5.011526563E+00 
        34  2.999999933E-02 -3.147172555E-02  6.562000141E-03  1.410292621E+00 
        35  2.999999933E-02 -3.135218471E-02  6.562000141E-03  1.433469161E+00 
        36  2.999999933E-02 -3.119892627E-02  6.562000141E-03  1.681729081E+00 
        37  2.999999933E-02 -3.105492704E-02  6.562000141E-03  1.942693198E+00 
        38  2.999999933E-02 -3.091092594E-02  6.562000141E-03  1.874483649E+00 
        39  2.999999933E-02 -3.076692671E-02  6.562000141E-03  1.459287014E+00 
        40  2.999999933E-02 -3.062292561E-02  6.562000141E-03  1.161424349E+00 
        41  2.999999933E-02 -3.047892638E-02  6.562000141E-03  6.011526421E-01 
        42  2.999999933E-02 -3.033492528E-02  6.562000141E-03  6.352286783E-01 
        43  2.999999933E-02 -3.019092605E-02  6.562000141E-03  1.709886973E+00 
        44  2.999999933E-02 -3.004692681E-02  6.562000141E-03  2.421919485E+00 
        45  2.999999933E-02 -2.990292571E-02  6.562000141E-03  2.844202893E+00 
        46  2.999999933E-02 -2.975892648E-02  6.562000141E-03  3.874557725E+00 
        47  2.999999933E-02 -2.961492538E-02  6.562000141E-03  4.413505760E+00 
        48  2.999999933E-02 -2.947092615E-02  6.562000141E-03  4.111981432E+00 
        49  2.999999933E-02 -2.932692692E-02  6.562000141E-03  4.049630796E+00 
        50  2.999999933E-02 -2.918292582E-02  6.562000141E-03  4.278767030E+00 
        51  2.999999933E-02 -2.903892659E-02  6.562000141E-03  4.327751135E+00 
        52  2.999999933E-02 -2.889492549E-02  6.562000141E-03  4.372183571E+00 
        53  2.999999933E-02 -2.875092626E-02  6.562000141E-03  4.476668234E+00 
        54  2.999999933E-02 -2.860692702E-02  6.562000141E-03  4.733216561E+00 
