cellnumber     x-coordinate     y-coordinate     z-coordinate velocity-magnitude 
         1  2.999999933E-02 -2.730904333E-02  6.562000141E-03  2.405847244E+00 
         2  2.999999933E-02 -2.716504410E-02  6.562000141E-03  2.747283108E+00 
         3  2.999999933E-02 -2.702104300E-02  6.562000141E-03  2.805579181E+00 
         4  2.999999933E-02 -2.687704377E-02  6.562000141E-03  2.231248958E+00 
         5  2.999999933E-02 -2.673304267E-02  6.562000141E-03  1.997819588E+00 
         6  2.999999933E-02 -2.658904344E-02  6.562000141E-03  1.662920580E+00 
         7  2.999999933E-02 -2.644504420E-02  6.562000141E-03  1.842765198E+00 
         8  2.999999933E-02 -2.630104311E-02  6.562000141E-03  2.426398495E+00 
         9  2.999999933E-02 -2.615704387E-02  6.562000141E-03  2.746173466E+00 
        10  2.999999933E-02 -2.601304278E-02  6.562000141E-03  2.664162039E+00 
        11  2.999999933E-02 -2.586904354E-02  6.562000141E-03  2.554019267E+00 
        12  2.999999933E-02 -2.572504245E-02  6.562000141E-03  2.352439272E+00 
        13  2.999999933E-02 -2.558104321E-02  6.562000141E-03  2.015190407E+00 
        14  2.999999933E-02 -2.543704398E-02  6.562000141E-03  1.568305133E+00 
        15  2.999999933E-02 -2.529304288E-02  6.562000141E-03  1.607572763E+00 
        16  2.999999933E-02 -2.514904365E-02  6.562000141E-03  2.014375815E+00 
        17  2.999999933E-02 -2.500504255E-02  6.562000141E-03  2.132148638E+00 
        18  2.999999933E-02 -2.486104332E-02  6.562000141E-03  2.118232265E+00 
        19  2.999999933E-02 -2.471704409E-02  6.562000141E-03  1.911477570E+00 
        20  2.999999933E-02 -2.457304299E-02  6.562000141E-03  1.795949455E+00 
        21  2.999999933E-02 -2.442904375E-02  6.562000141E-03  1.900175676E+00 
        22  2.999999933E-02 -2.429169975E-02  6.562000141E-03  2.149049400E+00 
        23  2.999999933E-02 -2.420346625E-02  6.562000141E-03  2.421480832E+00 
        24  2.999999933E-02 -2.412424795E-02  6.562000141E-03  2.446052950E+00 
        25  2.999999933E-02 -2.404091880E-02  6.562000141E-03  2.261603382E+00 
        26  2.999999933E-02 -2.401195839E-02  6.562000606E-03  2.003052590E+00 
        27  2.999999933E-02 -3.119704314E-02  6.562000141E-03  2.789374419E+00 
        28  2.999999933E-02 -3.133584931E-02  6.562000141E-03  2.266959623E+00 
        29  2.999999933E-02 -3.145632893E-02  6.562000141E-03  1.923532445E+00 
        30  2.999999933E-02 -3.105304390E-02  6.562000141E-03  3.167777254E+00 
        31  2.999999933E-02 -3.090904281E-02  6.562000141E-03  3.234125800E+00 
        32  2.999999933E-02 -3.076504357E-02  6.562000141E-03  2.611875796E+00 
        33  2.999999933E-02 -3.062104248E-02  6.562000141E-03  2.702076570E+00 
        34  2.999999933E-02 -3.047704324E-02  6.562000141E-03  3.947727346E+00 
        35  2.999999933E-02 -3.033304401E-02  6.562000141E-03  4.290627829E+00 
        36  2.999999933E-02 -3.018904291E-02  6.562000141E-03  4.439329682E+00 
        37  2.999999933E-02 -3.004504368E-02  6.562000141E-03  4.601208613E+00 
        38  2.999999933E-02 -2.990104258E-02  6.562000141E-03  4.833765941E+00 
        39  2.999999933E-02 -2.975704335E-02  6.562000141E-03  4.918582656E+00 
        40  2.999999933E-02 -2.961304411E-02  6.562000141E-03  4.911797567E+00 
        41  2.999999933E-02 -2.946904302E-02  6.562000141E-03  4.879294443E+00 
        42  2.999999933E-02 -2.932504378E-02  6.562000141E-03  4.865454599E+00 
        43  2.999999933E-02 -2.918104269E-02  6.562000141E-03  5.035376098E+00 
        44  2.999999933E-02 -2.903704345E-02  6.562000141E-03  5.174702177E+00 
        45  2.999999933E-02 -2.889304422E-02  6.562000141E-03  5.466418876E+00 
        46  2.999999933E-02 -2.874904312E-02  6.562000141E-03  5.722668171E+00 
        47  2.999999933E-02 -2.860504389E-02  6.562000141E-03  5.956701984E+00 
        48  2.999999933E-02 -2.846104279E-02  6.562000141E-03  6.143589202E+00 
        49  2.999999933E-02 -2.831704356E-02  6.562000141E-03  6.223955003E+00 
        50  2.999999933E-02 -2.817304246E-02  6.562000141E-03  6.265878384E+00 
        51  2.999999933E-02 -2.802904323E-02  6.562000141E-03  6.357599714E+00 
        52  2.999999933E-02 -2.788504399E-02  6.562000141E-03  5.871158186E+00 
        53  2.999999933E-02 -2.774104290E-02  6.562000141E-03  4.324236451E+00 
        54  2.999999933E-02 -2.759704366E-02  6.562000141E-03  2.318452018E+00 
        55  2.999999933E-02 -2.745304257E-02  6.562000141E-03  1.593750123E+00 
