cellnumber     x-coordinate     y-coordinate     z-coordinate velocity-magnitude 
         1  2.999999933E-02 -2.702104300E-02  6.562000141E-03  7.090623636E+00 
         2  2.999999933E-02 -2.716504410E-02  6.562000141E-03  6.980442484E+00 
         3  2.999999933E-02 -2.730904333E-02  6.562000141E-03  6.852631073E+00 
         4  2.999999933E-02 -2.745304257E-02  6.562000141E-03  6.527010183E+00 
         5  2.999999933E-02 -2.759704366E-02  6.562000141E-03  6.467464757E+00 
         6  2.999999933E-02 -2.774104290E-02  6.562000141E-03  6.507840847E+00 
         7  2.999999933E-02 -2.788504399E-02  6.562000141E-03  5.937569028E+00 
         8  2.999999933E-02 -2.802904323E-02  6.562000141E-03  4.620917408E+00 
         9  2.999999933E-02 -2.817304246E-02  6.562000141E-03  3.550129260E+00 
        10  2.999999933E-02 -2.831704356E-02  6.562000141E-03  3.489716924E+00 
        11  2.999999933E-02 -2.846104279E-02  6.562000141E-03  3.877487125E+00 
        12  2.999999933E-02 -2.860504389E-02  6.562000141E-03  2.970473764E+00 
        13  2.999999933E-02 -2.874904312E-02  6.562000141E-03  1.549639873E+00 
        14  2.999999933E-02 -2.889304422E-02  6.562000141E-03  1.505498353E+00 
        15  2.999999933E-02 -2.903704345E-02  6.562000141E-03  1.505566011E+00 
        16  2.999999933E-02 -2.918104269E-02  6.562000141E-03  2.199407343E+00 
        17  2.999999933E-02 -2.932504378E-02  6.562000141E-03  3.530191368E+00 
        18  2.999999933E-02 -2.946904302E-02  6.562000141E-03  2.935489435E+00 
        19  2.999999933E-02 -2.961304411E-02  6.562000141E-03  3.007691646E+00 
        20  2.999999933E-02 -2.975704335E-02  6.562000141E-03  2.653526875E+00 
        21  2.999999933E-02 -2.990104258E-02  6.562000141E-03  2.599602494E+00 
        22  2.999999933E-02 -3.004504368E-02  6.562000141E-03  2.254086114E+00 
        23  2.999999933E-02 -3.018904291E-02  6.562000141E-03  2.111090208E+00 
        24  2.999999933E-02 -3.033304401E-02  6.562000141E-03  1.922426802E+00 
        25  2.999999933E-02 -3.047704324E-02  6.562000141E-03  1.329964498E+00 
        26  2.999999933E-02 -3.062104248E-02  6.562000141E-03  1.303613916E+00 
        27  2.999999933E-02 -3.076504357E-02  6.562000141E-03  1.250428596E+00 
        28  2.999999933E-02 -3.090904281E-02  6.562000141E-03  9.862200341E-01 
        29  2.999999933E-02 -3.105304390E-02  6.562000141E-03  1.210999706E+00 
        30  2.999999933E-02 -3.119704314E-02  6.562000141E-03  1.334161920E+00 
        31  2.999999933E-02 -3.133584931E-02  6.562000141E-03  1.557703854E+00 
        32  2.999999933E-02 -3.145632520E-02  6.562000141E-03  1.607197727E+00 
        33  2.999999933E-02 -2.687704377E-02  6.562000141E-03  7.187178389E+00 
        34  2.999999933E-02 -2.673304267E-02  6.562000141E-03  6.982600928E+00 
        35  2.999999933E-02 -2.401195839E-02  6.562000606E-03  1.402468825E+00 
        36  2.999999933E-02 -2.404091880E-02  6.562000141E-03  1.413844948E+00 
        37  3.000000119E-02 -2.412424982E-02  6.562000606E-03  1.477426460E+00 
        38  2.999999933E-02 -2.420346625E-02  6.562000606E-03  1.726686326E+00 
        39  2.999999933E-02 -2.429169975E-02  6.562000141E-03  2.178925876E+00 
        40  2.999999933E-02 -2.442904375E-02  6.562000141E-03  2.074239459E+00 
        41  2.999999933E-02 -2.457304299E-02  6.562000141E-03  1.838406386E+00 
        42  2.999999933E-02 -2.471704409E-02  6.562000141E-03  1.538514472E+00 
        43  2.999999933E-02 -2.486104332E-02  6.562000141E-03  2.151595051E+00 
        44  2.999999933E-02 -2.500504255E-02  6.562000141E-03  2.461871535E+00 
        45  2.999999933E-02 -2.514904365E-02  6.562000141E-03  3.511661978E+00 
        46  2.999999933E-02 -2.529304288E-02  6.562000141E-03  5.379031289E+00 
        47  2.999999933E-02 -2.543704398E-02  6.562000141E-03  5.568127968E+00 
        48  2.999999933E-02 -2.558104321E-02  6.562000141E-03  4.606526474E+00 
        49  2.999999933E-02 -2.572504245E-02  6.562000141E-03  4.884330938E+00 
        50  2.999999933E-02 -2.586904354E-02  6.562000141E-03  5.432105599E+00 
        51  2.999999933E-02 -2.601304278E-02  6.562000141E-03  5.518043075E+00 
        52  2.999999933E-02 -2.615704387E-02  6.562000141E-03  5.634090734E+00 
        53  2.999999933E-02 -2.630104311E-02  6.562000141E-03  5.873046208E+00 
        54  2.999999933E-02 -2.644504420E-02  6.562000141E-03  6.574483518E+00 
        55  2.999999933E-02 -2.658904344E-02  6.562000141E-03  6.934271471E+00 
