,index,Bins,bin_centres,Counts,Bin Variance,x-coordinate_bin_mean,x-coordinate_std,x-coordinate_sem,y-coordinate_bin_mean,y-coordinate_std,y-coordinate_sem,z-coordinate_bin_mean,z-coordinate_std,z-coordinate_sem,velocity-magnitude_bin_mean,velocity-magnitude_std,velocity-magnitude_sem,radius_bin_mean,radius_std,radius_sem
1,1,"(0.02589, 0.0259]",0.025895,20,3752.3684210526317,-0.01831250079,4.2740157373107524e-09,9.556989725530726e-10,-0.018312498927499997,4.27516312470954e-09,9.559555361750942e-10,0.006562000141,0.0,0.0,5.52850624255,0.1693176786124639,0.03786058391699316,0.025897785661200007,4.276309817610234e-09,9.56211944502621e-10
3,3,"(0.02554, 0.02555]",0.025544999999999998,20,3296.5131578947367,-0.01806250075,4.223611574447214e-09,9.444282591018884e-10,-0.018062498700499998,4.285841409458313e-09,9.5834327323323e-10,0.006562000141,0.0,0.0,5.5712445588,0.18783064948371264,0.04200021005035172,0.025544232081809247,4.1501588040431506e-09,9.280037203259713e-10
5,5,"(0.02519, 0.0252]",0.025195000000000002,20,3296.5131578947367,-0.017812500892,4.026630561972758e-09,9.003819656849266e-10,-0.017812498938,4.0743983731590994e-09,9.110631729798301e-10,0.006562000141,0.0,0.0,5.6094791313000005,0.20390357830230976,0.04559422619394158,0.02519067895956294,4.104698858770203e-09,9.178385675375982e-10
7,7,"(0.02484, 0.02485]",0.024845,20,3296.5131578947367,-0.0175625011325,4.275163123383688e-09,9.559555358786246e-10,-0.0175624991765,4.336840076520842e-09,9.697469218645991e-10,0.006562000141,0.0,0.0,5.6362075596,0.21169884783579046,0.047337301451921165,0.02483712590767386,4.367872487783422e-09,9.76685979973485e-10
9,9,"(0.02447, 0.02449]",0.024480000000000002,20,3296.5131578947367,-0.017312500624999998,4.271721580072964e-09,9.551859833995959e-10,-0.017312498765,4.271721581648881e-09,9.551859837519816e-10,0.006562000141,0.0,0.0,5.63909137685,0.21487553709349227,0.04804763076428263,0.02448357186724946,4.271721581866585e-09,9.551859838006618e-10
11,11,"(0.02412, 0.02413]",0.024125,20,3296.5131578947367,-0.017062500678,4.103788492550408e-09,9.176350034624102e-10,-0.017062498813,4.102115115459448e-09,9.172608249696723e-10,0.006562000141,0.0,0.0,5.6211601578,0.21302867774465029,0.04763466045939346,0.02413001854807395,4.087560646357745e-09,9.140063467408895e-10
13,13,"(0.02377, 0.02378]",0.023774999999999998,20,3296.5131578947367,-0.016812500917,4.102115114810894e-09,9.172608248246513e-10,-0.0168124990545,4.10534116168244e-09,9.179821908349891e-10,0.006562000141,0.0,0.0,5.594253382050001,0.1979865215638896,0.04427113208455851,0.023776465497245495,4.085161393667421e-09,9.134698575298132e-10
15,15,"(0.02342, 0.02343]",0.023425,20,3296.5131578947367,-0.016562500969999998,4.2740157373107524e-09,9.556989725530726e-10,-0.016562499105,4.271721581171751e-09,9.55185983645292e-10,0.006562000141,0.0,0.0,5.56791258095,0.18075090654442363,0.040417131402804285,0.0234229121798378,4.275162355809216e-09,9.559553642437549e-10
17,17,"(0.02307, 0.02308]",0.023075,20,3296.5131578947367,-0.016312500459999997,4.27401573858558e-09,9.556989728381327e-10,-0.016312498693000003,4.336399305821276e-09,9.696483625399271e-10,0.006562000141,0.0,0.0,5.54556455,0.16302976958223636,0.0364545647142008,0.02306935813729207,4.368411173468846e-09,9.768064337545965e-10
19,19,"(0.02271, 0.02272]",0.022715,20,3436.315789473684,-0.016062500698999997,4.0259485975452606e-09,9.002294738031145e-10,-0.016062499025,3.939078839093406e-09,8.808048052943812e-10,0.006562000141,0.0,0.0,5.5271210859,0.14559833465680028,0.03255677737033689,0.022715805150456715,4.0732809782248076e-09,9.10813315876751e-10
21,21,"(0.02235, 0.02237]",0.022359999999999998,20,3481.5789473684213,-0.015812500937999997,4.170046824994904e-09,9.324508170045773e-10,-0.015812499262999997,4.226615045678383e-09,9.450998556860242e-10,0.006562000141,0.0,0.0,5.5105533266,0.1303075155058246,0.029137646265013167,0.02236225209715345,4.102214359685876e-09,9.172830166533391e-10
23,23,"(0.022, 0.02202]",0.022010000000000002,20,2469.1447368421054,-0.015562501083999999,4.164887563634051e-09,9.312971710929219e-10,-0.015562499316000001,4.124820123915671e-09,9.223378192034546e-10,0.006562000141,0.0,0.0,5.48890952015,0.12079382977730181,0.027010321464458514,0.022008698847274404,4.18599419228127e-09,9.360167567360244e-10
25,25,"(0.02165, 0.02167]",0.02166,20,2377.5657894736837,-0.015312500858,4.126151003393575e-09,9.226354129016998e-10,-0.0153124992255,4.2318982610791795e-09,9.462812185636197e-10,0.006562000141,0.0,0.0,5.4578151335000005,0.11901323646531398,0.026612168695869885,0.02165514523288186,4.120233296624487e-09,9.213121734410407e-10
27,27,"(0.02129, 0.0213]",0.021295,20,2294.407894736842,-0.015062501003,4.166370501118225e-09,9.316287659950213e-10,-0.015062499325000001,4.08277833715013e-09,9.129369898931245e-10,0.006562000141,0.0,0.0,5.4157768161,0.12196280423058216,0.027271712098608063,0.021301592015176167,4.210227901771556e-09,9.414355789127507e-10
29,29,"(0.02094, 0.02095]",0.020945,20,2219.6710526315783,-0.014812500867,4.1663705017817385e-09,9.316287661433876e-10,-0.0148124993315,4.234049045094477e-09,9.467621484899324e-10,0.006562000141,0.0,0.0,5.3632056026,0.1255649823867513,0.028077183621033966,0.020948038533012598,4.180448391537168e-09,9.347766779906764e-10
31,31,"(0.02059, 0.0206]",0.020595000000000002,20,2153.355263157895,-0.014562501012,4.126151003711998e-09,9.226354129729014e-10,-0.0145624992915,4.148979931863352e-09,9.2774011649289e-10,0.006562000141,0.0,0.0,5.3015453561,0.12883225957467684,0.028807769010387552,0.02059448521666553,4.1683312874372865e-09,9.320672111448987e-10
33,33,"(0.02024, 0.02025]",0.020245,20,2095.4605263157896,-0.014312500785999998,4.164887563947498e-09,9.312971711630107e-10,-0.014312499436000001,4.229767195178885e-09,9.458046977418609e-10,0.006562000141,0.0,0.0,5.23198765075,0.1315874664907972,0.029423852006039822,0.02024093176844307,4.177996613703027e-09,9.342284438003898e-10
35,35,"(0.01988, 0.0199]",0.019889999999999998,20,2045.9868421052636,-0.0140625009785,4.148979931446436e-09,9.277401163996648e-10,-0.0140624993005,4.190136883966017e-09,9.36943090757716e-10,0.006562000141,0.0,0.0,5.15520827815,0.13317077136491443,0.02977788973880311,0.0198873784181549,4.1230742903702045e-09,9.219474389549484e-10
37,37,"(0.01952, 0.01953]",0.019525,20,2458.4210526315787,-0.013812500799,4.20296749832018e-09,9.398121033466155e-10,-0.0138124994455,4.190581513275122e-09,9.37042512893711e-10,0.006562000141,0.0,0.0,5.07210902895,0.1336765443440018,0.029890984015045304,0.019533825003166423,4.266622268782542e-09,9.540457427312142e-10
39,39,"(0.01917, 0.01918]",0.019174999999999998,20,1548.9473684210523,-0.01356250094,4.080976405460207e-09,9.125340657181767e-10,-0.0135624993125,4.227593411371994e-09,9.45318624905801e-10,0.006562000141,0.0,0.0,4.98421623425,0.13377158998938063,0.029912236867448545,0.019180271618230046,4.052171527193796e-09,9.060930991294465e-10
41,41,"(0.01882, 0.01883]",0.018825,20,1456.3157894736842,-0.013312500807499999,4.208673844439712e-09,9.41088081129257e-10,-0.013312499458499999,4.1489799316441e-09,9.277401164438639e-10,0.006562000141,0.0,0.0,4.8931292783,0.13418596062908383,0.03000489295927419,0.018826718237182672,4.29105825648956e-09,9.595097956922384e-10
43,43,"(0.01847, 0.01848]",0.018475,20,1372.1052631578946,-0.013062500859999998,4.080976405460207e-09,9.125340657181767e-10,-0.0130624994185,4.26618068434612e-09,9.539470014494496e-10,0.006562000141,0.0,0.0,4.8000532323,0.135388441800127,0.030273775923285794,0.0184731648554283,4.027320677622671e-09,9.005362802354808e-10
45,45,"(0.01812, 0.01813]",0.018125000000000002,20,1296.3157894736842,-0.01281250082,4.209394255989227e-09,9.41249170048906e-10,-0.012812499420000002,4.0809764056358224e-09,9.125340657574454e-10,0.006562000141,0.0,0.0,4.705637161,0.13671232700861166,0.030569805655343615,0.018119611437611358,4.2778806927601814e-09,9.565632028645658e-10
47,47,"(0.01775, 0.01777]",0.017759999999999998,20,1228.9473684210525,-0.01256250078,4.080976405007412e-09,9.125340656169285e-10,-0.0125624995205,4.266827337446905e-09,9.540915974785714e-10,0.006562000141,0.0,0.0,4.6100914162499995,0.13669483669154525,0.030565894701552764,0.017766058089798115,4.025898032625418e-09,9.002181671433101e-10
49,49,"(0.0174, 0.01742]",0.017410000000000002,20,1170.0,-0.0123125009235,4.206348929207092e-09,9.405682142790507e-10,-0.01231249934,4.0809764056358224e-09,9.125340657574454e-10,0.006562000141,0.0,0.0,4.51329974555,0.1340245881177326,0.029968808968766067,0.017412504673041847,4.274807036908071e-09,9.558759125220898e-10
51,51,"(0.01705, 0.01706]",0.017055,20,1119.4736842105262,-0.012062500695,4.082778336851161e-09,9.129369898262729e-10,-0.0120624995325,4.229622199347613e-09,9.45772275688343e-10,0.006562000141,0.0,0.0,4.4148731589,0.1281352611417847,0.02865191542277179,0.017058951256992777,4.054167347926642e-09,9.065393782124012e-10
53,53,"(0.0167, 0.01671]",0.016704999999999998,20,1077.3684210526317,-0.011812500840999999,4.202967497586238e-09,9.398121031825012e-10,-0.0118124993995,4.188650674928262e-09,9.366107643139967e-10,0.006562000141,0.0,0.0,4.3144203689000005,0.11939956091206047,0.0266985534682994,0.01670539787559188,4.267971595614084e-09,9.543474613831334e-10
55,55,"(0.01635, 0.01636]",0.016355,20,1043.6842105263158,-0.011562500615,4.082778336851161e-09,9.129369898262729e-10,-0.011562499592,4.126151003644223e-09,9.226354129577465e-10,0.006562000141,0.0,0.0,4.2119940164,0.10886969639423136,0.024344004182726503,0.01635184446131053,4.059857461236912e-09,9.078117262285451e-10
57,57,"(0.01599, 0.016]",0.015995000000000002,20,1018.4210526315792,-0.011312500854,4.164887563856529e-09,9.312971711426696e-10,-0.0113124994565,4.206348929514149e-09,9.405682143477108e-10,0.006562000141,0.0,0.0,4.1081007285,0.0975685416560097,0.021816989160835756,0.015998291143902856,4.1367998510133715e-09,9.250165676176901e-10
59,59,"(0.02684, 0.02685]",0.026845,20,3425.5263157894733,-0.01898222044,0.0,0.0,-0.01898222044,0.0,0.0,0.006562000606,0.0,0.0,4.96757326935,0.5359349814254609,0.11983870499874177,0.02684491359020378,0.0,0.0
61,61,"(0.02703, 0.02705]",0.02704,20,3425.5263157894733,-0.0191221945,0.0,0.0,-0.0191221945,0.0,0.0,0.006562000606,0.0,0.0,4.866608820550001,0.5639741373104034,0.12610845085778621,0.027042866804236204,0.0,0.0
63,63,"(0.0272, 0.02722]",0.027209999999999998,20,3425.5263157894733,-0.01923896931,0.0,0.0,-0.01923896931,0.0,0.0,0.006562000141,0.0,0.0,4.7176283967,0.5852972261336158,0.13087643846768313,0.027208011324281745,0.0,0.0
65,65,"(0.02741, 0.02742]",0.027415000000000002,20,3425.5263157894733,-0.01938296854,0.0,0.0,-0.01938296854,0.0,0.0,0.006562000141,0.0,0.0,4.604598827,0.5544342872646458,0.1239752755380394,0.027411656988319034,0.0,0.0
67,67,"(0.02761, 0.02762]",0.027615,20,3425.5263157894733,-0.01952696778,0.0,0.0,-0.01952696778,0.0,0.0,0.006562000141,0.0,0.0,4.520483238300001,0.4881715526513113,0.10915847764099497,0.027615302666498455,0.0,0.0
69,69,"(0.02781, 0.02783]",0.02782,20,3425.5263157894733,-0.01967096888,0.0,0.0,-0.01967096888,0.0,0.0,0.006562000141,0.0,0.0,4.44978032215,0.40652157575451603,0.09090098777074282,0.02781895097511509,0.0,0.0
71,71,"(0.02802, 0.02803]",0.028025,20,3425.5263157894733,-0.01981496811,0.0,0.0,-0.01981496811,0.0,0.0,0.006562000141,0.0,0.0,4.3864261464,0.32554485244830295,0.07279404197995441,0.028022596639152374,0.0,0.0
73,73,"(0.02822, 0.02823]",0.028225,20,3425.5263157894733,-0.01995896734,0.0,0.0,-0.01995896734,0.0,0.0,0.006562000141,0.0,0.0,4.330191774,0.2640273585543459,0.0590383121647228,0.02822624230318966,0.0,0.0
75,75,"(0.02842, 0.02844]",0.02843,20,3425.5263157894733,-0.02010296844,0.0,0.0,-0.02010296844,0.0,0.0,0.006562000141,0.0,0.0,4.28320455205,0.23503971565769954,0.05255647816228379,0.028429890611806303,0.0,0.0
77,77,"(0.02863, 0.02864]",0.028635,20,3425.5263157894733,-0.02024696954,0.0,0.0,-0.02024696954,0.0,0.0,0.006562000141,0.0,0.0,4.24811799855,0.22584072127761246,0.050499520486432456,0.028633538920422946,0.0,0.0
79,79,"(0.02883, 0.02884]",0.028835,20,3425.5263157894733,-0.02039096877,0.0,0.0,-0.02039096877,0.0,0.0,0.006562000141,0.0,0.0,4.22441146115,0.2164158392746544,0.048392052802579605,0.02883718458446023,0.0,0.0
81,81,"(0.02903, 0.02905]",0.02904,20,3425.5263157894733,-0.020534968,0.0,0.0,-0.020534968,0.0,0.0,0.006562000141,0.0,0.0,4.2084263978,0.20420910385978963,0.04566254378548043,0.02904083024849751,0.0,0.0
83,83,"(0.02924, 0.02926]",0.029249999999999998,20,3425.5263157894733,-0.0206789691,0.0,0.0,-0.0206789691,0.0,0.0,0.006562000141,0.0,0.0,4.19190885355,0.19661971373631398,0.04396550456309472,0.029244478557114158,0.0,0.0
85,85,"(0.02944, 0.02945]",0.029445,20,3425.5263157894733,-0.02082296833,0.0,0.0,-0.02082296833,0.0,0.0,0.006562000141,0.0,0.0,4.14172031615,0.19242857117214468,0.04302833659540719,0.02944812422115144,0.0,0.0
87,87,"(0.02962, 0.02963]",0.029625,20,3425.5263157894733,-0.02095155232,0.0,0.0,-0.02095155232,0.0,0.0,0.006562000141,0.0,0.0,3.9799712704,0.18580694908412101,0.041547696884393685,0.02962996944371348,0.0,0.0
89,89,"(0.02974, 0.02975]",0.029745,20,3425.5263157894733,-0.02102797665,0.0,0.0,-0.02102797665,0.0,0.0,0.006562000141,0.0,0.0,3.8768803548,0.19003066261374355,0.04249214794136584,0.029738049767694757,0.0,0.0
91,91,"(0.02984, 0.02985]",0.029845,20,3425.5263157894733,-0.02110337466,0.0,0.0,-0.02110337466,0.0,0.0,0.006562000606,0.0,0.0,3.4513665954499997,0.21592993078813003,0.04828340036190835,0.02984467865601271,0.0,0.0
93,93,"(0.02989, 0.02991]",0.0299,20,3425.5263157894733,-0.02114406601,0.0,0.0,-0.02114406601,0.0,0.0,0.006562000606,0.0,0.0,2.8142970638,0.25258710666180023,0.05648019407357753,0.029902224915053975,0.0,0.0
95,95,"(0.02993, 0.02994]",0.029935,20,3425.5263157894733,-0.02117234282,0.0,0.0,-0.02117234282,0.0,0.0,0.006562000606,0.0,0.0,1.94053924045,0.23028757484745185,0.05149386717324731,0.02994221436325662,0.0,0.0
97,97,"(0.02996, 0.02997]",0.029965,20,3425.5263157894733,-0.02119199,0.0,0.0,-0.02119199,0.0,0.0,0.006562000141,0.0,0.0,1.05968461535,0.13955456467810265,0.031205349319062856,0.029969999671675008,0.0,0.0
99,99,"(0.02998, 0.03]",0.02999,40,3337.9487179487173,-0.02120822482,2.6182857226903616e-06,4.139873224400775e-07,-0.02120822482,2.6182857226903616e-06,4.139873224400775e-07,0.006562000141,0.0,0.0,0.258259105522,0.13646163680912865,0.021576479277575927,0.02999295917430169,3.70281517919711e-06,5.854664860453698e-07
101,103,"(0.004016, 0.004029]",0.0040225,20,4455.263157894737,-0.00284156536215,4.377399825328416e-08,9.788163574130043e-09,-0.00284156536215,4.377399825328416e-08,9.788163574130043e-09,0.006562000350249999,2.3734427037670325e-10,5.3071792263239804e-11,1.09182171008,0.06187541216523063,0.013835762773727313,0.004018580273522146,6.190578200899562e-08,1.384255367723977e-08
103,106,"(0.004055, 0.004068]",0.004061499999999999,20,4455.263157894737,-0.0028683875339499997,5.07390935291038e-08,1.134560622477958e-08,-0.0028683875339499997,5.07390935291038e-08,1.134560622477958e-08,0.00656200018745,2.0808385843786422e-10,4.652896524875076e-11,1.18966804504,0.14421688532875374,0.03224787590983855,0.004056512552654007,7.175591421123967e-08,1.604511019639751e-08
105,108,"(0.004094, 0.004107]",0.0041005,20,4455.263157894737,-0.0028965136036,7.846968067891781e-08,1.7546354017076205e-08,-0.0028965136036,7.846968067891781e-08,1.7546354017076205e-08,0.00656200048975,2.0658167113366074e-10,4.6193065956037144e-11,1.273340874075,0.17452557512645459,0.03902510497949989,0.004096288821809286,1.1097288665088211e-07,2.4814291821075136e-08
107,110,"(0.004146, 0.004159]",0.0041525,20,2018.6184210526317,-0.00293722805825,1.3654198544895134e-07,3.053171612466423e-08,-0.00293722805825,1.3654198544895134e-07,3.053171612466423e-08,0.00656200032695,2.783062447302213e-10,6.223116817794674e-11,1.36392987493,0.16726573034409695,0.037401754335555,0.004153867755759941,1.930995276551737e-07,4.3178367026006895e-08
109,112,"(0.004315, 0.004328]",0.004321500000000001,5,0.0,-0.00305938255,0.0,0.0,-0.00305938255,0.0,0.0,0.00656200042,2.5469098940989126e-10,1.1390127311543917e-10,1.5012589778,0.17156932830627317,0.07672813618936113,0.004326620294697583,0.0,0.0
111,114,"(0.00451, 0.004523]",0.0045165,10,966.9444444444447,-0.0031927248459000003,2.9614950605040848e-06,9.36506967053107e-07,-0.0031927258012,2.958623606572756e-06,9.355989335911826e-07,0.0065620003735,2.450765189590105e-10,7.750000009359112e-11,1.5823939337000001,0.12559595030019644,0.03971692678419292,0.0045151954534969,4.186156053894733e-06,1.3237787771209933e-06
113,116,"(0.00486, 0.004873]",0.004866499999999999,20,2034.9342105263158,-0.003437500156,4.138025654186236e-09,9.25290665539846e-10,-0.0034374998184,4.144721048409076e-09,9.26787801201689e-10,0.006562000141,0.0,0.0,1.6364078048,0.18001477554297773,0.04025252750684648,0.004861359102557256,4.148711118651102e-09,9.27680008031306e-10
115,118,"(0.005211, 0.005224]",0.0052175,20,2034.9342105263158,-0.0036875001737,4.128631570239282e-09,9.231900845106731e-10,-0.00368749977785,4.169705912625349e-09,9.323745866813077e-10,0.006562000141,0.0,0.0,1.4727598861,0.17671790009973268,0.03951532374640191,0.005214912476993053,4.131444189417366e-09,9.238190052783746e-10
117,120,"(0.005562, 0.005575]",0.0055685000000000005,20,2034.9342105263158,-0.00393750029625,4.171781481185578e-09,9.328386979205712e-10,-0.0039374998305,4.172119271054835e-09,9.329142300315481e-10,0.006562000141,0.0,0.0,1.282845800955,0.18884809918829695,0.04222771872066548,0.005568465991471341,4.171884289127642e-09,9.328616864752793e-10
119,122,"(0.005913, 0.005926]",0.005919499999999999,20,1932.8947368421052,-0.004187500337250001,4.1717814807204224e-09,9.328386978165592e-10,-0.0041874998715,4.172119270915133e-09,9.329142300003098e-10,0.006562000141,0.0,0.0,1.126647819725,0.20943049249109516,0.046830081777134804,0.005922019440047281,4.1718842888597395e-09,9.328616864153747e-10
121,124,"(0.006264, 0.006277]",0.0062705,20,1877.5657894736842,-0.0044375003782499995,4.171781480685894e-09,9.328386978088385e-10,-0.0044374999125,4.172119270915133e-09,9.329142300003098e-10,0.006562000141,0.0,0.0,1.0489535374,0.20283911980325328,0.045356206037629805,0.006275572888623232,4.171884288781231e-09,9.328616863978196e-10
123,126,"(0.006628, 0.006641]",0.0066345,20,1865.4605263157894,-0.00468750041925,4.171781481185578e-09,9.328386979205712e-10,-0.0046874999069,4.155386902171364e-09,9.291727586067438e-10,0.006562000141,0.0,0.0,1.07238218277,0.16070135404285396,0.03593391517160821,0.006629126304247998,4.185413050067727e-09,9.358868093866168e-10
125,128,"(0.006979, 0.006992]",0.0069855,20,1957.565789473684,-0.0049375004370000005,4.1415541833113434e-09,9.260796686382789e-10,-0.004937499854700001,4.120054293151861e-09,9.212721470477406e-10,0.006562000141,0.0,0.0,1.1714760749350002,0.1352530776570669,0.030243507580725956,0.006982679670481344,4.190059866725553e-09,9.369258691792046e-10
127,130,"(0.00733, 0.007343]",0.007336499999999999,20,1957.565789473684,-0.00518750043135,4.1243610067920416e-09,9.222351574936477e-10,-0.00518749984905,4.101366851641601e-09,9.170935080934915e-10,0.006562000141,0.0,0.0,1.2973334918,0.1390842432869504,0.03110018225887399,0.007336233053084247,4.171143635607325e-09,9.32696071313359e-10
129,132,"(0.007681, 0.007694]",0.0076875,20,1957.565789473684,-0.00543750044905,4.137699875449917e-09,9.252178191998427e-10,-0.0054374997737,4.132853214494619e-09,9.241340728638486e-10,0.006562000141,0.0,0.0,1.3612701636,0.09016692215572586,0.02016193672621349,0.007689786402912792,4.1722152850937165e-09,9.329356994233215e-10
131,134,"(0.008032, 0.008045]",0.0080385,20,1957.565789473684,-0.0056875004432,4.119578384352393e-09,9.211657306050707e-10,-0.00568749974485,4.13782662613275e-09,9.252461615141437e-10,0.006562000141,0.0,0.0,1.2494184500899999,0.1545056243859219,0.03454850790329706,0.008043339768969442,4.105549942323772e-09,9.180288756056295e-10
133,136,"(0.008396, 0.008409]",0.0084025,20,1957.565789473684,-0.0059375004609,4.08806182221793e-09,9.14118413070095e-10,-0.00593749971605,4.185378841813307e-09,9.358791601883894e-10,0.006562000141,0.0,0.0,1.054996000075,0.12591712146739337,0.028155924313218963,0.008396893151713807,4.079283332891108e-09,9.12155483182642e-10
135,138,"(0.008747, 0.00876]",0.0087535,20,1957.565789473684,-0.006187500478549999,4.100984393585244e-09,9.170079878722357e-10,-0.00618749973375,4.1717814811346985e-09,9.328386979091941e-10,0.006562000141,0.0,0.0,1.113253458565,0.11596027574637707,0.02592950592585193,0.00875044656730328,4.047358511070522e-09,9.050168760066022e-10
137,140,"(0.009097, 0.00911]",0.0091035,20,1957.565789473684,-0.0064375004497,4.0886688879762455e-09,9.142541571003357e-10,-0.00643749977475,4.171781480681104e-09,9.328386978077673e-10,0.006562000141,0.0,0.0,1.3208092143,0.16607267478029733,0.03713497900139598,0.00910399996648785,4.0573074513852255e-09,9.072415266913787e-10
139,142,"(0.009448, 0.009461]",0.009454500000000001,20,1957.565789473684,-0.0066875004441500005,4.1325409827876815e-09,9.240642557317044e-10,-0.0066874997689000005,4.155386901685751e-09,9.291727584981574e-10,0.006562000141,0.0,0.0,1.58889177295,0.16661516378586458,0.03725628323074544,0.009457553349020074,4.083240250159197e-09,9.130402767819211e-10
141,144,"(0.009799, 0.009812]",0.0098055,20,1957.565789473684,-0.006937500461899999,4.119628354801243e-09,9.211769043371201e-10,-0.006937499763300001,4.138034520894796e-09,9.252926481961538e-10,0.006562000141,0.0,0.0,1.8674519389,0.14389267158975882,0.03217537951387534,0.00981110674820464,4.105569346034159e-09,9.180332144071736e-10
143,146,"(0.01016, 0.01018]",0.01017,20,1957.565789473684,-0.007187500456350001,4.137637086479541e-09,9.252037791592428e-10,-0.007187499734449999,4.15222270819249e-09,9.28465223323668e-10,0.006562000141,0.0,0.0,2.1165905608999998,0.11319740563896526,0.025311709388534432,0.010164660114473405,4.158565550356609e-09,9.298835259486202e-10
145,148,"(0.01051, 0.01053]",0.01052,20,1957.565789473684,-0.007437500497349999,4.1376370865238345e-09,9.252037791691473e-10,-0.0074374996823,4.152703838394359e-09,9.285728073074088e-10,0.006562000141,0.0,0.0,2.31061091585,0.0832153396707431,0.01860751562745165,0.010518213497182415,4.158548310021116e-09,9.298796708924085e-10
147,150,"(0.01087, 0.01088]",0.010875,20,1957.565789473684,-0.007687500491800001,4.1550188496757775e-09,9.290904595668018e-10,-0.0076874996301499994,4.150985149675269e-09,9.281884968266041e-10,0.006562000141,0.0,0.0,2.4593928584499998,0.07294303502082855,0.01631055847917204,0.010871766846975597,4.189970514058379e-09,9.369058893154273e-10
149,152,"(0.01122, 0.01123]",0.011225,20,3017.0394736842104,-0.007937500719,4.081696499472459e-09,9.126950836343351e-10,-0.0079374997875,4.082176825705864e-09,9.128024878452622e-10,0.006562000141,0.0,0.0,2.57719970455,0.09956429257802331,0.02226325263361379,0.011225320509486752,4.082026731196648e-09,9.127689256926966e-10
151,154,"(0.01157, 0.01158]",0.011575,20,3044.4736842105253,-0.0081875004807,4.166266005458103e-09,9.316054000550828e-10,-0.00818749964245,4.204177152016687e-09,9.40082590136078e-10,0.006562000141,0.0,0.0,2.6728835794999997,0.14688232181092953,0.03284388562622384,0.011578873629010666,4.134654384864817e-09,9.245368268025307e-10
153,156,"(0.01563, 0.01565]",0.01564,20,2143.8815789473683,-0.011062500624,4.124820123779016e-09,9.223378191728976e-10,-0.011062499600000001,4.080976404799156e-09,9.125340655703611e-10,0.006562000141,0.0,0.0,4.0032448293,0.08641136080389146,0.019322167678576217,0.0156447376921448,4.147629889631065e-09,9.27438237872501e-10
155,158,"(0.01528, 0.0153]",0.01529,20,2237.565789473684,-0.010812500818999999,4.189943976330818e-09,9.368999552991478e-10,-0.010812499467000001,4.240754774066656e-09,9.482615950719806e-10,0.006562000141,0.0,0.0,3.8980925917500002,0.07666163308472519,0.01714206228435924,0.015291184345392245,4.0912560094662e-09,9.148326550520946e-10
157,160,"(0.01493, 0.01495]",0.01494,20,2339.6710526315787,-0.0105625005895,4.100668077959619e-09,9.169372575481114e-10,-0.010562499520000001,4.080976404799156e-09,9.125340655703611e-10,0.006562000141,0.0,0.0,3.79342253155,0.06933466779584062,0.015503703038886513,0.014937630829994542,4.165356161147124e-09,9.314019526822536e-10
159,162,"(0.01458, 0.0146]",0.014589999999999999,20,2450.197368421052,-0.010312500782,4.126151004399146e-09,9.226354131265524e-10,-0.0103124996195,4.266172295366689e-09,9.539451256166227e-10,0.006562000141,0.0,0.0,3.68926112925,0.06562742204946508,0.014674737689067246,0.014584077645876542,4.09117229552454e-09,9.148139360456728e-10
161,164,"(0.01422, 0.01423]",0.014225,20,2569.1447368421054,-0.010062500556,4.164887564262425e-09,9.312971712334306e-10,-0.01006249944,4.080976404799156e-09,9.125340655703611e-10,0.006562000141,0.0,0.0,3.5841449232,0.06825515920743704,0.015262317580289987,0.014230523968551406,4.210658410603553e-09,9.415318436140765e-10
163,166,"(0.01387, 0.01388]",0.013875,20,3003.881578947368,-0.0098125007935,4.0821768257328674e-09,9.128024878513004e-10,-0.0098124996758,4.165795376182731e-09,9.315001641498895e-10,0.006562000141,0.0,0.0,3.47350889815,0.07983066430325396,0.017850679207104172,0.013876970912631837,4.0346097765722366e-09,9.021661723100759e-10
165,168,"(0.01352, 0.01353]",0.013525,20,3168.618421052632,-0.0095625005663,4.2039602891208285e-09,9.400340981183841e-10,-0.0095624995418,4.166226003619564e-09,9.31596455372063e-10,0.006562000141,0.0,0.0,3.35289582275,0.10868190051582721,0.02430201174772591,0.013523417266631588,4.222082610972755e-09,9.440863724754879e-10
167,170,"(0.01317, 0.01318]",0.013175,20,3339.6710526315787,-0.009312500711500001,4.082176824866352e-09,9.128024876575417e-10,-0.0093124997337,4.148106836712657e-09,9.275448864821122e-10,0.006562000141,0.0,0.0,3.2276133354499996,0.14091029442939557,0.03150849970736384,0.01316986411440402,4.101462556756371e-09,9.171149084077334e-10
169,172,"(0.01281, 0.01283]",0.01282,20,3517.0394736842104,-0.0090625005774,4.239630351316898e-09,9.480101665015898e-10,-0.00906249955295,4.20436369163889e-09,9.40124301663652e-10,0.006562000141,0.0,0.0,3.10350825295,0.15888517162151236,0.03552780443624221,0.012816310501178211,4.262914021884364e-09,9.532165535170463e-10
171,174,"(0.01245, 0.01246]",0.012455,20,3700.723684210525,-0.0088125006295,4.082176825847443e-09,9.128024878769202e-10,-0.008812499698499999,4.082176824845963e-09,9.128024876529825e-10,0.006562000141,0.0,0.0,2.9751508907,0.1743317508771496,0.03898176455978651,0.012462757250344576,4.082176825348989e-09,9.128024877654625e-10
173,176,"(0.0121, 0.01211]",0.012105,20,3890.7236842105253,-0.00856250058875,4.273212176365806e-09,9.555192908633761e-10,-0.00856249965725,4.2732121756219826e-09,9.555192906970522e-10,0.006562000141,0.0,0.0,2.8405353252000003,0.16787003650437535,0.037536881300915446,0.01210920380176863,4.273212183628265e-09,9.555192924873114e-10
175,178,"(0.0268, 0.02681]",0.026805000000000002,20,2031.8421052631575,-0.018954710195499998,2.325204523784598e-06,5.199315376772388e-07,-0.018954710195499998,2.325204523784598e-06,5.199315376772388e-07,0.006562000303699999,2.731425504745886e-10,6.107653104088475e-11,5.0520032459,0.5096253402028071,0.11395569037499331,0.02680600822932768,3.2883357728290446e-06,7.35294232089005e-07
177,180,"(0.02658, 0.02659]",0.026584999999999998,10,840.2777777777777,-0.018802537957,3.312250370979686e-07,1.0474255353033488e-07,-0.01880253758,3.347587131042887e-07,1.0585999999964079e-07,0.006562000141,0.0,0.0,5.311134367999999,0.358566728458766,0.11338875550848172,0.02659080391924516,4.70921378412866e-07,1.4891841546507057e-07
179,182,"(0.02624, 0.02625]",0.026244999999999997,20,1549.144736842105,-0.018562501109000002,4.224573350881415e-09,9.446433188504914e-10,-0.018562499063,4.168165190285608e-09,9.320300706926964e-10,0.006562000141,0.0,0.0,5.4444625125999995,0.1878469601843581,0.04200385723389211,0.026251339373173293,4.2739668575033215e-09,9.556880426958583e-10
181,285,"(0.004328, 0.004341]",0.0043345,10,2777.777777777778,-0.0030616263394999997,6.373691844712744e-07,2.0155383333332494e-07,-0.0030616251284,6.34620011385963e-07,2.0068446847016332e-07,0.0065620001875,1.4704591129597285e-10,4.6500000031035604e-11,1.5983681240999998,0.14879923243830182,0.04705444885898438,0.004329792635863049,8.994321843508557e-07,2.8442543034091584e-07
183,1146,"(0.004185, 0.004198]",0.004191500000000001,5,0.0,-0.0029679018076,1.0420076758968121e-10,4.659999992763682e-11,-0.0029679018076,1.0420076758968121e-10,4.659999992763682e-11,0.006562000606,0.0,0.0,1.4591290049999999,0.17500803961946135,0.0782659746396184,0.004197246988099545,1.4736213872694525e-10,6.590235190064077e-11
184,1147,"(0.004263, 0.004276]",0.004269500000000001,5,0.0,-0.0030225942377999997,1.2707163351966274e-10,5.6828162112381344e-11,-0.0030225942377999997,1.2707163351966274e-10,5.6828162112381344e-11,0.006562000327,2.5469098940989126e-10,1.1390127311543917e-10,1.5118024582,0.14264562812301962,0.06379306423524551,0.004274593764647528,1.7970642775034872e-10,8.036715768868687e-11
185,1148,"(0.00438, 0.004393]",0.0043865,5,0.0,-0.0030997887256000002,1.0420076774120307e-10,4.6599999995399453e-11,-0.0030997887256000002,1.0420076774120307e-10,4.6599999995399453e-11,0.006562000327,2.5469098940989126e-10,1.1390127311543917e-10,1.5632657952,0.11359595923769442,0.050801657364955975,0.004383763256234732,1.4736213924009928e-10,6.590235213013023e-11
