,index,Bins,bin_centres,Counts,Bin Variance,x-coordinate_bin_mean,x-coordinate_std,x-coordinate_sem,y-coordinate_bin_mean,y-coordinate_std,y-coordinate_sem,z-coordinate_bin_mean,z-coordinate_std,z-coordinate_sem,velocity-magnitude_bin_mean,velocity-magnitude_std,velocity-magnitude_sem,radius_bin_mean,radius_std,radius_sem
1,1,"(0.02589, 0.0259]",0.025895,20,3752.3684210526317,-0.01831250079,4.2740157373107524e-09,9.556989725530726e-10,-0.018312498927499997,4.27516312470954e-09,9.559555361750942e-10,0.006562000141,0.0,0.0,7.576419639700001,0.1963375318330572,0.043902406771324474,0.025897785661200007,4.276309817610234e-09,9.56211944502621e-10
3,3,"(0.02554, 0.02555]",0.025544999999999998,20,3296.5131578947367,-0.01806250075,4.223611574447214e-09,9.444282591018884e-10,-0.018062498700499998,4.285841409458313e-09,9.5834327323323e-10,0.006562000141,0.0,0.0,7.674867464649999,0.21416654127987453,0.04788909448078142,0.025544232081809247,4.1501588040431506e-09,9.280037203259713e-10
5,5,"(0.02519, 0.0252]",0.025195000000000002,20,3296.5131578947367,-0.017812500892,4.026630561972758e-09,9.003819656849266e-10,-0.017812498938,4.0743983731590994e-09,9.110631729798301e-10,0.006562000141,0.0,0.0,7.7426286975,0.252827995780507,0.056534058518024365,0.02519067895956294,4.104698858770203e-09,9.178385675375982e-10
7,7,"(0.02484, 0.02485]",0.024845,20,3296.5131578947367,-0.0175625011325,4.275163123383688e-09,9.559555358786246e-10,-0.0175624991765,4.336840076520842e-09,9.697469218645991e-10,0.006562000141,0.0,0.0,7.7901133066499995,0.2920821388141359,0.06531155174019376,0.02483712590767386,4.367872487783422e-09,9.76685979973485e-10
9,9,"(0.02447, 0.02449]",0.024480000000000002,20,3296.5131578947367,-0.017312500624999998,4.271721580072964e-09,9.551859833995959e-10,-0.017312498765,4.271721581648881e-09,9.551859837519816e-10,0.006562000141,0.0,0.0,7.8092047803,0.326793512088464,0.07307325076357048,0.02448357186724946,4.271721581866585e-09,9.551859838006618e-10
11,11,"(0.02412, 0.02413]",0.024125,20,3296.5131578947367,-0.017062500678,4.103788492550408e-09,9.176350034624102e-10,-0.017062498813,4.102115115459448e-09,9.172608249696723e-10,0.006562000141,0.0,0.0,7.8046764838,0.3562236319165708,0.0796540256157316,0.02413001854807395,4.087560646357745e-09,9.140063467408895e-10
13,13,"(0.02377, 0.02378]",0.023774999999999998,20,3296.5131578947367,-0.016812500917,4.102115114810894e-09,9.172608248246513e-10,-0.0168124990545,4.10534116168244e-09,9.179821908349891e-10,0.006562000141,0.0,0.0,7.811104545800001,0.37313498458287214,0.0834355190310638,0.023776465497245495,4.085161393667421e-09,9.134698575298132e-10
15,15,"(0.02342, 0.02343]",0.023425,20,3296.5131578947367,-0.016562500969999998,4.2740157373107524e-09,9.556989725530726e-10,-0.016562499105,4.271721581171751e-09,9.55185983645292e-10,0.006562000141,0.0,0.0,7.841707743550001,0.35522170194330555,0.07942998726284003,0.0234229121798378,4.275162355809216e-09,9.559553642437549e-10
17,17,"(0.02307, 0.02308]",0.023075,20,3296.5131578947367,-0.016312500459999997,4.27401573858558e-09,9.556989728381327e-10,-0.016312498693000003,4.336399305821276e-09,9.696483625399271e-10,0.006562000141,0.0,0.0,7.87239508765,0.30164286749289704,0.06744939566420793,0.02306935813729207,4.368411173468846e-09,9.768064337545965e-10
19,19,"(0.02271, 0.02272]",0.022715,20,3436.315789473684,-0.016062500698999997,4.0259485975452606e-09,9.002294738031145e-10,-0.016062499025,3.939078839093406e-09,8.808048052943812e-10,0.006562000141,0.0,0.0,7.89932070545,0.24177224965533578,0.05406191853023809,0.022715805150456715,4.0732809782248076e-09,9.10813315876751e-10
21,21,"(0.02235, 0.02237]",0.022359999999999998,20,3481.5789473684213,-0.015812500937999997,4.170046824994904e-09,9.324508170045773e-10,-0.015812499262999997,4.226615045678383e-09,9.450998556860242e-10,0.006562000141,0.0,0.0,7.93419904145,0.20090821548078175,0.04492444270532036,0.02236225209715345,4.102214359685876e-09,9.172830166533391e-10
23,23,"(0.022, 0.02202]",0.022010000000000002,20,2469.1447368421054,-0.015562501083999999,4.164887563634051e-09,9.312971710929219e-10,-0.015562499316000001,4.124820123915671e-09,9.223378192034546e-10,0.006562000141,0.0,0.0,7.950820316149999,0.16787886263129673,0.037538854882892866,0.022008698847274404,4.18599419228127e-09,9.360167567360244e-10
25,25,"(0.02165, 0.02167]",0.02166,20,2377.5657894736837,-0.015312500858,4.126151003393575e-09,9.226354129016998e-10,-0.0153124992255,4.2318982610791795e-09,9.462812185636197e-10,0.006562000141,0.0,0.0,7.936364009,0.15127812681880434,0.03382681750756805,0.02165514523288186,4.120233296624487e-09,9.213121734410407e-10
27,27,"(0.02129, 0.0213]",0.021295,20,2294.407894736842,-0.015062501003,4.166370501118225e-09,9.316287659950213e-10,-0.015062499325000001,4.08277833715013e-09,9.129369898931245e-10,0.006562000141,0.0,0.0,7.895803745099999,0.16751433537161398,0.03745734410966263,0.021301592015176167,4.210227901771556e-09,9.414355789127507e-10
29,29,"(0.02094, 0.02095]",0.020945,20,2219.6710526315783,-0.014812500867,4.1663705017817385e-09,9.316287661433876e-10,-0.0148124993315,4.234049045094477e-09,9.467621484899324e-10,0.006562000141,0.0,0.0,7.82483017455,0.18693283550866918,0.04179945274241707,0.020948038533012598,4.180448391537168e-09,9.347766779906764e-10
31,31,"(0.02059, 0.0206]",0.020595000000000002,20,2153.355263157895,-0.014562501012,4.126151003711998e-09,9.226354129729014e-10,-0.0145624992915,4.148979931863352e-09,9.2774011649289e-10,0.006562000141,0.0,0.0,7.7190796241,0.19569640602504185,0.043759046682439295,0.02059448521666553,4.1683312874372865e-09,9.320672111448987e-10
33,33,"(0.02024, 0.02025]",0.020245,20,2095.4605263157896,-0.014312500785999998,4.164887563947498e-09,9.312971711630107e-10,-0.014312499436000001,4.229767195178885e-09,9.458046977418609e-10,0.006562000141,0.0,0.0,7.58545108445,0.20423114237474485,0.04566747174723673,0.02024093176844307,4.177996613703027e-09,9.342284438003898e-10
35,35,"(0.01988, 0.0199]",0.019889999999999998,20,2045.9868421052636,-0.0140625009785,4.148979931446436e-09,9.277401163996648e-10,-0.0140624993005,4.190136883966017e-09,9.36943090757716e-10,0.006562000141,0.0,0.0,7.43155584055,0.21386099281116872,0.04782077176613671,0.0198873784181549,4.1230742903702045e-09,9.219474389549484e-10
37,37,"(0.01952, 0.01953]",0.019525,20,2458.4210526315787,-0.013812500799,4.20296749832018e-09,9.398121033466155e-10,-0.0138124994455,4.190581513275122e-09,9.37042512893711e-10,0.006562000141,0.0,0.0,7.2664683316500005,0.2173410824167481,0.0485989434587233,0.019533825003166423,4.266622268782542e-09,9.540457427312142e-10
39,39,"(0.01917, 0.01918]",0.019174999999999998,20,1548.9473684210523,-0.01356250094,4.080976405460207e-09,9.125340657181767e-10,-0.0135624993125,4.227593411371994e-09,9.45318624905801e-10,0.006562000141,0.0,0.0,7.0981086847,0.21839716181232655,0.04883508999053833,0.019180271618230046,4.052171527193796e-09,9.060930991294465e-10
41,41,"(0.01882, 0.01883]",0.018825,20,1456.3157894736842,-0.013312500807499999,4.208673844439712e-09,9.41088081129257e-10,-0.013312499458499999,4.1489799316441e-09,9.277401164438639e-10,0.006562000141,0.0,0.0,6.93045301225,0.22119680109021536,0.04946110836432211,0.018826718237182672,4.29105825648956e-09,9.595097956922384e-10
43,43,"(0.01847, 0.01848]",0.018475,20,1372.1052631578946,-0.013062500859999998,4.080976405460207e-09,9.125340657181767e-10,-0.0130624994185,4.26618068434612e-09,9.539470014494496e-10,0.006562000141,0.0,0.0,6.765209329799999,0.22278832697047263,0.049816984369942655,0.0184731648554283,4.027320677622671e-09,9.005362802354808e-10
45,45,"(0.01812, 0.01813]",0.018125000000000002,20,1296.3157894736842,-0.01281250082,4.209394255989227e-09,9.41249170048906e-10,-0.012812499420000002,4.0809764056358224e-09,9.125340657574454e-10,0.006562000141,0.0,0.0,6.6031361009500005,0.22020472888731124,0.04923927427589395,0.018119611437611358,4.2778806927601814e-09,9.565632028645658e-10
47,47,"(0.01775, 0.01777]",0.017759999999999998,20,1228.9473684210525,-0.01256250078,4.080976405007412e-09,9.125340656169285e-10,-0.0125624995205,4.266827337446905e-09,9.540915974785714e-10,0.006562000141,0.0,0.0,6.44338735985,0.21320010202886122,0.04767299209464245,0.017766058089798115,4.025898032625418e-09,9.002181671433101e-10
49,49,"(0.0174, 0.01742]",0.017410000000000002,20,1170.0,-0.0123125009235,4.206348929207092e-09,9.405682142790507e-10,-0.01231249934,4.0809764056358224e-09,9.125340657574454e-10,0.006562000141,0.0,0.0,6.2851242014,0.20365700531322722,0.04553909079744119,0.017412504673041847,4.274807036908071e-09,9.558759125220898e-10
51,51,"(0.01705, 0.01706]",0.017055,20,1119.4736842105262,-0.012062500695,4.082778336851161e-09,9.129369898262729e-10,-0.0120624995325,4.229622199347613e-09,9.45772275688343e-10,0.006562000141,0.0,0.0,6.1300361069,0.1934788634408142,0.043263189086305935,0.017058951256992777,4.054167347926642e-09,9.065393782124012e-10
53,53,"(0.0167, 0.01671]",0.016704999999999998,20,1077.3684210526317,-0.011812500840999999,4.202967497586238e-09,9.398121031825012e-10,-0.0118124993995,4.188650674928262e-09,9.366107643139967e-10,0.006562000141,0.0,0.0,5.97878505845,0.18149005627517842,0.04058241030715612,0.01670539787559188,4.267971595614084e-09,9.543474613831334e-10
55,55,"(0.01635, 0.01636]",0.016355,20,1043.6842105263158,-0.011562500615,4.082778336851161e-09,9.129369898262729e-10,-0.011562499592,4.126151003644223e-09,9.226354129577465e-10,0.006562000141,0.0,0.0,5.8305372992999995,0.16771898097397497,0.03750310425748019,0.01635184446131053,4.059857461236912e-09,9.078117262285451e-10
57,57,"(0.01599, 0.016]",0.015995000000000002,20,1018.4210526315792,-0.011312500854,4.164887563856529e-09,9.312971711426696e-10,-0.0113124994565,4.206348929514149e-09,9.405682143477108e-10,0.006562000141,0.0,0.0,5.68628546375,0.1572491823729938,0.03516198611922758,0.015998291143902856,4.1367998510133715e-09,9.250165676176901e-10
59,59,"(0.02684, 0.02685]",0.026845,20,3425.5263157894733,-0.01898222044,0.0,0.0,-0.01898222044,0.0,0.0,0.006562000606,0.0,0.0,6.8795217714,0.5661400733258415,0.1265927688743297,0.02684491359020378,0.0,0.0
61,61,"(0.02703, 0.02705]",0.02704,20,3425.5263157894733,-0.0191221945,0.0,0.0,-0.0191221945,0.0,0.0,0.006562000606,0.0,0.0,6.76173855865,0.5889373389505749,0.131690392438132,0.027042866804236204,0.0,0.0
63,63,"(0.0272, 0.02722]",0.027209999999999998,20,3425.5263157894733,-0.01923896931,0.0,0.0,-0.01923896931,0.0,0.0,0.006562000141,0.0,0.0,6.5871777675,0.5787893074893872,0.12942122361962977,0.027208011324281745,0.0,0.0
65,65,"(0.02741, 0.02742]",0.027415000000000002,20,3425.5263157894733,-0.01938296854,0.0,0.0,-0.01938296854,0.0,0.0,0.006562000141,0.0,0.0,6.4110199006499995,0.5364282675896337,0.11994900713828681,0.027411656988319034,0.0,0.0
67,67,"(0.02761, 0.02762]",0.027615,20,3425.5263157894733,-0.01952696778,0.0,0.0,-0.01952696778,0.0,0.0,0.006562000141,0.0,0.0,6.2484639229,0.48110658719956273,0.10757870334011524,0.027615302666498455,0.0,0.0
69,69,"(0.02781, 0.02783]",0.02782,20,3425.5263157894733,-0.01967096888,0.0,0.0,-0.01967096888,0.0,0.0,0.006562000141,0.0,0.0,6.12095261575,0.4083172037162442,0.09130250238921517,0.02781895097511509,0.0,0.0
71,71,"(0.02802, 0.02803]",0.028025,20,3425.5263157894733,-0.01981496811,0.0,0.0,-0.01981496811,0.0,0.0,0.006562000141,0.0,0.0,6.04314533275,0.31134651076990033,0.06961919626388675,0.028022596639152374,0.0,0.0
73,73,"(0.02822, 0.02823]",0.028225,20,3425.5263157894733,-0.01995896734,0.0,0.0,-0.01995896734,0.0,0.0,0.006562000141,0.0,0.0,6.0168372208,0.23622967226108707,0.05282256054782871,0.02822624230318966,0.0,0.0
75,75,"(0.02842, 0.02844]",0.02843,20,3425.5263157894733,-0.02010296844,0.0,0.0,-0.02010296844,0.0,0.0,0.006562000141,0.0,0.0,6.0327180707000005,0.23868886590665242,0.053372452963960676,0.028429890611806303,0.0,0.0
77,77,"(0.02863, 0.02864]",0.028635,20,3425.5263157894733,-0.02024696954,0.0,0.0,-0.02024696954,0.0,0.0,0.006562000141,0.0,0.0,6.07618655975,0.2747488991478467,0.061435721523781926,0.028633538920422946,0.0,0.0
79,79,"(0.02883, 0.02884]",0.028835,20,3425.5263157894733,-0.02039096877,0.0,0.0,-0.02039096877,0.0,0.0,0.006562000141,0.0,0.0,6.1304877275,0.2913405112443463,0.06514571877419001,0.02883718458446023,0.0,0.0
81,81,"(0.02903, 0.02905]",0.02904,20,3425.5263157894733,-0.020534968,0.0,0.0,-0.020534968,0.0,0.0,0.006562000141,0.0,0.0,6.17769374205,0.29299958757620165,0.06551669951997897,0.02904083024849751,0.0,0.0
83,83,"(0.02924, 0.02926]",0.029249999999999998,20,3425.5263157894733,-0.0206789691,0.0,0.0,-0.0206789691,0.0,0.0,0.006562000141,0.0,0.0,6.19701120835,0.30800072859357375,0.06887105662546941,0.029244478557114158,0.0,0.0
85,85,"(0.02944, 0.02945]",0.029445,20,3425.5263157894733,-0.02082296833,0.0,0.0,-0.02082296833,0.0,0.0,0.006562000141,0.0,0.0,6.13732509045,0.3400580074876636,0.07603928210355483,0.02944812422115144,0.0,0.0
87,87,"(0.02962, 0.02963]",0.029625,20,3425.5263157894733,-0.02095155232,0.0,0.0,-0.02095155232,0.0,0.0,0.006562000141,0.0,0.0,5.90414493035,0.3675990311951298,0.0821976422215376,0.02962996944371348,0.0,0.0
89,89,"(0.02974, 0.02975]",0.029745,20,3425.5263157894733,-0.02102797665,0.0,0.0,-0.02102797665,0.0,0.0,0.006562000141,0.0,0.0,5.7568120926,0.3704436261026332,0.08283371297970032,0.029738049767694757,0.0,0.0
91,91,"(0.02984, 0.02985]",0.029845,20,3425.5263157894733,-0.02110337466,0.0,0.0,-0.02110337466,0.0,0.0,0.006562000606,0.0,0.0,5.22330329855,0.3588522666028309,0.08024180620038074,0.02984467865601271,0.0,0.0
93,93,"(0.02989, 0.02991]",0.0299,20,3425.5263157894733,-0.02114406601,0.0,0.0,-0.02114406601,0.0,0.0,0.006562000606,0.0,0.0,4.443505745,0.34102115263810817,0.07625464790641416,0.029902224915053975,0.0,0.0
95,95,"(0.02993, 0.02994]",0.029935,20,3425.5263157894733,-0.02117234282,0.0,0.0,-0.02117234282,0.0,0.0,0.006562000606,0.0,0.0,3.2809770702500005,0.32081039535119416,0.07173538518938526,0.02994221436325662,0.0,0.0
97,97,"(0.02996, 0.02997]",0.029965,20,3425.5263157894733,-0.02119199,0.0,0.0,-0.02119199,0.0,0.0,0.006562000141,0.0,0.0,1.8830973455,0.2221244792695121,0.04966854351133718,0.029969999671675008,0.0,0.0
99,99,"(0.02998, 0.03]",0.02999,40,3337.9487179487173,-0.02120822482,2.6182857226903616e-06,4.139873224400775e-07,-0.02120822482,2.6182857226903616e-06,4.139873224400775e-07,0.006562000141,0.0,0.0,0.4612897506925,0.24215286623714877,0.03828772996237387,0.02999295917430169,3.70281517919711e-06,5.854664860453698e-07
101,103,"(0.004016, 0.004029]",0.0040225,20,4455.263157894737,-0.00284156536215,4.377399825328416e-08,9.788163574130043e-09,-0.00284156536215,4.377399825328416e-08,9.788163574130043e-09,0.006562000350249999,2.3734427037670325e-10,5.3071792263239804e-11,1.46730554395,0.043131316608557395,0.009644455589580003,0.004018580273522146,6.190578200899562e-08,1.384255367723977e-08
103,106,"(0.004055, 0.004068]",0.004061499999999999,20,4455.263157894737,-0.0028683875339499997,5.07390935291038e-08,1.134560622477958e-08,-0.0028683875339499997,5.07390935291038e-08,1.134560622477958e-08,0.00656200018745,2.0808385843786422e-10,4.652896524875076e-11,1.4605388824,0.10279633754522695,0.02298595985891413,0.004056512552654007,7.175591421123967e-08,1.604511019639751e-08
105,108,"(0.004094, 0.004107]",0.0041005,20,4455.263157894737,-0.0028965136036,7.846968067891781e-08,1.7546354017076205e-08,-0.0028965136036,7.846968067891781e-08,1.7546354017076205e-08,0.00656200048975,2.0658167113366074e-10,4.6193065956037144e-11,1.44097757405,0.130956198055082,0.029282696092608907,0.004096288821809286,1.1097288665088211e-07,2.4814291821075136e-08
107,110,"(0.004146, 0.004159]",0.0041525,20,2018.6184210526317,-0.00293722805825,1.3654198544895134e-07,3.053171612466423e-08,-0.00293722805825,1.3654198544895134e-07,3.053171612466423e-08,0.00656200032695,2.783062447302213e-10,6.223116817794674e-11,1.41352403775,0.13633195189844147,0.03048475119501466,0.004153867755759941,1.930995276551737e-07,4.3178367026006895e-08
109,112,"(0.004315, 0.004328]",0.004321500000000001,5,0.0,-0.00305938255,0.0,0.0,-0.00305938255,0.0,0.0,0.00656200042,2.5469098940989126e-10,1.1390127311543917e-10,1.4187459516,0.0694055833049384,0.031039120457573354,0.004326620294697583,0.0,0.0
111,114,"(0.00451, 0.004523]",0.0045165,10,966.9444444444447,-0.0031927248459000003,2.9614950605040848e-06,9.36506967053107e-07,-0.0031927258012,2.958623606572756e-06,9.355989335911826e-07,0.0065620003735,2.450765189590105e-10,7.750000009359112e-11,1.4365063846,0.0528920311756254,0.016725928858760966,0.0045151954534969,4.186156053894733e-06,1.3237787771209933e-06
113,116,"(0.00486, 0.004873]",0.004866499999999999,20,2034.9342105263158,-0.003437500156,4.138025654186236e-09,9.25290665539846e-10,-0.0034374998184,4.144721048409076e-09,9.26787801201689e-10,0.006562000141,0.0,0.0,1.43297013395,0.10043711340166621,0.022458421302998077,0.004861359102557256,4.148711118651102e-09,9.27680008031306e-10
115,118,"(0.005211, 0.005224]",0.0052175,20,2034.9342105263158,-0.0036875001737,4.128631570239282e-09,9.231900845106731e-10,-0.00368749977785,4.169705912625349e-09,9.323745866813077e-10,0.006562000141,0.0,0.0,1.346980788,0.15936213440108526,0.03563445655602844,0.005214912476993053,4.131444189417366e-09,9.238190052783746e-10
117,120,"(0.005562, 0.005575]",0.0055685000000000005,20,2034.9342105263158,-0.00393750029625,4.171781481185578e-09,9.328386979205712e-10,-0.0039374998305,4.172119271054835e-09,9.329142300315481e-10,0.006562000141,0.0,0.0,1.240312941395,0.2050814985897142,0.04585761717741282,0.005568465991471341,4.171884289127642e-09,9.328616864752793e-10
119,122,"(0.005913, 0.005926]",0.005919499999999999,20,1932.8947368421052,-0.004187500337250001,4.1717814807204224e-09,9.328386978165592e-10,-0.0041874998715,4.172119270915133e-09,9.329142300003098e-10,0.006562000141,0.0,0.0,1.1300063013100001,0.23844356507291664,0.05331760203004362,0.005922019440047281,4.1718842888597395e-09,9.328616864153747e-10
121,124,"(0.006264, 0.006277]",0.0062705,20,1877.5657894736842,-0.0044375003782499995,4.171781480685894e-09,9.328386978088385e-10,-0.0044374999125,4.172119270915133e-09,9.329142300003098e-10,0.006562000141,0.0,0.0,1.046038637275,0.22965768879734993,0.05135302037063664,0.006275572888623232,4.171884288781231e-09,9.328616863978196e-10
123,126,"(0.006628, 0.006641]",0.0066345,20,1865.4605263157894,-0.00468750041925,4.171781481185578e-09,9.328386979205712e-10,-0.0046874999069,4.155386902171364e-09,9.291727586067438e-10,0.006562000141,0.0,0.0,1.02060584122,0.16379468512549045,0.03662560502937703,0.006629126304247998,4.185413050067727e-09,9.358868093866168e-10
125,128,"(0.006979, 0.006992]",0.0069855,20,1957.565789473684,-0.0049375004370000005,4.1415541833113434e-09,9.260796686382789e-10,-0.004937499854700001,4.120054293151861e-09,9.212721470477406e-10,0.006562000141,0.0,0.0,1.07037251236,0.11057130054199847,0.02472449443724679,0.006982679670481344,4.190059866725553e-09,9.369258691792046e-10
127,130,"(0.00733, 0.007343]",0.007336499999999999,20,1957.565789473684,-0.00518750043135,4.1243610067920416e-09,9.222351574936477e-10,-0.00518749984905,4.101366851641601e-09,9.170935080934915e-10,0.006562000141,0.0,0.0,1.18080763985,0.1359825420010498,0.030406620766756765,0.007336233053084247,4.171143635607325e-09,9.32696071313359e-10
129,132,"(0.007681, 0.007694]",0.0076875,20,1957.565789473684,-0.00543750044905,4.137699875449917e-09,9.252178191998427e-10,-0.0054374997737,4.132853214494619e-09,9.241340728638486e-10,0.006562000141,0.0,0.0,1.24144596875,0.10036003238544887,0.022441185463794405,0.007689786402912792,4.1722152850937165e-09,9.329356994233215e-10
131,134,"(0.008032, 0.008045]",0.0080385,20,1957.565789473684,-0.0056875004432,4.119578384352393e-09,9.211657306050707e-10,-0.00568749974485,4.13782662613275e-09,9.252461615141437e-10,0.006562000141,0.0,0.0,1.1699862087550001,0.14274558217547065,0.03191888252321347,0.008043339768969442,4.105549942323772e-09,9.180288756056295e-10
133,136,"(0.008396, 0.008409]",0.0084025,20,1957.565789473684,-0.0059375004609,4.08806182221793e-09,9.14118413070095e-10,-0.00593749971605,4.185378841813307e-09,9.358791601883894e-10,0.006562000141,0.0,0.0,1.240812017965,0.14574830937503933,0.03259031273682578,0.008396893151713807,4.079283332891108e-09,9.12155483182642e-10
135,138,"(0.008747, 0.00876]",0.0087535,20,1957.565789473684,-0.006187500478549999,4.100984393585244e-09,9.170079878722357e-10,-0.00618749973375,4.1717814811346985e-09,9.328386979091941e-10,0.006562000141,0.0,0.0,1.6922264336000001,0.22491836655233866,0.05029327569992442,0.00875044656730328,4.047358511070522e-09,9.050168760066022e-10
137,140,"(0.009097, 0.00911]",0.0091035,20,1957.565789473684,-0.0064375004497,4.0886688879762455e-09,9.142541571003357e-10,-0.00643749977475,4.171781480681104e-09,9.328386978077673e-10,0.006562000141,0.0,0.0,2.2567228901500003,0.25219623891641446,0.056392793388688064,0.00910399996648785,4.0573074513852255e-09,9.072415266913787e-10
139,142,"(0.009448, 0.009461]",0.009454500000000001,20,1957.565789473684,-0.0066875004441500005,4.1325409827876815e-09,9.240642557317044e-10,-0.0066874997689000005,4.155386901685751e-09,9.291727584981574e-10,0.006562000141,0.0,0.0,2.71825998415,0.2080850307640142,0.04652922738884707,0.009457553349020074,4.083240250159197e-09,9.130402767819211e-10
141,144,"(0.009799, 0.009812]",0.0098055,20,1957.565789473684,-0.006937500461899999,4.119628354801243e-09,9.211769043371201e-10,-0.006937499763300001,4.138034520894796e-09,9.252926481961538e-10,0.006562000141,0.0,0.0,3.03583855275,0.1680468059166916,0.03757640814314363,0.00981110674820464,4.105569346034159e-09,9.180332144071736e-10
143,146,"(0.01016, 0.01018]",0.01017,20,1957.565789473684,-0.007187500456350001,4.137637086479541e-09,9.252037791592428e-10,-0.007187499734449999,4.15222270819249e-09,9.28465223323668e-10,0.006562000141,0.0,0.0,3.23884874335,0.15072257395550895,0.033702592110825734,0.010164660114473405,4.158565550356609e-09,9.298835259486202e-10
145,148,"(0.01051, 0.01053]",0.01052,20,1957.565789473684,-0.007437500497349999,4.1376370865238345e-09,9.252037791691473e-10,-0.0074374996823,4.152703838394359e-09,9.285728073074088e-10,0.006562000141,0.0,0.0,3.4071007008,0.1722363000458256,0.03851320750955162,0.010518213497182415,4.158548310021116e-09,9.298796708924085e-10
147,150,"(0.01087, 0.01088]",0.010875,20,1957.565789473684,-0.007687500491800001,4.1550188496757775e-09,9.290904595668018e-10,-0.0076874996301499994,4.150985149675269e-09,9.281884968266041e-10,0.006562000141,0.0,0.0,3.55513908075,0.18439234297040433,0.04123138134122795,0.010871766846975597,4.189970514058379e-09,9.369058893154273e-10
149,152,"(0.01122, 0.01123]",0.011225,20,3017.0394736842104,-0.007937500719,4.081696499472459e-09,9.126950836343351e-10,-0.0079374997875,4.082176825705864e-09,9.128024878452622e-10,0.006562000141,0.0,0.0,3.7137528399499997,0.185900340826047,0.04156857991274205,0.011225320509486752,4.082026731196648e-09,9.127689256926966e-10
151,154,"(0.01157, 0.01158]",0.011575,20,3044.4736842105253,-0.0081875004807,4.166266005458103e-09,9.316054000550828e-10,-0.00818749964245,4.204177152016687e-09,9.40082590136078e-10,0.006562000141,0.0,0.0,3.8920479365,0.17227549723711671,0.03852197226797702,0.011578873629010666,4.134654384864817e-09,9.245368268025307e-10
153,156,"(0.01563, 0.01565]",0.01564,20,2143.8815789473683,-0.011062500624,4.124820123779016e-09,9.223378191728976e-10,-0.011062499600000001,4.080976404799156e-09,9.125340655703611e-10,0.006562000141,0.0,0.0,5.54623001335,0.1531298492240208,0.03424087522492039,0.0156447376921448,4.147629889631065e-09,9.27438237872501e-10
155,158,"(0.01528, 0.0153]",0.01529,20,2237.565789473684,-0.010812500818999999,4.189943976330818e-09,9.368999552991478e-10,-0.010812499467000001,4.240754774066656e-09,9.482615950719806e-10,0.006562000141,0.0,0.0,5.40844992405,0.15435772957809274,0.03451543761891453,0.015291184345392245,4.0912560094662e-09,9.148326550520946e-10
157,160,"(0.01493, 0.01495]",0.01494,20,2339.6710526315787,-0.0105625005895,4.100668077959619e-09,9.169372575481114e-10,-0.010562499520000001,4.080976404799156e-09,9.125340655703611e-10,0.006562000141,0.0,0.0,5.2716055828499995,0.1577460331231791,0.035273085324436196,0.014937630829994542,4.165356161147124e-09,9.314019526822536e-10
159,162,"(0.01458, 0.0146]",0.014589999999999999,20,2450.197368421052,-0.010312500782,4.126151004399146e-09,9.226354131265524e-10,-0.0103124996195,4.266172295366689e-09,9.539451256166227e-10,0.006562000141,0.0,0.0,5.134854992999999,0.15998690653206188,0.035774159851559545,0.014584077645876542,4.09117229552454e-09,9.148139360456728e-10
161,164,"(0.01422, 0.01423]",0.014225,20,2569.1447368421054,-0.010062500556,4.164887564262425e-09,9.312971712334306e-10,-0.01006249944,4.080976404799156e-09,9.125340655703611e-10,0.006562000141,0.0,0.0,4.9973516791999995,0.1597855636793556,0.035729138221016046,0.014230523968551406,4.210658410603553e-09,9.415318436140765e-10
163,166,"(0.01387, 0.01388]",0.013875,20,3003.881578947368,-0.0098125007935,4.0821768257328674e-09,9.128024878513004e-10,-0.0098124996758,4.165795376182731e-09,9.315001641498895e-10,0.006562000141,0.0,0.0,4.85888754395,0.15731204551905137,0.035176042746014005,0.013876970912631837,4.0346097765722366e-09,9.021661723100759e-10
165,168,"(0.01352, 0.01353]",0.013525,20,3168.618421052632,-0.0095625005663,4.2039602891208285e-09,9.400340981183841e-10,-0.0095624995418,4.166226003619564e-09,9.31596455372063e-10,0.006562000141,0.0,0.0,4.7202346212,0.1536728923514185,0.03436230335967793,0.013523417266631588,4.222082610972755e-09,9.440863724754879e-10
167,170,"(0.01317, 0.01318]",0.013175,20,3339.6710526315787,-0.009312500711500001,4.082176824866352e-09,9.128024876575417e-10,-0.0093124997337,4.148106836712657e-09,9.275448864821122e-10,0.006562000141,0.0,0.0,4.582122185899999,0.15103210892616026,0.033771806234404705,0.01316986411440402,4.101462556756371e-09,9.171149084077334e-10
169,172,"(0.01281, 0.01283]",0.01282,20,3517.0394736842104,-0.0090625005774,4.239630351316898e-09,9.480101665015898e-10,-0.00906249955295,4.20436369163889e-09,9.40124301663652e-10,0.006562000141,0.0,0.0,4.44236831405,0.15026667728148216,0.03360065051544174,0.012816310501178211,4.262914021884364e-09,9.532165535170463e-10
171,174,"(0.01245, 0.01246]",0.012455,20,3700.723684210525,-0.0088125006295,4.082176825847443e-09,9.128024878769202e-10,-0.008812499698499999,4.082176824845963e-09,9.128024876529825e-10,0.006562000141,0.0,0.0,4.29347183845,0.1542342423556139,0.03448782503653299,0.012462757250344576,4.082176825348989e-09,9.128024877654625e-10
173,176,"(0.0121, 0.01211]",0.012105,20,3890.7236842105253,-0.00856250058875,4.273212176365806e-09,9.555192908633761e-10,-0.00856249965725,4.2732121756219826e-09,9.555192906970522e-10,0.006562000141,0.0,0.0,4.1422236703,0.16433775586801144,0.036747039339063856,0.01210920380176863,4.273212183628265e-09,9.555192924873114e-10
175,178,"(0.0268, 0.02681]",0.026805000000000002,20,2031.8421052631575,-0.018954710195499998,2.325204523784598e-06,5.199315376772388e-07,-0.018954710195499998,2.325204523784598e-06,5.199315376772388e-07,0.006562000303699999,2.731425504745886e-10,6.107653104088475e-11,6.967663233800001,0.5542484811311834,0.12393372802353356,0.02680600822932768,3.2883357728290446e-06,7.35294232089005e-07
177,180,"(0.02658, 0.02659]",0.026584999999999998,10,840.2777777777777,-0.018802537957,3.312250370979686e-07,1.0474255353033488e-07,-0.01880253758,3.347587131042887e-07,1.0585999999964079e-07,0.006562000141,0.0,0.0,7.1687728388,0.5255799992308315,0.16620298901989725,0.02659080391924516,4.70921378412866e-07,1.4891841546507057e-07
179,182,"(0.02624, 0.02625]",0.026244999999999997,20,1549.144736842105,-0.018562501109000002,4.224573350881415e-09,9.446433188504914e-10,-0.018562499063,4.168165190285608e-09,9.320300706926964e-10,0.006562000141,0.0,0.0,7.40795162215,0.2982638497883724,0.06669382433575868,0.026251339373173293,4.2739668575033215e-09,9.556880426958583e-10
181,285,"(0.004328, 0.004341]",0.0043345,10,2777.777777777778,-0.0030616263394999997,6.373691844712744e-07,2.0155383333332494e-07,-0.0030616251284,6.34620011385963e-07,2.0068446847016332e-07,0.0065620001875,1.4704591129597285e-10,4.6500000031035604e-11,1.3860410063,0.126681166050086,0.04006010213642679,0.004329792635863049,8.994321843508557e-07,2.8442543034091584e-07
183,1146,"(0.004185, 0.004198]",0.004191500000000001,5,0.0,-0.0029679018076,1.0420076758968121e-10,4.659999992763682e-11,-0.0029679018076,1.0420076758968121e-10,4.659999992763682e-11,0.006562000606,0.0,0.0,1.407093654,0.11589109812630125,0.051828074679501616,0.004197246988099545,1.4736213872694525e-10,6.590235190064077e-11
184,1147,"(0.004263, 0.004276]",0.004269500000000001,5,0.0,-0.0030225942377999997,1.2707163351966274e-10,5.6828162112381344e-11,-0.0030225942377999997,1.2707163351966274e-10,5.6828162112381344e-11,0.006562000327,2.5469098940989126e-10,1.1390127311543917e-10,1.4117583286,0.10166080689632684,0.045464094973533244,0.004274593764647528,1.7970642775034872e-10,8.036715768868687e-11
185,1148,"(0.00438, 0.004393]",0.0043865,5,0.0,-0.0030997887256000002,1.0420076774120307e-10,4.6599999995399453e-11,-0.0030997887256000002,1.0420076774120307e-10,4.6599999995399453e-11,0.006562000327,2.5469098940989126e-10,1.1390127311543917e-10,1.4276333072,0.0778354733849964,0.03480908190994552,0.004383763256234732,1.4736213924009928e-10,6.590235213013023e-11
