cellnumber     x-coordinate     y-coordinate     z-coordinate velocity-magnitude 
         1  2.500000037E-02 -3.057143651E-02  6.562000141E-03  5.850671520E+00 
         2  2.500000037E-02 -3.046895750E-02  6.562000141E-03  6.486801751E+00 
         3  2.500000037E-02 -3.033304401E-02  6.562000141E-03  6.796251108E+00 
         4  2.500000224E-02 -3.018904291E-02  6.561999675E-03  6.895272003E+00 
         5  2.500000037E-02 -3.004504368E-02  6.562000141E-03  6.960802584E+00 
         6  2.500000037E-02 -2.990104258E-02  6.561999675E-03  6.995338965E+00 
         7  2.500000037E-02 -2.975704335E-02  6.561999675E-03  7.016345305E+00 
         8  2.500000224E-02 -2.961304411E-02  6.561999675E-03  7.028241752E+00 
         9  2.500000037E-02 -2.946904302E-02  6.562000141E-03  6.986185439E+00 
        10  2.500000037E-02 -2.932504378E-02  6.561999675E-03  6.777996830E+00 
        11  2.500000224E-02 -2.918104269E-02  6.561999675E-03  6.355425372E+00 
        12  2.500000224E-02 -2.903704345E-02  6.562000141E-03  5.737553694E+00 
        13  2.500000224E-02 -2.889304422E-02  6.562000141E-03  5.040414946E+00 
        14  2.500000037E-02 -2.874904312E-02  6.562000141E-03  4.322151159E+00 
        15  2.500000224E-02 -2.860504389E-02  6.561999675E-03  3.610151774E+00 
        16  2.500000224E-02 -2.846104465E-02  6.562000141E-03  2.933946077E+00 
        17  2.500000037E-02 -2.831704356E-02  6.562000141E-03  2.321134009E+00 
        18  2.500000224E-02 -2.817304246E-02  6.561999675E-03  1.790654419E+00 
        19  2.500000037E-02 -2.802904323E-02  6.562000141E-03  1.361707463E+00 
        20  2.500000224E-02 -2.788504399E-02  6.561999675E-03  1.066236216E+00 
        21  2.500000037E-02 -2.774104290E-02  6.562000141E-03  9.484780933E-01 
        22  2.500000037E-02 -2.759704366E-02  6.561999675E-03  1.015324989E+00 
        23  2.500000037E-02 -2.745304257E-02  6.561999675E-03  1.191790116E+00 
        24  2.500000224E-02 -2.730904333E-02  6.561999675E-03  1.390062357E+00 
        25  2.500000224E-02 -2.716504410E-02  6.562000141E-03  1.556208128E+00 
        26  2.500000224E-02 -2.702104487E-02  6.562000141E-03  1.665271070E+00 
        27  2.500000224E-02 -2.687704377E-02  6.562000141E-03  1.717215010E+00 
        28  2.500000224E-02 -2.673304453E-02  6.562000141E-03  1.723288155E+00 
        29  2.500000224E-02 -2.658904344E-02  6.562000141E-03  1.696599016E+00 
        30  2.500000224E-02 -2.644504420E-02  6.562000141E-03  1.646211506E+00 
        31  2.500000224E-02 -2.630104497E-02  6.562000141E-03  1.581687828E+00 
        32  2.500000224E-02 -2.615704387E-02  6.562000141E-03  1.514047614E+00 
        33  2.500000224E-02 -2.601304464E-02  6.562000141E-03  1.453906999E+00 
        34  2.500000224E-02 -2.586904354E-02  6.562000141E-03  1.409718868E+00 
        35  2.500000224E-02 -2.572504431E-02  6.562000141E-03  1.385637065E+00 
        36  2.500000224E-02 -2.558104321E-02  6.562000141E-03  1.379318435E+00 
        37  2.500000224E-02 -2.543704398E-02  6.562000141E-03  1.378999122E+00 
        38  2.500000224E-02 -2.529304475E-02  6.562000141E-03  1.365632225E+00 
        39  2.500000037E-02 -2.515085414E-02  6.562000141E-03  1.296859035E+00 
        40  2.500000037E-02 -2.501806431E-02  6.562000141E-03  1.135423615E+00 
        41  2.500000037E-02 -2.492471784E-02  6.562000141E-03  9.773017098E-01 
        42  2.500000037E-02 -2.487709187E-02  6.562000141E-03  8.034937238E-01 
        43  2.500000037E-02 -2.484604903E-02  6.562000141E-03  6.783943611E-01 
        44  2.500000037E-02 -2.482001111E-02  6.561999675E-03  5.716038225E-01 
        45  2.500000037E-02 -2.479819022E-02  6.562000141E-03  4.732785499E-01 
        46  2.500000037E-02 -2.477990836E-02  6.562000141E-03  3.756668614E-01 
        47  2.500000037E-02 -2.476578765E-02  6.562000606E-03  2.808589615E-01 
