cellnumber     x-coordinate     y-coordinate     z-coordinate velocity-magnitude 
         1  2.500000037E-02 -3.057143651E-02  6.562000141E-03  4.995959422E+00 
         2  2.500000037E-02 -3.046895750E-02  6.562000141E-03  5.343962075E+00 
         3  2.500000037E-02 -3.033304401E-02  6.562000141E-03  5.482772716E+00 
         4  2.500000224E-02 -3.018904291E-02  6.561999675E-03  5.515567731E+00 
         5  2.500000037E-02 -3.004504368E-02  6.562000141E-03  5.529007721E+00 
         6  2.500000037E-02 -2.990104258E-02  6.561999675E-03  5.528740154E+00 
         7  2.500000037E-02 -2.975704335E-02  6.561999675E-03  5.517828305E+00 
         8  2.500000224E-02 -2.961304411E-02  6.561999675E-03  5.497580855E+00 
         9  2.500000037E-02 -2.946904302E-02  6.562000141E-03  5.475946441E+00 
        10  2.500000037E-02 -2.932504378E-02  6.561999675E-03  5.449395855E+00 
        11  2.500000224E-02 -2.918104269E-02  6.561999675E-03  5.389353131E+00 
        12  2.500000224E-02 -2.903704345E-02  6.562000141E-03  5.250349688E+00 
        13  2.500000224E-02 -2.889304422E-02  6.562000141E-03  5.004499304E+00 
        14  2.500000037E-02 -2.874904312E-02  6.562000141E-03  4.656796188E+00 
        15  2.500000224E-02 -2.860504389E-02  6.561999675E-03  4.241816344E+00 
        16  2.500000224E-02 -2.846104465E-02  6.562000141E-03  3.796110386E+00 
        17  2.500000037E-02 -2.831704356E-02  6.562000141E-03  3.338921181E+00 
        18  2.500000224E-02 -2.817304246E-02  6.561999675E-03  2.876312035E+00 
        19  2.500000037E-02 -2.802904323E-02  6.562000141E-03  2.421569017E+00 
        20  2.500000224E-02 -2.788504399E-02  6.561999675E-03  2.001742023E+00 
        21  2.500000037E-02 -2.774104290E-02  6.562000141E-03  1.649290956E+00 
        22  2.500000037E-02 -2.759704366E-02  6.561999675E-03  1.393899915E+00 
        23  2.500000037E-02 -2.745304257E-02  6.561999675E-03  1.246885636E+00 
        24  2.500000224E-02 -2.730904333E-02  6.561999675E-03  1.182756001E+00 
        25  2.500000224E-02 -2.716504410E-02  6.562000141E-03  1.156468499E+00 
        26  2.500000224E-02 -2.702104487E-02  6.562000141E-03  1.134393598E+00 
        27  2.500000224E-02 -2.687704377E-02  6.562000141E-03  1.100473799E+00 
        28  2.500000224E-02 -2.673304453E-02  6.562000141E-03  1.048719949E+00 
        29  2.500000224E-02 -2.658904344E-02  6.562000141E-03  9.847972993E-01 
        30  2.500000224E-02 -2.644504420E-02  6.562000141E-03  9.255657898E-01 
        31  2.500000224E-02 -2.630104497E-02  6.562000141E-03  8.923179322E-01 
        32  2.500000224E-02 -2.615704387E-02  6.562000141E-03  8.988775706E-01 
        33  2.500000224E-02 -2.601304464E-02  6.562000141E-03  9.406718601E-01 
        34  2.500000224E-02 -2.586904354E-02  6.562000141E-03  1.001508232E+00 
        35  2.500000224E-02 -2.572504431E-02  6.562000141E-03  1.067549602E+00 
        36  2.500000224E-02 -2.558104321E-02  6.562000141E-03  1.130288003E+00 
        37  2.500000224E-02 -2.543704398E-02  6.562000141E-03  1.183643781E+00 
        38  2.500000224E-02 -2.529304475E-02  6.562000141E-03  1.211306074E+00 
        39  2.500000037E-02 -2.515085414E-02  6.562000141E-03  1.182091215E+00 
        40  2.500000037E-02 -2.501806431E-02  6.562000141E-03  1.167538110E+00 
        41  2.500000037E-02 -2.492471784E-02  6.562000141E-03  9.319150062E-01 
        42  2.500000037E-02 -2.487709187E-02  6.562000141E-03  7.703715830E-01 
        43  2.500000037E-02 -2.484604903E-02  6.562000141E-03  6.458724770E-01 
        44  2.500000037E-02 -2.482001111E-02  6.561999675E-03  5.355313322E-01 
        45  2.500000037E-02 -2.479819022E-02  6.562000141E-03  4.557487502E-01 
        46  2.500000037E-02 -2.477990836E-02  6.562000141E-03  4.017302189E-01 
        47  2.500000037E-02 -2.476578765E-02  6.562000606E-03  3.529028110E-01 
