cellnumber     x-coordinate     y-coordinate     z-coordinate velocity-magnitude 
         1  2.500000037E-02 -3.057143651E-02  6.562000141E-03  4.955495092E+00 
         2  2.500000037E-02 -3.046895750E-02  6.562000141E-03  5.934798265E+00 
         3  2.500000037E-02 -3.033304401E-02  6.562000141E-03  6.449660178E+00 
         4  2.500000224E-02 -3.018904291E-02  6.561999675E-03  6.581115707E+00 
         5  2.500000037E-02 -3.004504368E-02  6.562000141E-03  6.632207772E+00 
         6  2.500000037E-02 -2.990104258E-02  6.561999675E-03  6.661409951E+00 
         7  2.500000037E-02 -2.975704335E-02  6.561999675E-03  6.698176020E+00 
         8  2.500000224E-02 -2.961304411E-02  6.561999675E-03  6.752014355E+00 
         9  2.500000037E-02 -2.946904302E-02  6.562000141E-03  6.825595389E+00 
        10  2.500000037E-02 -2.932504378E-02  6.561999675E-03  6.905618087E+00 
        11  2.500000224E-02 -2.918104269E-02  6.561999675E-03  6.946915657E+00 
        12  2.500000224E-02 -2.903704345E-02  6.562000141E-03  6.876691338E+00 
        13  2.500000224E-02 -2.889304422E-02  6.562000141E-03  6.600680421E+00 
        14  2.500000037E-02 -2.874904312E-02  6.562000141E-03  6.106463710E+00 
        15  2.500000224E-02 -2.860504389E-02  6.561999675E-03  5.516016662E+00 
        16  2.500000224E-02 -2.846104465E-02  6.562000141E-03  4.914748186E+00 
        17  2.500000037E-02 -2.831704356E-02  6.562000141E-03  4.327604250E+00 
        18  2.500000224E-02 -2.817304246E-02  6.561999675E-03  3.758490337E+00 
        19  2.500000037E-02 -2.802904323E-02  6.562000141E-03  3.202052191E+00 
        20  2.500000224E-02 -2.788504399E-02  6.561999675E-03  2.656000056E+00 
        21  2.500000037E-02 -2.774104290E-02  6.562000141E-03  2.133180827E+00 
        22  2.500000037E-02 -2.759704366E-02  6.561999675E-03  1.678077739E+00 
        23  2.500000037E-02 -2.745304257E-02  6.561999675E-03  1.389681952E+00 
        24  2.500000224E-02 -2.730904333E-02  6.561999675E-03  1.384619985E+00 
        25  2.500000224E-02 -2.716504410E-02  6.562000141E-03  1.633116068E+00 
        26  2.500000224E-02 -2.702104487E-02  6.562000141E-03  1.969324578E+00 
        27  2.500000224E-02 -2.687704377E-02  6.562000141E-03  2.251200526E+00 
        28  2.500000224E-02 -2.673304453E-02  6.562000141E-03  2.408311561E+00 
        29  2.500000224E-02 -2.658904344E-02  6.562000141E-03  2.449431362E+00 
        30  2.500000224E-02 -2.644504420E-02  6.562000141E-03  2.424851805E+00 
        31  2.500000224E-02 -2.630104497E-02  6.562000141E-03  2.362548398E+00 
        32  2.500000224E-02 -2.615704387E-02  6.562000141E-03  2.273686613E+00 
        33  2.500000224E-02 -2.601304464E-02  6.562000141E-03  2.156089604E+00 
        34  2.500000224E-02 -2.586904354E-02  6.562000141E-03  2.000740938E+00 
        35  2.500000224E-02 -2.572504431E-02  6.562000141E-03  1.818752576E+00 
        36  2.500000224E-02 -2.558104321E-02  6.562000141E-03  1.646021474E+00 
        37  2.500000224E-02 -2.543704398E-02  6.562000141E-03  1.512123162E+00 
        38  2.500000224E-02 -2.529304475E-02  6.562000141E-03  1.419285283E+00 
        39  2.500000037E-02 -2.515085414E-02  6.562000141E-03  1.352448448E+00 
        40  2.500000037E-02 -2.501806431E-02  6.562000141E-03  1.282699204E+00 
        41  2.500000037E-02 -2.492471784E-02  6.562000141E-03  1.251428219E+00 
        42  2.500000037E-02 -2.487709187E-02  6.562000141E-03  1.230296346E+00 
        43  2.500000037E-02 -2.484604903E-02  6.562000141E-03  1.155584322E+00 
        44  2.500000037E-02 -2.482001111E-02  6.561999675E-03  1.036143895E+00 
        45  2.500000037E-02 -2.479819022E-02  6.562000141E-03  8.883872013E-01 
        46  2.500000037E-02 -2.477990836E-02  6.562000141E-03  7.291888724E-01 
        47  2.500000037E-02 -2.476578765E-02  6.562000606E-03  5.714539374E-01 
