cellnumber     x-coordinate     y-coordinate     z-coordinate velocity-magnitude 
         1  2.999999933E-02 -2.401195839E-02  6.562000606E-03  3.375265511E-01 
         2  2.999999933E-02 -2.404091880E-02  6.562000141E-03  3.084787429E-01 
         3  2.999999933E-02 -2.412424795E-02  6.562000141E-03  3.436368576E-01 
         4  2.999999933E-02 -2.420346625E-02  6.562000141E-03  4.620306102E-01 
         5  2.999999933E-02 -2.429169975E-02  6.562000141E-03  5.827249725E-01 
         6  2.999999933E-02 -2.442904375E-02  6.562000141E-03  8.075413055E-01 
         7  2.999999933E-02 -2.457304299E-02  6.562000141E-03  9.223873747E-01 
         8  2.999999933E-02 -2.471704409E-02  6.562000141E-03  9.432475819E-01 
         9  2.999999933E-02 -2.903704345E-02  6.562000141E-03  2.684517250E+00 
        10  2.999999933E-02 -2.889304422E-02  6.562000141E-03  3.041034204E+00 
        11  2.999999933E-02 -2.874904312E-02  6.562000141E-03  3.218559597E+00 
        12  2.999999933E-02 -2.860504389E-02  6.562000141E-03  3.258397614E+00 
        13  2.999999933E-02 -2.846104279E-02  6.562000141E-03  3.212746164E+00 
        14  2.999999933E-02 -2.831704356E-02  6.562000141E-03  2.874779524E+00 
        15  2.999999933E-02 -2.817304246E-02  6.562000141E-03  2.518994557E+00 
        16  2.999999933E-02 -2.802904323E-02  6.562000141E-03  2.285825671E+00 
        17  2.999999933E-02 -2.788504399E-02  6.562000141E-03  2.288132263E+00 
        18  2.999999933E-02 -2.774104290E-02  6.562000141E-03  2.495632152E+00 
        19  2.999999933E-02 -2.759704366E-02  6.562000141E-03  2.774809327E+00 
        20  2.999999933E-02 -2.745304257E-02  6.562000141E-03  2.802739399E+00 
        21  2.999999933E-02 -2.730904333E-02  6.562000141E-03  2.570058607E+00 
        22  2.999999933E-02 -2.716504410E-02  6.562000141E-03  2.321507535E+00 
        23  2.999999933E-02 -2.702104300E-02  6.562000141E-03  2.210224622E+00 
        24  2.999999933E-02 -2.687704377E-02  6.562000141E-03  2.117970057E+00 
        25  2.999999933E-02 -2.673304267E-02  6.562000141E-03  2.044433024E+00 
        26  2.999999933E-02 -2.658904344E-02  6.562000141E-03  2.005716459E+00 
        27  2.999999933E-02 -2.644504420E-02  6.562000141E-03  1.878221963E+00 
        28  2.999999933E-02 -2.630104311E-02  6.562000141E-03  1.632937058E+00 
        29  2.999999933E-02 -2.615704387E-02  6.562000141E-03  1.290228898E+00 
        30  2.999999933E-02 -2.601304278E-02  6.562000141E-03  1.206022981E+00 
        31  2.999999933E-02 -2.586904354E-02  6.562000141E-03  1.382956167E+00 
        32  2.999999933E-02 -2.572504245E-02  6.562000141E-03  1.448967817E+00 
        33  2.999999933E-02 -2.558104321E-02  6.562000141E-03  1.279361904E+00 
        34  2.999999933E-02 -2.543704398E-02  6.562000141E-03  1.183355298E+00 
        35  2.999999933E-02 -2.529304288E-02  6.562000141E-03  1.372863211E+00 
        36  2.999999933E-02 -2.514904365E-02  6.562000141E-03  1.517864029E+00 
        37  2.999999933E-02 -2.500504255E-02  6.562000141E-03  1.459133798E+00 
        38  2.999999933E-02 -2.486104332E-02  6.562000141E-03  1.260835282E+00 
        39  2.999999933E-02 -2.918104269E-02  6.562000141E-03  2.283898704E+00 
        40  2.999999933E-02 -2.932504378E-02  6.562000141E-03  1.684288204E+00 
        41  2.999999933E-02 -2.946904302E-02  6.562000141E-03  1.350179830E+00 
        42  2.999999933E-02 -2.961304411E-02  6.562000141E-03  1.047540820E+00 
        43  2.999999933E-02 -2.975704335E-02  6.562000141E-03  1.099008230E+00 
        44  2.999999933E-02 -2.990104258E-02  6.562000141E-03  1.127558375E+00 
        45  2.999999933E-02 -3.004504368E-02  6.562000141E-03  9.836655587E-01 
        46  2.999999933E-02 -3.018904291E-02  6.562000141E-03  7.592347533E-01 
        47  2.999999933E-02 -3.033304401E-02  6.562000141E-03  6.286192489E-01 
        48  2.999999933E-02 -3.047704324E-02  6.562000141E-03  8.674498968E-01 
        49  2.999999933E-02 -3.062104248E-02  6.562000141E-03  9.115461834E-01 
        50  2.999999933E-02 -3.076504357E-02  6.562000141E-03  8.205299764E-01 
        51  2.999999933E-02 -3.090904281E-02  6.562000141E-03  6.231391664E-01 
        52  2.999999933E-02 -3.105304390E-02  6.562000141E-03  5.118604129E-01 
        53  2.999999933E-02 -3.119704314E-02  6.562000141E-03  5.935209188E-01 
        54  2.999999933E-02 -3.133584931E-02  6.562000141E-03  8.205836870E-01 
        55  2.999999933E-02 -3.145632520E-02  6.562000141E-03  1.179600529E+00 
