cellnumber     x-coordinate     y-coordinate     z-coordinate velocity-magnitude 
         1  2.999999933E-02 -3.018904291E-02  6.562000141E-03  5.236510077E-01 
         2  2.999999933E-02 -3.004504368E-02  6.562000141E-03  5.238260730E-01 
         3  2.999999933E-02 -2.990104258E-02  6.562000141E-03  7.161946722E-01 
         4  2.999999933E-02 -2.975704335E-02  6.562000141E-03  1.107803981E+00 
         5  2.999999933E-02 -2.961304411E-02  6.562000141E-03  2.095373308E+00 
         6  2.999999933E-02 -2.946904302E-02  6.562000141E-03  2.739125108E+00 
         7  2.999999933E-02 -2.932504378E-02  6.562000141E-03  2.459523432E+00 
         8  2.999999933E-02 -2.918104269E-02  6.562000141E-03  2.269140217E+00 
         9  2.999999933E-02 -2.903704345E-02  6.562000141E-03  2.768472835E+00 
        10  2.999999933E-02 -2.889304422E-02  6.562000141E-03  3.112532566E+00 
        11  2.999999933E-02 -2.874904312E-02  6.562000141E-03  3.251194301E+00 
        12  2.999999933E-02 -2.860504389E-02  6.562000141E-03  3.188862896E+00 
        13  2.999999933E-02 -2.846104279E-02  6.562000141E-03  3.011001520E+00 
        14  2.999999933E-02 -2.831704356E-02  6.562000141E-03  2.809804417E+00 
        15  2.999999933E-02 -2.817304246E-02  6.562000141E-03  2.585702512E+00 
        16  2.999999933E-02 -2.802904323E-02  6.562000141E-03  1.942929416E+00 
        17  2.999999933E-02 -2.788504399E-02  6.562000141E-03  1.674896242E+00 
        18  2.999999933E-02 -2.774104290E-02  6.562000141E-03  1.602886714E+00 
        19  2.999999933E-02 -2.759704366E-02  6.562000141E-03  1.513378166E+00 
        20  2.999999933E-02 -2.745304257E-02  6.562000141E-03  1.584803941E+00 
        21  2.999999933E-02 -2.730904333E-02  6.562000141E-03  1.794673604E+00 
        22  2.999999933E-02 -2.716504410E-02  6.562000141E-03  1.939140047E+00 
        23  2.999999933E-02 -2.702104300E-02  6.562000141E-03  1.850857542E+00 
        24  2.999999933E-02 -2.687704377E-02  6.562000141E-03  1.638829567E+00 
        25  2.999999933E-02 -2.673304267E-02  6.562000141E-03  1.526281768E+00 
        26  2.999999933E-02 -3.033304401E-02  6.562000141E-03  6.276264250E-01 
        27  2.999999933E-02 -3.047704324E-02  6.562000141E-03  7.671391966E-01 
        28  2.999999933E-02 -3.062104248E-02  6.562000141E-03  8.577997351E-01 
        29  2.999999933E-02 -3.076504357E-02  6.562000141E-03  7.812257480E-01 
        30  2.999999933E-02 -3.090904281E-02  6.562000141E-03  5.594038997E-01 
        31  2.999999933E-02 -3.105304390E-02  6.562000141E-03  5.863651752E-01 
        32  2.999999933E-02 -3.119704314E-02  6.562000141E-03  5.403636522E-01 
        33  2.999999933E-02 -3.133584931E-02  6.562000141E-03  5.476503013E-01 
        34  2.999999933E-02 -3.145632893E-02  6.562000141E-03  5.480442105E-01 
        35  2.999999933E-02 -2.401195839E-02  6.562000141E-03  1.554390243E-01 
        36  2.999999933E-02 -2.404091880E-02  6.562000141E-03  2.516846765E-01 
        37  2.999999933E-02 -2.412424795E-02  6.562000141E-03  4.283124900E-01 
        38  2.999999933E-02 -2.420346625E-02  6.562000141E-03  7.919417645E-01 
        39  2.999999933E-02 -2.429169975E-02  6.562000141E-03  9.501495897E-01 
        40  2.999999933E-02 -2.442904375E-02  6.562000141E-03  8.378095837E-01 
        41  2.999999933E-02 -2.457304299E-02  6.562000141E-03  6.883289506E-01 
        42  2.999999933E-02 -2.471704409E-02  6.562000141E-03  6.162329090E-01 
        43  2.999999933E-02 -2.486104332E-02  6.562000141E-03  5.650897076E-01 
        44  2.999999933E-02 -2.500504255E-02  6.562000141E-03  6.999509188E-01 
        45  2.999999933E-02 -2.514904365E-02  6.562000141E-03  1.991186147E+00 
        46  2.999999933E-02 -2.529304288E-02  6.562000141E-03  2.315583977E+00 
        47  2.999999933E-02 -2.543704398E-02  6.562000141E-03  2.558976217E+00 
        48  2.999999933E-02 -2.558104321E-02  6.562000141E-03  2.710891712E+00 
        49  2.999999933E-02 -2.572504245E-02  6.562000141E-03  2.793525387E+00 
        50  2.999999933E-02 -2.586904354E-02  6.562000141E-03  2.597958035E+00 
        51  2.999999933E-02 -2.601304278E-02  6.562000141E-03  2.133183878E+00 
        52  2.999999933E-02 -2.615704387E-02  6.562000141E-03  2.049954460E+00 
        53  2.999999933E-02 -2.630104311E-02  6.562000141E-03  1.932181244E+00 
        54  2.999999933E-02 -2.644504420E-02  6.562000141E-03  1.731807360E+00 
        55  2.999999933E-02 -2.658904344E-02  6.562000141E-03  1.481156298E+00 
