cellnumber     x-coordinate     y-coordinate     z-coordinate velocity-magnitude 
         1  2.999999933E-02 -3.145632520E-02  6.562000141E-03  1.035400722E+00 
         2  2.999999933E-02 -3.133584931E-02  6.562000141E-03  1.024537891E+00 
         3  2.999999933E-02 -3.119704314E-02  6.562000141E-03  8.992209669E-01 
         4  2.999999933E-02 -3.105304390E-02  6.562000141E-03  7.295245826E-01 
         5  2.999999933E-02 -3.090904281E-02  6.562000141E-03  6.742105185E-01 
         6  2.999999933E-02 -3.076504357E-02  6.562000141E-03  7.230841731E-01 
         7  2.999999933E-02 -3.062104248E-02  6.562000141E-03  8.230148025E-01 
         8  2.999999933E-02 -3.047704324E-02  6.562000141E-03  9.580297309E-01 
         9  2.999999933E-02 -3.033304401E-02  6.562000141E-03  1.096930338E+00 
        10  2.999999933E-02 -3.018904291E-02  6.562000141E-03  1.124057841E+00 
        11  2.999999933E-02 -3.004504368E-02  6.562000141E-03  7.426159167E-01 
        12  2.999999933E-02 -2.990104258E-02  6.562000141E-03  8.571289073E-01 
        13  2.999999933E-02 -2.975704335E-02  6.562000141E-03  9.293913667E-01 
        14  2.999999933E-02 -2.961304411E-02  6.562000141E-03  1.988163849E+00 
        15  2.999999933E-02 -2.946904302E-02  6.562000141E-03  2.598869417E+00 
        16  2.999999933E-02 -2.932504378E-02  6.562000141E-03  3.051417805E+00 
        17  2.999999933E-02 -2.918104269E-02  6.562000141E-03  3.256393988E+00 
        18  2.999999933E-02 -2.903704345E-02  6.562000141E-03  3.321051048E+00 
        19  2.999999933E-02 -2.889304422E-02  6.562000141E-03  3.336684715E+00 
        20  2.999999933E-02 -2.874904312E-02  6.562000141E-03  3.235667361E+00 
        21  2.999999933E-02 -2.860504389E-02  6.562000141E-03  3.088502883E+00 
        22  2.999999933E-02 -2.846104279E-02  6.562000141E-03  2.866727832E+00 
        23  2.999999933E-02 -2.831704356E-02  6.562000141E-03  2.799845654E+00 
        24  2.999999933E-02 -2.817304246E-02  6.562000141E-03  2.894087731E+00 
        25  2.999999933E-02 -2.401195839E-02  6.562000606E-03  3.006409744E-01 
        26  2.999999933E-02 -2.404091880E-02  6.562000141E-03  4.121921286E-01 
        27  2.999999933E-02 -2.412424795E-02  6.562000141E-03  6.548345901E-01 
        28  2.999999933E-02 -2.420346625E-02  6.562000141E-03  6.755579832E-01 
        29  2.999999933E-02 -2.429169975E-02  6.562000141E-03  5.769518221E-01 
        30  2.999999933E-02 -2.442904375E-02  6.562000141E-03  5.155027960E-01 
        31  2.999999933E-02 -2.457304299E-02  6.562000141E-03  5.001545135E-01 
        32  2.999999933E-02 -2.471704409E-02  6.562000141E-03  5.464981024E-01 
        33  2.999999933E-02 -2.486104332E-02  6.562000141E-03  9.451549816E-01 
        34  2.999999933E-02 -2.500504255E-02  6.562000141E-03  1.137300696E+00 
        35  2.999999933E-02 -2.514904365E-02  6.562000141E-03  9.570294298E-01 
        36  2.999999933E-02 -2.529304288E-02  6.562000141E-03  7.808225278E-01 
        37  2.999999933E-02 -2.543704398E-02  6.562000141E-03  6.451102239E-01 
        38  2.999999933E-02 -2.558104321E-02  6.562000141E-03  6.309969810E-01 
        39  2.999999933E-02 -2.572504245E-02  6.562000141E-03  7.766919981E-01 
        40  2.999999933E-02 -2.586904354E-02  6.562000141E-03  8.512476786E-01 
        41  2.999999933E-02 -2.601304278E-02  6.562000141E-03  9.923732121E-01 
        42  2.999999933E-02 -2.615704387E-02  6.562000141E-03  1.499411452E+00 
        43  2.999999933E-02 -2.630104311E-02  6.562000141E-03  1.842039153E+00 
        44  2.999999933E-02 -2.644504420E-02  6.562000141E-03  1.897205168E+00 
        45  2.999999933E-02 -2.658904344E-02  6.562000141E-03  1.859350082E+00 
        46  2.999999933E-02 -2.673304267E-02  6.562000141E-03  1.832347198E+00 
        47  2.999999933E-02 -2.687704377E-02  6.562000141E-03  1.919540704E+00 
        48  2.999999933E-02 -2.702104300E-02  6.562000141E-03  2.172058633E+00 
        49  2.999999933E-02 -2.716504410E-02  6.562000141E-03  2.273085944E+00 
        50  2.999999933E-02 -2.730904333E-02  6.562000141E-03  2.250560084E+00 
        51  2.999999933E-02 -2.745304257E-02  6.562000141E-03  2.246809646E+00 
        52  2.999999933E-02 -2.759704366E-02  6.562000141E-03  2.364912743E+00 
        53  2.999999933E-02 -2.774104290E-02  6.562000141E-03  2.549049241E+00 
        54  2.999999933E-02 -2.788504399E-02  6.562000141E-03  2.797644052E+00 
        55  2.999999933E-02 -2.802904323E-02  6.562000141E-03  2.940534390E+00 
