cellnumber     x-coordinate     y-coordinate     z-coordinate velocity-magnitude 
         1  2.999999933E-02 -2.401195839E-02  6.562000606E-03  8.560431973E-01 
         2  2.999999933E-02 -2.404091880E-02  6.562000141E-03  9.111363086E-01 
         3  2.999999933E-02 -2.412424795E-02  6.562000141E-03  9.540025381E-01 
         4  2.999999933E-02 -2.420346625E-02  6.562000141E-03  1.051573057E+00 
         5  2.999999933E-02 -2.429169975E-02  6.562000141E-03  1.214508527E+00 
         6  2.999999933E-02 -2.442904375E-02  6.562000141E-03  1.095577845E+00 
         7  2.999999933E-02 -2.457304299E-02  6.562000141E-03  1.112086633E+00 
         8  2.999999933E-02 -2.471704409E-02  6.562000141E-03  1.393151026E+00 
         9  2.999999933E-02 -2.486104332E-02  6.562000141E-03  1.566130488E+00 
        10  2.999999933E-02 -2.500504255E-02  6.562000141E-03  1.706114236E+00 
        11  2.999999933E-02 -2.514904365E-02  6.562000141E-03  1.833406849E+00 
        12  2.999999933E-02 -2.529304288E-02  6.562000141E-03  1.798502597E+00 
        13  2.999999933E-02 -2.543704398E-02  6.562000141E-03  1.738689966E+00 
        14  2.999999933E-02 -2.558104321E-02  6.562000141E-03  1.893318657E+00 
        15  2.999999933E-02 -2.572504245E-02  6.562000141E-03  2.219822279E+00 
        16  2.999999933E-02 -2.586904354E-02  6.562000141E-03  2.406146788E+00 
        17  2.999999933E-02 -2.601304278E-02  6.562000141E-03  2.369779238E+00 
        18  2.999999933E-02 -2.615704387E-02  6.562000141E-03  2.220172686E+00 
        19  2.999999933E-02 -2.630104311E-02  6.562000141E-03  2.051545144E+00 
        20  2.999999933E-02 -2.644504420E-02  6.562000141E-03  1.971273481E+00 
        21  2.999999933E-02 -2.658904344E-02  6.562000141E-03  2.142052656E+00 
        22  2.999999933E-02 -2.673304267E-02  6.562000141E-03  2.316532285E+00 
        23  2.999999933E-02 -2.687704377E-02  6.562000141E-03  2.357504770E+00 
        24  2.999999933E-02 -2.702104300E-02  6.562000141E-03  2.400487279E+00 
        25  2.999999933E-02 -2.716504410E-02  6.562000141E-03  2.461462393E+00 
        26  2.999999933E-02 -2.730904333E-02  6.562000141E-03  2.557171308E+00 
        27  2.999999933E-02 -2.745304257E-02  6.562000141E-03  2.794126464E+00 
        28  2.999999933E-02 -2.759704366E-02  6.562000141E-03  3.057185839E+00 
        29  2.999999933E-02 -2.774104290E-02  6.562000141E-03  3.140719794E+00 
        30  2.999999933E-02 -2.788504399E-02  6.562000141E-03  3.210462835E+00 
        31  2.999999933E-02 -2.802904323E-02  6.562000141E-03  3.137593427E+00 
        32  2.999999933E-02 -2.817304432E-02  6.562000141E-03  2.346877489E+00 
        33  2.999999933E-02 -2.831704356E-02  6.562000141E-03  2.114885552E+00 
        34  2.999999933E-02 -2.846104279E-02  6.562000141E-03  2.436930644E+00 
        35  2.999999933E-02 -2.860504389E-02  6.562000141E-03  2.306098363E+00 
        36  2.999999933E-02 -2.874904312E-02  6.562000141E-03  1.789310322E+00 
        37  2.999999933E-02 -2.889304422E-02  6.562000141E-03  1.436726903E+00 
        38  2.999999933E-02 -2.903704345E-02  6.562000141E-03  1.590644595E+00 
        39  2.999999933E-02 -2.918104269E-02  6.562000141E-03  1.610864591E+00 
        40  2.999999933E-02 -2.932504378E-02  6.562000141E-03  1.250844368E+00 
        41  2.999999933E-02 -2.946904302E-02  6.562000141E-03  8.326769819E-01 
        42  2.999999933E-02 -2.961304411E-02  6.562000141E-03  5.265316588E-01 
        43  2.999999933E-02 -2.975704335E-02  6.562000141E-03  5.262793760E-01 
        44  2.999999933E-02 -2.990104258E-02  6.562000141E-03  6.956564384E-01 
        45  2.999999933E-02 -3.145632893E-02  6.562000141E-03  8.380175231E-01 
        46  2.999999933E-02 -3.133584931E-02  6.562000141E-03  8.659432452E-01 
        47  2.999999933E-02 -3.119704314E-02  6.562000141E-03  7.951721064E-01 
        48  2.999999933E-02 -3.105304390E-02  6.562000141E-03  8.155557756E-01 
        49  2.999999933E-02 -3.090904281E-02  6.562000141E-03  9.236105578E-01 
        50  2.999999933E-02 -3.076504357E-02  6.562000141E-03  1.031569357E+00 
        51  2.999999933E-02 -3.062104248E-02  6.562000141E-03  1.071268161E+00 
        52  2.999999933E-02 -3.047704324E-02  6.562000141E-03  1.037779725E+00 
        53  2.999999933E-02 -3.033304401E-02  6.562000141E-03  1.104777135E+00 
        54  2.999999933E-02 -3.018904291E-02  6.562000141E-03  1.064474608E+00 
        55  2.999999933E-02 -3.004504368E-02  6.562000141E-03  7.744486378E-01 
