cellnumber     x-coordinate     y-coordinate     z-coordinate velocity-magnitude 
         1  2.999999933E-02 -3.105304390E-02  6.562000141E-03  1.835020835E-01 
         2  2.999999933E-02 -3.090904281E-02  6.562000141E-03  3.689847810E-01 
         3  2.999999933E-02 -3.076504357E-02  6.562000141E-03  3.351116605E-01 
         4  2.999999933E-02 -3.062104248E-02  6.562000141E-03  4.817517490E-01 
         5  2.999999933E-02 -3.047704324E-02  6.562000141E-03  6.660759082E-01 
         6  2.999999933E-02 -3.033304401E-02  6.562000141E-03  8.046178498E-01 
         7  2.999999933E-02 -3.018904291E-02  6.562000141E-03  1.111343727E+00 
         8  2.999999933E-02 -3.004504368E-02  6.562000141E-03  1.503800442E+00 
         9  2.999999933E-02 -2.990104258E-02  6.562000141E-03  1.946918859E+00 
        10  2.999999933E-02 -2.975704335E-02  6.562000141E-03  2.440998072E+00 
        11  2.999999933E-02 -2.961304411E-02  6.562000141E-03  2.572318066E+00 
        12  2.999999933E-02 -2.946904302E-02  6.562000141E-03  2.525526945E+00 
        13  2.999999933E-02 -2.932504378E-02  6.562000141E-03  2.070162937E+00 
        14  2.999999933E-02 -2.918104269E-02  6.562000141E-03  1.338075023E+00 
        15  2.999999933E-02 -2.903704345E-02  6.562000141E-03  7.028702587E-01 
        16  2.999999933E-02 -2.889304422E-02  6.562000141E-03  4.783162921E-01 
        17  2.999999933E-02 -2.874904312E-02  6.562000141E-03  5.352613289E-01 
        18  2.999999933E-02 -2.401195839E-02  6.562000606E-03  4.084577663E-01 
        19  2.999999933E-02 -2.404091880E-02  6.562000141E-03  4.801863269E-01 
        20  2.999999933E-02 -2.412424795E-02  6.562000141E-03  4.903775502E-01 
        21  2.999999933E-02 -2.420346625E-02  6.562000141E-03  6.628757001E-01 
        22  2.999999933E-02 -2.429169975E-02  6.562000141E-03  9.285729760E-01 
        23  2.999999933E-02 -2.442904375E-02  6.562000141E-03  1.194290235E+00 
        24  2.999999933E-02 -2.457304299E-02  6.562000141E-03  1.300481667E+00 
        25  2.999999933E-02 -2.471704409E-02  6.562000141E-03  1.327196187E+00 
        26  2.999999933E-02 -2.486104332E-02  6.562000141E-03  1.299974541E+00 
        27  2.999999933E-02 -3.145632520E-02  6.562000141E-03  8.858407865E-01 
        28  2.999999933E-02 -3.133584931E-02  6.562000141E-03  8.438338626E-01 
        29  2.999999933E-02 -3.119704314E-02  6.562000141E-03  5.914147042E-01 
        30  2.999999933E-02 -2.500504255E-02  6.562000141E-03  1.184706506E+00 
        31  2.999999933E-02 -2.514904365E-02  6.562000141E-03  1.048707551E+00 
        32  2.999999933E-02 -2.529304288E-02  6.562000141E-03  1.003496325E+00 
        33  2.999999933E-02 -2.543704398E-02  6.562000141E-03  1.003268031E+00 
        34  2.999999933E-02 -2.558104321E-02  6.562000141E-03  1.064459354E+00 
        35  2.999999933E-02 -2.572504245E-02  6.562000141E-03  1.141840073E+00 
        36  2.999999933E-02 -2.586904354E-02  6.562000141E-03  1.326211401E+00 
        37  2.999999933E-02 -2.601304278E-02  6.562000141E-03  1.641707186E+00 
        38  2.999999933E-02 -2.615704387E-02  6.562000141E-03  1.912614038E+00 
        39  2.999999933E-02 -2.630104311E-02  6.562000141E-03  2.016479221E+00 
        40  2.999999933E-02 -2.644504420E-02  6.562000141E-03  2.049632250E+00 
        41  2.999999933E-02 -2.658904344E-02  6.562000141E-03  2.058102731E+00 
        42  2.999999933E-02 -2.673304267E-02  6.562000141E-03  2.150923103E+00 
        43  2.999999933E-02 -2.687704377E-02  6.562000141E-03  2.408910742E+00 
        44  2.999999933E-02 -2.702104300E-02  6.562000141E-03  2.652420356E+00 
        45  2.999999933E-02 -2.716504410E-02  6.562000141E-03  2.618240192E+00 
        46  2.999999933E-02 -2.730904333E-02  6.562000141E-03  2.564792366E+00 
        47  2.999999933E-02 -2.745304257E-02  6.562000141E-03  2.501479992E+00 
        48  2.999999933E-02 -2.759704366E-02  6.562000141E-03  2.405852094E+00 
        49  2.999999933E-02 -2.774104290E-02  6.562000141E-03  2.287185056E+00 
        50  2.999999933E-02 -2.788504399E-02  6.562000141E-03  2.094828377E+00 
        51  2.999999933E-02 -2.802904323E-02  6.562000141E-03  1.808739812E+00 
        52  2.999999933E-02 -2.817304432E-02  6.562000141E-03  1.457756486E+00 
        53  2.999999933E-02 -2.831704356E-02  6.562000141E-03  1.292329086E+00 
        54  2.999999933E-02 -2.846104279E-02  6.562000141E-03  1.023571144E+00 
        55  2.999999933E-02 -2.860504389E-02  6.562000141E-03  7.113721357E-01 
