cellnumber     x-coordinate     y-coordinate     z-coordinate velocity-magnitude 
         1  2.999999933E-02 -2.401195839E-02  6.562000606E-03  1.306427888E+00 
         2  2.999999933E-02 -2.404091880E-02  6.562000141E-03  1.221107879E+00 
         3  2.999999933E-02 -2.412424795E-02  6.562000141E-03  1.148277342E+00 
         4  2.999999933E-02 -2.420346625E-02  6.562000141E-03  1.198248728E+00 
         5  2.999999933E-02 -2.429169975E-02  6.562000141E-03  1.290444812E+00 
         6  2.999999933E-02 -2.442904375E-02  6.562000141E-03  1.502110764E+00 
         7  2.999999933E-02 -2.457304299E-02  6.562000141E-03  1.420402351E+00 
         8  2.999999933E-02 -2.471704409E-02  6.562000141E-03  9.942345723E-01 
         9  2.999999933E-02 -2.486104332E-02  6.562000141E-03  3.989792089E-01 
        10  2.999999933E-02 -2.500504255E-02  6.562000141E-03  2.838405714E-01 
        11  2.999999933E-02 -2.514904365E-02  6.562000141E-03  5.979611156E-01 
        12  2.999999933E-02 -2.529304288E-02  6.562000141E-03  8.999720343E-01 
        13  2.999999933E-02 -2.543704398E-02  6.562000141E-03  1.216179185E+00 
        14  2.999999933E-02 -2.558104321E-02  6.562000141E-03  1.565209515E+00 
        15  2.999999933E-02 -2.572504431E-02  6.562000141E-03  1.706701619E+00 
        16  2.999999933E-02 -2.586904354E-02  6.562000141E-03  1.673798070E+00 
        17  2.999999933E-02 -2.601304278E-02  6.562000141E-03  1.628258038E+00 
        18  2.999999933E-02 -2.615704387E-02  6.562000141E-03  1.721362328E+00 
        19  2.999999933E-02 -2.630104311E-02  6.562000141E-03  1.922882024E+00 
        20  2.999999933E-02 -2.644504420E-02  6.562000141E-03  2.479512269E+00 
        21  2.999999933E-02 -2.658904344E-02  6.562000141E-03  2.962404896E+00 
        22  2.999999933E-02 -2.673304267E-02  6.562000141E-03  2.948315181E+00 
        23  2.999999933E-02 -2.687704377E-02  6.562000141E-03  2.806209117E+00 
        24  2.999999933E-02 -2.702104300E-02  6.562000141E-03  2.768680766E+00 
        25  2.999999933E-02 -2.716504410E-02  6.562000141E-03  2.848362495E+00 
        26  2.999999933E-02 -2.730904333E-02  6.562000141E-03  2.960044540E+00 
        27  2.999999933E-02 -2.745304257E-02  6.562000141E-03  3.085806438E+00 
        28  2.999999933E-02 -2.759704366E-02  6.562000141E-03  3.150011010E+00 
        29  2.999999933E-02 -2.774104290E-02  6.562000141E-03  3.104780359E+00 
        30  2.999999933E-02 -2.788504399E-02  6.562000141E-03  2.963248761E+00 
        31  2.999999933E-02 -2.802904323E-02  6.562000141E-03  2.779799660E+00 
        32  2.999999933E-02 -2.817304246E-02  6.562000141E-03  2.551350721E+00 
        33  2.999999933E-02 -2.831704356E-02  6.562000141E-03  2.243119667E+00 
        34  2.999999933E-02 -2.846104279E-02  6.562000141E-03  1.597202627E+00 
        35  2.999999933E-02 -2.860504389E-02  6.562000141E-03  1.208722152E+00 
        36  2.999999933E-02 -2.874904312E-02  6.562000141E-03  9.254039109E-01 
        37  2.999999933E-02 -2.889304422E-02  6.562000141E-03  1.147715068E+00 
        38  2.999999933E-02 -2.903704345E-02  6.562000141E-03  1.626792588E+00 
        39  2.999999933E-02 -2.918104269E-02  6.562000141E-03  1.901243993E+00 
        40  2.999999933E-02 -2.932504378E-02  6.562000141E-03  2.010502369E+00 
        41  2.999999933E-02 -2.946904302E-02  6.562000141E-03  1.836468355E+00 
        42  2.999999933E-02 -2.961304411E-02  6.562000141E-03  1.442969126E+00 
        43  2.999999933E-02 -2.975704335E-02  6.562000141E-03  1.102523502E+00 
        44  2.999999933E-02 -2.990104258E-02  6.562000141E-03  1.110530495E+00 
        45  2.999999933E-02 -3.004504368E-02  6.562000141E-03  1.004612911E+00 
        46  2.999999933E-02 -3.018904291E-02  6.562000141E-03  1.048437448E+00 
        47  2.999999933E-02 -3.033304401E-02  6.562000141E-03  1.115666388E+00 
        48  2.999999933E-02 -3.047704324E-02  6.562000141E-03  1.113629266E+00 
        49  2.999999933E-02 -3.062104248E-02  6.562000141E-03  1.108723646E+00 
        50  2.999999933E-02 -3.076504357E-02  6.562000141E-03  1.105016466E+00 
        51  2.999999933E-02 -3.090904281E-02  6.562000141E-03  1.157600140E+00 
        52  2.999999933E-02 -3.105304390E-02  6.562000141E-03  1.220489827E+00 
        53  2.999999933E-02 -3.119704314E-02  6.562000141E-03  1.261693325E+00 
        54  2.999999933E-02 -3.133584931E-02  6.562000141E-03  1.340131160E+00 
        55  2.999999933E-02 -3.145632520E-02  6.562000141E-03  1.253043989E+00 
