cellnumber     x-coordinate     y-coordinate     z-coordinate velocity-magnitude 
         1  2.999999933E-02 -3.033304401E-02  6.562000141E-03  1.287761812E+00 
         2  2.999999933E-02 -3.018904291E-02  6.562000141E-03  1.258437290E+00 
         3  2.999999933E-02 -3.004504368E-02  6.562000141E-03  1.523885637E+00 
         4  2.999999933E-02 -2.990104258E-02  6.562000141E-03  1.621400989E+00 
         5  2.999999933E-02 -2.975704335E-02  6.562000141E-03  1.552229574E+00 
         6  2.999999933E-02 -2.961304411E-02  6.562000141E-03  1.440828951E+00 
         7  2.999999933E-02 -2.946904302E-02  6.562000141E-03  1.798237647E+00 
         8  2.999999933E-02 -2.401195839E-02  6.562000606E-03  9.018114000E-01 
         9  2.999999933E-02 -2.404091880E-02  6.562000141E-03  9.399611882E-01 
        10  2.999999933E-02 -2.412424795E-02  6.562000141E-03  8.013051228E-01 
        11  2.999999933E-02 -2.420346625E-02  6.562000141E-03  7.528575954E-01 
        12  2.999999933E-02 -2.429169975E-02  6.562000141E-03  7.801899947E-01 
        13  2.999999933E-02 -2.442904375E-02  6.562000141E-03  6.789480843E-01 
        14  2.999999933E-02 -2.457304299E-02  6.562000141E-03  7.986520071E-01 
        15  2.999999933E-02 -2.471704409E-02  6.562000141E-03  9.000342708E-01 
        16  2.999999933E-02 -2.486104332E-02  6.562000141E-03  9.489740511E-01 
        17  2.999999933E-02 -2.500504255E-02  6.562000141E-03  1.036547090E+00 
        18  2.999999933E-02 -2.932504378E-02  6.562000141E-03  2.673621878E+00 
        19  2.999999933E-02 -2.918104269E-02  6.562000141E-03  2.949362756E+00 
        20  2.999999933E-02 -2.903704345E-02  6.562000141E-03  2.780620430E+00 
        21  2.999999933E-02 -2.889304422E-02  6.562000141E-03  2.547395855E+00 
        22  2.999999933E-02 -2.874904312E-02  6.562000141E-03  2.502581282E+00 
        23  2.999999933E-02 -2.860504389E-02  6.562000141E-03  2.495804255E+00 
        24  2.999999933E-02 -2.846104279E-02  6.562000141E-03  2.483894197E+00 
        25  2.999999933E-02 -2.831704356E-02  6.562000141E-03  2.463632523E+00 
        26  2.999999933E-02 -2.817304432E-02  6.562000141E-03  2.411293105E+00 
        27  2.999999933E-02 -2.802904323E-02  6.562000141E-03  2.261532775E+00 
        28  2.999999933E-02 -2.788504399E-02  6.562000141E-03  1.933326360E+00 
        29  2.999999933E-02 -2.774104290E-02  6.562000141E-03  1.649381749E+00 
        30  2.999999933E-02 -2.759704366E-02  6.562000141E-03  1.470028676E+00 
        31  2.999999933E-02 -2.745304257E-02  6.562000141E-03  1.391853085E+00 
        32  2.999999933E-02 -2.730904333E-02  6.562000141E-03  1.545246203E+00 
        33  2.999999933E-02 -2.716504410E-02  6.562000141E-03  1.956742328E+00 
        34  2.999999933E-02 -2.702104300E-02  6.562000141E-03  2.332441697E+00 
        35  2.999999933E-02 -2.687704377E-02  6.562000141E-03  2.536744186E+00 
        36  2.999999933E-02 -2.673304267E-02  6.562000141E-03  2.693230253E+00 
        37  2.999999933E-02 -2.658904344E-02  6.562000141E-03  2.785027369E+00 
        38  2.999999933E-02 -2.644504420E-02  6.562000141E-03  2.853431367E+00 
        39  2.999999933E-02 -2.630104311E-02  6.562000141E-03  2.624238119E+00 
        40  2.999999933E-02 -2.615704387E-02  6.562000141E-03  2.388806712E+00 
        41  2.999999933E-02 -2.601304278E-02  6.562000141E-03  2.508141525E+00 
        42  2.999999933E-02 -2.586904354E-02  6.562000141E-03  2.471129513E+00 
        43  2.999999933E-02 -2.572504245E-02  6.562000141E-03  2.258775328E+00 
        44  2.999999933E-02 -2.558104321E-02  6.562000141E-03  2.380639007E+00 
        45  2.999999933E-02 -2.543704398E-02  6.562000141E-03  1.963533681E+00 
        46  2.999999933E-02 -2.529304288E-02  6.562000141E-03  1.353922690E+00 
        47  2.999999933E-02 -2.514904365E-02  6.562000141E-03  9.331623797E-01 
        48  2.999999933E-02 -3.047704324E-02  6.562000141E-03  1.269556240E+00 
        49  2.999999933E-02 -3.062104248E-02  6.562000141E-03  1.177828046E+00 
        50  2.999999933E-02 -3.076504357E-02  6.562000141E-03  1.108657884E+00 
        51  2.999999933E-02 -3.090904281E-02  6.562000141E-03  1.071857605E+00 
        52  2.999999933E-02 -3.105304390E-02  6.562000141E-03  1.029729155E+00 
        53  2.999999933E-02 -3.119704314E-02  6.562000141E-03  1.112694758E+00 
        54  2.999999933E-02 -3.133584931E-02  6.562000141E-03  1.332376638E+00 
        55  2.999999933E-02 -3.145632520E-02  6.562000141E-03  1.308679217E+00 
