cellnumber     x-coordinate     y-coordinate     z-coordinate velocity-magnitude 
         1  3.500000015E-02 -2.296095528E-02  6.562000141E-03  1.262262349E-01 
         2  3.500000015E-02 -2.296585217E-02  6.562000141E-03  3.519939918E-01 
         3  3.500000015E-02 -2.297452837E-02  6.562000141E-03  5.911169753E-01 
         4  3.500000015E-02 -2.298492938E-02  6.562000141E-03  8.395549501E-01 
         5  3.500000015E-02 -2.299739420E-02  6.562000141E-03  1.089526585E+00 
         6  3.500000015E-02 -2.301233262E-02  6.562000141E-03  1.329770922E+00 
         7  3.500000015E-02 -2.303021587E-02  6.561999675E-03  1.543878816E+00 
         8  3.500000015E-02 -2.305160835E-02  6.562000141E-03  1.716588194E+00 
         9  3.500000015E-02 -2.307719551E-02  6.561999675E-03  1.808912641E+00 
        10  3.500000015E-02 -2.310776524E-02  6.561999675E-03  1.842105021E+00 
        11  3.500000015E-02 -2.314046025E-02  6.562000141E-03  1.791569621E+00 
        12  3.500000015E-02 -2.320699580E-02  6.562000141E-03  1.559947805E+00 
        13  3.500000015E-02 -2.332915738E-02  6.562000141E-03  1.643323124E+00 
        14  3.500000015E-02 -2.344694175E-02  6.562000141E-03  1.506404337E+00 
        15  3.500000015E-02 -2.356504276E-02  6.562000141E-03  1.688557577E+00 
        16  3.500000015E-02 -2.370904200E-02  6.562000141E-03  1.694704663E+00 
        17  3.500000015E-02 -2.385304309E-02  6.562000141E-03  1.586599777E+00 
        18  3.500000015E-02 -2.399704233E-02  6.562000141E-03  1.458690719E+00 
        19  3.500000015E-02 -2.414104342E-02  6.562000141E-03  1.607804240E+00 
        20  3.500000015E-02 -2.428504266E-02  6.562000141E-03  2.061386008E+00 
        21  3.500000015E-02 -2.442904375E-02  6.562000141E-03  2.371363987E+00 
        22  3.500000015E-02 -2.457304299E-02  6.562000141E-03  2.781885754E+00 
        23  3.500000015E-02 -2.471704222E-02  6.562000141E-03  3.041127732E+00 
        24  3.500000015E-02 -2.486104332E-02  6.562000141E-03  3.085143302E+00 
        25  3.500000015E-02 -2.500504255E-02  6.562000141E-03  2.931597450E+00 
        26  3.500000015E-02 -2.514904365E-02  6.562000141E-03  2.737104906E+00 
        27  3.500000015E-02 -2.529304288E-02  6.562000141E-03  3.132440594E+00 
        28  3.500000015E-02 -2.543704212E-02  6.562000141E-03  4.188227495E+00 
        29  3.500000015E-02 -2.558104321E-02  6.562000141E-03  4.583037188E+00 
        30  3.500000015E-02 -2.572504245E-02  6.562000141E-03  4.849673106E+00 
        31  3.500000015E-02 -2.586904354E-02  6.562000141E-03  5.270795718E+00 
        32  3.500000015E-02 -2.601304278E-02  6.562000141E-03  4.943405824E+00 
        33  3.500000015E-02 -2.615704201E-02  6.562000141E-03  4.238699206E+00 
        34  3.500000015E-02 -2.630104311E-02  6.562000141E-03  4.028105846E+00 
        35  3.500000015E-02 -2.644504234E-02  6.562000141E-03  4.096432355E+00 
        36  3.500000015E-02 -2.658904344E-02  6.562000141E-03  4.375458779E+00 
        37  3.500000015E-02 -2.673304267E-02  6.562000141E-03  4.748879353E+00 
        38  3.500000015E-02 -2.687704191E-02  6.562000141E-03  5.094012596E+00 
        39  3.500000015E-02 -2.702104300E-02  6.562000141E-03  4.919093618E+00 
        40  3.500000015E-02 -2.716504224E-02  6.562000141E-03  4.970592465E+00 
        41  3.500000015E-02 -2.730904333E-02  6.562000141E-03  5.266783063E+00 
        42  3.500000015E-02 -2.745304257E-02  6.562000141E-03  5.537385271E+00 
        43  3.500000015E-02 -2.759704366E-02  6.562000141E-03  5.835980401E+00 
        44  3.500000015E-02 -3.162904084E-02  6.561999675E-03  1.647994113E+00 
        45  3.500000015E-02 -3.177304193E-02  6.561999675E-03  1.435625710E+00 
        46  3.500000015E-02 -3.191704303E-02  6.561999675E-03  1.183301417E+00 
        47  3.500000015E-02 -3.206104040E-02  6.561999675E-03  8.073239947E-01 
        48  3.500000015E-02 -3.219095245E-02  6.562000141E-03  5.784579258E-01 
        49  3.500000015E-02 -3.232943267E-02  6.562000141E-03  5.518159799E-01 
        50  3.500000015E-02 -3.148504347E-02  6.561999675E-03  1.867834463E+00 
        51  3.500000015E-02 -3.134104237E-02  6.561999675E-03  1.766306313E+00 
        52  3.500000015E-02 -3.119704314E-02  6.561999675E-03  1.357373611E+00 
        53  3.500000015E-02 -3.105304204E-02  6.561999675E-03  1.666347320E+00 
        54  3.500000015E-02 -3.090904281E-02  6.561999675E-03  1.955614498E+00 
        55  3.500000015E-02 -3.076504171E-02  6.561999675E-03  2.376358565E+00 
        56  3.500000015E-02 -3.062104248E-02  6.561999675E-03  2.932796428E+00 
        57  3.500000015E-02 -3.047704324E-02  6.561999675E-03  3.257106331E+00 
        58  3.500000015E-02 -3.033304214E-02  6.562000141E-03  3.289244289E+00 
        59  3.500000015E-02 -3.018904291E-02  6.561999675E-03  2.618424657E+00 
        60  3.500000015E-02 -3.004504181E-02  6.562000141E-03  2.333825203E+00 
        61  3.500000015E-02 -2.990104258E-02  6.562000141E-03  2.701646325E+00 
        62  3.500000015E-02 -2.975704335E-02  6.561999675E-03  3.366936764E+00 
        63  3.500000015E-02 -2.961304225E-02  6.561999675E-03  3.968717562E+00 
        64  3.500000015E-02 -2.946904302E-02  6.562000141E-03  4.056107762E+00 
        65  3.500000015E-02 -2.932504192E-02  6.561999675E-03  3.699654215E+00 
        66  3.500000015E-02 -2.918104269E-02  6.562000141E-03  2.834836827E+00 
        67  3.500000015E-02 -2.903704345E-02  6.562000141E-03  2.232432579E+00 
        68  3.500000015E-02 -2.889304236E-02  6.561999675E-03  1.899209835E+00 
        69  3.500000015E-02 -2.874904312E-02  6.562000141E-03  2.278004872E+00 
        70  3.500000015E-02 -2.860504203E-02  6.562000141E-03  2.573643106E+00 
        71  3.500000015E-02 -2.846104279E-02  6.561999675E-03  2.579389695E+00 
        72  3.500000015E-02 -2.831704356E-02  6.562000141E-03  3.284954073E+00 
        73  3.500000015E-02 -2.817304246E-02  6.562000141E-03  4.165567833E+00 
        74  3.500000015E-02 -2.802904323E-02  6.562000141E-03  5.063295006E+00 
        75  3.500000015E-02 -2.788504213E-02  6.562000141E-03  5.491557750E+00 
        76  3.500000015E-02 -2.774104290E-02  6.561999675E-03  5.844735992E+00 
