cellnumber     x-coordinate     y-coordinate     z-coordinate velocity-magnitude 
         1  3.500000015E-02 -2.296095528E-02  6.562000141E-03  2.260539509E-01 
         2  3.500000015E-02 -2.296585217E-02  6.562000141E-03  6.043209507E-01 
         3  3.500000015E-02 -2.297452837E-02  6.562000141E-03  9.659830973E-01 
         4  3.500000015E-02 -2.298492938E-02  6.562000141E-03  1.289937524E+00 
         5  3.500000015E-02 -2.299739420E-02  6.562000141E-03  1.546216178E+00 
         6  3.500000015E-02 -2.301233262E-02  6.562000141E-03  1.711309274E+00 
         7  3.500000015E-02 -2.303021587E-02  6.561999675E-03  1.802186766E+00 
         8  3.500000015E-02 -2.305160835E-02  6.562000141E-03  1.869238122E+00 
         9  3.500000015E-02 -2.307719551E-02  6.561999675E-03  1.948378697E+00 
        10  3.500000015E-02 -2.310776524E-02  6.561999675E-03  2.061524481E+00 
        11  3.500000015E-02 -2.314046025E-02  6.562000141E-03  2.190650183E+00 
        12  3.500000015E-02 -2.320699580E-02  6.562000141E-03  2.241095481E+00 
        13  3.500000015E-02 -2.332915738E-02  6.562000141E-03  2.468984814E+00 
        14  3.500000015E-02 -2.344694175E-02  6.562000141E-03  2.441454549E+00 
        15  3.500000015E-02 -2.356504276E-02  6.562000141E-03  2.464659480E+00 
        16  3.500000015E-02 -2.370904200E-02  6.562000141E-03  2.141445703E+00 
        17  3.500000015E-02 -2.385304309E-02  6.562000141E-03  1.393596973E+00 
        18  3.500000015E-02 -2.399704233E-02  6.562000141E-03  9.510192278E-01 
        19  3.500000015E-02 -2.414104342E-02  6.562000141E-03  1.088803464E+00 
        20  3.500000015E-02 -2.428504266E-02  6.562000141E-03  1.488226889E+00 
        21  3.500000015E-02 -2.442904375E-02  6.562000141E-03  1.841585044E+00 
        22  3.500000015E-02 -2.457304299E-02  6.562000141E-03  2.068664398E+00 
        23  3.500000015E-02 -2.471704222E-02  6.562000141E-03  2.367512658E+00 
        24  3.500000015E-02 -2.486104332E-02  6.562000141E-03  3.037523742E+00 
        25  3.500000015E-02 -2.500504255E-02  6.562000141E-03  3.703209861E+00 
        26  3.500000015E-02 -2.514904365E-02  6.562000141E-03  3.876819476E+00 
        27  3.500000015E-02 -2.529304288E-02  6.562000141E-03  3.715767701E+00 
        28  3.500000015E-02 -2.543704212E-02  6.562000141E-03  3.447144708E+00 
        29  3.500000015E-02 -2.558104321E-02  6.562000141E-03  3.072018493E+00 
        30  3.500000015E-02 -2.572504245E-02  6.562000141E-03  2.312093191E+00 
        31  3.500000015E-02 -2.586904354E-02  6.562000141E-03  1.965978356E+00 
        32  3.500000015E-02 -2.601304278E-02  6.562000141E-03  2.141116019E+00 
        33  3.500000015E-02 -2.615704201E-02  6.562000141E-03  2.967633730E+00 
        34  3.500000015E-02 -2.630104311E-02  6.562000141E-03  4.242238002E+00 
        35  3.500000015E-02 -2.644504234E-02  6.562000141E-03  4.602919960E+00 
        36  3.500000015E-02 -2.658904344E-02  6.562000141E-03  4.964104484E+00 
        37  3.500000015E-02 -2.673304267E-02  6.562000141E-03  5.791824782E+00 
        38  3.500000015E-02 -2.687704191E-02  6.562000141E-03  6.697014474E+00 
        39  3.500000015E-02 -2.702104300E-02  6.562000141E-03  7.149869007E+00 
        40  3.500000015E-02 -2.716504224E-02  6.562000141E-03  7.257814010E+00 
        41  3.500000015E-02 -2.730904333E-02  6.562000141E-03  7.366858729E+00 
        42  3.500000015E-02 -2.745304257E-02  6.562000141E-03  7.388285350E+00 
        43  3.500000015E-02 -2.759704366E-02  6.562000141E-03  7.154191205E+00 
        44  3.500000015E-02 -3.162904084E-02  6.561999675E-03  1.353813507E+00 
        45  3.500000015E-02 -3.177304193E-02  6.561999675E-03  6.551441386E-01 
        46  3.500000015E-02 -3.191704303E-02  6.561999675E-03  7.958398407E-01 
        47  3.500000015E-02 -3.206104040E-02  6.561999675E-03  7.881341185E-01 
        48  3.500000015E-02 -3.219095245E-02  6.562000141E-03  7.238792280E-01 
        49  3.500000015E-02 -3.232943267E-02  6.562000141E-03  9.786901899E-01 
        50  3.500000015E-02 -3.148504347E-02  6.561999675E-03  1.994204159E+00 
        51  3.500000015E-02 -3.134104237E-02  6.561999675E-03  1.598936530E+00 
        52  3.500000015E-02 -3.119704314E-02  6.561999675E-03  4.834758681E-01 
        53  3.500000015E-02 -3.105304204E-02  6.561999675E-03  6.971462292E-01 
        54  3.500000015E-02 -3.090904281E-02  6.561999675E-03  1.349375678E+00 
        55  3.500000015E-02 -3.076504171E-02  6.561999675E-03  1.513958994E+00 
        56  3.500000015E-02 -3.062104248E-02  6.561999675E-03  1.556584993E+00 
        57  3.500000015E-02 -3.047704324E-02  6.561999675E-03  1.525122286E+00 
        58  3.500000015E-02 -3.033304214E-02  6.562000141E-03  2.258082044E+00 
        59  3.500000015E-02 -3.018904291E-02  6.561999675E-03  2.795518287E+00 
        60  3.500000015E-02 -3.004504181E-02  6.562000141E-03  2.925282121E+00 
        61  3.500000015E-02 -2.990104258E-02  6.562000141E-03  2.906962642E+00 
        62  3.500000015E-02 -2.975704335E-02  6.561999675E-03  3.260496279E+00 
        63  3.500000015E-02 -2.961304225E-02  6.561999675E-03  3.207186235E+00 
        64  3.500000015E-02 -2.946904302E-02  6.562000141E-03  2.609681350E+00 
        65  3.500000015E-02 -2.932504192E-02  6.561999675E-03  2.157981651E+00 
        66  3.500000015E-02 -2.918104269E-02  6.562000141E-03  2.311725730E+00 
        67  3.500000015E-02 -2.903704345E-02  6.562000141E-03  2.083978221E+00 
        68  3.500000015E-02 -2.889304236E-02  6.561999675E-03  1.803714506E+00 
        69  3.500000015E-02 -2.874904312E-02  6.562000141E-03  1.829920264E+00 
        70  3.500000015E-02 -2.860504203E-02  6.562000141E-03  1.943644401E+00 
        71  3.500000015E-02 -2.846104279E-02  6.561999675E-03  1.944840621E+00 
        72  3.500000015E-02 -2.831704356E-02  6.562000141E-03  2.695173809E+00 
        73  3.500000015E-02 -2.817304246E-02  6.562000141E-03  2.876217360E+00 
        74  3.500000015E-02 -2.802904323E-02  6.562000141E-03  3.742502567E+00 
        75  3.500000015E-02 -2.788504213E-02  6.562000141E-03  4.992266372E+00 
        76  3.500000015E-02 -2.774104290E-02  6.561999675E-03  6.265057567E+00 
