cellnumber     x-coordinate     y-coordinate     z-coordinate velocity-magnitude 
         1  3.500000015E-02 -3.232943267E-02  6.562000141E-03  2.060513077E+00 
         2  3.500000015E-02 -3.219095245E-02  6.562000141E-03  2.019831513E+00 
         3  3.500000015E-02 -3.206104040E-02  6.561999675E-03  2.130098893E+00 
         4  3.500000015E-02 -3.191704303E-02  6.561999675E-03  2.165174279E+00 
         5  3.500000015E-02 -3.177304193E-02  6.561999675E-03  2.204963735E+00 
         6  3.500000015E-02 -3.162904084E-02  6.561999675E-03  2.239362892E+00 
         7  3.500000015E-02 -3.148504347E-02  6.561999675E-03  2.345117013E+00 
         8  3.500000015E-02 -3.134104237E-02  6.561999675E-03  2.754495504E+00 
         9  3.500000015E-02 -3.119704314E-02  6.561999675E-03  3.324173175E+00 
        10  3.500000015E-02 -3.105304204E-02  6.561999675E-03  3.561543888E+00 
        11  3.500000015E-02 -3.090904281E-02  6.561999675E-03  3.385126505E+00 
        12  3.500000015E-02 -3.076504171E-02  6.561999675E-03  3.228875562E+00 
        13  3.500000015E-02 -3.062104248E-02  6.561999675E-03  3.122132383E+00 
        14  3.500000015E-02 -3.047704324E-02  6.561999675E-03  3.235373774E+00 
        15  3.500000015E-02 -3.033304214E-02  6.561999675E-03  3.227657819E+00 
        16  3.500000015E-02 -3.018904291E-02  6.561999675E-03  3.146816285E+00 
        17  3.500000015E-02 -3.004504181E-02  6.561999675E-03  3.528291561E+00 
        18  3.500000015E-02 -2.990104258E-02  6.561999675E-03  3.589707756E+00 
        19  3.500000015E-02 -2.975704335E-02  6.561999675E-03  3.218706603E+00 
        20  3.500000015E-02 -2.961304225E-02  6.561999675E-03  3.437795941E+00 
        21  3.500000015E-02 -2.946904302E-02  6.561999675E-03  3.124322357E+00 
        22  3.500000015E-02 -2.932504192E-02  6.561999675E-03  2.800387353E+00 
        23  3.500000015E-02 -2.918104269E-02  6.561999675E-03  2.756132256E+00 
        24  3.500000015E-02 -2.903704345E-02  6.561999675E-03  2.172956467E+00 
        25  3.500000015E-02 -2.889304236E-02  6.561999675E-03  2.174084744E+00 
        26  3.500000015E-02 -2.296095528E-02  6.562000141E-03  3.315707194E-02 
        27  3.500000015E-02 -2.296585403E-02  6.562000141E-03  9.722915172E-02 
        28  3.500000015E-02 -2.297452837E-02  6.562000141E-03  1.705320932E-01 
        29  3.500000015E-02 -2.298492938E-02  6.562000141E-03  2.536505087E-01 
        30  3.499999642E-02 -2.299739420E-02  6.562000141E-03  3.466446604E-01 
        31  3.500000015E-02 -2.301233262E-02  6.562000141E-03  4.488665577E-01 
        32  3.500000015E-02 -2.303021587E-02  6.561999675E-03  5.576195347E-01 
        33  3.500000015E-02 -2.305160835E-02  6.562000141E-03  6.709617638E-01 
        34  3.500000015E-02 -2.307719551E-02  6.561999675E-03  7.826837673E-01 
        35  3.500000015E-02 -2.310776524E-02  6.561999675E-03  8.985069635E-01 
        36  3.500000015E-02 -2.314046025E-02  6.562000141E-03  1.019367132E+00 
        37  3.500000015E-02 -2.320699580E-02  6.562000141E-03  1.192573087E+00 
        38  3.500000015E-02 -2.332915738E-02  6.562000141E-03  1.296102119E+00 
        39  3.500000015E-02 -2.344694175E-02  6.562000141E-03  1.418366329E+00 
        40  3.500000015E-02 -2.356504276E-02  6.562000141E-03  1.400928917E+00 
        41  3.500000015E-02 -2.370904200E-02  6.562000141E-03  1.240989568E+00 
        42  3.500000015E-02 -2.385304309E-02  6.561999675E-03  1.316161396E+00 
        43  3.500000015E-02 -2.399704233E-02  6.562000141E-03  1.513657089E+00 
        44  3.500000015E-02 -2.414104342E-02  6.562000141E-03  1.697680365E+00 
        45  3.500000015E-02 -2.428504266E-02  6.561999675E-03  1.915401658E+00 
        46  3.500000015E-02 -2.442904189E-02  6.561999675E-03  1.942732234E+00 
        47  3.500000015E-02 -2.457304299E-02  6.561999675E-03  1.709894769E+00 
        48  3.500000015E-02 -2.471704222E-02  6.561999675E-03  1.567701000E+00 
        49  3.500000015E-02 -2.486104332E-02  6.561999675E-03  1.504542453E+00 
        50  3.500000015E-02 -2.500504255E-02  6.561999675E-03  1.574824724E+00 
        51  3.500000015E-02 -2.514904365E-02  6.561999675E-03  1.502975700E+00 
        52  3.500000015E-02 -2.529304288E-02  6.561999675E-03  1.384853461E+00 
        53  3.500000015E-02 -2.543704212E-02  6.561999675E-03  1.415267282E+00 
        54  3.500000015E-02 -2.558104321E-02  6.561999675E-03  1.674769003E+00 
        55  3.500000015E-02 -2.572504245E-02  6.561999675E-03  1.923290309E+00 
        56  3.500000015E-02 -2.586904354E-02  6.561999675E-03  1.929147967E+00 
        57  3.500000015E-02 -2.601304278E-02  6.561999675E-03  1.841895112E+00 
        58  3.500000015E-02 -2.615704201E-02  6.561999675E-03  1.699064889E+00 
        59  3.500000015E-02 -2.630104311E-02  6.561999675E-03  1.562750149E+00 
        60  3.500000015E-02 -2.644504234E-02  6.561999675E-03  1.163294588E+00 
        61  3.500000015E-02 -2.658904344E-02  6.561999675E-03  8.630260929E-01 
        62  3.500000015E-02 -2.673304267E-02  6.561999675E-03  1.170917844E+00 
        63  3.500000015E-02 -2.687704191E-02  6.561999675E-03  1.276318939E+00 
        64  3.500000015E-02 -2.702104300E-02  6.561999675E-03  1.011879164E+00 
        65  3.500000015E-02 -2.716504224E-02  6.562000141E-03  5.635813062E-01 
        66  3.500000015E-02 -2.730904333E-02  6.562000141E-03  9.632819780E-01 
        67  3.500000015E-02 -2.745304257E-02  6.561999675E-03  8.339685755E-01 
        68  3.500000015E-02 -2.759704180E-02  6.561999675E-03  9.006384615E-01 
        69  3.500000015E-02 -2.774104290E-02  6.561999675E-03  6.085431017E-01 
        70  3.500000015E-02 -2.788504213E-02  6.561999675E-03  1.122009674E+00 
        71  3.500000015E-02 -2.802904323E-02  6.561999675E-03  1.590812130E+00 
        72  3.500000015E-02 -2.817304246E-02  6.561999675E-03  2.027580214E+00 
        73  3.500000015E-02 -2.831704356E-02  6.561999675E-03  2.122053472E+00 
        74  3.500000015E-02 -2.846104279E-02  6.561999675E-03  2.194049597E+00 
        75  3.500000015E-02 -2.860504203E-02  6.561999675E-03  1.968658603E+00 
        76  3.500000015E-02 -2.874904312E-02  6.562000141E-03  2.106992629E+00 
