cellnumber     x-coordinate     y-coordinate     z-coordinate velocity-magnitude 
         1  3.500000015E-02 -2.296095528E-02  6.562000141E-03  3.584781006E-02 
         2  3.500000015E-02 -2.296585217E-02  6.562000141E-03  1.025021785E-01 
         3  3.500000015E-02 -2.297452837E-02  6.562000141E-03  1.755351518E-01 
         4  3.500000015E-02 -2.298492938E-02  6.562000141E-03  2.536766088E-01 
         5  3.500000015E-02 -2.299739420E-02  6.562000141E-03  3.353577413E-01 
         6  3.500000015E-02 -2.301233262E-02  6.562000141E-03  4.185805363E-01 
         7  3.500000015E-02 -2.303021587E-02  6.561999675E-03  5.024576442E-01 
         8  3.500000015E-02 -2.305160835E-02  6.562000141E-03  5.825239615E-01 
         9  3.500000015E-02 -2.307719551E-02  6.561999675E-03  6.599028264E-01 
        10  3.500000015E-02 -2.310776524E-02  6.561999675E-03  7.183491326E-01 
        11  3.500000015E-02 -2.314046025E-02  6.562000141E-03  7.884890725E-01 
        12  3.500000015E-02 -2.320699580E-02  6.562000141E-03  7.854786817E-01 
        13  3.500000015E-02 -2.332915738E-02  6.562000141E-03  5.729888029E-01 
        14  3.500000015E-02 -2.344694175E-02  6.562000141E-03  6.199819120E-01 
        15  3.500000015E-02 -2.356504276E-02  6.561999675E-03  1.112363410E+00 
        16  3.500000015E-02 -2.370904200E-02  6.562000141E-03  1.474894198E+00 
        17  3.500000015E-02 -2.385304309E-02  6.562000141E-03  1.474587616E+00 
        18  3.500000015E-02 -2.399704233E-02  6.561999675E-03  1.411168973E+00 
        19  3.500000015E-02 -2.414104342E-02  6.561999675E-03  1.494847419E+00 
        20  3.500000015E-02 -2.428504266E-02  6.561999675E-03  1.365935317E+00 
        21  3.500000015E-02 -2.442904375E-02  6.561999675E-03  1.393374045E+00 
        22  3.500000015E-02 -2.457304299E-02  6.562000141E-03  1.671632593E+00 
        23  3.500000015E-02 -2.471704222E-02  6.561999675E-03  1.915979919E+00 
        24  3.500000015E-02 -2.486104332E-02  6.562000141E-03  2.313490001E+00 
        25  3.500000015E-02 -2.500504255E-02  6.561999675E-03  2.850309455E+00 
        26  3.500000015E-02 -2.514904365E-02  6.562000141E-03  3.021428317E+00 
        27  3.500000015E-02 -2.529304288E-02  6.562000141E-03  3.033871303E+00 
        28  3.500000015E-02 -2.543704212E-02  6.562000141E-03  3.493213817E+00 
        29  3.500000015E-02 -2.558104321E-02  6.562000141E-03  4.198604488E+00 
        30  3.500000015E-02 -2.572504245E-02  6.561999675E-03  4.475255107E+00 
        31  3.500000015E-02 -2.586904354E-02  6.561999675E-03  4.149578185E+00 
        32  3.500000015E-02 -2.601304278E-02  6.561999675E-03  3.471346556E+00 
        33  3.500000015E-02 -2.615704201E-02  6.561999675E-03  2.897165400E+00 
        34  3.500000015E-02 -2.630104311E-02  6.561999675E-03  2.686938834E+00 
        35  3.500000015E-02 -2.644504234E-02  6.562000141E-03  2.747152922E+00 
        36  3.500000015E-02 -2.658904344E-02  6.561999675E-03  2.524281911E+00 
        37  3.500000015E-02 -2.673304267E-02  6.561999675E-03  1.931691544E+00 
        38  3.500000015E-02 -2.687704191E-02  6.561999675E-03  2.127757350E+00 
        39  3.500000015E-02 -2.702104300E-02  6.562000141E-03  3.304690875E+00 
        40  3.500000015E-02 -2.716504224E-02  6.561999675E-03  4.316899611E+00 
        41  3.500000015E-02 -2.730904333E-02  6.561999675E-03  4.939398503E+00 
        42  3.500000015E-02 -2.745304257E-02  6.561999675E-03  4.618542255E+00 
        43  3.500000015E-02 -2.759704180E-02  6.561999675E-03  4.501254373E+00 
        44  3.500000015E-02 -2.774104290E-02  6.561999675E-03  4.380399853E+00 
        45  3.500000015E-02 -2.788504213E-02  6.561999675E-03  4.397720660E+00 
        46  3.500000015E-02 -2.802904323E-02  6.561999675E-03  4.565643239E+00 
        47  3.500000015E-02 -2.817304246E-02  6.561999675E-03  4.618287520E+00 
        48  3.500000015E-02 -2.831704356E-02  6.561999675E-03  4.471709971E+00 
        49  3.500000015E-02 -2.846104279E-02  6.561999675E-03  4.298588874E+00 
        50  3.500000015E-02 -2.860504203E-02  6.561999675E-03  4.275304558E+00 
        51  3.500000015E-02 -2.874904312E-02  6.561999675E-03  4.361046991E+00 
        52  3.500000015E-02 -2.889304236E-02  6.561999675E-03  4.399586272E+00 
        53  3.500000015E-02 -2.903704345E-02  6.562000141E-03  4.485777967E+00 
        54  3.500000015E-02 -2.918104269E-02  6.562000141E-03  4.668508604E+00 
        55  3.500000015E-02 -2.932504192E-02  6.562000141E-03  4.852619371E+00 
        56  3.500000015E-02 -2.946904302E-02  6.562000141E-03  5.023378608E+00 
        57  3.500000015E-02 -2.961304225E-02  6.562000141E-03  5.158867970E+00 
        58  3.500000015E-02 -2.975704335E-02  6.561999675E-03  5.215134051E+00 
        59  3.500000015E-02 -2.990104258E-02  6.561999675E-03  5.213309272E+00 
        60  3.500000015E-02 -3.004504181E-02  6.561999675E-03  5.472454006E+00 
        61  3.500000015E-02 -3.018904291E-02  6.561999675E-03  5.561347130E+00 
        62  3.500000015E-02 -3.033304214E-02  6.561999675E-03  5.409936903E+00 
        63  3.500000015E-02 -3.047704324E-02  6.561999675E-03  4.884347625E+00 
        64  3.500000015E-02 -3.062104248E-02  6.561999675E-03  3.791823112E+00 
        65  3.500000015E-02 -3.076504171E-02  6.561999675E-03  3.110919034E+00 
        66  3.500000015E-02 -3.090904281E-02  6.561999675E-03  2.971078018E+00 
        67  3.500000015E-02 -3.105304204E-02  6.561999675E-03  2.390484759E+00 
        68  3.500000015E-02 -3.119704314E-02  6.561999675E-03  1.133428794E+00 
        69  3.500000015E-02 -3.134104237E-02  6.561999675E-03  1.269961993E+00 
        70  3.500000015E-02 -3.148504347E-02  6.561999675E-03  2.441433707E+00 
        71  3.500000015E-02 -3.162904084E-02  6.561999675E-03  2.955452106E+00 
        72  3.500000015E-02 -3.177304193E-02  6.561999675E-03  3.068624083E+00 
        73  3.500000015E-02 -3.191704303E-02  6.561999675E-03  2.513293325E+00 
        74  3.500000015E-02 -3.206104040E-02  6.561999675E-03  1.501462096E+00 
        75  3.500000015E-02 -3.219095245E-02  6.562000141E-03  8.572098906E-01 
        76  3.500000015E-02 -3.232943267E-02  6.562000141E-03  8.763384899E-01 
