cellnumber     x-coordinate     y-coordinate     z-coordinate velocity-magnitude 
         1  3.500000015E-02 -2.296095528E-02  6.562000141E-03  6.101032484E-02 
         2  3.500000015E-02 -2.296585217E-02  6.562000141E-03  1.683544754E-01 
         3  3.500000015E-02 -2.297452837E-02  6.562000141E-03  2.780952712E-01 
         4  3.500000015E-02 -2.298492938E-02  6.562000141E-03  3.877557255E-01 
         5  3.500000015E-02 -2.299739420E-02  6.562000141E-03  4.953256060E-01 
         6  3.500000015E-02 -2.301233262E-02  6.562000141E-03  6.004567929E-01 
         7  3.500000015E-02 -2.303021587E-02  6.561999675E-03  7.054275155E-01 
         8  3.500000015E-02 -2.305160835E-02  6.562000141E-03  8.145885317E-01 
         9  3.500000015E-02 -2.307719551E-02  6.561999675E-03  9.298470848E-01 
        10  3.500000015E-02 -2.310776524E-02  6.561999675E-03  1.053065090E+00 
        11  3.500000015E-02 -2.314046025E-02  6.562000141E-03  1.141749926E+00 
        12  3.500000015E-02 -2.320699580E-02  6.562000141E-03  1.213928492E+00 
        13  3.500000015E-02 -2.332915738E-02  6.562000141E-03  1.280701094E+00 
        14  3.500000015E-02 -2.344694175E-02  6.562000141E-03  1.297532623E+00 
        15  3.500000015E-02 -2.356504276E-02  6.562000141E-03  1.397657513E+00 
        16  3.500000015E-02 -2.370904200E-02  6.562000141E-03  1.508506587E+00 
        17  3.500000015E-02 -2.385304309E-02  6.562000141E-03  1.454154032E+00 
        18  3.500000015E-02 -2.399704233E-02  6.562000141E-03  1.544500091E+00 
        19  3.500000015E-02 -2.414104342E-02  6.562000141E-03  1.690266393E+00 
        20  3.500000015E-02 -2.428504266E-02  6.562000141E-03  1.768775052E+00 
        21  3.500000015E-02 -2.442904375E-02  6.562000141E-03  1.598472370E+00 
        22  3.500000015E-02 -2.457304299E-02  6.562000141E-03  1.763755626E+00 
        23  3.500000015E-02 -2.471704222E-02  6.562000141E-03  2.236122731E+00 
        24  3.500000015E-02 -2.486104332E-02  6.562000141E-03  2.141055623E+00 
        25  3.500000015E-02 -2.500504255E-02  6.562000141E-03  1.754419845E+00 
        26  3.500000015E-02 -2.514904365E-02  6.562000141E-03  1.437938030E+00 
        27  3.500000015E-02 -2.529304288E-02  6.562000141E-03  1.499725925E+00 
        28  3.500000015E-02 -2.543704212E-02  6.562000141E-03  2.054351733E+00 
        29  3.500000015E-02 -2.558104321E-02  6.562000141E-03  2.277431608E+00 
        30  3.500000015E-02 -2.572504245E-02  6.562000141E-03  2.393918316E+00 
        31  3.500000015E-02 -2.586904354E-02  6.562000141E-03  2.814858567E+00 
        32  3.500000015E-02 -2.601304278E-02  6.562000141E-03  2.977179915E+00 
        33  3.500000015E-02 -2.615704201E-02  6.562000141E-03  3.043555233E+00 
        34  3.500000015E-02 -2.630104311E-02  6.562000141E-03  3.134274688E+00 
        35  3.500000015E-02 -2.644504234E-02  6.562000141E-03  3.182047004E+00 
        36  3.500000015E-02 -2.658904344E-02  6.562000141E-03  3.421746436E+00 
        37  3.500000015E-02 -2.673304267E-02  6.562000141E-03  3.552115317E+00 
        38  3.500000015E-02 -2.687704191E-02  6.562000141E-03  3.725070077E+00 
        39  3.500000015E-02 -2.702104300E-02  6.562000141E-03  3.803568199E+00 
        40  3.500000015E-02 -2.716504224E-02  6.562000141E-03  3.739330977E+00 
        41  3.500000015E-02 -2.730904333E-02  6.562000141E-03  3.679895676E+00 
        42  3.500000015E-02 -2.745304257E-02  6.562000141E-03  4.076623366E+00 
        43  3.500000015E-02 -2.759704366E-02  6.562000141E-03  5.010837665E+00 
        44  3.500000015E-02 -3.162904084E-02  6.561999675E-03  2.372218908E+00 
        45  3.500000015E-02 -3.177304193E-02  6.561999675E-03  2.350321757E+00 
        46  3.500000015E-02 -3.191704303E-02  6.561999675E-03  2.313062117E+00 
        47  3.500000015E-02 -3.206104040E-02  6.561999675E-03  2.258278269E+00 
        48  3.500000015E-02 -3.219095245E-02  6.562000141E-03  1.894255085E+00 
        49  3.500000015E-02 -3.232943267E-02  6.562000141E-03  1.637795699E+00 
        50  3.500000015E-02 -3.148504347E-02  6.561999675E-03  2.408979075E+00 
        51  3.500000015E-02 -3.134104237E-02  6.561999675E-03  2.373234402E+00 
        52  3.500000015E-02 -3.119704314E-02  6.561999675E-03  2.326359860E+00 
        53  3.500000015E-02 -3.105304204E-02  6.561999675E-03  2.213713186E+00 
        54  3.500000015E-02 -3.090904281E-02  6.561999675E-03  2.006129406E+00 
        55  3.500000015E-02 -3.076504171E-02  6.561999675E-03  1.900154290E+00 
        56  3.500000015E-02 -3.062104248E-02  6.561999675E-03  2.010434423E+00 
        57  3.500000015E-02 -3.047704324E-02  6.561999675E-03  2.466169322E+00 
        58  3.500000015E-02 -3.033304214E-02  6.562000141E-03  3.248355951E+00 
        59  3.500000015E-02 -3.018904291E-02  6.561999675E-03  3.700603876E+00 
        60  3.500000015E-02 -3.004504181E-02  6.562000141E-03  3.719649381E+00 
        61  3.500000015E-02 -2.990104258E-02  6.562000141E-03  4.444857028E+00 
        62  3.500000015E-02 -2.975704335E-02  6.561999675E-03  6.193173528E+00 
        63  3.500000015E-02 -2.961304225E-02  6.561999675E-03  6.139467799E+00 
        64  3.500000015E-02 -2.946904302E-02  6.562000141E-03  5.530209587E+00 
        65  3.500000015E-02 -2.932504192E-02  6.561999675E-03  4.562066511E+00 
        66  3.500000015E-02 -2.918104269E-02  6.562000141E-03  3.990300484E+00 
        67  3.500000015E-02 -2.903704345E-02  6.562000141E-03  3.550405816E+00 
        68  3.500000015E-02 -2.889304236E-02  6.561999675E-03  3.663710668E+00 
        69  3.500000015E-02 -2.874904312E-02  6.562000141E-03  3.500500822E+00 
        70  3.500000015E-02 -2.860504203E-02  6.562000141E-03  3.210785979E+00 
        71  3.500000015E-02 -2.846104279E-02  6.561999675E-03  3.328308759E+00 
        72  3.500000015E-02 -2.831704356E-02  6.562000141E-03  3.637331387E+00 
        73  3.500000015E-02 -2.817304246E-02  6.562000141E-03  4.211366368E+00 
        74  3.500000015E-02 -2.802904323E-02  6.562000141E-03  5.107363421E+00 
        75  3.500000015E-02 -2.788504213E-02  6.562000141E-03  5.863864210E+00 
        76  3.500000015E-02 -2.774104290E-02  6.561999675E-03  5.929812289E+00 
