cellnumber     x-coordinate     y-coordinate     z-coordinate velocity-magnitude 
         1  3.500000015E-02 -2.296095528E-02  6.562000141E-03  2.677019595E-02 
         2  3.500000015E-02 -2.296585217E-02  6.562000141E-03  7.527828182E-02 
         3  3.500000015E-02 -2.297452837E-02  6.562000141E-03  1.266278390E-01 
         4  3.500000015E-02 -2.298492938E-02  6.562000141E-03  1.796434705E-01 
         5  3.500000015E-02 -2.299739420E-02  6.562000141E-03  2.333726994E-01 
         6  3.500000015E-02 -2.301233262E-02  6.562000141E-03  2.885264932E-01 
         7  3.500000015E-02 -2.303021587E-02  6.561999675E-03  3.481177291E-01 
         8  3.500000015E-02 -2.305160835E-02  6.562000141E-03  4.211093939E-01 
         9  3.500000015E-02 -2.307719551E-02  6.561999675E-03  5.096307987E-01 
        10  3.500000015E-02 -2.310776524E-02  6.561999675E-03  6.319314537E-01 
        11  3.500000015E-02 -2.314046025E-02  6.562000141E-03  8.052400752E-01 
        12  3.500000015E-02 -2.320699580E-02  6.562000141E-03  9.570666684E-01 
        13  3.500000015E-02 -2.332915738E-02  6.562000141E-03  9.601605235E-01 
        14  3.500000015E-02 -2.344694175E-02  6.562000141E-03  8.162568601E-01 
        15  3.500000015E-02 -2.356504276E-02  6.562000141E-03  5.761472627E-01 
        16  3.500000015E-02 -2.370904200E-02  6.562000141E-03  5.593078040E-01 
        17  3.500000015E-02 -2.385304309E-02  6.562000141E-03  5.967046350E-01 
        18  3.500000015E-02 -2.399704233E-02  6.562000141E-03  9.371890380E-01 
        19  3.500000015E-02 -2.414104342E-02  6.562000141E-03  1.166822889E+00 
        20  3.500000015E-02 -2.428504266E-02  6.562000141E-03  1.081696856E+00 
        21  3.500000015E-02 -2.442904375E-02  6.562000141E-03  6.640306091E-01 
        22  3.500000015E-02 -2.457304299E-02  6.562000141E-03  3.688590937E-01 
        23  3.500000015E-02 -2.471704222E-02  6.562000141E-03  1.434024543E-01 
        24  3.500000015E-02 -2.486104332E-02  6.562000141E-03  2.101154389E-01 
        25  3.500000015E-02 -2.500504255E-02  6.562000141E-03  6.205857412E-01 
        26  3.500000015E-02 -2.514904365E-02  6.562000141E-03  9.569319943E-01 
        27  3.500000015E-02 -2.529304288E-02  6.562000141E-03  1.200786208E+00 
        28  3.500000015E-02 -2.543704212E-02  6.562000141E-03  1.345625144E+00 
        29  3.500000015E-02 -2.558104321E-02  6.562000141E-03  1.528214215E+00 
        30  3.500000015E-02 -2.572504245E-02  6.562000141E-03  2.338724061E+00 
        31  3.500000015E-02 -2.586904354E-02  6.562000141E-03  3.587441112E+00 
        32  3.500000015E-02 -2.601304278E-02  6.562000141E-03  4.204325442E+00 
        33  3.500000015E-02 -2.615704201E-02  6.562000141E-03  4.560923041E+00 
        34  3.500000015E-02 -2.630104311E-02  6.562000141E-03  4.880644237E+00 
        35  3.500000015E-02 -2.644504234E-02  6.562000141E-03  5.012266028E+00 
        36  3.500000015E-02 -2.658904344E-02  6.562000141E-03  4.961000362E+00 
        37  3.500000015E-02 -2.673304267E-02  6.562000141E-03  4.792201987E+00 
        38  3.500000015E-02 -2.687704191E-02  6.562000141E-03  4.828029994E+00 
        39  3.500000015E-02 -2.702104300E-02  6.562000141E-03  4.961919461E+00 
        40  3.500000015E-02 -2.716504224E-02  6.562000141E-03  4.798763844E+00 
        41  3.500000015E-02 -2.730904333E-02  6.562000141E-03  4.557609273E+00 
        42  3.500000015E-02 -2.745304257E-02  6.562000141E-03  3.512554909E+00 
        43  3.500000015E-02 -2.759704366E-02  6.562000141E-03  3.093627858E+00 
        44  3.500000015E-02 -3.162904084E-02  6.561999675E-03  1.807748535E+00 
        45  3.500000015E-02 -3.177304193E-02  6.561999675E-03  1.876459042E+00 
        46  3.500000015E-02 -3.191704303E-02  6.561999675E-03  1.915110829E+00 
        47  3.500000015E-02 -3.206104040E-02  6.561999675E-03  1.865913450E+00 
        48  3.500000015E-02 -3.219095245E-02  6.562000141E-03  1.565461364E+00 
        49  3.500000015E-02 -3.232943267E-02  6.562000141E-03  1.490493508E+00 
        50  3.500000015E-02 -3.148504347E-02  6.561999675E-03  1.665448807E+00 
        51  3.500000015E-02 -3.134104237E-02  6.561999675E-03  1.461984551E+00 
        52  3.500000015E-02 -3.119704314E-02  6.561999675E-03  1.604577084E+00 
        53  3.500000015E-02 -3.105304204E-02  6.561999675E-03  1.834501191E+00 
        54  3.500000015E-02 -3.090904281E-02  6.561999675E-03  2.463200265E+00 
        55  3.500000015E-02 -3.076504171E-02  6.561999675E-03  2.862583699E+00 
        56  3.500000015E-02 -3.062104248E-02  6.561999675E-03  2.968519470E+00 
        57  3.500000015E-02 -3.047704324E-02  6.561999675E-03  2.829629802E+00 
        58  3.500000015E-02 -3.033304214E-02  6.562000141E-03  2.576249787E+00 
        59  3.500000015E-02 -3.018904291E-02  6.561999675E-03  2.368814483E+00 
        60  3.500000015E-02 -3.004504181E-02  6.562000141E-03  2.381667727E+00 
        61  3.500000015E-02 -2.990104258E-02  6.562000141E-03  2.623637446E+00 
        62  3.500000015E-02 -2.975704335E-02  6.561999675E-03  3.018883504E+00 
        63  3.500000015E-02 -2.961304225E-02  6.561999675E-03  3.195849583E+00 
        64  3.500000015E-02 -2.946904302E-02  6.562000141E-03  4.246405401E+00 
        65  3.500000015E-02 -2.932504192E-02  6.561999675E-03  4.385257486E+00 
        66  3.500000015E-02 -2.918104269E-02  6.562000141E-03  3.611567461E+00 
        67  3.500000015E-02 -2.903704345E-02  6.562000141E-03  2.823393632E+00 
        68  3.500000015E-02 -2.889304236E-02  6.561999675E-03  3.047071478E+00 
        69  3.500000015E-02 -2.874904312E-02  6.562000141E-03  3.091711443E+00 
        70  3.500000015E-02 -2.860504203E-02  6.562000141E-03  3.005625093E+00 
        71  3.500000015E-02 -2.846104279E-02  6.561999675E-03  3.089428164E+00 
        72  3.500000015E-02 -2.831704356E-02  6.562000141E-03  3.164369742E+00 
        73  3.500000015E-02 -2.817304246E-02  6.562000141E-03  3.094472704E+00 
        74  3.500000015E-02 -2.802904323E-02  6.562000141E-03  3.362614417E+00 
        75  3.500000015E-02 -2.788504213E-02  6.562000141E-03  3.145389084E+00 
        76  3.500000015E-02 -2.774104290E-02  6.561999675E-03  2.878026524E+00 
