cellnumber     x-coordinate     y-coordinate     z-coordinate velocity-magnitude 
         1  3.500000015E-02 -2.296095528E-02  6.562000141E-03  8.484171088E-02 
         2  3.500000015E-02 -2.296585217E-02  6.562000141E-03  2.531891317E-01 
         3  3.500000015E-02 -2.297452837E-02  6.562000141E-03  4.499642714E-01 
         4  3.500000015E-02 -2.298492938E-02  6.562000141E-03  6.751396046E-01 
         5  3.500000015E-02 -2.299739420E-02  6.562000141E-03  9.258077336E-01 
         6  3.500000015E-02 -2.301233262E-02  6.562000141E-03  1.191932089E+00 
         7  3.500000015E-02 -2.303021587E-02  6.561999675E-03  1.452398870E+00 
         8  3.500000015E-02 -2.305160835E-02  6.562000141E-03  1.671159340E+00 
         9  3.500000015E-02 -2.307719551E-02  6.561999675E-03  1.810882808E+00 
        10  3.500000015E-02 -2.310776524E-02  6.561999675E-03  1.851405424E+00 
        11  3.500000015E-02 -2.314046025E-02  6.562000141E-03  1.810729268E+00 
        12  3.500000015E-02 -2.320699580E-02  6.562000141E-03  1.713558257E+00 
        13  3.500000015E-02 -2.332915738E-02  6.562000141E-03  1.489847996E+00 
        14  3.500000015E-02 -2.344694175E-02  6.562000141E-03  1.305104299E+00 
        15  3.500000015E-02 -2.356504276E-02  6.562000141E-03  1.240198415E+00 
        16  3.500000015E-02 -2.370904200E-02  6.562000141E-03  1.211961864E+00 
        17  3.500000015E-02 -2.385304309E-02  6.562000141E-03  1.125386517E+00 
        18  3.500000015E-02 -2.399704233E-02  6.562000141E-03  1.181304518E+00 
        19  3.500000015E-02 -2.414104342E-02  6.562000141E-03  1.267815076E+00 
        20  3.500000015E-02 -2.428504266E-02  6.562000141E-03  1.333033237E+00 
        21  3.500000015E-02 -2.442904375E-02  6.562000141E-03  1.294699435E+00 
        22  3.500000015E-02 -2.457304299E-02  6.562000141E-03  1.390547156E+00 
        23  3.500000015E-02 -2.471704222E-02  6.562000141E-03  1.265807429E+00 
        24  3.500000015E-02 -2.486104332E-02  6.562000141E-03  2.372362874E+00 
        25  3.500000015E-02 -2.500504255E-02  6.562000141E-03  3.018823691E+00 
        26  3.500000015E-02 -2.514904365E-02  6.562000141E-03  3.650260706E+00 
        27  3.500000015E-02 -2.529304288E-02  6.562000141E-03  4.490624237E+00 
        28  3.500000015E-02 -2.543704212E-02  6.562000141E-03  4.340681908E+00 
        29  3.500000015E-02 -2.558104321E-02  6.562000141E-03  4.758608749E+00 
        30  3.500000015E-02 -2.572504245E-02  6.562000141E-03  5.496239918E+00 
        31  3.500000015E-02 -2.586904354E-02  6.562000141E-03  5.638167228E+00 
        32  3.500000015E-02 -2.601304278E-02  6.562000141E-03  5.720371729E+00 
        33  3.500000015E-02 -2.615704201E-02  6.562000141E-03  6.119430467E+00 
        34  3.500000015E-02 -2.630104311E-02  6.562000141E-03  6.653246451E+00 
        35  3.500000015E-02 -2.644504234E-02  6.562000141E-03  6.918542549E+00 
        36  3.500000015E-02 -2.658904344E-02  6.562000141E-03  7.218454613E+00 
        37  3.500000015E-02 -2.673304267E-02  6.562000141E-03  6.968940230E+00 
        38  3.500000015E-02 -2.687704191E-02  6.562000141E-03  6.290138896E+00 
        39  3.500000015E-02 -2.702104300E-02  6.562000141E-03  6.041034326E+00 
        40  3.500000015E-02 -2.716504224E-02  6.562000141E-03  6.084085261E+00 
        41  3.500000015E-02 -2.730904333E-02  6.562000141E-03  6.316960047E+00 
        42  3.500000015E-02 -2.745304257E-02  6.562000141E-03  6.523444780E+00 
        43  3.500000015E-02 -2.759704366E-02  6.562000141E-03  6.566482605E+00 
        44  3.500000015E-02 -3.162904084E-02  6.561999675E-03  5.232640926E-01 
        45  3.500000015E-02 -3.177304193E-02  6.561999675E-03  6.153008160E-01 
        46  3.500000015E-02 -3.191704303E-02  6.561999675E-03  9.035550506E-01 
        47  3.500000015E-02 -3.206104040E-02  6.561999675E-03  1.591872474E+00 
        48  3.500000015E-02 -3.219095245E-02  6.562000141E-03  1.976753746E+00 
        49  3.500000015E-02 -3.232943267E-02  6.562000141E-03  1.939902578E+00 
        50  3.500000015E-02 -3.148504347E-02  6.561999675E-03  7.455319908E-01 
        51  3.500000015E-02 -3.134104237E-02  6.561999675E-03  1.133928620E+00 
        52  3.500000015E-02 -3.119704314E-02  6.561999675E-03  9.128019363E-01 
        53  3.500000015E-02 -3.105304204E-02  6.561999675E-03  6.319484590E-01 
        54  3.500000015E-02 -3.090904281E-02  6.561999675E-03  1.096803697E+00 
        55  3.500000015E-02 -3.076504171E-02  6.561999675E-03  1.851585443E+00 
        56  3.500000015E-02 -3.062104248E-02  6.561999675E-03  3.036660197E+00 
        57  3.500000015E-02 -3.047704324E-02  6.561999675E-03  3.551336690E+00 
        58  3.500000015E-02 -3.033304214E-02  6.562000141E-03  3.645495770E+00 
        59  3.500000015E-02 -3.018904291E-02  6.561999675E-03  3.666944225E+00 
        60  3.500000015E-02 -3.004504181E-02  6.562000141E-03  3.843926168E+00 
        61  3.500000015E-02 -2.990104258E-02  6.562000141E-03  4.273701142E+00 
        62  3.500000015E-02 -2.975704335E-02  6.561999675E-03  5.039220071E+00 
        63  3.500000015E-02 -2.961304225E-02  6.561999675E-03  5.034493457E+00 
        64  3.500000015E-02 -2.946904302E-02  6.562000141E-03  5.246908873E+00 
        65  3.500000015E-02 -2.932504192E-02  6.561999675E-03  4.901423859E+00 
        66  3.500000015E-02 -2.918104269E-02  6.562000141E-03  4.768495065E+00 
        67  3.500000015E-02 -2.903704345E-02  6.562000141E-03  5.224555724E+00 
        68  3.500000015E-02 -2.889304236E-02  6.561999675E-03  5.770097502E+00 
        69  3.500000015E-02 -2.874904312E-02  6.562000141E-03  5.815426046E+00 
        70  3.500000015E-02 -2.860504203E-02  6.562000141E-03  6.010591732E+00 
        71  3.500000015E-02 -2.846104279E-02  6.561999675E-03  6.588557082E+00 
        72  3.500000015E-02 -2.831704356E-02  6.562000141E-03  6.976862466E+00 
        73  3.500000015E-02 -2.817304246E-02  6.562000141E-03  6.933830124E+00 
        74  3.500000015E-02 -2.802904323E-02  6.562000141E-03  6.672076378E+00 
        75  3.500000015E-02 -2.788504213E-02  6.562000141E-03  6.409436171E+00 
        76  3.500000015E-02 -2.774104290E-02  6.561999675E-03  6.522582146E+00 
