cellnumber     x-coordinate     y-coordinate     z-coordinate velocity-magnitude 
         1  3.500000015E-02 -3.232943267E-02  6.562000141E-03  3.370394343E+00 
         2  3.500000015E-02 -3.219095245E-02  6.562000141E-03  3.728235217E+00 
         3  3.500000015E-02 -3.206104040E-02  6.561999675E-03  4.228368967E+00 
         4  3.500000015E-02 -3.191704303E-02  6.561999675E-03  4.553732421E+00 
         5  3.500000015E-02 -3.177304193E-02  6.561999675E-03  4.453479228E+00 
         6  3.500000015E-02 -3.162904084E-02  6.561999675E-03  4.188517163E+00 
         7  3.500000015E-02 -3.148504347E-02  6.561999675E-03  3.992668318E+00 
         8  3.500000015E-02 -3.134104237E-02  6.561999675E-03  3.932511829E+00 
         9  3.500000015E-02 -3.119704314E-02  6.561999675E-03  4.040538297E+00 
        10  3.500000015E-02 -3.105304204E-02  6.561999675E-03  4.453429469E+00 
        11  3.500000015E-02 -3.090904281E-02  6.561999675E-03  5.231474110E+00 
        12  3.500000015E-02 -3.076504171E-02  6.561999675E-03  5.474575998E+00 
        13  3.500000015E-02 -3.062104248E-02  6.561999675E-03  5.147465645E+00 
        14  3.500000015E-02 -3.047704324E-02  6.561999675E-03  4.363662314E+00 
        15  3.500000015E-02 -3.033304214E-02  6.562000141E-03  2.984946402E+00 
        16  3.500000015E-02 -3.018904291E-02  6.561999675E-03  2.366771584E+00 
        17  3.500000015E-02 -3.004504181E-02  6.561999675E-03  1.799819334E+00 
        18  3.500000015E-02 -2.990104258E-02  6.561999675E-03  1.343736313E+00 
        19  3.500000015E-02 -2.975704335E-02  6.561999675E-03  1.183866264E+00 
        20  3.500000015E-02 -2.961304225E-02  6.561999675E-03  1.018668582E+00 
        21  3.500000015E-02 -2.946904302E-02  6.561999675E-03  1.055021014E+00 
        22  3.500000015E-02 -2.932504192E-02  6.561999675E-03  1.138225557E+00 
        23  3.500000015E-02 -2.918104269E-02  6.561999675E-03  1.155981069E+00 
        24  3.500000015E-02 -2.903704345E-02  6.561999675E-03  1.117303024E+00 
        25  3.500000015E-02 -2.889304236E-02  6.561999675E-03  1.090952799E+00 
        26  3.500000015E-02 -2.874904312E-02  6.561999675E-03  9.746473958E-01 
        27  3.500000015E-02 -2.860504203E-02  6.561999675E-03  8.985707207E-01 
        28  3.500000015E-02 -2.846104279E-02  6.561999675E-03  8.872800365E-01 
        29  3.500000015E-02 -2.831704356E-02  6.561999675E-03  8.690802469E-01 
        30  3.500000015E-02 -2.817304246E-02  6.561999675E-03  8.401114920E-01 
        31  3.500000015E-02 -2.802904323E-02  6.561999675E-03  8.210603028E-01 
        32  3.500000015E-02 -2.788504213E-02  6.561999675E-03  8.163233290E-01 
        33  3.500000015E-02 -2.774104290E-02  6.561999675E-03  8.194619611E-01 
        34  3.500000015E-02 -2.759704180E-02  6.561999675E-03  8.270479784E-01 
        35  3.500000015E-02 -2.745304257E-02  6.561999675E-03  8.374284788E-01 
        36  3.500000015E-02 -2.730904333E-02  6.561999675E-03  8.494498936E-01 
        37  3.500000015E-02 -2.716504224E-02  6.561999675E-03  8.619643176E-01 
        38  3.500000015E-02 -2.702104300E-02  6.561999675E-03  8.746069451E-01 
        39  3.500000015E-02 -2.687704191E-02  6.561999675E-03  8.872980512E-01 
        40  3.500000015E-02 -2.673304267E-02  6.561999675E-03  9.001504040E-01 
        41  3.500000015E-02 -2.658904344E-02  6.561999675E-03  9.132120194E-01 
        42  3.500000015E-02 -2.644504234E-02  6.561999675E-03  9.265680193E-01 
        43  3.500000015E-02 -2.296095528E-02  6.562000141E-03  2.118238805E-02 
        44  3.500000015E-02 -2.296585403E-02  6.562000141E-03  5.866309697E-02 
        45  3.500000015E-02 -2.297452837E-02  6.562000141E-03  9.659102020E-02 
        46  3.500000015E-02 -2.298492938E-02  6.562000141E-03  1.325284365E-01 
        47  3.499999642E-02 -2.299739420E-02  6.562000141E-03  1.628829914E-01 
        48  3.500000015E-02 -2.301233262E-02  6.562000141E-03  1.826400171E-01 
        49  3.500000015E-02 -2.303021587E-02  6.561999675E-03  1.849625448E-01 
        50  3.500000015E-02 -2.305160835E-02  6.562000141E-03  1.620174985E-01 
        51  3.500000015E-02 -2.307719551E-02  6.561999675E-03  1.056285231E-01 
        52  3.500000015E-02 -2.310776524E-02  6.561999675E-03  2.272389164E-02 
        53  3.500000015E-02 -2.314046025E-02  6.562000141E-03  1.403686148E-01 
        54  3.500000015E-02 -2.320699580E-02  6.562000141E-03  2.920803690E-01 
        55  3.500000015E-02 -2.332915738E-02  6.562000141E-03  5.780407979E-01 
        56  3.500000015E-02 -2.344694175E-02  6.562000141E-03  8.196059927E-01 
        57  3.500000015E-02 -2.356504276E-02  6.562000141E-03  9.549393579E-01 
        58  3.500000015E-02 -2.370904200E-02  6.562000141E-03  1.038087016E+00 
        59  3.500000015E-02 -2.385304309E-02  6.561999675E-03  1.088189064E+00 
        60  3.500000015E-02 -2.399704233E-02  6.561999675E-03  1.114555879E+00 
        61  3.500000015E-02 -2.414104342E-02  6.561999675E-03  1.127651491E+00 
        62  3.500000015E-02 -2.428504266E-02  6.561999675E-03  1.130633535E+00 
        63  3.500000015E-02 -2.442904189E-02  6.561999675E-03  1.126929707E+00 
        64  3.500000015E-02 -2.457304299E-02  6.561999675E-03  1.118617243E+00 
        65  3.500000015E-02 -2.471704222E-02  6.561999675E-03  1.107236953E+00 
        66  3.500000015E-02 -2.486104332E-02  6.561999675E-03  1.093832091E+00 
        67  3.500000015E-02 -2.500504255E-02  6.561999675E-03  1.079149588E+00 
        68  3.500000015E-02 -2.514904365E-02  6.561999675E-03  1.063668761E+00 
        69  3.500000015E-02 -2.529304288E-02  6.561999675E-03  1.047738919E+00 
        70  3.500000015E-02 -2.543704212E-02  6.561999675E-03  1.031589871E+00 
        71  3.500000015E-02 -2.558104321E-02  6.561999675E-03  1.015492482E+00 
        72  3.500000015E-02 -2.572504245E-02  6.561999675E-03  9.996200800E-01 
        73  3.500000015E-02 -2.586904354E-02  6.561999675E-03  9.841075115E-01 
        74  3.500000015E-02 -2.601304278E-02  6.561999675E-03  9.690317547E-01 
        75  3.500000015E-02 -2.615704201E-02  6.562000141E-03  9.544269774E-01 
        76  3.500000015E-02 -2.630104311E-02  6.561999675E-03  9.402852882E-01 
