cellnumber     x-coordinate     y-coordinate     z-coordinate velocity-magnitude 
         1  3.500000015E-02 -2.296095528E-02  6.562000141E-03  3.122307313E-02 
         2  3.500000015E-02 -2.296585217E-02  6.562000141E-03  8.968220025E-02 
         3  3.500000015E-02 -2.297452837E-02  6.562000141E-03  1.557732824E-01 
         4  3.500000015E-02 -2.298492938E-02  6.562000141E-03  2.311787220E-01 
         5  3.500000015E-02 -2.299739420E-02  6.562000141E-03  3.171432584E-01 
         6  3.500000015E-02 -2.301233262E-02  6.562000141E-03  4.132562840E-01 
         7  3.500000015E-02 -2.303021587E-02  6.561999675E-03  5.133206606E-01 
         8  3.500000015E-02 -2.305160835E-02  6.562000141E-03  6.128488378E-01 
         9  3.500000015E-02 -2.307719551E-02  6.561999675E-03  6.953315914E-01 
        10  3.500000015E-02 -2.310776524E-02  6.561999675E-03  7.757275615E-01 
        11  3.500000015E-02 -2.314046025E-02  6.562000141E-03  8.374703600E-01 
        12  3.500000015E-02 -2.320699580E-02  6.562000141E-03  9.452854854E-01 
        13  3.500000015E-02 -2.332915738E-02  6.562000141E-03  9.925993233E-01 
        14  3.500000015E-02 -2.344694175E-02  6.562000141E-03  1.091249891E+00 
        15  3.500000015E-02 -2.356504276E-02  6.562000141E-03  1.163053987E+00 
        16  3.500000015E-02 -2.370904200E-02  6.562000141E-03  1.354971491E+00 
        17  3.500000015E-02 -2.385304309E-02  6.562000141E-03  1.718954081E+00 
        18  3.500000015E-02 -2.399704233E-02  6.562000141E-03  1.980175112E+00 
        19  3.500000015E-02 -2.414104342E-02  6.562000141E-03  2.082370959E+00 
        20  3.500000015E-02 -2.428504266E-02  6.562000141E-03  2.099349682E+00 
        21  3.500000015E-02 -2.442904375E-02  6.562000141E-03  2.046180763E+00 
        22  3.500000015E-02 -2.457304299E-02  6.562000141E-03  1.974202512E+00 
        23  3.500000015E-02 -2.471704222E-02  6.562000141E-03  2.029223979E+00 
        24  3.500000015E-02 -2.486104332E-02  6.562000141E-03  2.043293566E+00 
        25  3.500000015E-02 -2.500504255E-02  6.562000141E-03  1.878034776E+00 
        26  3.500000015E-02 -2.514904365E-02  6.562000141E-03  1.997210286E+00 
        27  3.500000015E-02 -2.529304288E-02  6.562000141E-03  2.032753817E+00 
        28  3.500000015E-02 -2.543704212E-02  6.562000141E-03  2.124065249E+00 
        29  3.500000015E-02 -2.558104321E-02  6.562000141E-03  2.406025317E+00 
        30  3.500000015E-02 -2.572504245E-02  6.562000141E-03  1.993501313E+00 
        31  3.500000015E-02 -2.586904354E-02  6.562000141E-03  9.624031310E-01 
        32  3.500000015E-02 -2.601304278E-02  6.562000141E-03  2.091217553E+00 
        33  3.500000015E-02 -2.615704201E-02  6.562000141E-03  3.407570943E+00 
        34  3.500000015E-02 -2.630104311E-02  6.562000141E-03  3.753946976E+00 
        35  3.500000015E-02 -2.644504234E-02  6.562000141E-03  3.544094288E+00 
        36  3.500000015E-02 -2.658904344E-02  6.562000141E-03  3.131468497E+00 
        37  3.500000015E-02 -2.673304267E-02  6.562000141E-03  2.877656856E+00 
        38  3.500000015E-02 -2.687704191E-02  6.562000141E-03  2.748745096E+00 
        39  3.500000015E-02 -2.702104300E-02  6.562000141E-03  2.803463490E+00 
        40  3.500000015E-02 -2.716504224E-02  6.562000141E-03  3.083871282E+00 
        41  3.500000015E-02 -2.730904333E-02  6.562000141E-03  3.369584363E+00 
        42  3.500000015E-02 -2.745304257E-02  6.562000141E-03  3.494751255E+00 
        43  3.500000015E-02 -2.759704366E-02  6.562000141E-03  3.278932740E+00 
        44  3.500000015E-02 -3.162904084E-02  6.561999675E-03  1.881557769E+00 
        45  3.500000015E-02 -3.177304193E-02  6.561999675E-03  1.564003744E+00 
        46  3.500000015E-02 -3.191704303E-02  6.561999675E-03  1.704565527E+00 
        47  3.500000015E-02 -3.206104040E-02  6.561999675E-03  2.235147927E+00 
        48  3.500000015E-02 -3.219095245E-02  6.562000141E-03  2.404091802E+00 
        49  3.500000015E-02 -3.232943267E-02  6.562000141E-03  1.375280373E+00 
        50  3.500000015E-02 -3.148504347E-02  6.561999675E-03  2.077852062E+00 
        51  3.500000015E-02 -3.134104237E-02  6.561999675E-03  2.364915778E+00 
        52  3.500000015E-02 -3.119704314E-02  6.561999675E-03  2.590732510E+00 
        53  3.500000015E-02 -3.105304204E-02  6.561999675E-03  2.310897045E+00 
        54  3.500000015E-02 -3.090904281E-02  6.561999675E-03  1.165758076E+00 
        55  3.500000015E-02 -3.076504171E-02  6.561999675E-03  3.253305291E-01 
        56  3.500000015E-02 -3.062104248E-02  6.561999675E-03  4.392238331E-01 
        57  3.500000015E-02 -3.047704324E-02  6.561999675E-03  1.115001043E+00 
        58  3.500000015E-02 -3.033304214E-02  6.562000141E-03  1.242462607E+00 
        59  3.500000015E-02 -3.018904291E-02  6.561999675E-03  1.187056897E+00 
        60  3.500000015E-02 -3.004504181E-02  6.562000141E-03  1.333697525E+00 
        61  3.500000015E-02 -2.990104258E-02  6.562000141E-03  1.428087697E+00 
        62  3.500000015E-02 -2.975704335E-02  6.561999675E-03  8.731654916E-01 
        63  3.500000015E-02 -2.961304225E-02  6.561999675E-03  8.836620890E-01 
        64  3.500000015E-02 -2.946904302E-02  6.562000141E-03  1.684689414E+00 
        65  3.500000015E-02 -2.932504192E-02  6.561999675E-03  1.873163720E+00 
        66  3.500000015E-02 -2.918104269E-02  6.562000141E-03  1.839696855E+00 
        67  3.500000015E-02 -2.903704345E-02  6.562000141E-03  1.694170212E+00 
        68  3.500000015E-02 -2.889304236E-02  6.561999675E-03  1.819155736E+00 
        69  3.500000015E-02 -2.874904312E-02  6.562000141E-03  2.269921241E+00 
        70  3.500000015E-02 -2.860504203E-02  6.562000141E-03  2.865253097E+00 
        71  3.500000015E-02 -2.846104279E-02  6.561999675E-03  3.262374845E+00 
        72  3.500000015E-02 -2.831704356E-02  6.562000141E-03  3.234957344E+00 
        73  3.500000015E-02 -2.817304246E-02  6.562000141E-03  3.392438370E+00 
        74  3.500000015E-02 -2.802904323E-02  6.562000141E-03  3.283442862E+00 
        75  3.500000015E-02 -2.788504213E-02  6.562000141E-03  3.115388624E+00 
        76  3.500000015E-02 -2.774104290E-02  6.561999675E-03  3.038921047E+00 
