cellnumber     x-coordinate     y-coordinate     z-coordinate velocity-magnitude 
         1  3.500000015E-02 -2.296095528E-02  6.562000141E-03  2.216563784E-01 
         2  3.500000015E-02 -2.296585217E-02  6.562000141E-03  6.085166573E-01 
         3  3.500000015E-02 -2.297452837E-02  6.562000141E-03  9.868599517E-01 
         4  3.500000015E-02 -2.298492938E-02  6.562000141E-03  1.331083741E+00 
         5  3.500000015E-02 -2.299739420E-02  6.562000141E-03  1.619393030E+00 
         6  3.500000015E-02 -2.301233262E-02  6.562000141E-03  1.841368812E+00 
         7  3.500000015E-02 -2.303021587E-02  6.561999675E-03  1.999106297E+00 
         8  3.500000015E-02 -2.305160835E-02  6.562000141E-03  2.093328438E+00 
         9  3.500000015E-02 -2.307719551E-02  6.561999675E-03  2.124775730E+00 
        10  3.500000015E-02 -2.310776524E-02  6.561999675E-03  2.107256990E+00 
        11  3.500000015E-02 -2.314046025E-02  6.562000141E-03  2.080561624E+00 
        12  3.500000015E-02 -2.320699580E-02  6.562000141E-03  1.979545560E+00 
        13  3.500000015E-02 -2.332915738E-02  6.562000141E-03  1.985718442E+00 
        14  3.500000015E-02 -2.344694175E-02  6.562000141E-03  1.968347047E+00 
        15  3.500000015E-02 -2.356504276E-02  6.562000141E-03  2.063974845E+00 
        16  3.500000015E-02 -2.370904200E-02  6.562000141E-03  2.408558171E+00 
        17  3.500000015E-02 -2.385304309E-02  6.562000141E-03  2.938902573E+00 
        18  3.500000015E-02 -2.399704233E-02  6.562000141E-03  3.302089339E+00 
        19  3.500000015E-02 -2.414104342E-02  6.562000141E-03  3.335892834E+00 
        20  3.500000015E-02 -2.428504266E-02  6.562000141E-03  3.251060265E+00 
        21  3.500000015E-02 -2.442904375E-02  6.562000141E-03  2.960091327E+00 
        22  3.500000015E-02 -2.457304299E-02  6.562000141E-03  2.959881679E+00 
        23  3.500000015E-02 -2.471704222E-02  6.562000141E-03  3.412547932E+00 
        24  3.500000015E-02 -2.486104332E-02  6.562000141E-03  3.519901443E+00 
        25  3.500000015E-02 -2.500504255E-02  6.562000141E-03  2.843858092E+00 
        26  3.500000015E-02 -2.514904365E-02  6.562000141E-03  2.586163673E+00 
        27  3.500000015E-02 -2.529304288E-02  6.562000141E-03  3.096986374E+00 
        28  3.500000015E-02 -2.543704212E-02  6.562000141E-03  3.272901342E+00 
        29  3.500000015E-02 -2.558104321E-02  6.562000141E-03  3.186907763E+00 
        30  3.500000015E-02 -2.572504245E-02  6.562000141E-03  2.896851485E+00 
        31  3.500000015E-02 -2.586904354E-02  6.562000141E-03  2.620161285E+00 
        32  3.500000015E-02 -2.601304278E-02  6.562000141E-03  2.608261520E+00 
        33  3.500000015E-02 -2.615704201E-02  6.562000141E-03  2.958587850E+00 
        34  3.500000015E-02 -2.630104311E-02  6.562000141E-03  3.389853596E+00 
        35  3.500000015E-02 -2.644504234E-02  6.562000141E-03  3.750935518E+00 
        36  3.500000015E-02 -2.658904344E-02  6.562000141E-03  4.170412499E+00 
        37  3.500000015E-02 -2.673304267E-02  6.562000141E-03  4.700763870E+00 
        38  3.500000015E-02 -2.687704191E-02  6.562000141E-03  5.338768662E+00 
        39  3.500000015E-02 -2.702104300E-02  6.562000141E-03  5.851877960E+00 
        40  3.500000015E-02 -2.716504224E-02  6.562000141E-03  6.124108257E+00 
        41  3.500000015E-02 -2.730904333E-02  6.562000141E-03  5.866568876E+00 
        42  3.500000015E-02 -2.745304257E-02  6.562000141E-03  5.304576839E+00 
        43  3.500000015E-02 -2.759704366E-02  6.562000141E-03  4.872109732E+00 
        44  3.500000015E-02 -3.162904084E-02  6.561999675E-03  5.631744329E-01 
        45  3.500000015E-02 -3.177304193E-02  6.561999675E-03  4.718392534E-01 
        46  3.500000015E-02 -3.191704303E-02  6.561999675E-03  3.352022239E-01 
        47  3.500000015E-02 -3.206104040E-02  6.561999675E-03  3.255884752E-01 
        48  3.500000015E-02 -3.219095245E-02  6.562000141E-03  4.903506986E-01 
        49  3.500000015E-02 -3.232943267E-02  6.562000141E-03  7.575357219E-01 
        50  3.500000015E-02 -3.148504347E-02  6.561999675E-03  7.699472946E-01 
        51  3.500000015E-02 -3.134104237E-02  6.561999675E-03  9.990060412E-01 
        52  3.500000015E-02 -3.119704314E-02  6.561999675E-03  1.041820159E+00 
        53  3.500000015E-02 -3.105304204E-02  6.561999675E-03  9.198328802E-01 
        54  3.500000015E-02 -3.090904281E-02  6.561999675E-03  6.828863635E-01 
        55  3.500000015E-02 -3.076504171E-02  6.561999675E-03  6.949208578E-01 
        56  3.500000015E-02 -3.062104248E-02  6.561999675E-03  7.532178750E-01 
        57  3.500000015E-02 -3.047704324E-02  6.561999675E-03  6.406772030E-01 
        58  3.500000015E-02 -3.033304214E-02  6.562000141E-03  2.895357626E-01 
        59  3.500000015E-02 -3.018904291E-02  6.561999675E-03  3.681641530E-01 
        60  3.500000015E-02 -3.004504181E-02  6.562000141E-03  1.241105804E+00 
        61  3.500000015E-02 -2.990104258E-02  6.562000141E-03  3.170426655E+00 
        62  3.500000015E-02 -2.975704335E-02  6.561999675E-03  3.770418233E+00 
        63  3.500000015E-02 -2.961304225E-02  6.561999675E-03  4.038324323E+00 
        64  3.500000015E-02 -2.946904302E-02  6.562000141E-03  4.302124398E+00 
        65  3.500000015E-02 -2.932504192E-02  6.561999675E-03  4.264723510E+00 
        66  3.500000015E-02 -2.918104269E-02  6.562000141E-03  4.355435512E+00 
        67  3.500000015E-02 -2.903704345E-02  6.562000141E-03  4.357092918E+00 
        68  3.500000015E-02 -2.889304236E-02  6.561999675E-03  4.405372556E+00 
        69  3.500000015E-02 -2.874904312E-02  6.562000141E-03  4.566273100E+00 
        70  3.500000015E-02 -2.860504203E-02  6.562000141E-03  4.736619676E+00 
        71  3.500000015E-02 -2.846104279E-02  6.561999675E-03  4.800313382E+00 
        72  3.500000015E-02 -2.831704356E-02  6.562000141E-03  4.817807353E+00 
        73  3.500000015E-02 -2.817304246E-02  6.562000141E-03  4.784234228E+00 
        74  3.500000015E-02 -2.802904323E-02  6.562000141E-03  4.739923889E+00 
        75  3.500000015E-02 -2.788504213E-02  6.562000141E-03  4.689954405E+00 
        76  3.500000015E-02 -2.774104290E-02  6.561999675E-03  4.717033394E+00 
