cellnumber     x-coordinate     y-coordinate     z-coordinate velocity-magnitude 
         1  3.500000015E-02 -2.860504203E-02  6.562000141E-03  2.703843857E+00 
         2  3.500000015E-02 -2.846104279E-02  6.562000141E-03  2.221752227E+00 
         3  3.500000015E-02 -2.831704356E-02  6.562000141E-03  1.726518794E+00 
         4  3.500000015E-02 -2.817304246E-02  6.561999675E-03  1.829228758E+00 
         5  3.500000015E-02 -2.802904323E-02  6.561999675E-03  1.594947034E+00 
         6  3.500000015E-02 -2.788504213E-02  6.561999675E-03  1.444538993E+00 
         7  3.500000015E-02 -2.774104290E-02  6.562000141E-03  1.060037395E+00 
         8  3.500000015E-02 -2.759704366E-02  6.562000141E-03  3.975123282E-01 
         9  3.500000015E-02 -2.745304257E-02  6.562000141E-03  3.223122715E-01 
        10  3.500000015E-02 -2.730904333E-02  6.562000141E-03  1.025854943E+00 
        11  3.500000015E-02 -2.716504224E-02  6.561999675E-03  1.489404454E+00 
        12  3.500000015E-02 -2.702104300E-02  6.561999675E-03  1.422908327E+00 
        13  3.500000015E-02 -2.687704191E-02  6.562000141E-03  1.482037532E+00 
        14  3.500000015E-02 -2.673304267E-02  6.562000141E-03  1.705111879E+00 
        15  3.500000015E-02 -2.658904344E-02  6.561999675E-03  1.642133694E+00 
        16  3.500000015E-02 -2.644504234E-02  6.562000141E-03  1.647943109E+00 
        17  3.500000015E-02 -2.630104311E-02  6.561999675E-03  1.544713873E+00 
        18  3.500000015E-02 -2.615704201E-02  6.561999675E-03  1.459021410E+00 
        19  3.500000015E-02 -2.601304278E-02  6.561999675E-03  1.396092563E+00 
        20  3.500000015E-02 -2.586904354E-02  6.561999675E-03  1.414233408E+00 
        21  3.500000015E-02 -2.572504245E-02  6.561999675E-03  1.410707138E+00 
        22  3.500000015E-02 -2.558104321E-02  6.561999675E-03  1.405041866E+00 
        23  3.500000015E-02 -3.232943267E-02  6.562000141E-03  2.909032687E+00 
        24  3.500000015E-02 -3.219095245E-02  6.562000141E-03  2.894469585E+00 
        25  3.500000015E-02 -3.206104040E-02  6.562000141E-03  2.658217648E+00 
        26  3.500000015E-02 -3.191704303E-02  6.561999675E-03  2.671812490E+00 
        27  3.500000015E-02 -3.177304193E-02  6.562000141E-03  2.615962383E+00 
        28  3.500000015E-02 -3.162904084E-02  6.561999675E-03  2.453811481E+00 
        29  3.500000015E-02 -3.148504347E-02  6.562000141E-03  2.323685909E+00 
        30  3.500000015E-02 -3.134104237E-02  6.561999675E-03  2.435161556E+00 
        31  3.500000015E-02 -3.119704314E-02  6.562000141E-03  2.919488937E+00 
        32  3.500000015E-02 -3.105304204E-02  6.562000141E-03  3.257952295E+00 
        33  3.500000015E-02 -3.090904281E-02  6.561999675E-03  2.795683439E+00 
        34  3.500000015E-02 -3.076504171E-02  6.561999675E-03  2.451546237E+00 
        35  3.500000015E-02 -3.062104248E-02  6.561999675E-03  2.736076507E+00 
        36  3.500000015E-02 -3.047704324E-02  6.561999675E-03  3.694903238E+00 
        37  3.500000015E-02 -3.033304214E-02  6.561999675E-03  3.764392054E+00 
        38  3.500000015E-02 -3.018904291E-02  6.561999675E-03  3.937898725E+00 
        39  3.500000015E-02 -3.004504181E-02  6.561999675E-03  4.362946599E+00 
        40  3.500000015E-02 -2.990104258E-02  6.561999675E-03  4.593209856E+00 
        41  3.500000015E-02 -2.975704335E-02  6.561999675E-03  4.582456959E+00 
        42  3.500000015E-02 -2.961304225E-02  6.561999675E-03  4.722037843E+00 
        43  3.500000015E-02 -2.946904302E-02  6.561999675E-03  3.613870172E+00 
        44  3.500000015E-02 -2.932504192E-02  6.561999675E-03  2.828453498E+00 
        45  3.500000015E-02 -2.918104269E-02  6.561999675E-03  1.925361325E+00 
        46  3.500000015E-02 -2.903704345E-02  6.562000141E-03  2.008018712E+00 
        47  3.500000015E-02 -2.889304236E-02  6.561999675E-03  2.841485283E+00 
        48  3.500000015E-02 -2.874904312E-02  6.561999675E-03  2.908792813E+00 
        49  3.500000015E-02 -2.543704212E-02  6.561999675E-03  1.398973841E+00 
        50  3.500000015E-02 -2.529304288E-02  6.561999675E-03  1.394021685E+00 
        51  3.500000015E-02 -2.514904365E-02  6.561999675E-03  1.388447350E+00 
        52  3.500000015E-02 -2.500504255E-02  6.561999675E-03  1.383011424E+00 
        53  3.500000015E-02 -2.486104332E-02  6.562000141E-03  1.378139485E+00 
        54  3.500000015E-02 -2.471704222E-02  6.561999675E-03  1.371446019E+00 
        55  3.500000015E-02 -2.457304299E-02  6.561999675E-03  1.360648819E+00 
        56  3.500000015E-02 -2.442904189E-02  6.561999675E-03  1.344770488E+00 
        57  3.500000015E-02 -2.428504266E-02  6.561999675E-03  1.325043702E+00 
        58  3.500000015E-02 -2.414104342E-02  6.562000141E-03  1.302254740E+00 
        59  3.500000015E-02 -2.399704233E-02  6.562000141E-03  1.275174869E+00 
        60  3.500000015E-02 -2.385304309E-02  6.561999675E-03  1.242091831E+00 
        61  3.500000015E-02 -2.370904200E-02  6.561999675E-03  1.199560808E+00 
        62  3.500000015E-02 -2.356504276E-02  6.562000141E-03  1.144037682E+00 
        63  3.500000015E-02 -2.344694175E-02  6.562000141E-03  1.078460102E+00 
        64  3.500000015E-02 -2.332915738E-02  6.562000141E-03  1.016213188E+00 
        65  3.500000015E-02 -2.320699580E-02  6.562000141E-03  9.089289239E-01 
        66  3.500000015E-02 -2.314046025E-02  6.562000141E-03  8.123216752E-01 
        67  3.500000015E-02 -2.310776524E-02  6.561999675E-03  7.292062078E-01 
        68  3.500000015E-02 -2.307719551E-02  6.561999675E-03  6.481692996E-01 
        69  3.500000015E-02 -2.305160835E-02  6.562000141E-03  5.636833663E-01 
        70  3.500000015E-02 -2.303021587E-02  6.561999675E-03  4.775108704E-01 
        71  3.500000015E-02 -2.301233262E-02  6.562000141E-03  3.917594578E-01 
        72  3.499999642E-02 -2.299739420E-02  6.562000141E-03  3.084161426E-01 
        73  3.500000015E-02 -2.298492938E-02  6.562000141E-03  2.294204234E-01 
        74  3.500000015E-02 -2.297452837E-02  6.562000141E-03  1.563118120E-01 
        75  3.500000015E-02 -2.296585403E-02  6.562000141E-03  9.003035202E-02 
        76  3.500000015E-02 -2.296095528E-02  6.562000141E-03  3.095645172E-02 
