cellnumber     x-coordinate     y-coordinate     z-coordinate velocity-magnitude 
         1  3.500000015E-02 -2.296095528E-02  6.562000141E-03  4.270533288E-02 
         2  3.500000015E-02 -2.296585217E-02  6.562000141E-03  1.138807527E-01 
         3  3.500000015E-02 -2.297452837E-02  6.562000141E-03  1.789250240E-01 
         4  3.500000015E-02 -2.298492938E-02  6.562000141E-03  2.311184139E-01 
         5  3.500000015E-02 -2.299739420E-02  6.562000141E-03  2.623552838E-01 
         6  3.500000015E-02 -2.301233262E-02  6.562000141E-03  2.662077954E-01 
         7  3.500000015E-02 -2.303021587E-02  6.561999675E-03  2.364654605E-01 
         8  3.500000015E-02 -2.305160835E-02  6.562000141E-03  1.839231650E-01 
         9  3.500000015E-02 -2.307719551E-02  6.561999675E-03  1.433152805E-01 
        10  3.500000015E-02 -2.310776524E-02  6.561999675E-03  2.662370816E-01 
        11  3.500000015E-02 -2.314046025E-02  6.562000141E-03  5.567954110E-01 
        12  3.500000015E-02 -2.320699580E-02  6.562000141E-03  4.715189146E-01 
        13  3.500000015E-02 -2.332915738E-02  6.562000141E-03  8.585743689E-01 
        14  3.500000015E-02 -2.344694175E-02  6.562000141E-03  1.037146247E+00 
        15  3.500000015E-02 -2.356504276E-02  6.562000141E-03  1.150477213E+00 
        16  3.500000015E-02 -2.370904200E-02  6.562000141E-03  1.091156618E+00 
        17  3.500000015E-02 -2.385304309E-02  6.562000141E-03  1.014732039E+00 
        18  3.500000015E-02 -2.399704233E-02  6.562000141E-03  1.106908933E+00 
        19  3.500000015E-02 -2.414104342E-02  6.562000141E-03  1.084321477E+00 
        20  3.500000015E-02 -2.428504266E-02  6.562000141E-03  1.026147484E+00 
        21  3.500000015E-02 -2.442904375E-02  6.562000141E-03  8.267648124E-01 
        22  3.500000015E-02 -2.457304299E-02  6.562000141E-03  7.456470809E-01 
        23  3.500000015E-02 -2.471704222E-02  6.562000141E-03  6.770044249E-01 
        24  3.500000015E-02 -2.486104332E-02  6.562000141E-03  6.349838226E-01 
        25  3.500000015E-02 -2.500504255E-02  6.562000141E-03  4.463504280E-01 
        26  3.500000015E-02 -2.514904365E-02  6.562000141E-03  8.373771573E-01 
        27  3.500000015E-02 -2.529304288E-02  6.562000141E-03  1.259592190E+00 
        28  3.500000015E-02 -2.543704212E-02  6.562000141E-03  1.050348337E+00 
        29  3.500000015E-02 -2.558104321E-02  6.562000141E-03  8.359209649E-01 
        30  3.500000015E-02 -2.572504245E-02  6.562000141E-03  9.978244899E-01 
        31  3.500000015E-02 -2.586904354E-02  6.562000141E-03  1.641926381E+00 
        32  3.500000015E-02 -2.601304278E-02  6.562000141E-03  2.445598969E+00 
        33  3.500000015E-02 -2.615704201E-02  6.562000141E-03  2.362884589E+00 
        34  3.500000015E-02 -2.630104311E-02  6.562000141E-03  2.217393848E+00 
        35  3.500000015E-02 -2.644504234E-02  6.562000141E-03  2.461301164E+00 
        36  3.500000015E-02 -2.658904344E-02  6.562000141E-03  2.873752807E+00 
        37  3.500000015E-02 -2.673304267E-02  6.562000141E-03  3.721598558E+00 
        38  3.500000015E-02 -2.687704191E-02  6.562000141E-03  4.802179299E+00 
        39  3.500000015E-02 -2.702104300E-02  6.562000141E-03  5.255020768E+00 
        40  3.500000015E-02 -2.716504224E-02  6.562000141E-03  5.174162430E+00 
        41  3.500000015E-02 -2.730904333E-02  6.562000141E-03  4.928563981E+00 
        42  3.500000015E-02 -2.745304257E-02  6.562000141E-03  4.526225008E+00 
        43  3.500000015E-02 -2.759704366E-02  6.562000141E-03  4.057973030E+00 
        44  3.500000015E-02 -3.162904084E-02  6.561999675E-03  3.402555595E-01 
        45  3.500000015E-02 -3.177304193E-02  6.561999675E-03  4.722800371E-01 
        46  3.500000015E-02 -3.191704303E-02  6.561999675E-03  5.376126139E-01 
        47  3.500000015E-02 -3.206104040E-02  6.561999675E-03  9.355406195E-01 
        48  3.500000015E-02 -3.219095245E-02  6.562000141E-03  1.058044459E+00 
        49  3.500000015E-02 -3.232943267E-02  6.562000141E-03  1.187107435E+00 
        50  3.500000015E-02 -3.148504347E-02  6.561999675E-03  7.714147065E-01 
        51  3.500000015E-02 -3.134104237E-02  6.561999675E-03  1.055274442E+00 
        52  3.500000015E-02 -3.119704314E-02  6.561999675E-03  1.232974096E+00 
        53  3.500000015E-02 -3.105304204E-02  6.561999675E-03  1.295747550E+00 
        54  3.500000015E-02 -3.090904281E-02  6.561999675E-03  1.314995911E+00 
        55  3.500000015E-02 -3.076504171E-02  6.561999675E-03  1.515963261E+00 
        56  3.500000015E-02 -3.062104248E-02  6.561999675E-03  1.765291369E+00 
        57  3.500000015E-02 -3.047704324E-02  6.561999675E-03  1.731356678E+00 
        58  3.500000015E-02 -3.033304214E-02  6.562000141E-03  1.796802137E+00 
        59  3.500000015E-02 -3.018904291E-02  6.561999675E-03  2.379450953E+00 
        60  3.500000015E-02 -3.004504181E-02  6.562000141E-03  2.864567452E+00 
        61  3.500000015E-02 -2.990104258E-02  6.562000141E-03  2.653936389E+00 
        62  3.500000015E-02 -2.975704335E-02  6.561999675E-03  2.228240566E+00 
        63  3.500000015E-02 -2.961304225E-02  6.561999675E-03  1.749288818E+00 
        64  3.500000015E-02 -2.946904302E-02  6.562000141E-03  1.720126736E+00 
        65  3.500000015E-02 -2.932504192E-02  6.561999675E-03  1.921382894E+00 
        66  3.500000015E-02 -2.918104269E-02  6.562000141E-03  2.018322625E+00 
        67  3.500000015E-02 -2.903704345E-02  6.562000141E-03  2.730204396E+00 
        68  3.500000015E-02 -2.889304236E-02  6.561999675E-03  4.533131595E+00 
        69  3.500000015E-02 -2.874904312E-02  6.562000141E-03  5.408055523E+00 
        70  3.500000015E-02 -2.860504203E-02  6.562000141E-03  4.327563449E+00 
        71  3.500000015E-02 -2.846104279E-02  6.561999675E-03  3.115248806E+00 
        72  3.500000015E-02 -2.831704356E-02  6.562000141E-03  3.603524816E+00 
        73  3.500000015E-02 -2.817304246E-02  6.562000141E-03  4.417111554E+00 
        74  3.500000015E-02 -2.802904323E-02  6.562000141E-03  4.480416282E+00 
        75  3.500000015E-02 -2.788504213E-02  6.562000141E-03  4.068618305E+00 
        76  3.500000015E-02 -2.774104290E-02  6.561999675E-03  3.782549742E+00 
