cellnumber     x-coordinate     y-coordinate     z-coordinate velocity-magnitude 
         1  3.500000015E-02 -2.296095528E-02  6.562000141E-03  1.546438600E-02 
         2  3.500000015E-02 -2.296585217E-02  6.562000141E-03  4.501916859E-02 
         3  3.500000015E-02 -2.297452837E-02  6.562000141E-03  8.020232761E-02 
         4  3.500000015E-02 -2.298492938E-02  6.562000141E-03  1.232239339E-01 
         5  3.500000015E-02 -2.299739420E-02  6.562000141E-03  1.754411692E-01 
         6  3.500000015E-02 -2.301233262E-02  6.562000141E-03  2.374100201E-01 
         7  3.500000015E-02 -2.303021587E-02  6.561999675E-03  3.064355199E-01 
         8  3.500000015E-02 -2.305160835E-02  6.562000141E-03  3.800371537E-01 
         9  3.500000015E-02 -2.307719551E-02  6.561999675E-03  4.544318387E-01 
        10  3.500000015E-02 -2.310776524E-02  6.561999675E-03  5.272997238E-01 
        11  3.500000015E-02 -2.314046025E-02  6.562000141E-03  6.314354728E-01 
        12  3.500000015E-02 -2.320699580E-02  6.562000141E-03  6.712070640E-01 
        13  3.500000015E-02 -2.332915738E-02  6.562000141E-03  9.684033703E-01 
        14  3.500000015E-02 -2.344694175E-02  6.562000141E-03  1.191400818E+00 
        15  3.500000015E-02 -2.356504276E-02  6.562000141E-03  1.355397437E+00 
        16  3.500000015E-02 -2.370904200E-02  6.562000141E-03  1.252835198E+00 
        17  3.500000015E-02 -2.385304309E-02  6.562000141E-03  1.353621270E+00 
        18  3.500000015E-02 -2.399704233E-02  6.562000141E-03  1.177866550E+00 
        19  3.500000015E-02 -2.414104342E-02  6.562000141E-03  1.149375476E+00 
        20  3.500000015E-02 -2.428504266E-02  6.562000141E-03  1.079828153E+00 
        21  3.500000015E-02 -2.442904375E-02  6.562000141E-03  1.312850782E+00 
        22  3.500000015E-02 -2.457304299E-02  6.562000141E-03  1.717161072E+00 
        23  3.500000015E-02 -2.471704222E-02  6.562000141E-03  1.706872424E+00 
        24  3.500000015E-02 -2.486104332E-02  6.562000141E-03  1.816230366E+00 
        25  3.500000015E-02 -2.500504255E-02  6.562000141E-03  2.160088388E+00 
        26  3.500000015E-02 -2.514904365E-02  6.562000141E-03  2.300229993E+00 
        27  3.500000015E-02 -2.529304288E-02  6.562000141E-03  2.785519784E+00 
        28  3.500000015E-02 -2.543704212E-02  6.562000141E-03  3.946221643E+00 
        29  3.500000015E-02 -2.558104321E-02  6.562000141E-03  4.965698300E+00 
        30  3.500000015E-02 -2.572504245E-02  6.562000141E-03  5.267070583E+00 
        31  3.500000015E-02 -2.586904354E-02  6.562000141E-03  5.705328427E+00 
        32  3.500000015E-02 -2.601304278E-02  6.562000141E-03  6.032253202E+00 
        33  3.500000015E-02 -2.615704201E-02  6.562000141E-03  6.225680806E+00 
        34  3.500000015E-02 -2.630104311E-02  6.562000141E-03  6.467524178E+00 
        35  3.500000015E-02 -2.644504234E-02  6.562000141E-03  6.717274443E+00 
        36  3.500000015E-02 -2.658904344E-02  6.562000141E-03  6.810788440E+00 
        37  3.500000015E-02 -2.673304267E-02  6.562000141E-03  7.101759535E+00 
        38  3.500000015E-02 -2.687704191E-02  6.562000141E-03  7.158689131E+00 
        39  3.500000015E-02 -2.702104300E-02  6.562000141E-03  6.711054220E+00 
        40  3.500000015E-02 -2.716504224E-02  6.562000141E-03  6.788700328E+00 
        41  3.500000015E-02 -2.730904333E-02  6.562000141E-03  5.966351592E+00 
        42  3.500000015E-02 -2.745304257E-02  6.562000141E-03  6.057001089E+00 
        43  3.500000015E-02 -2.759704366E-02  6.562000141E-03  6.077411289E+00 
        44  3.500000015E-02 -3.162904084E-02  6.561999675E-03  7.815226267E-01 
        45  3.500000015E-02 -3.177304193E-02  6.561999675E-03  8.293885403E-01 
        46  3.500000015E-02 -3.191704303E-02  6.561999675E-03  9.124542572E-01 
        47  3.500000015E-02 -3.206104040E-02  6.561999675E-03  1.034594902E+00 
        48  3.500000015E-02 -3.219095245E-02  6.562000141E-03  9.635799839E-01 
        49  3.500000015E-02 -3.232943267E-02  6.562000141E-03  6.359947006E-01 
        50  3.500000015E-02 -3.148504347E-02  6.561999675E-03  1.047369849E+00 
        51  3.500000015E-02 -3.134104237E-02  6.561999675E-03  1.181827506E+00 
        52  3.500000015E-02 -3.119704314E-02  6.561999675E-03  1.114681888E+00 
        53  3.500000015E-02 -3.105304204E-02  6.561999675E-03  1.038665147E+00 
        54  3.500000015E-02 -3.090904281E-02  6.561999675E-03  9.000442198E-01 
        55  3.500000015E-02 -3.076504171E-02  6.561999675E-03  1.159390527E+00 
        56  3.500000015E-02 -3.062104248E-02  6.561999675E-03  1.376940935E+00 
        57  3.500000015E-02 -3.047704324E-02  6.561999675E-03  1.076383710E+00 
        58  3.500000015E-02 -3.033304214E-02  6.562000141E-03  1.184563031E+00 
        59  3.500000015E-02 -3.018904291E-02  6.561999675E-03  1.346690445E+00 
        60  3.500000015E-02 -3.004504181E-02  6.562000141E-03  1.710810500E+00 
        61  3.500000015E-02 -2.990104258E-02  6.562000141E-03  1.630319391E+00 
        62  3.500000015E-02 -2.975704335E-02  6.561999675E-03  1.210767612E+00 
        63  3.500000015E-02 -2.961304225E-02  6.561999675E-03  1.772767797E+00 
        64  3.500000015E-02 -2.946904302E-02  6.562000141E-03  2.132395181E+00 
        65  3.500000015E-02 -2.932504192E-02  6.561999675E-03  2.702185403E+00 
        66  3.500000015E-02 -2.918104269E-02  6.562000141E-03  3.488140114E+00 
        67  3.500000015E-02 -2.903704345E-02  6.562000141E-03  4.072598529E+00 
        68  3.500000015E-02 -2.889304236E-02  6.561999675E-03  4.585902250E+00 
        69  3.500000015E-02 -2.874904312E-02  6.562000141E-03  4.893139183E+00 
        70  3.500000015E-02 -2.860504203E-02  6.562000141E-03  5.158412980E+00 
        71  3.500000015E-02 -2.846104279E-02  6.561999675E-03  5.581573127E+00 
        72  3.500000015E-02 -2.831704356E-02  6.562000141E-03  5.858387346E+00 
        73  3.500000015E-02 -2.817304246E-02  6.562000141E-03  6.157337057E+00 
        74  3.500000015E-02 -2.802904323E-02  6.562000141E-03  6.739964636E+00 
        75  3.500000015E-02 -2.788504213E-02  6.562000141E-03  7.163792775E+00 
        76  3.500000015E-02 -2.774104290E-02  6.561999675E-03  6.526051650E+00 
