cellnumber     x-coordinate     y-coordinate     z-coordinate velocity-magnitude 
         1  3.500000015E-02 -2.296095528E-02  6.562000141E-03  2.771706155E-02 
         2  3.500000015E-02 -2.296585217E-02  6.562000141E-03  7.521902586E-02 
         3  3.500000015E-02 -2.297452837E-02  6.562000141E-03  1.238684330E-01 
         4  3.500000015E-02 -2.298492938E-02  6.562000141E-03  1.728932846E-01 
         5  3.500000015E-02 -2.299739420E-02  6.562000141E-03  2.230346815E-01 
         6  3.500000015E-02 -2.301233262E-02  6.562000141E-03  2.759713483E-01 
         7  3.500000015E-02 -2.303021587E-02  6.561999675E-03  3.369555297E-01 
         8  3.500000015E-02 -2.305160835E-02  6.562000141E-03  4.059009226E-01 
         9  3.500000015E-02 -2.307719551E-02  6.561999675E-03  4.889248474E-01 
        10  3.500000015E-02 -2.310776524E-02  6.561999675E-03  5.736299218E-01 
        11  3.500000015E-02 -2.314046025E-02  6.562000141E-03  6.989607412E-01 
        12  3.500000015E-02 -2.320699580E-02  6.562000141E-03  6.394137677E-01 
        13  3.500000015E-02 -2.332915738E-02  6.562000141E-03  6.509510161E-01 
        14  3.500000015E-02 -2.344694175E-02  6.562000141E-03  7.856852503E-01 
        15  3.500000015E-02 -2.356504276E-02  6.562000141E-03  5.933490514E-01 
        16  3.500000015E-02 -2.370904200E-02  6.562000141E-03  3.043215156E-01 
        17  3.500000015E-02 -2.385304309E-02  6.562000141E-03  3.200042348E-01 
        18  3.500000015E-02 -2.399704233E-02  6.562000141E-03  2.847917984E-01 
        19  3.500000015E-02 -2.414104342E-02  6.562000141E-03  6.589219295E-01 
        20  3.500000015E-02 -2.428504266E-02  6.562000141E-03  1.173322053E+00 
        21  3.500000015E-02 -2.442904375E-02  6.562000141E-03  1.431635330E+00 
        22  3.500000015E-02 -2.457304299E-02  6.562000141E-03  1.354727621E+00 
        23  3.500000015E-02 -2.471704222E-02  6.562000141E-03  1.591009092E+00 
        24  3.500000015E-02 -2.486104332E-02  6.562000141E-03  1.786220659E+00 
        25  3.500000015E-02 -2.500504255E-02  6.562000141E-03  1.627005635E+00 
        26  3.500000015E-02 -2.514904365E-02  6.562000141E-03  1.851430385E+00 
        27  3.500000015E-02 -2.529304288E-02  6.562000141E-03  1.186208754E+00 
        28  3.500000015E-02 -2.543704212E-02  6.562000141E-03  1.114834465E+00 
        29  3.500000015E-02 -2.558104321E-02  6.562000141E-03  1.226795057E+00 
        30  3.500000015E-02 -2.572504245E-02  6.562000141E-03  1.226525441E+00 
        31  3.500000015E-02 -2.586904354E-02  6.562000141E-03  1.531961159E+00 
        32  3.500000015E-02 -2.601304278E-02  6.562000141E-03  1.478482492E+00 
        33  3.500000015E-02 -2.615704201E-02  6.562000141E-03  1.838035056E+00 
        34  3.500000015E-02 -2.630104311E-02  6.562000141E-03  2.168328532E+00 
        35  3.500000015E-02 -2.644504234E-02  6.562000141E-03  2.203124510E+00 
        36  3.500000015E-02 -2.658904344E-02  6.562000141E-03  2.265125868E+00 
        37  3.500000015E-02 -2.673304267E-02  6.562000141E-03  2.808280404E+00 
        38  3.500000015E-02 -2.687704191E-02  6.562000141E-03  3.302107163E+00 
        39  3.500000015E-02 -2.702104300E-02  6.562000141E-03  3.085526303E+00 
        40  3.500000015E-02 -2.716504224E-02  6.562000141E-03  2.440978222E+00 
        41  3.500000015E-02 -2.730904333E-02  6.562000141E-03  2.342431079E+00 
        42  3.500000015E-02 -2.745304257E-02  6.562000141E-03  2.562056281E+00 
        43  3.500000015E-02 -2.759704366E-02  6.562000141E-03  2.792494830E+00 
        44  3.500000015E-02 -3.162904084E-02  6.561999675E-03  1.790485853E+00 
        45  3.500000015E-02 -3.177304193E-02  6.561999675E-03  1.896040671E+00 
        46  3.500000015E-02 -3.191704303E-02  6.561999675E-03  2.167386734E+00 
        47  3.500000015E-02 -3.206104040E-02  6.561999675E-03  2.362946281E+00 
        48  3.500000015E-02 -3.219095245E-02  6.562000141E-03  2.540631994E+00 
        49  3.500000015E-02 -3.232943267E-02  6.562000141E-03  2.316359595E+00 
        50  3.500000015E-02 -3.148504347E-02  6.561999675E-03  1.756785810E+00 
        51  3.500000015E-02 -3.134104237E-02  6.561999675E-03  1.278648227E+00 
        52  3.500000015E-02 -3.119704314E-02  6.561999675E-03  9.170933690E-01 
        53  3.500000015E-02 -3.105304204E-02  6.561999675E-03  9.521764850E-01 
        54  3.500000015E-02 -3.090904281E-02  6.561999675E-03  4.633308391E-01 
        55  3.500000015E-02 -3.076504171E-02  6.561999675E-03  1.098432355E+00 
        56  3.500000015E-02 -3.062104248E-02  6.561999675E-03  1.115069571E+00 
        57  3.500000015E-02 -3.047704324E-02  6.561999675E-03  1.384047121E+00 
        58  3.500000015E-02 -3.033304214E-02  6.562000141E-03  2.005744261E+00 
        59  3.500000015E-02 -3.018904291E-02  6.561999675E-03  1.865868742E+00 
        60  3.500000015E-02 -3.004504181E-02  6.562000141E-03  1.666269952E+00 
        61  3.500000015E-02 -2.990104258E-02  6.562000141E-03  1.238527485E+00 
        62  3.500000015E-02 -2.975704335E-02  6.561999675E-03  6.781264385E-01 
        63  3.500000015E-02 -2.961304225E-02  6.561999675E-03  2.915947126E-01 
        64  3.500000015E-02 -2.946904302E-02  6.562000141E-03  1.585490037E-01 
        65  3.500000015E-02 -2.932504192E-02  6.561999675E-03  4.875922300E-01 
        66  3.500000015E-02 -2.918104269E-02  6.562000141E-03  9.359342604E-01 
        67  3.500000015E-02 -2.903704345E-02  6.562000141E-03  1.227304231E+00 
        68  3.500000015E-02 -2.889304236E-02  6.561999675E-03  1.405859762E+00 
        69  3.500000015E-02 -2.874904312E-02  6.562000141E-03  1.410144467E+00 
        70  3.500000015E-02 -2.860504203E-02  6.562000141E-03  1.342025845E+00 
        71  3.500000015E-02 -2.846104279E-02  6.561999675E-03  1.315821560E+00 
        72  3.500000015E-02 -2.831704356E-02  6.562000141E-03  1.430327683E+00 
        73  3.500000015E-02 -2.817304246E-02  6.562000141E-03  1.609758733E+00 
        74  3.500000015E-02 -2.802904323E-02  6.562000141E-03  1.913235722E+00 
        75  3.500000015E-02 -2.788504213E-02  6.562000141E-03  2.270268254E+00 
        76  3.500000015E-02 -2.774104290E-02  6.561999675E-03  2.681229840E+00 
