cellnumber     x-coordinate     y-coordinate     z-coordinate velocity-magnitude 
         1 -3.312498098E-03 -3.312505083E-03  6.562000141E-03  1.580351102E+00 
         2 -3.189915325E-03 -3.189919051E-03  6.562000141E-03  1.586486394E+00 
         3 -3.123705974E-03 -3.123705974E-03  6.562000141E-03  1.534681604E+00 
         4 -3.059382550E-03 -3.059382550E-03  6.562000606E-03  1.523120291E+00 
         5 -2.975319745E-03 -2.975319745E-03  6.562000606E-03  1.422817512E+00 
         6 -2.937293379E-03 -2.937293379E-03  6.562000141E-03  1.374744233E+00 
         7 -2.915035933E-03 -2.915035933E-03  6.562000141E-03  1.351354263E+00 
         8 -2.896548016E-03 -2.896548016E-03  6.562000141E-03  1.338843128E+00 
         9 -2.881182823E-03 -2.881182823E-03  6.562000141E-03  1.337494527E+00 
        10 -2.868407406E-03 -2.868407406E-03  6.562000141E-03  1.345832484E+00 
        11 -2.857780783E-03 -2.857780783E-03  6.562000606E-03  1.361550785E+00 
        12 -2.848939039E-03 -2.848939039E-03  6.562000606E-03  1.382017043E+00 
        13 -2.841580659E-03 -2.841580659E-03  6.562000606E-03  1.404975270E+00 
        14 -2.835455118E-03 -2.835455118E-03  6.562001072E-03  1.428629197E+00 
        15 -2.830355195E-03 -2.830355195E-03  6.562000606E-03  1.451690351E+00 
        16 -7.937498391E-03 -7.937504910E-03  6.562000141E-03  3.846539826E+00 
        17 -7.812498137E-03 -7.812504657E-03  6.562000141E-03  3.230090115E+00 
        18 -7.687498350E-03 -7.687504869E-03  6.562000141E-03  3.143711152E+00 
        19 -7.562498096E-03 -7.562505081E-03  6.562000141E-03  3.277414878E+00 
        20 -7.437498309E-03 -7.437504828E-03  6.562000141E-03  3.307003339E+00 
        21 -7.312498055E-03 -7.312505040E-03  6.562000141E-03  3.225913134E+00 
        22 -7.187498268E-03 -7.187505253E-03  6.562000141E-03  2.922333964E+00 
        23 -7.062498480E-03 -7.062504999E-03  6.562000141E-03  2.588800479E+00 
        24 -6.937498227E-03 -6.937505212E-03  6.562000141E-03  1.850075409E+00 
        25 -6.812498439E-03 -6.812504958E-03  6.562000141E-03  1.183766020E+00 
        26 -6.687498186E-03 -6.687505171E-03  6.562000141E-03  1.095343325E+00 
        27 -6.562498398E-03 -6.562504917E-03  6.562000141E-03  1.101733115E+00 
        28 -6.437498145E-03 -6.437505130E-03  6.562000141E-03  1.246730722E+00 
        29 -6.312498357E-03 -6.312504876E-03  6.562000141E-03  1.435369905E+00 
        30 -6.187498104E-03 -6.187505089E-03  6.562000141E-03  1.506527155E+00 
        31 -6.062498316E-03 -6.062505301E-03  6.562000141E-03  1.424151778E+00 
        32 -5.937498063E-03 -5.937505048E-03  6.562000141E-03  1.353349830E+00 
        33 -5.812498275E-03 -5.812505260E-03  6.562000141E-03  1.441586232E+00 
        34 -5.687498022E-03 -5.687505007E-03  6.562000141E-03  1.585462070E+00 
        35 -5.562498234E-03 -5.562505219E-03  6.562000141E-03  1.694615501E+00 
        36 -5.437497981E-03 -5.437504966E-03  6.562000141E-03  1.697636958E+00 
        37 -5.312498193E-03 -5.312505178E-03  6.562000141E-03  1.734796870E+00 
        38 -5.187498406E-03 -5.187504925E-03  6.562000141E-03  1.752831546E+00 
        39 -5.062498152E-03 -5.062505137E-03  6.562000141E-03  1.729818831E+00 
        40 -4.937498365E-03 -4.937505350E-03  6.562000141E-03  1.760464690E+00 
        41 -4.812498111E-03 -4.812505096E-03  6.562000141E-03  2.024975620E+00 
        42 -4.687498324E-03 -4.687505309E-03  6.562000141E-03  2.030801605E+00 
        43 -4.562498070E-03 -4.562505055E-03  6.562000141E-03  1.465916187E+00 
        44 -4.437498283E-03 -4.437505268E-03  6.562000141E-03  1.406069595E+00 
        45 -4.312498029E-03 -4.312505014E-03  6.562000141E-03  1.449491272E+00 
        46 -4.187498242E-03 -4.187505227E-03  6.562000141E-03  1.451295124E+00 
        47 -4.062497988E-03 -4.062504973E-03  6.562000141E-03  1.463504921E+00 
        48 -3.937498201E-03 -3.937505186E-03  6.562000141E-03  1.446106098E+00 
        49 -3.812497947E-03 -3.812505165E-03  6.562000141E-03  1.424991071E+00 
        50 -3.687497927E-03 -3.687505145E-03  6.562000141E-03  1.431388503E+00 
        51 -3.562497906E-03 -3.562505124E-03  6.562000141E-03  1.476888769E+00 
        52 -3.437497886E-03 -3.437505104E-03  6.562000141E-03  1.552603577E+00 
        53 -1.281249896E-02 -1.281250454E-02  6.562000141E-03  6.484351209E+00 
        54 -1.268749870E-02 -1.268750522E-02  6.562000141E-03  6.429257049E+00 
        55 -1.256249845E-02 -1.256250497E-02  6.562000141E-03  6.363016650E+00 
        56 -1.243749820E-02 -1.243750472E-02  6.562000141E-03  6.253202580E+00 
        57 -1.231249887E-02 -1.231250446E-02  6.562000141E-03  6.076020025E+00 
        58 -1.218749862E-02 -1.218750514E-02  6.562000141E-03  5.897077247E+00 
        59 -1.206249837E-02 -1.206250489E-02  6.562000141E-03  5.747361558E+00 
        60 -1.193749812E-02 -1.193750463E-02  6.562000141E-03  5.677753056E+00 
        61 -1.181249879E-02 -1.181250531E-02  6.562000141E-03  5.625521273E+00 
        62 -1.168749854E-02 -1.168750506E-02  6.562000141E-03  5.611510870E+00 
        63 -1.156249829E-02 -1.156250481E-02  6.562000141E-03  5.643412821E+00 
        64 -1.143749803E-02 -1.143750455E-02  6.562000141E-03  5.579480849E+00 
        65 -1.131249871E-02 -1.131250523E-02  6.562000141E-03  5.486033448E+00 
        66 -1.118749846E-02 -1.118750498E-02  6.562000141E-03  5.444013302E+00 
        67 -1.106249820E-02 -1.106250472E-02  6.562000141E-03  5.460873828E+00 
        68 -1.093749888E-02 -1.093750447E-02  6.562000141E-03  5.492202727E+00 
        69 -1.081249863E-02 -1.081250515E-02  6.562000141E-03  5.508147184E+00 
        70 -1.068749838E-02 -1.068750490E-02  6.562000141E-03  5.496525433E+00 
        71 -1.056249812E-02 -1.056250464E-02  6.562000141E-03  5.452418236E+00 
        72 -1.043749880E-02 -1.043750532E-02  6.562000141E-03  5.410752983E+00 
        73 -1.031249855E-02 -1.031250507E-02  6.562000141E-03  5.455202891E+00 
        74 -1.018749829E-02 -1.018750481E-02  6.562000141E-03  5.505487551E+00 
        75 -1.006249804E-02 -1.006250456E-02  6.562000141E-03  5.374025550E+00 
        76 -9.937498719E-03 -9.937505238E-03  6.562000141E-03  5.244679058E+00 
        77 -9.812498465E-03 -9.812504984E-03  6.562000141E-03  5.287382359E+00 
        78 -9.687498212E-03 -9.687504731E-03  6.562000141E-03  5.311773318E+00 
        79 -9.562497959E-03 -9.562505409E-03  6.562000141E-03  5.221006505E+00 
        80 -9.437498637E-03 -9.437505156E-03  6.562000141E-03  5.057823548E+00 
        81 -9.312498383E-03 -9.312504902E-03  6.562000141E-03  4.883915724E+00 
        82 -9.187498130E-03 -9.187504649E-03  6.562000141E-03  4.750111908E+00 
        83 -9.062498808E-03 -9.062505327E-03  6.562000141E-03  4.671312826E+00 
        84 -8.937498555E-03 -8.937505074E-03  6.562000141E-03  4.584943836E+00 
        85 -8.812498301E-03 -8.812504821E-03  6.562000141E-03  4.317910953E+00 
        86 -8.687498048E-03 -8.687504567E-03  6.562000141E-03  4.122486932E+00 
        87 -8.562498726E-03 -8.562505245E-03  6.562000141E-03  4.101664798E+00 
        88 -8.437498473E-03 -8.437504992E-03  6.562000141E-03  4.190436055E+00 
        89 -8.312498219E-03 -8.312504739E-03  6.562000141E-03  4.357685905E+00 
        90 -8.187497966E-03 -8.187505417E-03  6.562000141E-03  4.453203433E+00 
        91 -8.062498644E-03 -8.062505163E-03  6.562000141E-03  4.542373041E+00 
        92 -1.593749784E-02 -1.593750529E-02  6.562000141E-03  7.427595760E+00 
        93 -1.581249759E-02 -1.581250504E-02  6.562000141E-03  7.376209914E+00 
        94 -1.568749920E-02 -1.568750478E-02  6.562000141E-03  7.484122586E+00 
        95 -1.556249894E-02 -1.556250453E-02  6.562000141E-03  7.820748290E+00 
        96 -1.543749869E-02 -1.543750428E-02  6.562000141E-03  7.841219159E+00 
        97 -1.531249844E-02 -1.531250495E-02  6.562000141E-03  7.511083243E+00 
        98 -1.518749911E-02 -1.518750470E-02  6.562000141E-03  7.383672229E+00 
        99 -1.506249886E-02 -1.506250445E-02  6.562000141E-03  7.417095963E+00 
       100 -1.493749861E-02 -1.493750513E-02  6.562000141E-03  7.318364510E+00 
       101 -1.481249835E-02 -1.481250487E-02  6.562000141E-03  7.437031567E+00 
       102 -1.468749903E-02 -1.468750462E-02  6.562000141E-03  7.768997375E+00 
       103 -1.456249878E-02 -1.456250437E-02  6.562000141E-03  8.179473854E+00 
       104 -1.443749852E-02 -1.443750504E-02  6.562000141E-03  8.239917193E+00 
       105 -1.431249827E-02 -1.431250479E-02  6.562000141E-03  7.895503803E+00 
       106 -1.418749895E-02 -1.418750454E-02  6.562000141E-03  7.645988000E+00 
       107 -1.406249870E-02 -1.406250522E-02  6.562000141E-03  7.379074876E+00 
       108 -1.393749844E-02 -1.393750496E-02  6.562000141E-03  7.182992629E+00 
       109 -1.381249819E-02 -1.381250471E-02  6.562000141E-03  7.032273131E+00 
       110 -1.368749887E-02 -1.368750446E-02  6.562000141E-03  6.935983397E+00 
       111 -1.356249861E-02 -1.356250513E-02  6.562000141E-03  6.845872200E+00 
       112 -1.343749836E-02 -1.343750488E-02  6.562000141E-03  6.755283872E+00 
       113 -1.331249904E-02 -1.331250463E-02  6.562000141E-03  6.678534362E+00 
       114 -1.318749879E-02 -1.318750437E-02  6.562000141E-03  6.621215283E+00 
       115 -1.306249853E-02 -1.306250505E-02  6.562000141E-03  6.579214260E+00 
       116 -1.293749828E-02 -1.293750480E-02  6.562000141E-03  6.534951043E+00 
       117 -1.895486377E-02 -1.895486377E-02  6.562000141E-03  6.829492672E+00 
       118 -1.889867149E-02 -1.889867149E-02  6.562000606E-03  6.832564211E+00 
       119 -1.880285330E-02 -1.880285516E-02  6.562000141E-03  6.822457558E+00 
       120 -1.868749782E-02 -1.868750341E-02  6.562000141E-03  6.793428157E+00 
       121 -1.856249943E-02 -1.856250502E-02  6.562000141E-03  6.841640345E+00 
       122 -1.843749918E-02 -1.843750477E-02  6.562000141E-03  6.876337582E+00 
       123 -1.831249893E-02 -1.831250452E-02  6.562000141E-03  6.994888819E+00 
       124 -1.818749867E-02 -1.818750426E-02  6.562000141E-03  7.251678574E+00 
       125 -1.806249842E-02 -1.806250401E-02  6.562000141E-03  7.434217549E+00 
       126 -1.793749817E-02 -1.793750376E-02  6.562000141E-03  7.471861070E+00 
       127 -1.781249791E-02 -1.781250350E-02  6.562000141E-03  7.671390118E+00 
       128 -1.768749766E-02 -1.768750511E-02  6.562000141E-03  7.509956661E+00 
       129 -1.756249927E-02 -1.756250486E-02  6.562000141E-03  7.496258977E+00 
       130 -1.743749902E-02 -1.743750460E-02  6.562000141E-03  7.663839755E+00 
       131 -1.731249876E-02 -1.731250435E-02  6.562000141E-03  7.634757011E+00 
       132 -1.718749851E-02 -1.718750410E-02  6.562000141E-03  7.460134911E+00 
       133 -1.706249826E-02 -1.706250384E-02  6.562000141E-03  7.589094894E+00 
       134 -1.693749800E-02 -1.693750359E-02  6.562000141E-03  8.377091510E+00 
       135 -1.681249775E-02 -1.681250520E-02  6.562000141E-03  8.635225859E+00 
       136 -1.668749936E-02 -1.668750495E-02  6.562000141E-03  8.605030957E+00 
       137 -1.656249911E-02 -1.656250469E-02  6.562000141E-03  8.407416988E+00 
       138 -1.643749885E-02 -1.643750444E-02  6.562000141E-03  8.045160616E+00 
       139 -1.631249860E-02 -1.631250419E-02  6.562000141E-03  7.874147969E+00 
       140 -1.618749835E-02 -1.618750393E-02  6.562000141E-03  7.709216542E+00 
       141 -1.606249809E-02 -1.606250368E-02  6.562000141E-03  7.565044118E+00 
       142 -1.898222044E-02 -1.898222044E-02  6.562000606E-03  6.640432589E+00 
       143 -1.904012822E-02 -1.904012822E-02  6.562000141E-03  6.503236942E+00 
       144 -1.912219450E-02 -1.912219450E-02  6.562000606E-03  6.435014992E+00 
       145 -1.916676387E-02 -1.916676387E-02  6.562000606E-03  6.391179721E+00 
       146 -1.923896931E-02 -1.923896931E-02  6.562000141E-03  6.341356020E+00 
       147 -1.931096986E-02 -1.931096986E-02  6.562000141E-03  6.281958677E+00 
       148 -1.938296854E-02 -1.938296854E-02  6.562000141E-03  6.245759460E+00 
       149 -1.945496909E-02 -1.945496909E-02  6.562000141E-03  6.082335076E+00 
       150 -1.952696778E-02 -1.952696778E-02  6.562000141E-03  6.024926385E+00 
       151 -1.959896833E-02 -1.959896833E-02  6.562000141E-03  5.795401952E+00 
       152 -1.967096888E-02 -1.967096888E-02  6.562000141E-03  5.680099893E+00 
       153 -1.974296942E-02 -1.974296942E-02  6.562000141E-03  5.547978200E+00 
       154 -1.981496811E-02 -1.981496811E-02  6.562000141E-03  5.546062072E+00 
       155 -1.988696866E-02 -1.988696866E-02  6.562000141E-03  5.798620096E+00 
       156 -1.995896921E-02 -1.995896921E-02  6.562000141E-03  5.882992388E+00 
       157 -2.003096975E-02 -2.003096975E-02  6.562000141E-03  6.230480139E+00 
       158 -2.010296844E-02 -2.010296844E-02  6.562000141E-03  6.186155800E+00 
       159 -2.017496899E-02 -2.017496899E-02  6.562000141E-03  6.365889185E+00 
       160 -2.024696954E-02 -2.024696954E-02  6.562000141E-03  6.348632733E+00 
       161 -2.031897008E-02 -2.031897008E-02  6.562000141E-03  6.461614425E+00 
       162 -2.039096877E-02 -2.039096877E-02  6.562000141E-03  6.469270039E+00 
       163 -2.046296932E-02 -2.046296932E-02  6.562000141E-03  6.588516235E+00 
       164 -2.053496987E-02 -2.053496987E-02  6.562000141E-03  6.629870634E+00 
       165 -2.060696855E-02 -2.060696855E-02  6.562000141E-03  6.863681427E+00 
       166 -2.067896910E-02 -2.067896910E-02  6.562000141E-03  6.833313692E+00 
       167 -2.075096965E-02 -2.075096965E-02  6.562000141E-03  6.926646460E+00 
       168 -2.082296833E-02 -2.082296833E-02  6.562000141E-03  6.760560736E+00 
       169 -2.089514025E-02 -2.089514025E-02  6.562000141E-03  6.546906518E+00 
       170 -2.095155232E-02 -2.095155232E-02  6.562000141E-03  6.321689541E+00 
       171 -2.100796066E-02 -2.100796066E-02  6.562000141E-03  5.672423335E+00 
       172 -2.106651478E-02 -2.106651478E-02  6.562000606E-03  5.131441577E+00 
       173 -2.110337466E-02 -2.110337466E-02  6.562000606E-03  4.234543928E+00 
       174 -2.112556621E-02 -2.112556621E-02  6.562000606E-03  3.516580313E+00 
       175 -2.114406601E-02 -2.114406601E-02  6.562000606E-03  2.874157410E+00 
       176 -2.115948685E-02 -2.115948685E-02  6.562000606E-03  2.341553503E+00 
       177 -2.117234282E-02 -2.117234282E-02  6.562000606E-03  1.874853201E+00 
       178 -2.118305862E-02 -2.118305862E-02  6.562000141E-03  1.448721587E+00 
       179 -2.119199000E-02 -2.119199000E-02  6.562000141E-03  1.058595599E+00 
       180 -2.119943500E-02 -2.119943500E-02  6.562000141E-03  7.060946610E-01 
       181 -2.120563947E-02 -2.120563947E-02  6.562000141E-03  3.963835768E-01 
       182 -2.121081017E-02 -2.121081017E-02  6.562000141E-03  1.314078274E-01 
       183 -2.102797665E-02 -2.102797665E-02  6.562000141E-03  5.827755090E+00 
