cellnumber     x-coordinate     y-coordinate     z-coordinate velocity-magnitude 
         1 -1.281249896E-02 -1.281250454E-02  6.562000141E-03  6.475990271E+00 
         2 -1.268749870E-02 -1.268750429E-02  6.562000141E-03  6.359106426E+00 
         3 -1.256249845E-02 -1.256250497E-02  6.562000141E-03  6.248788331E+00 
         4 -1.243749820E-02 -1.243750472E-02  6.562000141E-03  6.163220078E+00 
         5 -1.231249887E-02 -1.231250446E-02  6.562000141E-03  6.120603133E+00 
         6 -1.218749862E-02 -1.218750514E-02  6.562000141E-03  6.088083904E+00 
         7 -1.206249837E-02 -1.206250489E-02  6.562000141E-03  6.057137659E+00 
         8 -1.193749905E-02 -1.193750463E-02  6.562000141E-03  6.014100866E+00 
         9 -1.181249879E-02 -1.181250438E-02  6.562000141E-03  5.949414398E+00 
        10 -1.168749854E-02 -1.168750506E-02  6.562000141E-03  5.922956177E+00 
        11 -1.156249829E-02 -1.156250481E-02  6.562000141E-03  5.886968929E+00 
        12 -1.143749896E-02 -1.143750455E-02  6.562000141E-03  5.813416292E+00 
        13 -1.131249871E-02 -1.131250523E-02  6.562000141E-03  5.725064610E+00 
        14 -1.118749846E-02 -1.118750498E-02  6.562000141E-03  5.609387034E+00 
        15 -1.106249820E-02 -1.106250472E-02  6.562000141E-03  5.487012387E+00 
        16 -1.093749888E-02 -1.093750447E-02  6.562000141E-03  5.410455792E+00 
        17 -1.081249863E-02 -1.081250515E-02  6.562000141E-03  5.387598111E+00 
        18 -1.068749838E-02 -1.068750490E-02  6.562000141E-03  5.339701473E+00 
        19 -1.056249812E-02 -1.056250464E-02  6.562000141E-03  5.268104278E+00 
        20 -1.043749880E-02 -1.043750439E-02  6.562000141E-03  5.193065562E+00 
        21 -1.031249855E-02 -1.031250507E-02  6.562000141E-03  5.144583977E+00 
        22 -1.018749829E-02 -1.018750481E-02  6.562000141E-03  5.107659525E+00 
        23 -1.006249804E-02 -1.006250456E-02  6.562000141E-03  5.087092007E+00 
        24 -9.937498719E-03 -9.937505238E-03  6.562000141E-03  5.082783322E+00 
        25 -9.812498465E-03 -9.812504984E-03  6.562000141E-03  5.076983625E+00 
        26 -9.687498212E-03 -9.687504731E-03  6.562000141E-03  5.075355406E+00 
        27 -9.562498890E-03 -9.562504478E-03  6.562000141E-03  5.079919888E+00 
        28 -9.437498637E-03 -9.437505156E-03  6.562000141E-03  5.059950755E+00 
        29 -9.312498383E-03 -9.312504902E-03  6.562000141E-03  4.974523021E+00 
        30 -9.187498130E-03 -9.187504649E-03  6.562000141E-03  4.914569731E+00 
        31 -9.062498808E-03 -9.062505327E-03  6.562000141E-03  4.943621431E+00 
        32 -8.937498555E-03 -8.937505074E-03  6.562000141E-03  5.012391594E+00 
        33 -8.812498301E-03 -8.812504821E-03  6.562000141E-03  4.928719340E+00 
        34 -8.687498048E-03 -8.687504567E-03  6.562000141E-03  4.783334915E+00 
        35 -8.562498726E-03 -8.562505245E-03  6.562000141E-03  4.674116528E+00 
        36 -8.437498473E-03 -8.437504992E-03  6.562000141E-03  4.137201811E+00 
        37 -8.312498219E-03 -8.312504739E-03  6.562000141E-03  3.998950509E+00 
        38 -8.187497966E-03 -8.187505417E-03  6.562000141E-03  3.843403947E+00 
        39 -8.062498644E-03 -8.062505163E-03  6.562000141E-03  3.596030793E+00 
        40 -1.593749784E-02 -1.593750343E-02  6.562000141E-03  8.249937739E+00 
        41 -1.581249945E-02 -1.581250504E-02  6.562000141E-03  8.361391842E+00 
        42 -1.568749920E-02 -1.568750478E-02  6.562000141E-03  8.382281057E+00 
        43 -1.556249894E-02 -1.556250453E-02  6.562000141E-03  8.256667026E+00 
        44 -1.543749869E-02 -1.543750428E-02  6.562000141E-03  8.118070120E+00 
        45 -1.531249844E-02 -1.531250495E-02  6.562000141E-03  7.777558394E+00 
        46 -1.518749911E-02 -1.518750470E-02  6.562000141E-03  7.587760172E+00 
        47 -1.506249886E-02 -1.506250445E-02  6.562000141E-03  7.648175421E+00 
        48 -1.493749861E-02 -1.493750419E-02  6.562000141E-03  7.610705256E+00 
        49 -1.481249835E-02 -1.481250487E-02  6.562000141E-03  7.449016379E+00 
        50 -1.468749903E-02 -1.468750462E-02  6.562000141E-03  7.274442815E+00 
        51 -1.456249878E-02 -1.456250437E-02  6.562000141E-03  7.064261986E+00 
        52 -1.443749852E-02 -1.443750504E-02  6.562000141E-03  6.880698878E+00 
        53 -1.431249827E-02 -1.431250479E-02  6.562000141E-03  6.861833314E+00 
        54 -1.418749895E-02 -1.418750454E-02  6.562000141E-03  6.828061894E+00 
        55 -1.406249870E-02 -1.406250428E-02  6.562000141E-03  6.809569851E+00 
        56 -1.393749844E-02 -1.393750496E-02  6.562000141E-03  6.817833410E+00 
        57 -1.381249912E-02 -1.381250471E-02  6.562000141E-03  6.706874095E+00 
        58 -1.368749887E-02 -1.368750446E-02  6.562000141E-03  6.565497391E+00 
        59 -1.356249861E-02 -1.356250513E-02  6.562000141E-03  6.483625657E+00 
        60 -1.343749836E-02 -1.343750488E-02  6.562000141E-03  6.468349190E+00 
        61 -1.331249904E-02 -1.331250463E-02  6.562000141E-03  6.519426241E+00 
        62 -1.318749879E-02 -1.318750437E-02  6.562000141E-03  6.619049767E+00 
        63 -1.306249853E-02 -1.306250505E-02  6.562000141E-03  6.644081130E+00 
        64 -1.293749828E-02 -1.293750480E-02  6.562000141E-03  6.588060609E+00 
        65 -3.312498098E-03 -3.312505083E-03  6.562000141E-03  9.647269365E-01 
        66 -3.189915325E-03 -3.189919051E-03  6.562000141E-03  1.087373395E+00 
        67 -3.123705974E-03 -3.123705974E-03  6.562000606E-03  1.119906247E+00 
        68 -3.059382550E-03 -3.059382550E-03  6.562000141E-03  1.095906828E+00 
        69 -2.975319512E-03 -2.975319512E-03  6.562000606E-03  1.058943834E+00 
        70 -2.937293379E-03 -2.937293379E-03  6.562000141E-03  1.074210181E+00 
        71 -2.915035933E-03 -2.915035933E-03  6.562000141E-03  1.113167734E+00 
        72 -2.896548016E-03 -2.896548016E-03  6.562000141E-03  1.189364639E+00 
        73 -2.881183056E-03 -2.881183056E-03  6.562000606E-03  1.262705893E+00 
        74 -2.868407173E-03 -2.868407173E-03  6.562000141E-03  1.324193664E+00 
        75 -2.857780783E-03 -2.857780783E-03  6.562000141E-03  1.369261464E+00 
        76 -2.848939039E-03 -2.848939039E-03  6.562000606E-03  1.401826977E+00 
        77 -2.841580659E-03 -2.841580659E-03  6.562000606E-03  1.425606529E+00 
        78 -2.835455118E-03 -2.835455118E-03  6.562000606E-03  1.443754485E+00 
        79 -2.830355195E-03 -2.830355195E-03  6.562000141E-03  1.458027004E+00 
        80 -7.937498391E-03 -7.937504910E-03  6.562000141E-03  3.322040837E+00 
        81 -7.812498137E-03 -7.812504657E-03  6.562000141E-03  3.066539894E+00 
        82 -7.687498350E-03 -7.687504869E-03  6.562000141E-03  2.798990977E+00 
        83 -7.562498562E-03 -7.562505081E-03  6.562000141E-03  2.629179378E+00 
        84 -7.437498309E-03 -7.437504828E-03  6.562000141E-03  2.633759721E+00 
        85 -7.312498521E-03 -7.312505040E-03  6.562000141E-03  2.674566652E+00 
        86 -7.187498268E-03 -7.187504787E-03  6.562000141E-03  2.248422855E+00 
        87 -7.062498480E-03 -7.062504999E-03  6.562000141E-03  1.733709918E+00 
        88 -6.937498227E-03 -6.937505212E-03  6.562000141E-03  1.742511622E+00 
        89 -6.812498439E-03 -6.812504958E-03  6.562000141E-03  1.935346157E+00 
        90 -6.687498186E-03 -6.687505171E-03  6.562000141E-03  2.228689690E+00 
        91 -6.562498398E-03 -6.562504917E-03  6.562000141E-03  2.410758047E+00 
        92 -6.437498145E-03 -6.437505130E-03  6.562000141E-03  2.432155000E+00 
        93 -6.312498357E-03 -6.312504876E-03  6.562000141E-03  2.257023517E+00 
        94 -6.187498104E-03 -6.187505089E-03  6.562000141E-03  2.043352603E+00 
        95 -6.062498316E-03 -6.062504835E-03  6.562000141E-03  1.783482056E+00 
        96 -5.937498063E-03 -5.937505048E-03  6.562000141E-03  1.439045954E+00 
        97 -5.812498275E-03 -5.812505260E-03  6.562000141E-03  1.282870771E+00 
        98 -5.687498022E-03 -5.687505007E-03  6.562000141E-03  1.417880107E+00 
        99 -5.562498234E-03 -5.562505219E-03  6.562000141E-03  1.744680449E+00 
       100 -5.437498447E-03 -5.437504966E-03  6.562000141E-03  1.573888975E+00 
       101 -5.312498193E-03 -5.312505178E-03  6.562000141E-03  1.659573394E+00 
       102 -5.187498406E-03 -5.187504925E-03  6.562000141E-03  1.681920541E+00 
       103 -5.062498152E-03 -5.062505137E-03  6.562000141E-03  1.627199242E+00 
       104 -4.937498365E-03 -4.937504884E-03  6.562000141E-03  1.522351616E+00 
       105 -4.812498111E-03 -4.812505096E-03  6.562000141E-03  1.475362339E+00 
       106 -4.687498324E-03 -4.687505309E-03  6.562000141E-03  1.517385791E+00 
       107 -4.562498070E-03 -4.562505055E-03  6.562000141E-03  1.631125172E+00 
       108 -4.437498283E-03 -4.437505268E-03  6.562000141E-03  1.739564559E+00 
       109 -4.312498029E-03 -4.312505014E-03  6.562000141E-03  1.812456213E+00 
       110 -4.187498242E-03 -4.187505227E-03  6.562000141E-03  1.872188620E+00 
       111 -4.062497988E-03 -4.062504973E-03  6.562000141E-03  1.915995320E+00 
       112 -3.937498201E-03 -3.937505186E-03  6.562000141E-03  1.931859553E+00 
       113 -3.812497947E-03 -3.812505165E-03  6.562000141E-03  1.805971475E+00 
       114 -3.687497927E-03 -3.687505145E-03  6.562000141E-03  1.409808172E+00 
       115 -3.562497906E-03 -3.562505124E-03  6.562000141E-03  1.109453085E+00 
       116 -3.437498119E-03 -3.437505104E-03  6.562000141E-03  9.749380106E-01 
       117 -1.895486377E-02 -1.895486377E-02  6.562000141E-03  7.774268513E+00 
       118 -1.889866963E-02 -1.889866963E-02  6.562000141E-03  7.765651228E+00 
       119 -1.880285144E-02 -1.880285516E-02  6.562000141E-03  7.649472296E+00 
       120 -1.868749782E-02 -1.868750341E-02  6.562000141E-03  7.410911703E+00 
       121 -1.856249943E-02 -1.856250502E-02  6.562000141E-03  7.411038010E+00 
       122 -1.843749918E-02 -1.843750477E-02  6.562000141E-03  7.310268507E+00 
       123 -1.831249893E-02 -1.831250452E-02  6.562000141E-03  7.582276080E+00 
       124 -1.818749867E-02 -1.818750426E-02  6.562000141E-03  7.900032404E+00 
       125 -1.806249842E-02 -1.806250401E-02  6.562000141E-03  7.853513965E+00 
       126 -1.793749817E-02 -1.793750376E-02  6.562000141E-03  7.912358822E+00 
       127 -1.781249791E-02 -1.781250350E-02  6.562000141E-03  7.907896718E+00 
       128 -1.768749952E-02 -1.768750511E-02  6.562000141E-03  8.011092570E+00 
       129 -1.756249927E-02 -1.756250486E-02  6.562000141E-03  8.199016074E+00 
       130 -1.743749902E-02 -1.743750460E-02  6.562000141E-03  8.372149704E+00 
       131 -1.731249876E-02 -1.731250435E-02  6.562000141E-03  8.404814512E+00 
       132 -1.718749851E-02 -1.718750410E-02  6.562000141E-03  8.302445154E+00 
       133 -1.706249826E-02 -1.706250384E-02  6.562000141E-03  8.318615109E+00 
       134 -1.693749800E-02 -1.693750359E-02  6.562000141E-03  8.279665240E+00 
       135 -1.681249775E-02 -1.681250334E-02  6.562000141E-03  8.193952541E+00 
       136 -1.668749936E-02 -1.668750495E-02  6.562000141E-03  8.061307419E+00 
       137 -1.656249911E-02 -1.656250469E-02  6.562000141E-03  7.926028270E+00 
       138 -1.643749885E-02 -1.643750444E-02  6.562000141E-03  7.838241257E+00 
       139 -1.631249860E-02 -1.631250419E-02  6.562000141E-03  7.823676488E+00 
       140 -1.618749835E-02 -1.618750393E-02  6.562000141E-03  7.913979897E+00 
       141 -1.606249809E-02 -1.606250368E-02  6.562000141E-03  8.073122869E+00 
       142 -2.102797665E-02 -2.102797665E-02  6.562000141E-03  5.990344694E+00 
       143 -1.898222044E-02 -1.898222044E-02  6.562000606E-03  7.846901737E+00 
       144 -1.904012822E-02 -1.904012822E-02  6.562000141E-03  7.840436721E+00 
       145 -1.912219450E-02 -1.912219450E-02  6.562000606E-03  7.830773995E+00 
       146 -1.916676387E-02 -1.916676387E-02  6.562000606E-03  7.837101291E+00 
       147 -1.923896931E-02 -1.923896931E-02  6.562000141E-03  7.699830568E+00 
       148 -1.931096986E-02 -1.931096986E-02  6.562000141E-03  7.586799943E+00 
       149 -1.938296854E-02 -1.938296854E-02  6.562000141E-03  7.342623024E+00 
       150 -1.945496909E-02 -1.945496909E-02  6.562000141E-03  7.080567755E+00 
       151 -1.952696778E-02 -1.952696778E-02  6.562000141E-03  6.838004769E+00 
       152 -1.959896833E-02 -1.959896833E-02  6.562000141E-03  6.434565557E+00 
       153 -1.967096888E-02 -1.967096888E-02  6.562000141E-03  6.175363251E+00 
       154 -1.974296942E-02 -1.974296942E-02  6.562000141E-03  5.755810002E+00 
       155 -1.981496811E-02 -1.981496811E-02  6.562000141E-03  5.639379277E+00 
       156 -1.988696866E-02 -1.988696866E-02  6.562000141E-03  5.449597491E+00 
       157 -1.995896921E-02 -1.995896921E-02  6.562000141E-03  5.536862668E+00 
       158 -2.003096975E-02 -2.003096975E-02  6.562000141E-03  5.469859961E+00 
       159 -2.010296844E-02 -2.010296844E-02  6.562000141E-03  5.567695011E+00 
       160 -2.017496899E-02 -2.017496899E-02  6.562000141E-03  5.632102841E+00 
       161 -2.024696954E-02 -2.024696954E-02  6.562000141E-03  5.706384692E+00 
       162 -2.031897008E-02 -2.031897008E-02  6.562000141E-03  5.843132375E+00 
       163 -2.039096877E-02 -2.039096877E-02  6.562000141E-03  5.881645276E+00 
       164 -2.046296932E-02 -2.046296932E-02  6.562000141E-03  5.980799904E+00 
       165 -2.053496987E-02 -2.053496987E-02  6.562000141E-03  6.054731705E+00 
       166 -2.060696855E-02 -2.060696855E-02  6.562000141E-03  6.166520857E+00 
       167 -2.067896910E-02 -2.067896910E-02  6.562000141E-03  6.293231118E+00 
       168 -2.075096965E-02 -2.075096965E-02  6.562000141E-03  6.349332274E+00 
       169 -2.082296833E-02 -2.082296833E-02  6.562000141E-03  6.362553709E+00 
       170 -2.089514025E-02 -2.089514025E-02  6.562000141E-03  6.295257959E+00 
       171 -2.095155232E-02 -2.095155232E-02  6.562000141E-03  6.107653528E+00 
       172 -2.100796066E-02 -2.100796066E-02  6.562000141E-03  6.004503099E+00 
       173 -2.106651478E-02 -2.106651478E-02  6.562000606E-03  5.629589841E+00 
       174 -2.110337466E-02 -2.110337466E-02  6.562000606E-03  5.079737480E+00 
       175 -2.112556621E-02 -2.112556621E-02  6.562000606E-03  4.494956760E+00 
       176 -2.114406601E-02 -2.114406601E-02  6.562000606E-03  3.807596697E+00 
       177 -2.115948685E-02 -2.115948685E-02  6.562000606E-03  3.108819077E+00 
       178 -2.117234282E-02 -2.117234282E-02  6.562000606E-03  2.449864527E+00 
       179 -2.118305862E-02 -2.118305862E-02  6.562000141E-03  1.851949008E+00 
       180 -2.119199000E-02 -2.119199000E-02  6.562000141E-03  1.325008977E+00 
       181 -2.119943500E-02 -2.119943500E-02  6.562000141E-03  8.708181467E-01 
       182 -2.120563947E-02 -2.120563947E-02  6.562000141E-03  4.851120113E-01 
       183 -2.121081017E-02 -2.121081017E-02  6.562000141E-03  1.609235323E-01 
