cellnumber     x-coordinate     y-coordinate     z-coordinate velocity-magnitude 
         1 -1.281249896E-02 -1.281250454E-02  6.562000141E-03  6.786965627E+00 
         2 -1.268749870E-02 -1.268750429E-02  6.562000141E-03  6.770025165E+00 
         3 -1.256249938E-02 -1.256250404E-02  6.562000141E-03  6.728302074E+00 
         4 -1.243749913E-02 -1.243750472E-02  6.562000141E-03  6.645206271E+00 
         5 -1.231249887E-02 -1.231250446E-02  6.562000141E-03  6.536438984E+00 
         6 -1.218749862E-02 -1.218750421E-02  6.562000141E-03  6.457141266E+00 
         7 -1.206249930E-02 -1.206250396E-02  6.562000141E-03  6.442501073E+00 
         8 -1.193749905E-02 -1.193750463E-02  6.562000141E-03  6.406258174E+00 
         9 -1.181249879E-02 -1.181250438E-02  6.562000141E-03  6.274010045E+00 
        10 -1.168749854E-02 -1.168750413E-02  6.562000141E-03  6.034938717E+00 
        11 -1.156249922E-02 -1.156250481E-02  6.562000141E-03  5.728684610E+00 
        12 -1.143749896E-02 -1.143750455E-02  6.562000141E-03  5.516831622E+00 
        13 -1.131249871E-02 -1.131250430E-02  6.562000141E-03  5.468390487E+00 
        14 -1.118749846E-02 -1.118750405E-02  6.562000141E-03  5.489911065E+00 
        15 -1.106249914E-02 -1.106250472E-02  6.562000141E-03  5.374854830E+00 
        16 -1.093749888E-02 -1.093750447E-02  6.562000141E-03  5.205748095E+00 
        17 -1.081249863E-02 -1.081250422E-02  6.562000141E-03  5.107891010E+00 
        18 -1.068749838E-02 -1.068750490E-02  6.562000141E-03  5.050928907E+00 
        19 -1.056249905E-02 -1.056250464E-02  6.562000141E-03  5.034534252E+00 
        20 -1.043749880E-02 -1.043750439E-02  6.562000141E-03  5.096270907E+00 
        21 -1.031249855E-02 -1.031250414E-02  6.562000141E-03  5.100172647E+00 
        22 -1.018749923E-02 -1.018750481E-02  6.562000141E-03  5.015057576E+00 
        23 -1.006249897E-02 -1.006250456E-02  6.562000141E-03  4.843923622E+00 
        24 -9.937498719E-03 -9.937504306E-03  6.562000141E-03  4.679068792E+00 
        25 -9.812498465E-03 -9.812504984E-03  6.562000141E-03  4.749805224E+00 
        26 -9.687499143E-03 -9.687504731E-03  6.562000141E-03  4.891203773E+00 
        27 -9.562498890E-03 -9.562504478E-03  6.562000141E-03  4.877926433E+00 
        28 -9.437498637E-03 -9.437504224E-03  6.562000141E-03  4.982159034E+00 
        29 -9.312498383E-03 -9.312504902E-03  6.562000141E-03  4.983520475E+00 
        30 -9.187499061E-03 -9.187504649E-03  6.562000141E-03  4.518094334E+00 
        31 -9.062498808E-03 -9.062504396E-03  6.562000141E-03  4.541155329E+00 
        32 -8.937498555E-03 -8.937505074E-03  6.562000141E-03  3.745065040E+00 
        33 -8.812498301E-03 -8.812504821E-03  6.562000141E-03  3.854957485E+00 
        34 -8.687498979E-03 -8.687504567E-03  6.562000141E-03  3.953063432E+00 
        35 -8.562498726E-03 -8.562504314E-03  6.562000141E-03  3.740718751E+00 
        36 -8.437498473E-03 -8.437504992E-03  6.562000141E-03  3.397488500E+00 
        37 -8.312498219E-03 -8.312504739E-03  6.562000141E-03  3.199499195E+00 
        38 -8.187498897E-03 -8.187504485E-03  6.562000141E-03  3.204529029E+00 
        39 -8.062498644E-03 -8.062505163E-03  6.562000141E-03  3.240390301E+00 
        40 -1.593749970E-02 -1.593750343E-02  6.562000141E-03  7.963816546E+00 
        41 -1.581249945E-02 -1.581250317E-02  6.562000141E-03  8.414728319E+00 
        42 -1.568749920E-02 -1.568750292E-02  6.562000141E-03  8.843072633E+00 
        43 -1.556249894E-02 -1.556250453E-02  6.562000141E-03  8.611930053E+00 
        44 -1.543749962E-02 -1.543750428E-02  6.562000141E-03  8.331481688E+00 
        45 -1.531249937E-02 -1.531250402E-02  6.562000141E-03  8.295859772E+00 
        46 -1.518749911E-02 -1.518750377E-02  6.562000141E-03  7.858866494E+00 
        47 -1.506249886E-02 -1.506250445E-02  6.562000141E-03  7.600395450E+00 
        48 -1.493749954E-02 -1.493750419E-02  6.562000141E-03  7.640403711E+00 
        49 -1.481249928E-02 -1.481250394E-02  6.562000141E-03  7.664407798E+00 
        50 -1.468749903E-02 -1.468750462E-02  6.562000141E-03  7.537075377E+00 
        51 -1.456249878E-02 -1.456250437E-02  6.562000141E-03  7.426915049E+00 
        52 -1.443749946E-02 -1.443750411E-02  6.562000141E-03  7.453150340E+00 
        53 -1.431249920E-02 -1.431250386E-02  6.562000141E-03  7.473850582E+00 
        54 -1.418749895E-02 -1.418750454E-02  6.562000141E-03  7.454446233E+00 
        55 -1.406249870E-02 -1.406250428E-02  6.562000141E-03  7.390949302E+00 
        56 -1.393749937E-02 -1.393750403E-02  6.562000141E-03  7.307666996E+00 
        57 -1.381249912E-02 -1.381250471E-02  6.562000141E-03  7.170912960E+00 
        58 -1.368749887E-02 -1.368750446E-02  6.562000141E-03  7.072650182E+00 
        59 -1.356249861E-02 -1.356250420E-02  6.562000141E-03  7.010629402E+00 
        60 -1.343749929E-02 -1.343750395E-02  6.562000141E-03  6.925572916E+00 
        61 -1.331249904E-02 -1.331250463E-02  6.562000141E-03  6.834219592E+00 
        62 -1.318749879E-02 -1.318750437E-02  6.562000141E-03  6.804720219E+00 
        63 -1.306249946E-02 -1.306250412E-02  6.562000141E-03  6.810109599E+00 
        64 -1.293749921E-02 -1.293750480E-02  6.562000141E-03  6.800462865E+00 
        65 -1.895486377E-02 -1.895486377E-02  6.562000141E-03  6.072686264E+00 
        66 -1.889866963E-02 -1.889866963E-02  6.562000141E-03  6.216338393E+00 
        67 -1.880285144E-02 -1.880285516E-02  6.562000141E-03  6.452776754E+00 
        68 -1.868749969E-02 -1.868750341E-02  6.562000141E-03  6.982521394E+00 
        69 -1.856249943E-02 -1.856250316E-02  6.562000141E-03  7.367483710E+00 
        70 -1.843749918E-02 -1.843750291E-02  6.562000141E-03  7.782591706E+00 
        71 -1.831249893E-02 -1.831250452E-02  6.562000141E-03  8.085500760E+00 
        72 -1.818749867E-02 -1.818750426E-02  6.562000141E-03  8.194278443E+00 
        73 -1.806249842E-02 -1.806250401E-02  6.562000141E-03  8.130956490E+00 
        74 -1.793750003E-02 -1.793750376E-02  6.562000141E-03  7.803201398E+00 
        75 -1.781249978E-02 -1.781250350E-02  6.562000141E-03  7.329376452E+00 
        76 -1.768749952E-02 -1.768750325E-02  6.562000141E-03  7.263345325E+00 
        77 -1.756249927E-02 -1.756250300E-02  6.562000141E-03  7.292796036E+00 
        78 -1.743749902E-02 -1.743750460E-02  6.562000141E-03  7.230816369E+00 
        79 -1.731249876E-02 -1.731250435E-02  6.562000141E-03  7.262817506E+00 
        80 -1.718749851E-02 -1.718750410E-02  6.562000141E-03  7.516233772E+00 
        81 -1.706249826E-02 -1.706250384E-02  6.562000141E-03  7.735386455E+00 
        82 -1.693749987E-02 -1.693750359E-02  6.562000141E-03  7.770745800E+00 
        83 -1.681249961E-02 -1.681250334E-02  6.562000141E-03  7.672049412E+00 
        84 -1.668749936E-02 -1.668750308E-02  6.562000141E-03  7.729438042E+00 
        85 -1.656249911E-02 -1.656250469E-02  6.562000141E-03  7.816979981E+00 
        86 -1.643749885E-02 -1.643750444E-02  6.562000141E-03  7.848517527E+00 
        87 -1.631249860E-02 -1.631250419E-02  6.562000141E-03  7.845205833E+00 
        88 -1.618749835E-02 -1.618750393E-02  6.562000141E-03  7.823319601E+00 
        89 -1.606249996E-02 -1.606250368E-02  6.562000141E-03  7.804382598E+00 
        90 -1.898222044E-02 -1.898222044E-02  6.562000606E-03  6.048522908E+00 
        91 -1.904012822E-02 -1.904012822E-02  6.562000141E-03  6.048939063E+00 
        92 -1.912219450E-02 -1.912219450E-02  6.562000606E-03  6.140794670E+00 
        93 -1.916676387E-02 -1.916676387E-02  6.562000606E-03  6.141462691E+00 
        94 -1.923896931E-02 -1.923896931E-02  6.562000141E-03  6.260292059E+00 
        95 -1.931096986E-02 -1.931096986E-02  6.562000141E-03  6.262984819E+00 
        96 -1.938296854E-02 -1.938296854E-02  6.562000141E-03  6.301615870E+00 
        97 -1.945496909E-02 -1.945496909E-02  6.562000141E-03  6.279706543E+00 
        98 -1.952696778E-02 -1.952696778E-02  6.562000141E-03  6.218512009E+00 
        99 -1.959896833E-02 -1.959896833E-02  6.562000141E-03  6.181769128E+00 
       100 -1.967096888E-02 -1.967096888E-02  6.562000141E-03  6.172731527E+00 
       101 -1.974296942E-02 -1.974296942E-02  6.562000141E-03  6.172427429E+00 
       102 -1.981496811E-02 -1.981496811E-02  6.562000141E-03  6.250137329E+00 
       103 -1.988696866E-02 -1.988696866E-02  6.562000141E-03  6.274888634E+00 
       104 -1.995896921E-02 -1.995896921E-02  6.562000141E-03  6.243457161E+00 
       105 -2.003096975E-02 -2.003096975E-02  6.562000141E-03  6.254635321E+00 
       106 -2.010296844E-02 -2.010296844E-02  6.562000141E-03  6.255217760E+00 
       107 -2.017496899E-02 -2.017496899E-02  6.562000141E-03  6.414748999E+00 
       108 -2.024696954E-02 -2.024696954E-02  6.562000141E-03  6.377243005E+00 
       109 -2.031897008E-02 -2.031897008E-02  6.562000141E-03  6.626197924E+00 
       110 -2.039096877E-02 -2.039096877E-02  6.562000141E-03  6.623074077E+00 
       111 -2.046296932E-02 -2.046296932E-02  6.562000141E-03  6.891785597E+00 
       112 -2.053496987E-02 -2.053496987E-02  6.562000141E-03  6.773848732E+00 
       113 -2.060696855E-02 -2.060696855E-02  6.562000141E-03  6.834431766E+00 
       114 -2.067896910E-02 -2.067896910E-02  6.562000141E-03  6.712976437E+00 
       115 -2.075096965E-02 -2.075096965E-02  6.562000141E-03  6.512951772E+00 
       116 -2.082296833E-02 -2.082296833E-02  6.562000141E-03  6.268907681E+00 
       117 -2.089514025E-02 -2.089514025E-02  6.562000141E-03  5.937032458E+00 
       118 -2.095155232E-02 -2.095155232E-02  6.562000141E-03  5.680266376E+00 
       119 -2.100796066E-02 -2.100796066E-02  6.562000141E-03  5.504810677E+00 
       120 -2.106651478E-02 -2.106651478E-02  6.562000606E-03  5.243161806E+00 
       121 -2.110337466E-02 -2.110337466E-02  6.562000606E-03  5.081530655E+00 
       122 -2.112556621E-02 -2.112556621E-02  6.562000606E-03  4.857955522E+00 
       123 -2.114406601E-02 -2.114406601E-02  6.562000606E-03  4.354739951E+00 
       124 -2.115948685E-02 -2.115948685E-02  6.562000606E-03  3.620158390E+00 
       125 -2.117234282E-02 -2.117234282E-02  6.562000606E-03  2.840684865E+00 
       126 -2.118305862E-02 -2.118305862E-02  6.562000141E-03  2.128260391E+00 
       127 -2.119199000E-02 -2.119199000E-02  6.562000141E-03  1.510025538E+00 
       128 -2.119943500E-02 -2.119943500E-02  6.562000141E-03  9.856397742E-01 
       129 -2.120563947E-02 -2.120563947E-02  6.562000141E-03  5.453570711E-01 
       130 -2.121081017E-02 -2.121081017E-02  6.562000141E-03  1.791865634E-01 
       131 -2.102797665E-02 -2.102797665E-02  6.562000141E-03  5.582442161E+00 
       132 -7.937498391E-03 -7.937504910E-03  6.562000141E-03  3.251141008E+00 
       133 -7.812498603E-03 -7.812504657E-03  6.562000141E-03  3.207344646E+00 
       134 -7.687498350E-03 -7.687504869E-03  6.562000141E-03  3.106631258E+00 
       135 -7.562498562E-03 -7.562504616E-03  6.562000141E-03  3.002069900E+00 
       136 -7.437498774E-03 -7.437504828E-03  6.562000141E-03  2.952612441E+00 
       137 -7.312498521E-03 -7.312504575E-03  6.562000141E-03  2.809881973E+00 
       138 -7.187498733E-03 -7.187504787E-03  6.562000141E-03  2.661837491E+00 
       139 -7.062498480E-03 -7.062504999E-03  6.562000141E-03  2.534946945E+00 
       140 -6.937498692E-03 -6.937504746E-03  6.562000141E-03  2.354891704E+00 
       141 -6.812498439E-03 -6.812504958E-03  6.562000141E-03  2.111419982E+00 
       142 -6.687498651E-03 -6.687504705E-03  6.562000141E-03  2.077769387E+00 
       143 -6.562498398E-03 -6.562504917E-03  6.562000141E-03  2.207146839E+00 
       144 -6.437498610E-03 -6.437504664E-03  6.562000141E-03  2.336875487E+00 
       145 -6.312498357E-03 -6.312504876E-03  6.562000141E-03  2.194335793E+00 
       146 -6.187498569E-03 -6.187505089E-03  6.562000141E-03  2.211662218E+00 
       147 -6.062498316E-03 -6.062504835E-03  6.562000141E-03  2.139211610E+00 
       148 -5.937498529E-03 -5.937505048E-03  6.562000141E-03  2.075509247E+00 
       149 -5.812498275E-03 -5.812504794E-03  6.562000141E-03  1.942670858E+00 
       150 -5.687498488E-03 -5.687505007E-03  6.562000141E-03  1.692679661E+00 
       151 -5.562498234E-03 -5.562504753E-03  6.562000141E-03  1.413290827E+00 
       152 -5.437498447E-03 -5.437504966E-03  6.562000141E-03  1.441438535E+00 
       153 -5.312498193E-03 -5.312504712E-03  6.562000141E-03  1.490458470E+00 
       154 -5.187498406E-03 -5.187504925E-03  6.562000141E-03  1.493479666E+00 
       155 -5.062498152E-03 -5.062505137E-03  6.562000141E-03  1.519894241E+00 
       156 -4.937498365E-03 -4.937504884E-03  6.562000141E-03  1.557446030E+00 
       157 -4.812498111E-03 -4.812505096E-03  6.562000141E-03  1.605582811E+00 
       158 -4.687498324E-03 -4.687504843E-03  6.562000141E-03  1.655278088E+00 
       159 -4.562498536E-03 -4.562505055E-03  6.562000141E-03  1.714874786E+00 
       160 -4.437498283E-03 -4.437504802E-03  6.562000141E-03  1.777306484E+00 
       161 -4.312498495E-03 -4.312505014E-03  6.562000141E-03  1.851777098E+00 
       162 -4.187498242E-03 -4.187505227E-03  6.562000141E-03  1.975190200E+00 
       163 -4.062498454E-03 -4.062504973E-03  6.562000141E-03  2.121735100E+00 
       164 -3.937498201E-03 -3.937505186E-03  6.562000141E-03  2.273983999E+00 
       165 -3.812498180E-03 -3.812504932E-03  6.562000141E-03  2.251016271E+00 
       166 -3.687498160E-03 -3.687504912E-03  6.562000141E-03  1.887019602E+00 
       167 -3.562498139E-03 -3.562504891E-03  6.562000141E-03  1.555721552E+00 
       168 -3.437498119E-03 -3.437504871E-03  6.562000141E-03  1.565785682E+00 
       169 -3.312498098E-03 -3.312505083E-03  6.562000141E-03  1.465267319E+00 
       170 -3.189915558E-03 -3.189918818E-03  6.562000141E-03  1.282379321E+00 
       171 -3.123705974E-03 -3.123705974E-03  6.562000606E-03  1.183675585E+00 
       172 -3.059382550E-03 -3.059382550E-03  6.562000606E-03  1.195589855E+00 
       173 -2.975319512E-03 -2.975319512E-03  6.562000606E-03  1.224102744E+00 
       174 -2.937293379E-03 -2.937293379E-03  6.562000141E-03  1.324566113E+00 
       175 -2.915035933E-03 -2.915035933E-03  6.562000141E-03  1.398182044E+00 
       176 -2.896548016E-03 -2.896548016E-03  6.562000141E-03  1.463084444E+00 
       177 -2.881182823E-03 -2.881182823E-03  6.562000606E-03  1.501957776E+00 
       178 -2.868407173E-03 -2.868407173E-03  6.562000606E-03  1.516564442E+00 
       179 -2.857780783E-03 -2.857780783E-03  6.562000141E-03  1.512550242E+00 
       180 -2.848939039E-03 -2.848939039E-03  6.562000141E-03  1.499246625E+00 
       181 -2.841580659E-03 -2.841580659E-03  6.562000606E-03  1.484160099E+00 
       182 -2.835455118E-03 -2.835455118E-03  6.562000141E-03  1.472211888E+00 
       183 -2.830355195E-03 -2.830355195E-03  6.562000141E-03  1.465428809E+00 
