cellnumber     x-coordinate     y-coordinate     z-coordinate velocity-magnitude 
         1 -1.456250623E-02 -1.456250157E-02  6.562000141E-03  7.386262676E+00 
         2 -1.468750648E-02 -1.468750183E-02  6.562000141E-03  7.480537672E+00 
         3 -1.481250580E-02 -1.481250208E-02  6.562000141E-03  7.557278910E+00 
         4 -1.493750606E-02 -1.493750140E-02  6.562000141E-03  7.623685318E+00 
         5 -1.506250631E-02 -1.506250165E-02  6.562000141E-03  7.682121056E+00 
         6 -1.518750563E-02 -1.518750191E-02  6.562000141E-03  7.754049865E+00 
         7 -1.531250589E-02 -1.531250123E-02  6.562000141E-03  7.789990926E+00 
         8 -1.543750614E-02 -1.543750148E-02  6.562000141E-03  7.769151265E+00 
         9 -1.556250639E-02 -1.556250174E-02  6.562000141E-03  7.749088278E+00 
        10 -1.568750665E-02 -1.568750106E-02  6.562000141E-03  7.789464938E+00 
        11 -1.581250504E-02 -1.581250131E-02  6.562000141E-03  7.881758578E+00 
        12 -1.593750529E-02 -1.593750156E-02  6.562000141E-03  7.964538045E+00 
        13 -1.606250554E-02 -1.606250182E-02  6.562000141E-03  8.018547984E+00 
        14 -1.618750580E-02 -1.618750207E-02  6.562000141E-03  8.123514272E+00 
        15 -1.631250605E-02 -1.631250046E-02  6.562000141E-03  8.208999744E+00 
        16 -1.643750630E-02 -1.643750072E-02  6.562000141E-03  8.188447165E+00 
        17 -1.656250656E-02 -1.656250097E-02  6.562000141E-03  8.155508980E+00 
        18 -1.668750681E-02 -1.668750122E-02  6.562000141E-03  8.163387693E+00 
        19 -1.681250520E-02 -1.681250148E-02  6.562000141E-03  8.199708658E+00 
        20 -1.693750545E-02 -1.693750173E-02  6.562000141E-03  8.209687639E+00 
        21 -1.706250571E-02 -1.706250198E-02  6.562000141E-03  8.204246353E+00 
        22 -1.718750596E-02 -1.718750037E-02  6.562000141E-03  8.235195922E+00 
        23 -1.731250621E-02 -1.731250063E-02  6.562000141E-03  8.290481312E+00 
        24 -1.743750647E-02 -1.743750088E-02  6.562000141E-03  8.325063531E+00 
        25 -1.756250672E-02 -1.756250113E-02  6.562000141E-03  8.182539121E+00 
        26 -1.768750511E-02 -1.768750139E-02  6.562000141E-03  8.018135358E+00 
        27 -1.781250536E-02 -1.781250164E-02  6.562000141E-03  7.974078244E+00 
        28 -1.793750562E-02 -1.793750189E-02  6.562000141E-03  7.692726122E+00 
        29 -1.806250587E-02 -1.806250215E-02  6.562000141E-03  7.492044382E+00 
        30 -1.895662583E-02 -1.895662583E-02  6.562000141E-03  6.645344206E+00 
        31 -1.890108548E-02 -1.890108548E-02  6.562000141E-03  6.796403623E+00 
        32 -1.880351454E-02 -1.880351081E-02  6.562000141E-03  6.832119306E+00 
        33 -1.868750528E-02 -1.868750155E-02  6.562000141E-03  6.846743184E+00 
        34 -1.856250688E-02 -1.856250130E-02  6.562000141E-03  6.901945254E+00 
        35 -1.843750663E-02 -1.843750104E-02  6.562000141E-03  6.936337849E+00 
        36 -1.831250638E-02 -1.831250079E-02  6.562000141E-03  6.950247956E+00 
        37 -1.818750612E-02 -1.818750054E-02  6.562000141E-03  7.358382847E+00 
        38 -2.830280224E-03 -2.830280224E-03  6.562000606E-03  1.451136003E+00 
        39 -2.835373627E-03 -2.835373627E-03  6.562000606E-03  1.422940092E+00 
        40 -2.841493115E-03 -2.841493115E-03  6.562000606E-03  1.389222760E+00 
        41 -2.848849166E-03 -2.848849166E-03  6.562000141E-03  1.351076415E+00 
        42 -2.857688349E-03 -2.857688349E-03  6.562000141E-03  1.311856366E+00 
        43 -2.868303098E-03 -2.868303098E-03  6.562000141E-03  1.276943314E+00 
        44 -2.881055698E-03 -2.881055698E-03  6.562000141E-03  1.252962033E+00 
        45 -2.896386897E-03 -2.896386897E-03  6.562000606E-03  1.241793031E+00 
        46 -2.914825687E-03 -2.914825687E-03  6.562000606E-03  1.240077807E+00 
        47 -2.937011421E-03 -2.937011421E-03  6.562000606E-03  1.235195456E+00 
        48 -2.967901761E-03 -2.967901761E-03  6.562000141E-03  1.223192894E+00 
        49 -3.022594145E-03 -3.022594145E-03  6.562000141E-03  1.280395716E+00 
        50 -3.099788679E-03 -3.099788679E-03  6.562000606E-03  1.202051226E+00 
        51 -3.195534227E-03 -3.195532598E-03  6.562000606E-03  1.245942980E+00 
        52 -3.312505316E-03 -3.312502056E-03  6.562000141E-03  1.231919636E+00 
        53 -3.437505336E-03 -3.437502077E-03  6.562000141E-03  1.161212490E+00 
        54 -3.562505357E-03 -3.562502097E-03  6.562000141E-03  1.156364120E+00 
        55 -3.687505377E-03 -3.687501885E-03  6.562000141E-03  1.145281945E+00 
        56 -3.812505398E-03 -3.812501905E-03  6.562000141E-03  1.028191549E+00 
        57 -3.937505651E-03 -3.937501926E-03  6.562000141E-03  8.724160961E-01 
        58 -4.062505439E-03 -4.062502179E-03  6.562000141E-03  8.568479473E-01 
        59 -4.187505692E-03 -4.187501967E-03  6.562000141E-03  9.475881015E-01 
        60 -4.312505480E-03 -4.312502220E-03  6.562000141E-03  1.158209212E+00 
        61 -4.437505733E-03 -4.437502008E-03  6.562000141E-03  1.448857576E+00 
        62 -4.562505521E-03 -4.562502261E-03  6.562000141E-03  1.558631767E+00 
        63 -4.687505774E-03 -4.687502049E-03  6.562000141E-03  1.758093331E+00 
        64 -4.812505562E-03 -4.812501837E-03  6.562000141E-03  1.768716192E+00 
        65 -4.937505815E-03 -4.937502090E-03  6.562000141E-03  1.620529718E+00 
        66 -5.062505603E-03 -5.062501878E-03  6.562000141E-03  1.338966438E+00 
        67 -5.187505390E-03 -5.187502131E-03  6.562000141E-03  1.114522508E+00 
        68 -5.312505644E-03 -5.312501919E-03  6.562000141E-03  1.080958090E+00 
        69 -5.437505431E-03 -5.437502172E-03  6.562000141E-03  1.171454644E+00 
        70 -5.562505685E-03 -5.562501960E-03  6.562000141E-03  1.340565445E+00 
        71 -5.687505472E-03 -5.687502213E-03  6.562000141E-03  1.446303927E+00 
        72 -5.812505726E-03 -5.812502000E-03  6.562000141E-03  1.459802379E+00 
        73 -5.937505513E-03 -5.937501788E-03  6.562000141E-03  1.416051709E+00 
        74 -6.062505767E-03 -6.062502041E-03  6.562000141E-03  1.392419931E+00 
        75 -6.187505554E-03 -6.187501829E-03  6.562000141E-03  1.295202723E+00 
        76 -6.312505808E-03 -6.312502082E-03  6.562000141E-03  1.074115424E+00 
        77 -6.437505595E-03 -6.437501870E-03  6.562000141E-03  8.626353122E-01 
        78 -1.093750633E-02 -1.093750168E-02  6.562000141E-03  5.317302365E+00 
        79 -1.106250565E-02 -1.106250193E-02  6.562000141E-03  5.407767782E+00 
        80 -1.118750591E-02 -1.118750218E-02  6.562000141E-03  5.494395505E+00 
        81 -1.131250616E-02 -1.131250151E-02  6.562000141E-03  5.586864945E+00 
        82 -1.143750548E-02 -1.143750176E-02  6.562000141E-03  5.669408943E+00 
        83 -1.156250574E-02 -1.156250201E-02  6.562000141E-03  5.743672054E+00 
        84 -1.168750599E-02 -1.168750133E-02  6.562000141E-03  5.841549072E+00 
        85 -1.181250624E-02 -1.181250159E-02  6.562000141E-03  5.927726900E+00 
        86 -1.193750557E-02 -1.193750184E-02  6.562000141E-03  5.954467847E+00 
        87 -1.206250582E-02 -1.206250209E-02  6.562000141E-03  5.852547734E+00 
        88 -1.218750607E-02 -1.218750142E-02  6.562000141E-03  5.898238197E+00 
        89 -1.231250633E-02 -1.231250167E-02  6.562000141E-03  6.019486259E+00 
        90 -1.243750565E-02 -1.243750192E-02  6.562000141E-03  5.979559056E+00 
        91 -1.256250590E-02 -1.256250218E-02  6.562000141E-03  5.972221431E+00 
        92 -1.268750615E-02 -1.268750150E-02  6.562000141E-03  6.017474137E+00 
        93 -1.281250641E-02 -1.281250175E-02  6.562000141E-03  6.070737904E+00 
        94 -1.293750573E-02 -1.293750200E-02  6.562000141E-03  6.174878914E+00 
        95 -1.306250598E-02 -1.306250133E-02  6.562000141E-03  6.332966873E+00 
        96 -1.318750624E-02 -1.318750158E-02  6.562000141E-03  6.452416080E+00 
        97 -1.331250556E-02 -1.331250183E-02  6.562000141E-03  6.542125068E+00 
        98 -1.343750581E-02 -1.343750209E-02  6.562000141E-03  6.666542107E+00 
        99 -1.356250606E-02 -1.356250141E-02  6.562000141E-03  6.816538875E+00 
       100 -1.368750632E-02 -1.368750166E-02  6.562000141E-03  6.940842744E+00 
       101 -1.381250564E-02 -1.381250191E-02  6.562000141E-03  6.990552988E+00 
       102 -1.393750589E-02 -1.393750124E-02  6.562000141E-03  6.961486375E+00 
       103 -1.406250615E-02 -1.406250149E-02  6.562000141E-03  6.956544919E+00 
       104 -1.418750640E-02 -1.418750174E-02  6.562000141E-03  7.019287869E+00 
       105 -1.431250572E-02 -1.431250200E-02  6.562000141E-03  7.130338907E+00 
       106 -1.443750598E-02 -1.443750132E-02  6.562000141E-03  7.263399163E+00 
       107 -1.081250608E-02 -1.081250142E-02  6.562000141E-03  5.248750983E+00 
       108 -1.068750583E-02 -1.068750210E-02  6.562000141E-03  5.211794959E+00 
       109 -1.056250557E-02 -1.056250185E-02  6.562000141E-03  5.176609769E+00 
       110 -1.043750625E-02 -1.043750159E-02  6.562000141E-03  5.132187574E+00 
       111 -1.031250600E-02 -1.031250227E-02  6.562000141E-03  5.063647444E+00 
       112 -1.018750574E-02 -1.018750202E-02  6.562000141E-03  4.963928745E+00 
       113 -1.006250549E-02 -1.006250177E-02  6.562000141E-03  4.862673740E+00 
       114 -9.937506169E-03 -9.937501512E-03  6.562000141E-03  4.830542450E+00 
       115 -9.812505916E-03 -9.812502190E-03  6.562000141E-03  4.875642923E+00 
       116 -9.687505662E-03 -9.687501937E-03  6.562000141E-03  4.925967600E+00 
       117 -9.562505409E-03 -9.562501684E-03  6.562000141E-03  4.897145764E+00 
       118 -9.437506087E-03 -9.437501431E-03  6.562000141E-03  4.763526428E+00 
       119 -9.312505834E-03 -9.312502109E-03  6.562000141E-03  4.521220062E+00 
       120 -9.187505580E-03 -9.187501855E-03  6.562000141E-03  4.316481134E+00 
       121 -9.062506258E-03 -9.062501602E-03  6.562000141E-03  4.229920278E+00 
       122 -8.937506005E-03 -8.937502280E-03  6.562000141E-03  4.209703384E+00 
       123 -8.812505752E-03 -8.812502027E-03  6.562000141E-03  4.226775486E+00 
       124 -8.687505499E-03 -8.687501773E-03  6.562000141E-03  4.246494898E+00 
       125 -8.562506177E-03 -8.562501520E-03  6.562000141E-03  4.256080126E+00 
       126 -8.437505923E-03 -8.437502198E-03  6.562000141E-03  4.289086394E+00 
       127 -8.312505670E-03 -8.312501945E-03  6.562000141E-03  4.270636091E+00 
       128 -8.187505417E-03 -8.187501691E-03  6.562000141E-03  3.791872827E+00 
       129 -8.062506095E-03 -8.062502369E-03  6.562000141E-03  3.252466960E+00 
       130 -7.937505841E-03 -7.937502116E-03  6.562000141E-03  3.241454059E+00 
       131 -7.812505588E-03 -7.812501863E-03  6.562000141E-03  3.419372947E+00 
       132 -7.687505800E-03 -7.687502075E-03  6.562000141E-03  3.611055309E+00 
       133 -7.562505547E-03 -7.562501822E-03  6.562000141E-03  3.765652385E+00 
       134 -7.437505759E-03 -7.437502034E-03  6.562000141E-03  3.614043253E+00 
       135 -7.312505506E-03 -7.312501781E-03  6.562000141E-03  3.041663565E+00 
       136 -7.187505718E-03 -7.187501993E-03  6.562000141E-03  2.569569242E+00 
       137 -7.062505931E-03 -7.062501740E-03  6.562000141E-03  2.403163989E+00 
       138 -6.937505677E-03 -6.937501952E-03  6.562000141E-03  2.228034424E+00 
       139 -6.812505890E-03 -6.812502164E-03  6.562000141E-03  1.928549413E+00 
       140 -6.687505636E-03 -6.687501911E-03  6.562000141E-03  1.469572369E+00 
       141 -6.562505849E-03 -6.562502123E-03  6.562000141E-03  8.733005268E-01 
       142 -1.898222044E-02 -1.898222044E-02  6.562000606E-03  6.652339527E+00 
       143 -1.904012822E-02 -1.904012822E-02  6.562000141E-03  6.443949095E+00 
       144 -1.912219450E-02 -1.912219450E-02  6.562000606E-03  6.140244331E+00 
       145 -1.916676387E-02 -1.916676387E-02  6.562000606E-03  5.999927512E+00 
       146 -1.923896931E-02 -1.923896931E-02  6.562000141E-03  5.919309698E+00 
       147 -1.931096986E-02 -1.931096986E-02  6.562000141E-03  5.929698041E+00 
       148 -1.938296854E-02 -1.938296854E-02  6.562000141E-03  6.026896570E+00 
       149 -1.945496909E-02 -1.945496909E-02  6.562000141E-03  6.049913218E+00 
       150 -1.952696778E-02 -1.952696778E-02  6.562000141E-03  6.122176658E+00 
       151 -1.959896833E-02 -1.959896833E-02  6.562000141E-03  6.104294090E+00 
       152 -1.967096888E-02 -1.967096888E-02  6.562000141E-03  6.097951135E+00 
       153 -1.974296942E-02 -1.974296942E-02  6.562000141E-03  6.076069517E+00 
       154 -1.981496811E-02 -1.981496811E-02  6.562000141E-03  6.116910813E+00 
       155 -1.988696866E-02 -1.988696866E-02  6.562000141E-03  6.133737302E+00 
       156 -1.995896921E-02 -1.995896921E-02  6.562000141E-03  6.279885967E+00 
       157 -2.003096975E-02 -2.003096975E-02  6.562000141E-03  6.300544244E+00 
       158 -2.010296844E-02 -2.010296844E-02  6.562000141E-03  6.415891632E+00 
       159 -2.017496899E-02 -2.017496899E-02  6.562000141E-03  6.371658756E+00 
       160 -2.024696954E-02 -2.024696954E-02  6.562000141E-03  6.415197476E+00 
       161 -2.031897008E-02 -2.031897008E-02  6.562000141E-03  6.347883356E+00 
       162 -2.039096877E-02 -2.039096877E-02  6.562000141E-03  6.346701085E+00 
       163 -2.046296932E-02 -2.046296932E-02  6.562000141E-03  6.189113408E+00 
       164 -2.053496987E-02 -2.053496987E-02  6.562000141E-03  6.047494895E+00 
       165 -2.060696855E-02 -2.060696855E-02  6.562000141E-03  5.908487836E+00 
       166 -2.067896910E-02 -2.067896910E-02  6.562000141E-03  5.770724683E+00 
       167 -2.075096965E-02 -2.075096965E-02  6.562000141E-03  5.757280470E+00 
       168 -2.082296833E-02 -2.082296833E-02  6.562000141E-03  5.873594042E+00 
       169 -2.089514025E-02 -2.089514025E-02  6.562000141E-03  5.826604007E+00 
       170 -2.095155232E-02 -2.095155232E-02  6.562000141E-03  5.360392794E+00 
       171 -2.100796066E-02 -2.100796066E-02  6.562000141E-03  4.973419486E+00 
       172 -2.106651478E-02 -2.106651478E-02  6.562000606E-03  4.046246123E+00 
       173 -2.110337466E-02 -2.110337466E-02  6.562000606E-03  3.485441575E+00 
       174 -2.112556621E-02 -2.112556621E-02  6.562000606E-03  3.200171865E+00 
       175 -2.114406601E-02 -2.114406601E-02  6.562000606E-03  2.890706786E+00 
       176 -2.115948685E-02 -2.115948685E-02  6.562000606E-03  2.477041232E+00 
       177 -2.117234282E-02 -2.117234282E-02  6.562000606E-03  2.017238302E+00 
       178 -2.118305862E-02 -2.118305862E-02  6.562000141E-03  1.552912772E+00 
       179 -2.119199000E-02 -2.119199000E-02  6.562000141E-03  1.123904834E+00 
       180 -2.119943500E-02 -2.119943500E-02  6.562000141E-03  7.445680700E-01 
       181 -2.120563947E-02 -2.120563947E-02  6.562000141E-03  4.177857908E-01 
       182 -2.121081017E-02 -2.121081017E-02  6.562000141E-03  1.397972359E-01 
       183 -2.102797665E-02 -2.102797665E-02  6.562000141E-03  4.851418424E+00 
