cellnumber     x-coordinate     y-coordinate     z-coordinate velocity-magnitude 
         1 -1.895486563E-02 -1.895486563E-02  6.562000606E-03  6.592127017E+00 
         2 -1.889867149E-02 -1.889867149E-02  6.562000141E-03  6.648271445E+00 
         3 -1.880285330E-02 -1.880285516E-02  6.562000141E-03  6.821934353E+00 
         4 -1.868749969E-02 -1.868750341E-02  6.562000141E-03  6.998567359E+00 
         5 -1.856249943E-02 -1.856250316E-02  6.562000141E-03  7.152623597E+00 
         6 -1.843749918E-02 -1.843750291E-02  6.562000141E-03  7.221306485E+00 
         7 -1.831249893E-02 -1.831250452E-02  6.562000141E-03  7.177901978E+00 
         8 -1.818749867E-02 -1.818750426E-02  6.562000141E-03  7.205795322E+00 
         9 -1.806249842E-02 -1.806250401E-02  6.562000141E-03  7.456527931E+00 
        10 -1.793749817E-02 -1.793750376E-02  6.562000141E-03  7.826543906E+00 
        11 -1.781249978E-02 -1.781250350E-02  6.562000141E-03  8.077779511E+00 
        12 -1.768749952E-02 -1.768750325E-02  6.562000141E-03  8.247798680E+00 
        13 -1.756249927E-02 -1.756250300E-02  6.562000141E-03  8.264582152E+00 
        14 -1.743749902E-02 -1.743750460E-02  6.562000141E-03  8.216378605E+00 
        15 -1.731249876E-02 -1.731250435E-02  6.562000141E-03  7.597691660E+00 
        16 -1.718749851E-02 -1.718750410E-02  6.562000141E-03  6.582600144E+00 
        17 -1.706249826E-02 -1.706250384E-02  6.562000141E-03  6.606188517E+00 
        18 -1.693749987E-02 -1.693750359E-02  6.562000141E-03  6.440811282E+00 
        19 -1.681249961E-02 -1.681250334E-02  6.562000141E-03  6.348671011E+00 
        20 -1.668749936E-02 -1.668750308E-02  6.562000141E-03  6.395017726E+00 
        21 -1.656249911E-02 -1.656250469E-02  6.562000141E-03  6.506543285E+00 
        22 -1.643749885E-02 -1.643750444E-02  6.562000141E-03  6.284009787E+00 
        23 -1.631249860E-02 -1.631250419E-02  6.562000141E-03  6.198435249E+00 
        24 -1.618749835E-02 -1.618750393E-02  6.562000141E-03  6.368026289E+00 
        25 -1.606249809E-02 -1.606250368E-02  6.562000141E-03  6.661094094E+00 
        26 -1.281249896E-02 -1.281250454E-02  6.562000141E-03  7.174357593E+00 
        27 -1.268749870E-02 -1.268750429E-02  6.562000141E-03  6.997376670E+00 
        28 -1.256249845E-02 -1.256250404E-02  6.562000141E-03  6.817082824E+00 
        29 -1.243749913E-02 -1.243750472E-02  6.562000141E-03  6.707168399E+00 
        30 -1.231249887E-02 -1.231250446E-02  6.562000141E-03  6.644868524E+00 
        31 -1.218749862E-02 -1.218750421E-02  6.562000141E-03  6.604742058E+00 
        32 -1.206249930E-02 -1.206250489E-02  6.562000141E-03  6.610682960E+00 
        33 -1.193749905E-02 -1.193750463E-02  6.562000141E-03  6.627117118E+00 
        34 -1.181249879E-02 -1.181250438E-02  6.562000141E-03  6.660599259E+00 
        35 -1.168749854E-02 -1.168750413E-02  6.562000141E-03  6.555455122E+00 
        36 -1.156249922E-02 -1.156250481E-02  6.562000141E-03  6.066282542E+00 
        37 -1.143749896E-02 -1.143750455E-02  6.562000141E-03  5.594752836E+00 
        38 -1.131249871E-02 -1.131250430E-02  6.562000141E-03  5.556032962E+00 
        39 -1.118749846E-02 -1.118750498E-02  6.562000141E-03  5.454670337E+00 
        40 -1.106249914E-02 -1.106250472E-02  6.562000141E-03  5.301467370E+00 
        41 -1.093749888E-02 -1.093750447E-02  6.562000141E-03  5.111930118E+00 
        42 -1.081249863E-02 -1.081250422E-02  6.562000141E-03  5.003294836E+00 
        43 -1.068749838E-02 -1.068750490E-02  6.562000141E-03  4.994650561E+00 
        44 -1.056249905E-02 -1.056250464E-02  6.562000141E-03  5.017438088E+00 
        45 -1.043749880E-02 -1.043750439E-02  6.562000141E-03  5.030647344E+00 
        46 -1.031249855E-02 -1.031250507E-02  6.562000141E-03  5.019048119E+00 
        47 -1.018749829E-02 -1.018750481E-02  6.562000141E-03  4.924876701E+00 
        48 -1.006249897E-02 -1.006250456E-02  6.562000141E-03  4.840898466E+00 
        49 -9.937498719E-03 -9.937504306E-03  6.562000141E-03  4.799561299E+00 
        50 -9.812498465E-03 -9.812504984E-03  6.562000141E-03  4.788455260E+00 
        51 -9.687499143E-03 -9.687504731E-03  6.562000141E-03  4.761039851E+00 
        52 -9.562498890E-03 -9.562504478E-03  6.562000141E-03  4.704846513E+00 
        53 -9.437498637E-03 -9.437505156E-03  6.562000141E-03  4.606160670E+00 
        54 -9.312498383E-03 -9.312504902E-03  6.562000141E-03  4.528384322E+00 
        55 -9.187499061E-03 -9.187504649E-03  6.562000141E-03  4.489928015E+00 
        56 -9.062498808E-03 -9.062504396E-03  6.562000141E-03  4.497920887E+00 
        57 -8.937498555E-03 -8.937505074E-03  6.562000141E-03  4.541799434E+00 
        58 -8.812498301E-03 -8.812504821E-03  6.562000141E-03  4.524903791E+00 
        59 -8.687498979E-03 -8.687504567E-03  6.562000141E-03  4.336158069E+00 
        60 -8.562498726E-03 -8.562504314E-03  6.562000141E-03  3.966059514E+00 
        61 -8.437498473E-03 -8.437504992E-03  6.562000141E-03  3.412543246E+00 
        62 -8.312498219E-03 -8.312504739E-03  6.562000141E-03  3.045097990E+00 
        63 -8.187498897E-03 -8.187504485E-03  6.562000141E-03  3.516931047E+00 
        64 -8.062498644E-03 -8.062505163E-03  6.562000141E-03  3.576403803E+00 
        65 -1.593749970E-02 -1.593750343E-02  6.562000141E-03  7.079112714E+00 
        66 -1.581249945E-02 -1.581250317E-02  6.562000141E-03  7.250442499E+00 
        67 -1.568749920E-02 -1.568750478E-02  6.562000141E-03  7.216736283E+00 
        68 -1.556249894E-02 -1.556250453E-02  6.562000141E-03  7.266750361E+00 
        69 -1.543749869E-02 -1.543750428E-02  6.562000141E-03  7.558049091E+00 
        70 -1.531249937E-02 -1.531250402E-02  6.562000141E-03  7.759649637E+00 
        71 -1.518749911E-02 -1.518750470E-02  6.562000141E-03  8.003439349E+00 
        72 -1.506249886E-02 -1.506250445E-02  6.562000141E-03  7.960484432E+00 
        73 -1.493749954E-02 -1.493750419E-02  6.562000141E-03  7.899318101E+00 
        74 -1.481249928E-02 -1.481250394E-02  6.562000141E-03  7.904347397E+00 
        75 -1.468749903E-02 -1.468750462E-02  6.562000141E-03  7.900172335E+00 
        76 -1.456249878E-02 -1.456250437E-02  6.562000141E-03  7.854952044E+00 
        77 -1.443749946E-02 -1.443750411E-02  6.562000141E-03  7.745714335E+00 
        78 -1.431249920E-02 -1.431250479E-02  6.562000141E-03  7.666703484E+00 
        79 -1.418749895E-02 -1.418750454E-02  6.562000141E-03  7.564127364E+00 
        80 -1.406249870E-02 -1.406250428E-02  6.562000141E-03  7.562833456E+00 
        81 -1.393749937E-02 -1.393750403E-02  6.562000141E-03  7.809012675E+00 
        82 -1.381249912E-02 -1.381250471E-02  6.562000141E-03  7.952468503E+00 
        83 -1.368749887E-02 -1.368750446E-02  6.562000141E-03  8.417842889E+00 
        84 -1.356249861E-02 -1.356250420E-02  6.562000141E-03  8.364675043E+00 
        85 -1.343749929E-02 -1.343750395E-02  6.562000141E-03  8.181449815E+00 
        86 -1.331249904E-02 -1.331250463E-02  6.562000141E-03  7.914943272E+00 
        87 -1.318749879E-02 -1.318750437E-02  6.562000141E-03  7.415773789E+00 
        88 -1.306249853E-02 -1.306250412E-02  6.562000141E-03  7.337833183E+00 
        89 -1.293749921E-02 -1.293750480E-02  6.562000141E-03  7.259446338E+00 
        90 -1.898222044E-02 -1.898222044E-02  6.562000606E-03  6.490959230E+00 
        91 -1.904012822E-02 -1.904012822E-02  6.562000141E-03  6.488412890E+00 
        92 -1.912219450E-02 -1.912219450E-02  6.562000606E-03  6.449593080E+00 
        93 -1.916676387E-02 -1.916676387E-02  6.562000606E-03  6.404820995E+00 
        94 -1.923896931E-02 -1.923896931E-02  6.562000141E-03  6.474012885E+00 
        95 -1.931096986E-02 -1.931096986E-02  6.562000141E-03  6.408103528E+00 
        96 -1.938296854E-02 -1.938296854E-02  6.562000141E-03  6.417805177E+00 
        97 -1.945496909E-02 -1.945496909E-02  6.562000141E-03  6.338127626E+00 
        98 -1.952696778E-02 -1.952696778E-02  6.562000141E-03  6.329620389E+00 
        99 -1.959896833E-02 -1.959896833E-02  6.562000141E-03  6.267950584E+00 
       100 -1.967096888E-02 -1.967096888E-02  6.562000141E-03  6.266468685E+00 
       101 -1.974296942E-02 -1.974296942E-02  6.562000141E-03  6.183438026E+00 
       102 -1.981496811E-02 -1.981496811E-02  6.562000141E-03  6.137533637E+00 
       103 -1.988696866E-02 -1.988696866E-02  6.562000141E-03  5.996102158E+00 
       104 -1.995896921E-02 -1.995896921E-02  6.562000141E-03  5.792058763E+00 
       105 -2.003096975E-02 -2.003096975E-02  6.562000141E-03  5.640551843E+00 
       106 -2.010296844E-02 -2.010296844E-02  6.562000141E-03  5.496105713E+00 
       107 -2.017496899E-02 -2.017496899E-02  6.562000141E-03  5.396929004E+00 
       108 -2.024696954E-02 -2.024696954E-02  6.562000141E-03  5.407670952E+00 
       109 -2.031897008E-02 -2.031897008E-02  6.562000141E-03  5.387502908E+00 
       110 -2.039096877E-02 -2.039096877E-02  6.562000141E-03  5.594168299E+00 
       111 -2.046296932E-02 -2.046296932E-02  6.562000141E-03  5.658165000E+00 
       112 -2.053496987E-02 -2.053496987E-02  6.562000141E-03  5.863119906E+00 
       113 -2.060696855E-02 -2.060696855E-02  6.562000141E-03  5.978935610E+00 
       114 -2.067896910E-02 -2.067896910E-02  6.562000141E-03  6.111077697E+00 
       115 -2.075096965E-02 -2.075096965E-02  6.562000141E-03  6.158869092E+00 
       116 -2.082296833E-02 -2.082296833E-02  6.562000141E-03  6.138859320E+00 
       117 -2.089514025E-02 -2.089514025E-02  6.562000141E-03  5.889178098E+00 
       118 -2.095155232E-02 -2.095155232E-02  6.562000141E-03  5.681926631E+00 
       119 -2.100796066E-02 -2.100796066E-02  6.562000141E-03  5.480726499E+00 
       120 -2.106651478E-02 -2.106651478E-02  6.562000606E-03  5.149099180E+00 
       121 -2.110337466E-02 -2.110337466E-02  6.562000606E-03  4.728896316E+00 
       122 -2.112556621E-02 -2.112556621E-02  6.562000606E-03  4.262622728E+00 
       123 -2.114406601E-02 -2.114406601E-02  6.562000606E-03  3.681690402E+00 
       124 -2.115948685E-02 -2.115948685E-02  6.562000606E-03  3.029914650E+00 
       125 -2.117234282E-02 -2.117234282E-02  6.562000606E-03  2.388174279E+00 
       126 -2.118305862E-02 -2.118305862E-02  6.562000141E-03  1.798276328E+00 
       127 -2.119199000E-02 -2.119199000E-02  6.562000141E-03  1.279916984E+00 
       128 -2.119943500E-02 -2.119943500E-02  6.562000141E-03  8.369960611E-01 
       129 -2.120563947E-02 -2.120563947E-02  6.562000141E-03  4.644751682E-01 
       130 -2.121081017E-02 -2.121081017E-02  6.562000141E-03  1.536725302E-01 
       131 -2.102797665E-02 -2.102797665E-02  6.562000141E-03  5.565015807E+00 
       132 -7.937498391E-03 -7.937504910E-03  6.562000141E-03  2.712881180E+00 
       133 -7.812498603E-03 -7.812504657E-03  6.562000141E-03  2.675020474E+00 
       134 -7.687498350E-03 -7.687504869E-03  6.562000141E-03  2.628098086E+00 
       135 -7.562498562E-03 -7.562504616E-03  6.562000141E-03  2.776955621E+00 
       136 -7.437498309E-03 -7.437504828E-03  6.562000141E-03  3.285352598E+00 
       137 -7.312498521E-03 -7.312505040E-03  6.562000141E-03  3.444465243E+00 
       138 -7.187498268E-03 -7.187504787E-03  6.562000141E-03  3.246096987E+00 
       139 -7.062498480E-03 -7.062504999E-03  6.562000141E-03  2.689152635E+00 
       140 -6.937498692E-03 -6.937504746E-03  6.562000141E-03  2.191383100E+00 
       141 -6.812498439E-03 -6.812504958E-03  6.562000141E-03  2.128460379E+00 
       142 -6.687498651E-03 -6.687504705E-03  6.562000141E-03  2.127729913E+00 
       143 -6.562498398E-03 -6.562504917E-03  6.562000141E-03  2.230107152E+00 
       144 -6.437498610E-03 -6.437504664E-03  6.562000141E-03  1.603042582E+00 
       145 -6.312498357E-03 -6.312504876E-03  6.562000141E-03  1.494630921E+00 
       146 -6.187498569E-03 -6.187505089E-03  6.562000141E-03  1.493290806E+00 
       147 -6.062498316E-03 -6.062504835E-03  6.562000141E-03  1.545303272E+00 
       148 -5.937498529E-03 -5.937505048E-03  6.562000141E-03  1.622398625E+00 
       149 -5.812498275E-03 -5.812504794E-03  6.562000141E-03  1.577239301E+00 
       150 -5.687498488E-03 -5.687505007E-03  6.562000141E-03  1.508568238E+00 
       151 -5.562498234E-03 -5.562504753E-03  6.562000141E-03  1.438909094E+00 
       152 -5.437498447E-03 -5.437504966E-03  6.562000141E-03  1.427939627E+00 
       153 -5.312498193E-03 -5.312505178E-03  6.562000141E-03  1.385666438E+00 
       154 -5.187498406E-03 -5.187504925E-03  6.562000141E-03  1.176204948E+00 
       155 -5.062498152E-03 -5.062505137E-03  6.562000141E-03  9.762314900E-01 
       156 -4.937498365E-03 -4.937504884E-03  6.562000141E-03  1.033553333E+00 
       157 -4.812498111E-03 -4.812505096E-03  6.562000141E-03  1.087709119E+00 
       158 -4.687498324E-03 -4.687504843E-03  6.562000141E-03  1.056298609E+00 
       159 -4.562498070E-03 -4.562505055E-03  6.562000141E-03  9.213961542E-01 
       160 -4.437498283E-03 -4.437505268E-03  6.562000141E-03  6.813006795E-01 
       161 -4.312498495E-03 -4.312505014E-03  6.562000141E-03  6.081286856E-01 
       162 -4.187498242E-03 -4.187505227E-03  6.562000141E-03  7.281008562E-01 
       163 -4.062498454E-03 -4.062504973E-03  6.562000141E-03  8.799981310E-01 
       164 -3.937498201E-03 -3.937505186E-03  6.562000141E-03  9.733196737E-01 
       165 -3.812498180E-03 -3.812504932E-03  6.562000141E-03  1.370580695E+00 
       166 -3.687498160E-03 -3.687504912E-03  6.562000141E-03  1.527369773E+00 
       167 -3.562498139E-03 -3.562504891E-03  6.562000141E-03  1.394096192E+00 
       168 -3.437498119E-03 -3.437505104E-03  6.562000141E-03  1.321666882E+00 
       169 -3.312498098E-03 -3.312505083E-03  6.562000141E-03  1.288401012E+00 
       170 -3.189915325E-03 -3.189918818E-03  6.562000141E-03  1.389690983E+00 
       171 -3.123705741E-03 -3.123705741E-03  6.562000141E-03  1.451566805E+00 
       172 -3.059382550E-03 -3.059382550E-03  6.562000141E-03  1.498243313E+00 
       173 -2.975319512E-03 -2.975319512E-03  6.562000606E-03  1.571482446E+00 
       174 -2.937293379E-03 -2.937293379E-03  6.562000606E-03  1.601931832E+00 
       175 -2.915035933E-03 -2.915035933E-03  6.562000606E-03  1.614493924E+00 
       176 -2.896548016E-03 -2.896548016E-03  6.562000141E-03  1.609022368E+00 
       177 -2.881182823E-03 -2.881182823E-03  6.562000141E-03  1.590012602E+00 
       178 -2.868407173E-03 -2.868407173E-03  6.562000141E-03  1.563209823E+00 
       179 -2.857780783E-03 -2.857780783E-03  6.562000606E-03  1.535008399E+00 
       180 -2.848939039E-03 -2.848939039E-03  6.562000141E-03  1.509771464E+00 
       181 -2.841580659E-03 -2.841580659E-03  6.562000141E-03  1.489712962E+00 
       182 -2.835455118E-03 -2.835455118E-03  6.562000606E-03  1.475559383E+00 
       183 -2.830355195E-03 -2.830355195E-03  6.562000606E-03  1.467063881E+00 
