cellnumber     x-coordinate     y-coordinate     z-coordinate velocity-magnitude 
         1 -2.830280224E-03 -2.830280224E-03  6.562000606E-03  1.442208057E+00 
         2 -2.835373627E-03 -2.835373627E-03  6.562000606E-03  1.408214294E+00 
         3 -2.841493115E-03 -2.841493115E-03  6.562000141E-03  1.384318206E+00 
         4 -2.848849166E-03 -2.848849166E-03  6.562000141E-03  1.374185957E+00 
         5 -2.857688349E-03 -2.857688349E-03  6.562000141E-03  1.378187949E+00 
         6 -2.868303098E-03 -2.868303098E-03  6.562000141E-03  1.390783966E+00 
         7 -2.881055698E-03 -2.881055698E-03  6.562000606E-03  1.402765373E+00 
         8 -2.896386897E-03 -2.896386897E-03  6.562000606E-03  1.407331393E+00 
         9 -2.914825454E-03 -2.914825454E-03  6.562000606E-03  1.403708878E+00 
        10 -2.937011421E-03 -2.937011421E-03  6.562000606E-03  1.404507812E+00 
        11 -2.967901761E-03 -2.967901761E-03  6.562000606E-03  1.415027035E+00 
        12 -3.022594377E-03 -3.022594377E-03  6.562000606E-03  1.466576268E+00 
        13 -3.099788679E-03 -3.099788679E-03  6.562000606E-03  1.544246217E+00 
        14 -3.195534227E-03 -3.195532598E-03  6.562000606E-03  1.642241161E+00 
        15 -3.312505549E-03 -3.312502056E-03  6.562000141E-03  1.602830179E+00 
        16 -3.437505336E-03 -3.437502077E-03  6.562000141E-03  1.713060793E+00 
        17 -3.562505357E-03 -3.562501865E-03  6.562000141E-03  1.800520863E+00 
        18 -3.687505377E-03 -3.687501885E-03  6.562000141E-03  1.705619857E+00 
        19 -3.812505398E-03 -3.812501905E-03  6.562000141E-03  1.601583427E+00 
        20 -3.937505651E-03 -3.937501926E-03  6.562000141E-03  1.520049032E+00 
        21 -4.062505439E-03 -4.062502179E-03  6.562000141E-03  1.465807690E+00 
        22 -4.187505692E-03 -4.187501967E-03  6.562000141E-03  1.436913351E+00 
        23 -4.312505480E-03 -4.312502220E-03  6.562000141E-03  1.427102448E+00 
        24 -4.437505733E-03 -4.437502008E-03  6.562000141E-03  1.445486043E+00 
        25 -4.562505521E-03 -4.562502261E-03  6.562000141E-03  1.475471817E+00 
        26 -4.687505774E-03 -4.687502049E-03  6.562000141E-03  1.503671170E+00 
        27 -4.812505562E-03 -4.812501837E-03  6.562000141E-03  1.512520231E+00 
        28 -4.937505815E-03 -4.937502090E-03  6.562000141E-03  1.508782026E+00 
        29 -5.062505603E-03 -5.062501878E-03  6.562000141E-03  1.536052022E+00 
        30 -5.187505856E-03 -5.187502131E-03  6.562000141E-03  1.461830028E+00 
        31 -5.312505644E-03 -5.312501919E-03  6.562000141E-03  1.343682715E+00 
        32 -5.437505897E-03 -5.437502172E-03  6.562000141E-03  1.378147395E+00 
        33 -5.562505685E-03 -5.562501960E-03  6.562000141E-03  1.514740889E+00 
        34 -5.687505472E-03 -5.687501747E-03  6.562000141E-03  1.739102179E+00 
        35 -5.812505726E-03 -5.812502000E-03  6.562000141E-03  1.903573106E+00 
        36 -5.937505513E-03 -5.937501788E-03  6.562000141E-03  1.881821639E+00 
        37 -6.062505767E-03 -6.062502041E-03  6.562000141E-03  1.861691347E+00 
        38 -6.187505554E-03 -6.187501829E-03  6.562000141E-03  1.777835601E+00 
        39 -6.312505808E-03 -6.312502082E-03  6.562000141E-03  1.831834492E+00 
        40 -6.437505595E-03 -6.437501870E-03  6.562000141E-03  1.938389592E+00 
        41 -1.093750633E-02 -1.093750168E-02  6.562000141E-03  5.561216635E+00 
        42 -1.106250565E-02 -1.106250193E-02  6.562000141E-03  5.672308012E+00 
        43 -1.118750591E-02 -1.118750125E-02  6.562000141E-03  5.776613488E+00 
        44 -1.131250616E-02 -1.131250151E-02  6.562000141E-03  5.880752415E+00 
        45 -1.143750641E-02 -1.143750176E-02  6.562000141E-03  5.981818226E+00 
        46 -1.156250574E-02 -1.156250201E-02  6.562000141E-03  6.072739902E+00 
        47 -1.168750599E-02 -1.168750133E-02  6.562000141E-03  6.142781507E+00 
        48 -1.181250624E-02 -1.181250159E-02  6.562000141E-03  6.209659433E+00 
        49 -1.193750557E-02 -1.193750184E-02  6.562000141E-03  6.286399374E+00 
        50 -1.206250582E-02 -1.206250209E-02  6.562000141E-03  6.369132200E+00 
        51 -1.218750607E-02 -1.218750142E-02  6.562000141E-03  6.442522656E+00 
        52 -1.231250633E-02 -1.231250167E-02  6.562000141E-03  6.458228051E+00 
        53 -1.243750565E-02 -1.243750192E-02  6.562000141E-03  6.449804960E+00 
        54 -1.256250590E-02 -1.256250124E-02  6.562000141E-03  6.471248239E+00 
        55 -1.268750615E-02 -1.268750150E-02  6.562000141E-03  6.529690485E+00 
        56 -1.281250641E-02 -1.281250175E-02  6.562000141E-03  6.611942843E+00 
        57 -1.293750573E-02 -1.293750200E-02  6.562000141E-03  6.704032385E+00 
        58 -1.306250598E-02 -1.306250133E-02  6.562000141E-03  6.808151484E+00 
        59 -1.318750624E-02 -1.318750158E-02  6.562000141E-03  6.914808028E+00 
        60 -1.331250649E-02 -1.331250183E-02  6.562000141E-03  6.999248152E+00 
        61 -1.343750581E-02 -1.343750115E-02  6.562000141E-03  7.041981296E+00 
        62 -1.356250606E-02 -1.356250141E-02  6.562000141E-03  7.059951147E+00 
        63 -1.368750632E-02 -1.368750166E-02  6.562000141E-03  7.078036281E+00 
        64 -1.381250657E-02 -1.381250191E-02  6.562000141E-03  7.094359050E+00 
        65 -1.393750589E-02 -1.393750124E-02  6.562000141E-03  7.118721632E+00 
        66 -1.406250615E-02 -1.406250149E-02  6.562000141E-03  7.155577030E+00 
        67 -1.418750640E-02 -1.418750174E-02  6.562000141E-03  7.204068630E+00 
        68 -1.431250572E-02 -1.431250200E-02  6.562000141E-03  7.265936041E+00 
        69 -1.443750598E-02 -1.443750132E-02  6.562000141E-03  7.298180426E+00 
        70 -1.081250608E-02 -1.081250142E-02  6.562000141E-03  5.442870533E+00 
        71 -1.068750583E-02 -1.068750210E-02  6.562000141E-03  5.295557690E+00 
        72 -1.056250557E-02 -1.056250185E-02  6.562000141E-03  5.086632784E+00 
        73 -1.043750625E-02 -1.043750159E-02  6.562000141E-03  4.828318434E+00 
        74 -1.031250600E-02 -1.031250134E-02  6.562000141E-03  4.608139647E+00 
        75 -1.018750574E-02 -1.018750202E-02  6.562000141E-03  4.529954728E+00 
        76 -1.006250549E-02 -1.006250177E-02  6.562000141E-03  4.502722524E+00 
        77 -9.937506169E-03 -9.937501512E-03  6.562000141E-03  4.492395711E+00 
        78 -9.812505916E-03 -9.812502190E-03  6.562000141E-03  4.490982016E+00 
        79 -9.687505662E-03 -9.687501937E-03  6.562000141E-03  4.495418638E+00 
        80 -9.562506340E-03 -9.562501684E-03  6.562000141E-03  4.533215000E+00 
        81 -9.437506087E-03 -9.437501431E-03  6.562000141E-03  4.456229643E+00 
        82 -9.312505834E-03 -9.312502109E-03  6.562000141E-03  4.219407354E+00 
        83 -9.187505580E-03 -9.187501855E-03  6.562000141E-03  4.056650593E+00 
        84 -9.062506258E-03 -9.062501602E-03  6.562000141E-03  4.047487675E+00 
        85 -8.937506005E-03 -8.937502280E-03  6.562000141E-03  4.064323366E+00 
        86 -8.812505752E-03 -8.812502027E-03  6.562000141E-03  4.052925233E+00 
        87 -8.687505499E-03 -8.687501773E-03  6.562000141E-03  4.043527023E+00 
        88 -8.562506177E-03 -8.562501520E-03  6.562000141E-03  4.088098299E+00 
        89 -8.437505923E-03 -8.437502198E-03  6.562000141E-03  4.061574096E+00 
        90 -8.312505670E-03 -8.312501945E-03  6.562000141E-03  3.916017015E+00 
        91 -8.187505417E-03 -8.187501691E-03  6.562000141E-03  3.764427837E+00 
        92 -8.062506095E-03 -8.062501438E-03  6.562000141E-03  3.680787206E+00 
        93 -7.937505841E-03 -7.937502116E-03  6.562000141E-03  3.599860912E+00 
        94 -7.812505588E-03 -7.812501863E-03  6.562000141E-03  3.514720697E+00 
        95 -7.687505800E-03 -7.687502075E-03  6.562000141E-03  3.500931396E+00 
        96 -7.562506013E-03 -7.562501822E-03  6.562000141E-03  3.422840098E+00 
        97 -7.437505759E-03 -7.437502034E-03  6.562000141E-03  3.273073160E+00 
        98 -7.312505972E-03 -7.312501781E-03  6.562000141E-03  3.220813230E+00 
        99 -7.187505718E-03 -7.187501993E-03  6.562000141E-03  3.359005680E+00 
       100 -7.062505931E-03 -7.062501740E-03  6.562000141E-03  3.835797179E+00 
       101 -6.937505677E-03 -6.937501952E-03  6.562000141E-03  3.874655980E+00 
       102 -6.812505890E-03 -6.812501699E-03  6.562000141E-03  3.348818684E+00 
       103 -6.687505636E-03 -6.687501911E-03  6.562000141E-03  3.019020748E+00 
       104 -6.562505849E-03 -6.562502123E-03  6.562000141E-03  2.043865994E+00 
       105 -1.456250623E-02 -1.456250157E-02  6.562000141E-03  7.293295785E+00 
       106 -1.468750648E-02 -1.468750183E-02  6.562000141E-03  7.257528984E+00 
       107 -1.481250580E-02 -1.481250115E-02  6.562000141E-03  7.206343759E+00 
       108 -1.493750606E-02 -1.493750140E-02  6.562000141E-03  7.143442562E+00 
       109 -1.506250631E-02 -1.506250165E-02  6.562000141E-03  7.045891323E+00 
       110 -1.518750656E-02 -1.518750191E-02  6.562000141E-03  7.120758015E+00 
       111 -1.531250589E-02 -1.531250123E-02  6.562000141E-03  7.361581543E+00 
       112 -1.543750614E-02 -1.543750148E-02  6.562000141E-03  7.622032337E+00 
       113 -1.556250639E-02 -1.556250174E-02  6.562000141E-03  7.923864226E+00 
       114 -1.568750665E-02 -1.568750106E-02  6.562000141E-03  8.384360182E+00 
       115 -1.581250690E-02 -1.581250131E-02  6.562000141E-03  8.545217407E+00 
       116 -1.593750529E-02 -1.593750156E-02  6.562000141E-03  8.736287180E+00 
       117 -1.606250554E-02 -1.606250182E-02  6.562000141E-03  8.739323923E+00 
       118 -1.618750580E-02 -1.618750207E-02  6.562000141E-03  8.572483269E+00 
       119 -1.631250605E-02 -1.631250046E-02  6.562000141E-03  8.358040602E+00 
       120 -1.643750630E-02 -1.643750072E-02  6.562000141E-03  8.128990606E+00 
       121 -1.656250656E-02 -1.656250097E-02  6.562000141E-03  7.781730050E+00 
       122 -1.668750681E-02 -1.668750122E-02  6.562000141E-03  7.440826981E+00 
       123 -1.681250520E-02 -1.681250148E-02  6.562000141E-03  7.214775906E+00 
       124 -1.693750545E-02 -1.693750173E-02  6.562000141E-03  7.146779135E+00 
       125 -1.706250571E-02 -1.706250198E-02  6.562000141E-03  7.179712556E+00 
       126 -1.718750596E-02 -1.718750037E-02  6.562000141E-03  7.315505713E+00 
       127 -1.731250621E-02 -1.731250063E-02  6.562000141E-03  7.403552370E+00 
       128 -1.743750647E-02 -1.743750088E-02  6.562000141E-03  7.551169372E+00 
       129 -1.756250672E-02 -1.756250113E-02  6.562000141E-03  7.694210671E+00 
       130 -1.768750697E-02 -1.768750139E-02  6.562000141E-03  7.855149693E+00 
       131 -1.781250536E-02 -1.781250164E-02  6.562000141E-03  7.963251760E+00 
       132 -1.793750562E-02 -1.793750189E-02  6.562000141E-03  7.980970409E+00 
       133 -1.806250587E-02 -1.806250028E-02  6.562000141E-03  7.969726574E+00 
       134 -1.895662583E-02 -1.895662583E-02  6.562000141E-03  7.617461213E+00 
       135 -1.890108548E-02 -1.890108548E-02  6.562000606E-03  7.598951828E+00 
       136 -1.880351454E-02 -1.880351081E-02  6.562000606E-03  7.334613986E+00 
       137 -1.868750528E-02 -1.868750155E-02  6.562000141E-03  7.343858480E+00 
       138 -1.856250688E-02 -1.856250130E-02  6.562000141E-03  7.530945067E+00 
       139 -1.843750663E-02 -1.843750104E-02  6.562000141E-03  7.644756796E+00 
       140 -1.831250638E-02 -1.831250079E-02  6.562000141E-03  7.754818375E+00 
       141 -1.818750612E-02 -1.818750054E-02  6.562000141E-03  7.845465784E+00 
       142 -2.102797665E-02 -2.102797665E-02  6.562000141E-03  6.771034652E+00 
       143 -1.898222044E-02 -1.898222044E-02  6.562000606E-03  7.695048241E+00 
       144 -1.904012822E-02 -1.904012822E-02  6.562000141E-03  7.542959366E+00 
       145 -1.912219450E-02 -1.912219450E-02  6.562000606E-03  7.495384221E+00 
       146 -1.916676387E-02 -1.916676387E-02  6.562000606E-03  7.293934151E+00 
       147 -1.923896931E-02 -1.923896931E-02  6.562000141E-03  7.282773308E+00 
       148 -1.931096986E-02 -1.931096986E-02  6.562000141E-03  6.919532808E+00 
       149 -1.938296854E-02 -1.938296854E-02  6.562000141E-03  6.776659104E+00 
       150 -1.945496909E-02 -1.945496909E-02  6.562000141E-03  6.293284947E+00 
       151 -1.952696778E-02 -1.952696778E-02  6.562000141E-03  6.161970713E+00 
       152 -1.959896833E-02 -1.959896833E-02  6.562000141E-03  5.750481263E+00 
       153 -1.967096888E-02 -1.967096888E-02  6.562000141E-03  5.879905766E+00 
       154 -1.974296942E-02 -1.974296942E-02  6.562000141E-03  5.753418660E+00 
       155 -1.981496811E-02 -1.981496811E-02  6.562000141E-03  5.941314360E+00 
       156 -1.988696866E-02 -1.988696866E-02  6.562000141E-03  5.915138690E+00 
       157 -1.995896921E-02 -1.995896921E-02  6.562000141E-03  6.144614180E+00 
       158 -2.003096975E-02 -2.003096975E-02  6.562000141E-03  6.192394728E+00 
       159 -2.010296844E-02 -2.010296844E-02  6.562000141E-03  6.338108188E+00 
       160 -2.017496899E-02 -2.017496899E-02  6.562000141E-03  6.256693647E+00 
       161 -2.024696954E-02 -2.024696954E-02  6.562000141E-03  6.311099974E+00 
       162 -2.031897008E-02 -2.031897008E-02  6.562000141E-03  6.204226784E+00 
       163 -2.039096877E-02 -2.039096877E-02  6.562000141E-03  6.379343015E+00 
       164 -2.046296932E-02 -2.046296932E-02  6.562000141E-03  6.376243399E+00 
       165 -2.053496987E-02 -2.053496987E-02  6.562000141E-03  6.579134140E+00 
       166 -2.060696855E-02 -2.060696855E-02  6.562000141E-03  6.594707679E+00 
       167 -2.067896910E-02 -2.067896910E-02  6.562000141E-03  6.455752422E+00 
       168 -2.075096965E-02 -2.075096965E-02  6.562000141E-03  6.195480214E+00 
       169 -2.082296833E-02 -2.082296833E-02  6.562000141E-03  6.142685028E+00 
       170 -2.089514025E-02 -2.089514025E-02  6.562000141E-03  6.327452122E+00 
       171 -2.095155232E-02 -2.095155232E-02  6.562000141E-03  6.752424608E+00 
       172 -2.100796066E-02 -2.100796066E-02  6.562000141E-03  6.725469143E+00 
       173 -2.106651478E-02 -2.106651478E-02  6.562000606E-03  6.321117738E+00 
       174 -2.110337466E-02 -2.110337466E-02  6.562000606E-03  5.115038293E+00 
       175 -2.112556621E-02 -2.112556621E-02  6.562000606E-03  4.007939358E+00 
       176 -2.114406601E-02 -2.114406601E-02  6.562000606E-03  3.207384965E+00 
       177 -2.115948685E-02 -2.115948685E-02  6.562000606E-03  2.568486590E+00 
       178 -2.117234282E-02 -2.117234282E-02  6.562000606E-03  2.053533066E+00 
       179 -2.118305862E-02 -2.118305862E-02  6.562000141E-03  1.600367671E+00 
       180 -2.119199000E-02 -2.119199000E-02  6.562000141E-03  1.191598538E+00 
       181 -2.119943500E-02 -2.119943500E-02  6.562000141E-03  8.172629905E-01 
       182 -2.120563947E-02 -2.120563947E-02  6.562000141E-03  4.752213854E-01 
       183 -2.121081017E-02 -2.121081017E-02  6.562000141E-03  1.649997844E-01 
