cellnumber     x-coordinate     y-coordinate     z-coordinate velocity-magnitude 
         1 -2.830386627E-03 -2.830386627E-03  6.562000141E-03  1.428251003E+00 
         2 -2.835483057E-03 -2.835483057E-03  6.562000141E-03  1.364567749E+00 
         3 -2.841603942E-03 -2.841603942E-03  6.562000606E-03  1.303456273E+00 
         4 -2.848957200E-03 -2.848957200E-03  6.562000606E-03  1.248964051E+00 
         5 -2.857792191E-03 -2.857792191E-03  6.562000141E-03  1.204023590E+00 
         6 -2.868410433E-03 -2.868410433E-03  6.562000141E-03  1.168053546E+00 
         7 -2.881176071E-03 -2.881176071E-03  6.562000606E-03  1.136518818E+00 
         8 -2.896528924E-03 -2.896528924E-03  6.562000606E-03  1.103242643E+00 
         9 -2.915001474E-03 -2.915001474E-03  6.561999675E-03  1.069879526E+00 
        10 -2.937239595E-03 -2.937239595E-03  6.562000141E-03  1.042431917E+00 
        11 -2.974424278E-03 -2.974424278E-03  6.562000141E-03  1.029598005E+00 
        12 -3.062231001E-03 -3.062227042E-03  6.562000141E-03  1.072128731E+00 
        13 -3.187502269E-03 -3.187494585E-03  6.562000141E-03  1.043974938E+00 
        14 -3.312502289E-03 -3.312494606E-03  6.562000141E-03  1.017331414E+00 
        15 -3.437502310E-03 -3.437494626E-03  6.562000141E-03  1.008177889E+00 
        16 -3.562502330E-03 -3.562494414E-03  6.562000141E-03  1.017971433E+00 
        17 -3.687502351E-03 -3.687494434E-03  6.562000141E-03  1.013027451E+00 
        18 -3.812502371E-03 -3.812494455E-03  6.562000141E-03  9.742587534E-01 
        19 -3.937502392E-03 -3.937494475E-03  6.562000141E-03  1.040378572E+00 
        20 -4.062502645E-03 -4.062494729E-03  6.562000141E-03  1.067723852E+00 
        21 -4.187502433E-03 -4.187494516E-03  6.562000141E-03  1.219430748E+00 
        22 -4.312502686E-03 -4.312494770E-03  6.562000141E-03  1.259834734E+00 
        23 -4.437502474E-03 -4.437494557E-03  6.562000141E-03  1.354604528E+00 
        24 -4.562502727E-03 -4.562494345E-03  6.562000141E-03  1.495251954E+00 
        25 -4.812502768E-03 -4.812494386E-03  6.562000141E-03  8.855426089E-01 
        26 -4.937502556E-03 -4.937494639E-03  6.562000141E-03  1.179104937E+00 
        27 -5.062502343E-03 -5.062494427E-03  6.562000141E-03  1.084756158E+00 
        28 -5.187502597E-03 -5.187494680E-03  6.562000141E-03  9.662477091E-01 
        29 -5.312502384E-03 -5.312494468E-03  6.562000141E-03  9.611580313E-01 
        30 -1.393750310E-02 -1.393749379E-02  6.562000141E-03  6.987744818E+00 
        31 -1.381250285E-02 -1.381249446E-02  6.562000141E-03  6.916142533E+00 
        32 -1.368750352E-02 -1.368749421E-02  6.562000141E-03  6.869495689E+00 
        33 -1.356250327E-02 -1.356249396E-02  6.562000141E-03  6.802038438E+00 
        34 -1.343750302E-02 -1.343749370E-02  6.562000141E-03  6.738745676E+00 
        35 -1.331250276E-02 -1.331249438E-02  6.562000141E-03  6.670278740E+00 
        36 -1.318750344E-02 -1.318749413E-02  6.562000141E-03  6.593414648E+00 
        37 -1.306250319E-02 -1.306249388E-02  6.562000141E-03  6.500390991E+00 
        38 -1.293750294E-02 -1.293749455E-02  6.562000141E-03  6.349626172E+00 
        39 -1.281250268E-02 -1.281249430E-02  6.562000141E-03  6.198190017E+00 
        40 -1.268750336E-02 -1.268749405E-02  6.562000141E-03  6.144077959E+00 
        41 -1.256250311E-02 -1.256249379E-02  6.562000141E-03  6.121587957E+00 
        42 -1.243750285E-02 -1.243749447E-02  6.562000141E-03  6.040384803E+00 
        43 -1.231250260E-02 -1.231249422E-02  6.562000141E-03  5.951876663E+00 
        44 -1.218750328E-02 -1.218749397E-02  6.562000141E-03  5.896623771E+00 
        45 -1.206250302E-02 -1.206249371E-02  6.562000141E-03  5.828364410E+00 
        46 -1.193750277E-02 -1.193749439E-02  6.562000141E-03  5.754519827E+00 
        47 -1.181250252E-02 -1.181249414E-02  6.562000141E-03  5.678633650E+00 
        48 -1.168750320E-02 -1.168749388E-02  6.562000141E-03  5.597655970E+00 
        49 -1.156250294E-02 -1.156249456E-02  6.562000141E-03  5.519835728E+00 
        50 -1.143750269E-02 -1.143749431E-02  6.562000141E-03  5.450404184E+00 
        51 -1.131250337E-02 -1.131249405E-02  6.562000141E-03  5.385059271E+00 
        52 -1.118750311E-02 -1.118749380E-02  6.562000141E-03  5.324167437E+00 
        53 -1.106250286E-02 -1.106249448E-02  6.562000141E-03  5.279121417E+00 
        54 -1.093750261E-02 -1.093749423E-02  6.562000141E-03  5.233555279E+00 
        55 -4.687502515E-03 -4.687494598E-03  6.562000141E-03  1.451904694E+00 
        56 -1.081250329E-02 -1.081249397E-02  6.562000141E-03  5.187030418E+00 
        57 -1.068750303E-02 -1.068749465E-02  6.562000141E-03  5.152090708E+00 
        58 -1.056250278E-02 -1.056249440E-02  6.562000141E-03  5.122153949E+00 
        59 -1.043750253E-02 -1.043749414E-02  6.562000141E-03  5.082362552E+00 
        60 -1.031250320E-02 -1.031249389E-02  6.562000141E-03  5.015472645E+00 
        61 -1.018750295E-02 -1.018749457E-02  6.562000141E-03  4.932737900E+00 
        62 -1.006250270E-02 -1.006249432E-02  6.562000141E-03  4.872926606E+00 
        63 -9.937502444E-03 -9.937494062E-03  6.562000141E-03  4.827556163E+00 
        64 -9.812503122E-03 -9.812494740E-03  6.562000141E-03  4.787978102E+00 
        65 -9.687502868E-03 -9.687494487E-03  6.562000141E-03  4.794304732E+00 
        66 -9.562502615E-03 -9.562494233E-03  6.562000141E-03  4.811110088E+00 
        67 -9.437503293E-03 -9.437493980E-03  6.562000141E-03  4.723734787E+00 
        68 -9.312503040E-03 -9.312494658E-03  6.562000141E-03  4.433515852E+00 
        69 -9.187502787E-03 -9.187494405E-03  6.562000141E-03  4.274871261E+00 
        70 -9.062502533E-03 -9.062494151E-03  6.562000141E-03  4.190704299E+00 
        71 -8.937503211E-03 -8.937493898E-03  6.562000141E-03  4.121481815E+00 
        72 -8.812502958E-03 -8.812494576E-03  6.562000141E-03  4.141092502E+00 
        73 -8.687502705E-03 -8.687494323E-03  6.562000141E-03  4.180901720E+00 
        74 -8.562502451E-03 -8.562494069E-03  6.562000141E-03  3.928722482E+00 
        75 -8.437503129E-03 -8.437494747E-03  6.562000141E-03  3.623674858E+00 
        76 -8.312502876E-03 -8.312494494E-03  6.562000141E-03  3.506129131E+00 
        77 -8.187502623E-03 -8.187494241E-03  6.562000141E-03  3.327534450E+00 
        78 -8.062502369E-03 -8.062493987E-03  6.562000141E-03  3.048701763E+00 
        79 -7.937503047E-03 -7.937494665E-03  6.562000141E-03  3.090909907E+00 
        80 -7.812502794E-03 -7.812494412E-03  6.562000141E-03  3.372941247E+00 
        81 -7.687502541E-03 -7.687494159E-03  6.562000141E-03  3.731713093E+00 
        82 -7.562502753E-03 -7.562494371E-03  6.562000141E-03  3.766339328E+00 
        83 -7.437502500E-03 -7.437494583E-03  6.562000141E-03  3.519328526E+00 
        84 -7.312502712E-03 -7.312494330E-03  6.562000141E-03  3.290931890E+00 
        85 -7.187502459E-03 -7.187494542E-03  6.562000141E-03  2.945084354E+00 
        86 -7.062502671E-03 -7.062494289E-03  6.562000141E-03  2.494309274E+00 
        87 -6.937502883E-03 -6.937494501E-03  6.562000141E-03  2.137067590E+00 
        88 -6.812502630E-03 -6.812494248E-03  6.562000141E-03  1.900886111E+00 
        89 -6.687502842E-03 -6.687494460E-03  6.562000141E-03  1.651326251E+00 
        90 -6.562502589E-03 -6.562494673E-03  6.562000141E-03  1.530517875E+00 
        91 -6.437502801E-03 -6.437494420E-03  6.562000141E-03  1.512903348E+00 
        92 -6.312502548E-03 -6.312494632E-03  6.562000141E-03  1.468868551E+00 
        93 -6.187502760E-03 -6.187494379E-03  6.562000141E-03  1.370556962E+00 
        94 -6.062502507E-03 -6.062494591E-03  6.562000141E-03  1.418055361E+00 
        95 -5.937502719E-03 -5.937494338E-03  6.562000141E-03  1.557227681E+00 
        96 -5.812502466E-03 -5.812494550E-03  6.562000141E-03  1.633612025E+00 
        97 -5.687502678E-03 -5.687494297E-03  6.562000141E-03  1.694990330E+00 
        98 -5.562502425E-03 -5.562494509E-03  6.562000141E-03  1.699272923E+00 
        99 -5.437502638E-03 -5.437494721E-03  6.562000141E-03  1.366565645E+00 
       100 -1.818750240E-02 -1.818749309E-02  6.562000141E-03  6.892742246E+00 
       101 -1.806250401E-02 -1.806249283E-02  6.562000141E-03  7.058708625E+00 
       102 -1.793750376E-02 -1.793749444E-02  6.562000141E-03  7.169901686E+00 
       103 -1.781250350E-02 -1.781249419E-02  6.562000141E-03  7.349772899E+00 
       104 -1.768750325E-02 -1.768749394E-02  6.562000141E-03  7.595322653E+00 
       105 -1.756250300E-02 -1.756249368E-02  6.562000141E-03  7.632304334E+00 
       106 -1.743750274E-02 -1.743749343E-02  6.562000141E-03  7.564985575E+00 
       107 -1.731250249E-02 -1.731249318E-02  6.562000141E-03  7.452115552E+00 
       108 -1.718750224E-02 -1.718749292E-02  6.562000141E-03  7.399949114E+00 
       109 -1.706250384E-02 -1.706249453E-02  6.562000141E-03  7.420548281E+00 
       110 -1.693750359E-02 -1.693749428E-02  6.562000141E-03  7.693657723E+00 
       111 -1.681250334E-02 -1.681249402E-02  6.562000141E-03  7.929157273E+00 
       112 -1.668750308E-02 -1.668749377E-02  6.562000141E-03  7.914067172E+00 
       113 -1.656250283E-02 -1.656249352E-02  6.562000141E-03  7.875072948E+00 
       114 -1.643750258E-02 -1.643749326E-02  6.562000141E-03  7.676048253E+00 
       115 -1.631250232E-02 -1.631249301E-02  6.562000141E-03  7.565012693E+00 
       116 -1.618750207E-02 -1.618749276E-02  6.562000141E-03  7.621228395E+00 
       117 -1.606250368E-02 -1.606249437E-02  6.562000141E-03  7.729729505E+00 
       118 -1.593750343E-02 -1.593749411E-02  6.562000141E-03  7.805948337E+00 
       119 -1.581250317E-02 -1.581249386E-02  6.562000141E-03  7.982644607E+00 
       120 -1.568750292E-02 -1.568749361E-02  6.562000141E-03  8.174674706E+00 
       121 -1.556250360E-02 -1.556249429E-02  6.562000141E-03  8.294988374E+00 
       122 -1.543750335E-02 -1.543749403E-02  6.562000141E-03  8.291182391E+00 
       123 -1.531250309E-02 -1.531249378E-02  6.562000141E-03  8.267248298E+00 
       124 -1.518750284E-02 -1.518749353E-02  6.562000141E-03  8.282569986E+00 
       125 -1.506250352E-02 -1.506249420E-02  6.562000141E-03  8.265135431E+00 
       126 -1.493750326E-02 -1.493749395E-02  6.562000141E-03  8.157592152E+00 
       127 -1.481250301E-02 -1.481249370E-02  6.562000141E-03  7.950811062E+00 
       128 -1.468750276E-02 -1.468749437E-02  6.562000141E-03  7.694853208E+00 
       129 -1.456250343E-02 -1.456249412E-02  6.562000141E-03  7.505232110E+00 
       130 -1.443750318E-02 -1.443749387E-02  6.562000141E-03  7.429185997E+00 
       131 -1.431250293E-02 -1.431249361E-02  6.562000141E-03  7.527991996E+00 
       132 -1.418750267E-02 -1.418749429E-02  6.562000141E-03  7.336912287E+00 
       133 -1.406250335E-02 -1.406249404E-02  6.562000141E-03  7.111302975E+00 
       134 -2.102797665E-02 -2.102797665E-02  6.562000141E-03  7.075089515E+00 
       135 -1.895638742E-02 -1.895638742E-02  6.562000141E-03  5.515910405E+00 
       136 -1.889957115E-02 -1.889957115E-02  6.562000141E-03  5.433254034E+00 
       137 -1.880222373E-02 -1.880222000E-02  6.562000141E-03  5.362086135E+00 
       138 -1.868750341E-02 -1.868749410E-02  6.562000141E-03  6.127648510E+00 
       139 -1.856250316E-02 -1.856249385E-02  6.562000141E-03  7.308056741E+00 
       140 -1.843750291E-02 -1.843749359E-02  6.562000141E-03  7.361416559E+00 
       141 -1.831250265E-02 -1.831249334E-02  6.562000141E-03  7.112774801E+00 
       142 -1.898222044E-02 -1.898222044E-02  6.562000606E-03  5.355141793E+00 
       143 -1.904012822E-02 -1.904012822E-02  6.562000141E-03  5.466697102E+00 
       144 -1.912219450E-02 -1.912219450E-02  6.562000606E-03  5.606705404E+00 
       145 -1.916676387E-02 -1.916676387E-02  6.562000606E-03  5.748603816E+00 
       146 -1.923896931E-02 -1.923896931E-02  6.562000141E-03  5.723497198E+00 
       147 -1.931096986E-02 -1.931096986E-02  6.562000141E-03  5.991356078E+00 
       148 -1.938296854E-02 -1.938296854E-02  6.562000141E-03  6.374594500E+00 
       149 -1.945496909E-02 -1.945496909E-02  6.562000141E-03  6.603756027E+00 
       150 -1.952696778E-02 -1.952696778E-02  6.562000141E-03  6.528264056E+00 
       151 -1.959896833E-02 -1.959896833E-02  6.562000141E-03  6.585805122E+00 
       152 -1.967096888E-02 -1.967096888E-02  6.562000141E-03  6.497563064E+00 
       153 -1.974296942E-02 -1.974296942E-02  6.562000141E-03  6.609185366E+00 
       154 -1.981496811E-02 -1.981496811E-02  6.562000141E-03  6.554203379E+00 
       155 -1.988696866E-02 -1.988696866E-02  6.562000141E-03  6.682198530E+00 
       156 -1.995896921E-02 -1.995896921E-02  6.562000141E-03  6.676235471E+00 
       157 -2.003096975E-02 -2.003096975E-02  6.562000141E-03  6.554542387E+00 
       158 -2.010296844E-02 -2.010296844E-02  6.562000141E-03  6.320249991E+00 
       159 -2.017496899E-02 -2.017496899E-02  6.562000141E-03  6.079242683E+00 
       160 -2.024696954E-02 -2.024696954E-02  6.562000141E-03  5.940711498E+00 
       161 -2.031897008E-02 -2.031897008E-02  6.562000141E-03  5.889200667E+00 
       162 -2.039096877E-02 -2.039096877E-02  6.562000141E-03  5.975706944E+00 
       163 -2.046296932E-02 -2.046296932E-02  6.562000141E-03  6.242388159E+00 
       164 -2.053496987E-02 -2.053496987E-02  6.562000141E-03  6.653137577E+00 
       165 -2.060696855E-02 -2.060696855E-02  6.562000141E-03  7.220149345E+00 
       166 -2.067896910E-02 -2.067896910E-02  6.562000141E-03  7.590582008E+00 
       167 -2.075096965E-02 -2.075096965E-02  6.562000141E-03  7.977340241E+00 
       168 -2.082296833E-02 -2.082296833E-02  6.562000141E-03  8.009181314E+00 
       169 -2.089514025E-02 -2.089514025E-02  6.562000141E-03  7.954888940E+00 
       170 -2.095155232E-02 -2.095155232E-02  6.562000141E-03  7.517261869E+00 
       171 -2.100796066E-02 -2.100796066E-02  6.562000141E-03  7.453943495E+00 
       172 -2.106651478E-02 -2.106651478E-02  6.562000606E-03  6.140583044E+00 
       173 -2.110337466E-02 -2.110337466E-02  6.562000606E-03  4.732982126E+00 
       174 -2.112556621E-02 -2.112556621E-02  6.562000606E-03  3.851516726E+00 
       175 -2.114406601E-02 -2.114406601E-02  6.562000606E-03  3.122263705E+00 
       176 -2.115948685E-02 -2.115948685E-02  6.562000606E-03  2.478017451E+00 
       177 -2.117234282E-02 -2.117234282E-02  6.562000606E-03  1.915446791E+00 
       178 -2.118305862E-02 -2.118305862E-02  6.562000141E-03  1.423727763E+00 
       179 -2.119199000E-02 -2.119199000E-02  6.562000141E-03  1.002071484E+00 
       180 -2.119943500E-02 -2.119943500E-02  6.562000141E-03  6.474972799E-01 
       181 -2.120563947E-02 -2.120563947E-02  6.562000141E-03  3.549880829E-01 
       182 -2.121081017E-02 -2.121081017E-02  6.562000141E-03  1.161496430E-01 
