cellnumber     x-coordinate     y-coordinate     z-coordinate velocity-magnitude 
         1 -7.937498391E-03 -7.937504910E-03  6.562000141E-03  3.714033309E+00 
         2 -7.812498603E-03 -7.812504657E-03  6.562000141E-03  3.638853486E+00 
         3 -7.687498350E-03 -7.687504869E-03  6.562000141E-03  3.581122114E+00 
         4 -7.562498562E-03 -7.562505081E-03  6.562000141E-03  3.467394131E+00 
         5 -7.437498309E-03 -7.437504828E-03  6.562000141E-03  3.293322778E+00 
         6 -7.312498521E-03 -7.312505040E-03  6.562000141E-03  3.394482686E+00 
         7 -7.187498268E-03 -7.187504787E-03  6.562000141E-03  3.248590588E+00 
         8 -7.062498480E-03 -7.062504999E-03  6.562000141E-03  2.791754662E+00 
         9 -6.937498227E-03 -6.937504746E-03  6.562000141E-03  2.629708655E+00 
        10 -6.812498439E-03 -6.812504958E-03  6.562000141E-03  2.481620585E+00 
        11 -6.687498186E-03 -6.687504705E-03  6.562000141E-03  2.558887203E+00 
        12 -6.562498398E-03 -6.562504917E-03  6.562000141E-03  2.003210152E+00 
        13 -6.437498610E-03 -6.437505130E-03  6.562000141E-03  2.010363412E+00 
        14 -6.312498357E-03 -6.312504876E-03  6.562000141E-03  1.985448181E+00 
        15 -6.187498569E-03 -6.187505089E-03  6.562000141E-03  1.958266188E+00 
        16 -6.062498316E-03 -6.062504835E-03  6.562000141E-03  1.838192351E+00 
        17 -5.937498529E-03 -5.937505048E-03  6.562000141E-03  1.573533737E+00 
        18 -5.812498275E-03 -5.812504794E-03  6.562000141E-03  1.380763298E+00 
        19 -5.687498488E-03 -5.687505007E-03  6.562000141E-03  1.434120916E+00 
        20 -5.562498234E-03 -5.562505219E-03  6.562000141E-03  1.438070251E+00 
        21 -5.437498447E-03 -5.437504966E-03  6.562000141E-03  1.307621330E+00 
        22 -5.312498193E-03 -5.312505178E-03  6.562000141E-03  1.228184179E+00 
        23 -5.187498406E-03 -5.187504925E-03  6.562000141E-03  1.156063149E+00 
        24 -5.062498152E-03 -5.062505137E-03  6.562000141E-03  1.138184913E+00 
        25 -4.937498365E-03 -4.937504884E-03  6.562000141E-03  1.322159404E+00 
        26 -4.812498111E-03 -4.812505096E-03  6.562000141E-03  1.588334791E+00 
        27 -4.687498324E-03 -4.687504843E-03  6.562000141E-03  1.831214069E+00 
        28 -4.562498070E-03 -4.562505055E-03  6.562000141E-03  1.846381735E+00 
        29 -4.437498283E-03 -4.437505268E-03  6.562000141E-03  1.238311494E+00 
        30 -4.312498029E-03 -4.312505014E-03  6.562000141E-03  1.195906452E+00 
        31 -4.187498242E-03 -4.187505227E-03  6.562000141E-03  1.461138261E+00 
        32 -4.062498454E-03 -4.062504973E-03  6.562000141E-03  1.529520627E+00 
        33 -3.937498201E-03 -3.937505186E-03  6.562000141E-03  1.484232563E+00 
        34 -3.812498180E-03 -3.812504932E-03  6.562000141E-03  1.560717425E+00 
        35 -3.687498160E-03 -3.687504912E-03  6.562000141E-03  1.693058205E+00 
        36 -3.562498139E-03 -3.562505124E-03  6.562000141E-03  1.655419103E+00 
        37 -3.437498119E-03 -3.437505104E-03  6.562000141E-03  1.390240505E+00 
        38 -1.281249896E-02 -1.281250454E-02  6.562000141E-03  6.842661125E+00 
        39 -1.268749870E-02 -1.268750429E-02  6.562000141E-03  6.721353981E+00 
        40 -1.256249845E-02 -1.256250497E-02  6.562000141E-03  6.607915915E+00 
        41 -1.243749913E-02 -1.243750472E-02  6.562000141E-03  6.509024146E+00 
        42 -1.231249887E-02 -1.231250446E-02  6.562000141E-03  6.418582384E+00 
        43 -1.218749862E-02 -1.218750421E-02  6.562000141E-03  6.342629926E+00 
        44 -1.206249837E-02 -1.206250489E-02  6.562000141E-03  6.278878732E+00 
        45 -1.193749905E-02 -1.193750463E-02  6.562000141E-03  6.197457923E+00 
        46 -1.181249879E-02 -1.181250438E-02  6.562000141E-03  6.108205347E+00 
        47 -1.168749854E-02 -1.168750506E-02  6.562000141E-03  6.043626365E+00 
        48 -1.156249829E-02 -1.156250481E-02  6.562000141E-03  5.986661931E+00 
        49 -1.143749896E-02 -1.143750455E-02  6.562000141E-03  5.920339085E+00 
        50 -1.131249871E-02 -1.131250430E-02  6.562000141E-03  5.833990200E+00 
        51 -1.118749846E-02 -1.118750498E-02  6.562000141E-03  5.731425737E+00 
        52 -1.106249914E-02 -1.106250472E-02  6.562000141E-03  5.597743437E+00 
        53 -1.093749888E-02 -1.093750447E-02  6.562000141E-03  5.434524016E+00 
        54 -1.081249863E-02 -1.081250422E-02  6.562000141E-03  5.303546372E+00 
        55 -1.068749838E-02 -1.068750490E-02  6.562000141E-03  5.222111987E+00 
        56 -1.056249905E-02 -1.056250464E-02  6.562000141E-03  5.182833728E+00 
        57 -1.043749880E-02 -1.043750439E-02  6.562000141E-03  5.165254219E+00 
        58 -1.031249855E-02 -1.031250507E-02  6.562000141E-03  5.155753302E+00 
        59 -1.018749829E-02 -1.018750481E-02  6.562000141E-03  5.114845960E+00 
        60 -1.006249897E-02 -1.006250456E-02  6.562000141E-03  5.029657514E+00 
        61 -9.937498719E-03 -9.937504306E-03  6.562000141E-03  4.967886162E+00 
        62 -9.812498465E-03 -9.812504984E-03  6.562000141E-03  4.935389912E+00 
        63 -9.687498212E-03 -9.687504731E-03  6.562000141E-03  4.926223570E+00 
        64 -9.562498890E-03 -9.562504478E-03  6.562000141E-03  4.869722799E+00 
        65 -9.437498637E-03 -9.437505156E-03  6.562000141E-03  4.692718262E+00 
        66 -9.312498383E-03 -9.312504902E-03  6.562000141E-03  4.468131919E+00 
        67 -9.187498130E-03 -9.187504649E-03  6.562000141E-03  4.237152439E+00 
        68 -9.062498808E-03 -9.062504396E-03  6.562000141E-03  4.049567780E+00 
        69 -8.937498555E-03 -8.937505074E-03  6.562000141E-03  3.822400460E+00 
        70 -8.812498301E-03 -8.812504821E-03  6.562000141E-03  3.686290003E+00 
        71 -8.687498979E-03 -8.687504567E-03  6.562000141E-03  3.654835480E+00 
        72 -8.562498726E-03 -8.562505245E-03  6.562000141E-03  3.739059171E+00 
        73 -8.437498473E-03 -8.437504992E-03  6.562000141E-03  3.901916736E+00 
        74 -8.312498219E-03 -8.312504739E-03  6.562000141E-03  4.146620774E+00 
        75 -8.187498897E-03 -8.187504485E-03  6.562000141E-03  4.131643410E+00 
        76 -8.062498644E-03 -8.062505163E-03  6.562000141E-03  3.899449419E+00 
        77 -1.593749970E-02 -1.593750343E-02  6.562000141E-03  6.910761880E+00 
        78 -1.581249945E-02 -1.581250317E-02  6.562000141E-03  7.515926986E+00 
        79 -1.568749920E-02 -1.568750478E-02  6.562000141E-03  8.227970718E+00 
        80 -1.556249894E-02 -1.556250453E-02  6.562000141E-03  8.774957762E+00 
        81 -1.543749869E-02 -1.543750428E-02  6.562000141E-03  9.041675936E+00 
        82 -1.531249937E-02 -1.531250402E-02  6.562000141E-03  8.740535110E+00 
        83 -1.518749911E-02 -1.518750470E-02  6.562000141E-03  8.128908460E+00 
        84 -1.506249886E-02 -1.506250445E-02  6.562000141E-03  7.711525671E+00 
        85 -1.493749861E-02 -1.493750419E-02  6.562000141E-03  7.824442512E+00 
        86 -1.481249928E-02 -1.481250394E-02  6.562000141E-03  7.911971550E+00 
        87 -1.468749903E-02 -1.468750462E-02  6.562000141E-03  7.912150905E+00 
        88 -1.456249878E-02 -1.456250437E-02  6.562000141E-03  7.850131126E+00 
        89 -1.443749852E-02 -1.443750411E-02  6.562000141E-03  7.751393078E+00 
        90 -1.431249920E-02 -1.431250479E-02  6.562000141E-03  7.681047308E+00 
        91 -1.418749895E-02 -1.418750454E-02  6.562000141E-03  7.646455515E+00 
        92 -1.406249870E-02 -1.406250428E-02  6.562000141E-03  7.502527878E+00 
        93 -1.393749844E-02 -1.393750403E-02  6.562000141E-03  7.387089792E+00 
        94 -1.381249912E-02 -1.381250471E-02  6.562000141E-03  7.408790682E+00 
        95 -1.368749887E-02 -1.368750446E-02  6.562000141E-03  7.376700524E+00 
        96 -1.356249861E-02 -1.356250420E-02  6.562000141E-03  7.338434184E+00 
        97 -1.343749929E-02 -1.343750488E-02  6.562000141E-03  7.284786279E+00 
        98 -1.331249904E-02 -1.331250463E-02  6.562000141E-03  7.230495162E+00 
        99 -1.318749879E-02 -1.318750437E-02  6.562000141E-03  7.160458396E+00 
       100 -1.306249853E-02 -1.306250412E-02  6.562000141E-03  7.073594826E+00 
       101 -1.293749921E-02 -1.293750480E-02  6.562000141E-03  6.964698384E+00 
       102 -3.312498098E-03 -3.312505083E-03  6.562000141E-03  1.232525756E+00 
       103 -3.189915325E-03 -3.189918818E-03  6.562000141E-03  1.353686159E+00 
       104 -3.123705974E-03 -3.123705974E-03  6.562000141E-03  1.328821434E+00 
       105 -3.059382550E-03 -3.059382550E-03  6.562000141E-03  1.296075024E+00 
       106 -2.975319512E-03 -2.975319512E-03  6.562000606E-03  1.134340443E+00 
       107 -2.937293379E-03 -2.937293379E-03  6.562000606E-03  1.157513382E+00 
       108 -2.915035933E-03 -2.915035933E-03  6.562000141E-03  1.204993072E+00 
       109 -2.896548016E-03 -2.896548016E-03  6.562000141E-03  1.261143174E+00 
       110 -2.881182823E-03 -2.881182823E-03  6.562000606E-03  1.306208721E+00 
       111 -2.868407406E-03 -2.868407406E-03  6.562000606E-03  1.342009422E+00 
       112 -2.857780783E-03 -2.857780783E-03  6.562000606E-03  1.369930524E+00 
       113 -2.848939272E-03 -2.848939272E-03  6.562000606E-03  1.393543495E+00 
       114 -2.841580659E-03 -2.841580659E-03  6.562000606E-03  1.414798618E+00 
       115 -2.835455118E-03 -2.835455118E-03  6.562000606E-03  1.434816950E+00 
       116 -2.830355195E-03 -2.830355195E-03  6.562000141E-03  1.453942934E+00 
       117 -2.102797665E-02 -2.102797665E-02  6.562000141E-03  6.329916754E+00 
       118 -1.898222044E-02 -1.898222044E-02  6.562000606E-03  6.642876978E+00 
       119 -1.904012822E-02 -1.904012822E-02  6.562000141E-03  6.661326027E+00 
       120 -1.912219450E-02 -1.912219450E-02  6.562000606E-03  6.607644451E+00 
       121 -1.916676387E-02 -1.916676387E-02  6.562000606E-03  6.696092322E+00 
       122 -1.923896931E-02 -1.923896931E-02  6.562000141E-03  6.820493937E+00 
       123 -1.931096986E-02 -1.931096986E-02  6.562000141E-03  6.825334023E+00 
       124 -1.938296854E-02 -1.938296854E-02  6.562000141E-03  6.670502213E+00 
       125 -1.945496909E-02 -1.945496909E-02  6.562000141E-03  6.333173788E+00 
       126 -1.952696778E-02 -1.952696778E-02  6.562000141E-03  5.945175239E+00 
       127 -1.959896833E-02 -1.959896833E-02  6.562000141E-03  5.547619385E+00 
       128 -1.967096888E-02 -1.967096888E-02  6.562000141E-03  5.385229358E+00 
       129 -1.974296942E-02 -1.974296942E-02  6.562000141E-03  5.283971155E+00 
       130 -1.981496811E-02 -1.981496811E-02  6.562000141E-03  5.538998819E+00 
       131 -1.988696866E-02 -1.988696866E-02  6.562000141E-03  5.818097126E+00 
       132 -1.995896921E-02 -1.995896921E-02  6.562000141E-03  6.176880874E+00 
       133 -2.003096975E-02 -2.003096975E-02  6.562000141E-03  6.264150238E+00 
       134 -2.010296844E-02 -2.010296844E-02  6.562000141E-03  6.351136255E+00 
       135 -2.017496899E-02 -2.017496899E-02  6.562000141E-03  6.180251171E+00 
       136 -2.024696954E-02 -2.024696954E-02  6.562000141E-03  5.974151943E+00 
       137 -2.031897008E-02 -2.031897008E-02  6.562000141E-03  5.620552031E+00 
       138 -2.039096877E-02 -2.039096877E-02  6.562000141E-03  5.494085892E+00 
       139 -2.046296932E-02 -2.046296932E-02  6.562000141E-03  5.369495443E+00 
       140 -2.053496987E-02 -2.053496987E-02  6.562000141E-03  5.509912091E+00 
       141 -2.060696855E-02 -2.060696855E-02  6.562000141E-03  5.473448018E+00 
       142 -2.067896910E-02 -2.067896910E-02  6.562000141E-03  5.667682905E+00 
       143 -2.075096965E-02 -2.075096965E-02  6.562000141E-03  5.809348962E+00 
       144 -2.082296833E-02 -2.082296833E-02  6.562000141E-03  5.980266923E+00 
       145 -2.089514025E-02 -2.089514025E-02  6.562000141E-03  6.225427883E+00 
       146 -2.095155232E-02 -2.095155232E-02  6.562000141E-03  6.421574573E+00 
       147 -2.100796066E-02 -2.100796066E-02  6.562000141E-03  6.588005837E+00 
       148 -2.106651478E-02 -2.106651478E-02  6.562000606E-03  6.525962486E+00 
       149 -2.110337466E-02 -2.110337466E-02  6.562000606E-03  5.949505599E+00 
       150 -2.112556621E-02 -2.112556621E-02  6.562000606E-03  5.374498250E+00 
       151 -2.114406601E-02 -2.114406601E-02  6.562000606E-03  4.680184329E+00 
       152 -2.115948685E-02 -2.115948685E-02  6.562000606E-03  3.908148219E+00 
       153 -2.117234282E-02 -2.117234282E-02  6.562000606E-03  3.116580773E+00 
       154 -2.118305862E-02 -2.118305862E-02  6.562000141E-03  2.365944400E+00 
       155 -2.119199000E-02 -2.119199000E-02  6.562000141E-03  1.692747911E+00 
       156 -2.119943500E-02 -2.119943500E-02  6.562000141E-03  1.110405015E+00 
       157 -2.120563947E-02 -2.120563947E-02  6.562000141E-03  6.170439951E-01 
       158 -2.121081017E-02 -2.121081017E-02  6.562000141E-03  2.041031631E-01 
       159 -1.895486377E-02 -1.895486377E-02  6.562000141E-03  6.666036599E+00 
       160 -1.889866963E-02 -1.889866963E-02  6.562000141E-03  6.673933989E+00 
       161 -1.880285330E-02 -1.880285516E-02  6.562000141E-03  6.811601133E+00 
       162 -1.868749969E-02 -1.868750341E-02  6.562000141E-03  6.850016506E+00 
       163 -1.856249943E-02 -1.856250316E-02  6.562000141E-03  6.689971123E+00 
       164 -1.843749918E-02 -1.843750477E-02  6.562000141E-03  6.641218843E+00 
       165 -1.831249893E-02 -1.831250452E-02  6.562000141E-03  6.877563863E+00 
       166 -1.818749867E-02 -1.818750426E-02  6.562000141E-03  7.219988105E+00 
       167 -1.806249842E-02 -1.806250401E-02  6.562000141E-03  7.361518498E+00 
       168 -1.793749817E-02 -1.793750376E-02  6.562000141E-03  7.274396792E+00 
       169 -1.781249978E-02 -1.781250350E-02  6.562000141E-03  7.136096639E+00 
       170 -1.768749952E-02 -1.768750325E-02  6.562000141E-03  7.060610413E+00 
       171 -1.756249927E-02 -1.756250486E-02  6.562000141E-03  7.047818453E+00 
       172 -1.743749902E-02 -1.743750460E-02  6.562000141E-03  7.098207725E+00 
       173 -1.731249876E-02 -1.731250435E-02  6.562000141E-03  7.265157257E+00 
       174 -1.718749851E-02 -1.718750410E-02  6.562000141E-03  7.521531933E+00 
       175 -1.706249826E-02 -1.706250384E-02  6.562000141E-03  7.625277270E+00 
       176 -1.693749800E-02 -1.693750359E-02  6.562000141E-03  7.535266804E+00 
       177 -1.681249961E-02 -1.681250334E-02  6.562000141E-03  7.379062617E+00 
       178 -1.668749936E-02 -1.668750308E-02  6.562000141E-03  7.136178739E+00 
       179 -1.656249911E-02 -1.656250469E-02  6.562000141E-03  6.896616698E+00 
       180 -1.643749885E-02 -1.643750444E-02  6.562000141E-03  6.717098903E+00 
       181 -1.631249860E-02 -1.631250419E-02  6.562000141E-03  6.681256054E+00 
       182 -1.618749835E-02 -1.618750393E-02  6.562000141E-03  6.801802069E+00 
       183 -1.606249809E-02 -1.606250368E-02  6.562000141E-03  6.780808747E+00 
