cellnumber     x-coordinate     y-coordinate     z-coordinate velocity-magnitude 
         1 -1.081250329E-02 -1.081249397E-02  6.562000141E-03  5.167049297E+00 
         2 -1.068750303E-02 -1.068749372E-02  6.562000141E-03  5.121772100E+00 
         3 -1.056250371E-02 -1.056249347E-02  6.562000141E-03  5.094668836E+00 
         4 -1.043750346E-02 -1.043749414E-02  6.562000141E-03  5.043078251E+00 
         5 -1.031250320E-02 -1.031249389E-02  6.562000141E-03  4.950961808E+00 
         6 -1.018750295E-02 -1.018749364E-02  6.562000141E-03  4.882357023E+00 
         7 -1.006250363E-02 -1.006249338E-02  6.562000141E-03  4.913060710E+00 
         8 -9.937503375E-03 -9.937494062E-03  6.562000141E-03  4.946969754E+00 
         9 -9.812503122E-03 -9.812493809E-03  6.562000141E-03  4.894594711E+00 
        10 -9.687502868E-03 -9.687493555E-03  6.562000141E-03  4.795500072E+00 
        11 -9.562503546E-03 -9.562494233E-03  6.562000141E-03  4.807093280E+00 
        12 -9.437503293E-03 -9.437493980E-03  6.562000141E-03  4.784937596E+00 
        13 -9.312503040E-03 -9.312493727E-03  6.562000141E-03  4.737130352E+00 
        14 -9.187502787E-03 -9.187493473E-03  6.562000141E-03  4.745303516E+00 
        15 -9.062503465E-03 -9.062494151E-03  6.562000141E-03  4.729471375E+00 
        16 -8.937503211E-03 -8.937493898E-03  6.562000141E-03  4.662789528E+00 
        17 -8.812502958E-03 -8.812493645E-03  6.562000141E-03  4.688440573E+00 
        18 -8.687502705E-03 -8.687494323E-03  6.562000141E-03  4.674417753E+00 
        19 -8.562503383E-03 -8.562494069E-03  6.562000141E-03  4.443841457E+00 
        20 -8.437503129E-03 -8.437493816E-03  6.562000141E-03  4.271153958E+00 
        21 -8.312502876E-03 -8.312493563E-03  6.562000141E-03  4.124293399E+00 
        22 -8.187503554E-03 -8.187494241E-03  6.562000141E-03  3.429233831E+00 
        23 -8.062503301E-03 -8.062493987E-03  6.562000141E-03  3.354138293E+00 
        24 -7.937503047E-03 -7.937493734E-03  6.562000141E-03  3.551976390E+00 
        25 -7.812502794E-03 -7.812493946E-03  6.562000141E-03  3.009960083E+00 
        26 -7.687503006E-03 -7.687494159E-03  6.562000141E-03  3.049911091E+00 
        27 -7.562503219E-03 -7.562493905E-03  6.562000141E-03  3.016805621E+00 
        28 -7.437502965E-03 -7.437494118E-03  6.562000141E-03  2.570062786E+00 
        29 -7.312503178E-03 -7.312493864E-03  6.562000141E-03  2.462569251E+00 
        30 -7.187502924E-03 -7.187494077E-03  6.562000141E-03  2.377578221E+00 
        31 -7.062503137E-03 -7.062494289E-03  6.562000141E-03  2.428285609E+00 
        32 -6.937502883E-03 -6.937494036E-03  6.562000141E-03  2.661861381E+00 
        33 -6.812503096E-03 -6.812494248E-03  6.562000141E-03  2.746304089E+00 
        34 -6.687502842E-03 -6.687493995E-03  6.562000141E-03  2.522597044E+00 
        35 -6.562503055E-03 -6.562494207E-03  6.562000141E-03  2.340381978E+00 
        36 -6.437502801E-03 -6.437493954E-03  6.562000141E-03  1.942870316E+00 
        37 -6.312503014E-03 -6.312494166E-03  6.562000141E-03  1.379136378E+00 
        38 -6.187502760E-03 -6.187494379E-03  6.562000141E-03  9.184175766E-01 
        39 -6.062502973E-03 -6.062494125E-03  6.562000141E-03  7.503416364E-01 
        40 -5.937502719E-03 -5.937494338E-03  6.562000141E-03  9.613275133E-01 
        41 -5.812502932E-03 -5.812494084E-03  6.562000141E-03  8.539243443E-01 
        42 -5.687502678E-03 -5.687494297E-03  6.562000141E-03  8.050494204E-01 
        43 -5.562502891E-03 -5.562494043E-03  6.562000141E-03  9.321761378E-01 
        44 -5.437502638E-03 -5.437494256E-03  6.562000141E-03  1.318082116E+00 
        45 -1.393750403E-02 -1.393749379E-02  6.562000141E-03  7.257235061E+00 
        46 -1.381250378E-02 -1.381249353E-02  6.562000141E-03  7.241699903E+00 
        47 -1.368750352E-02 -1.368749328E-02  6.562000141E-03  7.213170344E+00 
        48 -1.356250327E-02 -1.356249303E-02  6.562000141E-03  7.197336269E+00 
        49 -1.343750395E-02 -1.343749370E-02  6.562000141E-03  7.180173707E+00 
        50 -1.331250370E-02 -1.331249345E-02  6.562000141E-03  7.149504565E+00 
        51 -1.318750344E-02 -1.318749320E-02  6.562000141E-03  7.084437770E+00 
        52 -1.306250319E-02 -1.306249388E-02  6.562000141E-03  6.969163710E+00 
        53 -1.293750387E-02 -1.293749362E-02  6.562000141E-03  6.842300093E+00 
        54 -1.281250361E-02 -1.281249337E-02  6.562000141E-03  6.768323882E+00 
        55 -1.268750336E-02 -1.268749312E-02  6.562000141E-03  6.726378882E+00 
        56 -1.256250311E-02 -1.256249379E-02  6.562000141E-03  6.664513729E+00 
        57 -1.243750378E-02 -1.243749354E-02  6.562000141E-03  6.580972953E+00 
        58 -1.231250353E-02 -1.231249329E-02  6.562000141E-03  6.476692968E+00 
        59 -1.218750328E-02 -1.218749397E-02  6.562000141E-03  6.337252731E+00 
        60 -1.206250396E-02 -1.206249371E-02  6.562000141E-03  6.177746380E+00 
        61 -1.193750370E-02 -1.193749346E-02  6.562000141E-03  5.983748700E+00 
        62 -1.181250345E-02 -1.181249321E-02  6.562000141E-03  5.802580215E+00 
        63 -1.168750320E-02 -1.168749388E-02  6.562000141E-03  5.644909978E+00 
        64 -1.156250387E-02 -1.156249363E-02  6.562000141E-03  5.524594659E+00 
        65 -1.143750362E-02 -1.143749338E-02  6.562000141E-03  5.416775351E+00 
        66 -1.131250337E-02 -1.131249405E-02  6.562000141E-03  5.321140669E+00 
        67 -1.118750311E-02 -1.118749380E-02  6.562000141E-03  5.266413413E+00 
        68 -1.106250379E-02 -1.106249355E-02  6.562000141E-03  5.244433883E+00 
        69 -1.093750354E-02 -1.093749329E-02  6.562000141E-03  5.209554473E+00 
        70 -4.687502980E-03 -4.687494133E-03  6.562000141E-03  1.103772623E+00 
        71 -2.830386860E-03 -2.830386860E-03  6.562000606E-03  1.467547006E+00 
        72 -2.835483057E-03 -2.835483057E-03  6.562000606E-03  1.471448476E+00 
        73 -2.841603942E-03 -2.841603942E-03  6.562000141E-03  1.474714269E+00 
        74 -2.848957200E-03 -2.848957200E-03  6.562000606E-03  1.477541826E+00 
        75 -2.857792191E-03 -2.857792191E-03  6.562000141E-03  1.480746478E+00 
        76 -2.868410666E-03 -2.868410666E-03  6.562000141E-03  1.485699779E+00 
        77 -2.881176071E-03 -2.881176071E-03  6.562000606E-03  1.497373775E+00 
        78 -2.896528924E-03 -2.896528924E-03  6.562000606E-03  1.521754238E+00 
        79 -2.915001474E-03 -2.915001474E-03  6.562000606E-03  1.574023195E+00 
        80 -2.937239595E-03 -2.937239595E-03  6.562000141E-03  1.649351464E+00 
        81 -2.974424278E-03 -2.974424278E-03  6.562000606E-03  1.779573367E+00 
        82 -3.062231233E-03 -3.062227042E-03  6.562000141E-03  1.789266986E+00 
        83 -3.187502502E-03 -3.187494352E-03  6.562000141E-03  1.476367095E+00 
        84 -3.312502522E-03 -3.312494373E-03  6.562000141E-03  1.430315550E+00 
        85 -3.437502543E-03 -3.437494393E-03  6.562000141E-03  1.475740822E+00 
        86 -3.562502563E-03 -3.562494414E-03  6.562000141E-03  1.516476900E+00 
        87 -3.687502583E-03 -3.687494434E-03  6.562000141E-03  1.407729769E+00 
        88 -3.812502604E-03 -3.812494222E-03  6.562000141E-03  1.367937817E+00 
        89 -3.937502392E-03 -3.937494475E-03  6.562000141E-03  1.469134750E+00 
        90 -4.062502645E-03 -4.062494263E-03  6.562000141E-03  1.535405534E+00 
        91 -4.187502898E-03 -4.187494516E-03  6.562000141E-03  1.547755357E+00 
        92 -4.312502686E-03 -4.312494304E-03  6.562000141E-03  1.440716141E+00 
        93 -4.437502939E-03 -4.437494557E-03  6.562000141E-03  1.216943524E+00 
        94 -4.562502727E-03 -4.562494345E-03  6.562000141E-03  1.080206135E+00 
        95 -4.812502768E-03 -4.812494386E-03  6.562000141E-03  1.118468222E+00 
        96 -4.937502556E-03 -4.937494174E-03  6.562000141E-03  1.171846695E+00 
        97 -5.062502809E-03 -5.062494427E-03  6.562000141E-03  1.328181302E+00 
        98 -5.187502597E-03 -5.187494215E-03  6.562000141E-03  1.612305062E+00 
        99 -5.312502850E-03 -5.312494468E-03  6.562000141E-03  1.720642406E+00 
       100 -2.102797665E-02 -2.102797665E-02  6.562000141E-03  5.727876435E+00 
       101 -1.818750426E-02 -1.818749309E-02  6.562000141E-03  7.172746235E+00 
       102 -1.806250401E-02 -1.806249283E-02  6.562000141E-03  7.200527907E+00 
       103 -1.793750376E-02 -1.793749258E-02  6.562000141E-03  7.254046389E+00 
       104 -1.781250350E-02 -1.781249233E-02  6.562000141E-03  7.372776851E+00 
       105 -1.768750325E-02 -1.768749207E-02  6.562000141E-03  7.305069366E+00 
       106 -1.756250300E-02 -1.756249368E-02  6.562000141E-03  7.346976422E+00 
       107 -1.743750460E-02 -1.743749343E-02  6.562000141E-03  7.442678805E+00 
       108 -1.731250435E-02 -1.731249318E-02  6.562000141E-03  7.553538311E+00 
       109 -1.718750410E-02 -1.718749292E-02  6.562000141E-03  7.714641297E+00 
       110 -1.706250384E-02 -1.706249267E-02  6.562000141E-03  7.774220140E+00 
       111 -1.693750359E-02 -1.693749242E-02  6.562000141E-03  7.774932912E+00 
       112 -1.681250334E-02 -1.681249216E-02  6.562000141E-03  7.685620049E+00 
       113 -1.668750308E-02 -1.668749377E-02  6.562000141E-03  7.629732819E+00 
       114 -1.656250283E-02 -1.656249352E-02  6.562000141E-03  7.784583233E+00 
       115 -1.643750444E-02 -1.643749326E-02  6.562000141E-03  8.032601730E+00 
       116 -1.631250419E-02 -1.631249301E-02  6.562000141E-03  8.059284687E+00 
       117 -1.618750393E-02 -1.618749276E-02  6.562000141E-03  8.017371267E+00 
       118 -1.606250368E-02 -1.606249250E-02  6.562000141E-03  8.037455669E+00 
       119 -1.593750343E-02 -1.593749225E-02  6.562000141E-03  7.868481736E+00 
       120 -1.581250317E-02 -1.581249386E-02  6.562000141E-03  7.858865044E+00 
       121 -1.568750292E-02 -1.568749361E-02  6.562000141E-03  7.877287375E+00 
       122 -1.556250360E-02 -1.556249335E-02  6.562000141E-03  7.919649135E+00 
       123 -1.543750428E-02 -1.543749310E-02  6.562000141E-03  7.923598044E+00 
       124 -1.531250402E-02 -1.531249378E-02  6.562000141E-03  7.923627911E+00 
       125 -1.518750377E-02 -1.518749353E-02  6.562000141E-03  7.966196088E+00 
       126 -1.506250352E-02 -1.506249327E-02  6.562000141E-03  8.063299123E+00 
       127 -1.493750419E-02 -1.493749302E-02  6.562000141E-03  8.183274720E+00 
       128 -1.481250394E-02 -1.481249370E-02  6.562000141E-03  8.266560903E+00 
       129 -1.468750369E-02 -1.468749344E-02  6.562000141E-03  8.277616381E+00 
       130 -1.456250343E-02 -1.456249319E-02  6.562000141E-03  8.119538174E+00 
       131 -1.443750411E-02 -1.443749387E-02  6.562000141E-03  7.846819911E+00 
       132 -1.431250386E-02 -1.431249361E-02  6.562000141E-03  7.586248876E+00 
       133 -1.418750361E-02 -1.418749336E-02  6.562000141E-03  7.397927358E+00 
       134 -1.406250335E-02 -1.406249311E-02  6.562000141E-03  7.295219695E+00 
       135 -1.895638742E-02 -1.895638742E-02  6.562000141E-03  6.437648406E+00 
       136 -1.889957115E-02 -1.889957115E-02  6.562000141E-03  6.596504590E+00 
       137 -1.880222559E-02 -1.880222000E-02  6.562000141E-03  6.560137935E+00 
       138 -1.868750341E-02 -1.868749224E-02  6.562000141E-03  6.541174087E+00 
       139 -1.856250316E-02 -1.856249198E-02  6.562000141E-03  6.355705714E+00 
       140 -1.843750477E-02 -1.843749359E-02  6.562000141E-03  6.601029033E+00 
       141 -1.831250452E-02 -1.831249334E-02  6.562000141E-03  7.041198809E+00 
       142 -1.898222044E-02 -1.898222044E-02  6.562000606E-03  6.302061990E+00 
       143 -1.904012822E-02 -1.904012822E-02  6.562000141E-03  6.284530517E+00 
       144 -1.912219450E-02 -1.912219450E-02  6.562000606E-03  6.260751317E+00 
       145 -1.916676387E-02 -1.916676387E-02  6.562000606E-03  6.262971375E+00 
       146 -1.923896931E-02 -1.923896931E-02  6.562000141E-03  6.189106852E+00 
       147 -1.931096986E-02 -1.931096986E-02  6.562000141E-03  6.260783539E+00 
       148 -1.938296854E-02 -1.938296854E-02  6.562000141E-03  6.267616133E+00 
       149 -1.945496909E-02 -1.945496909E-02  6.562000141E-03  6.401641063E+00 
       150 -1.952696778E-02 -1.952696778E-02  6.562000141E-03  6.540317570E+00 
       151 -1.959896833E-02 -1.959896833E-02  6.562000141E-03  6.680257383E+00 
       152 -1.967096888E-02 -1.967096888E-02  6.562000141E-03  6.653563088E+00 
       153 -1.974296942E-02 -1.974296942E-02  6.562000141E-03  6.606590423E+00 
       154 -1.981496811E-02 -1.981496811E-02  6.562000141E-03  6.427110665E+00 
       155 -1.988696866E-02 -1.988696866E-02  6.562000141E-03  6.402020246E+00 
       156 -1.995896921E-02 -1.995896921E-02  6.562000141E-03  6.335157807E+00 
       157 -2.003096975E-02 -2.003096975E-02  6.562000141E-03  6.457551091E+00 
       158 -2.010296844E-02 -2.010296844E-02  6.562000141E-03  6.541090448E+00 
       159 -2.017496899E-02 -2.017496899E-02  6.562000141E-03  6.787624931E+00 
       160 -2.024696954E-02 -2.024696954E-02  6.562000141E-03  6.838364789E+00 
       161 -2.031897008E-02 -2.031897008E-02  6.562000141E-03  7.093549598E+00 
       162 -2.039096877E-02 -2.039096877E-02  6.562000141E-03  6.958286578E+00 
       163 -2.046296932E-02 -2.046296932E-02  6.562000141E-03  6.877103212E+00 
       164 -2.053496987E-02 -2.053496987E-02  6.562000141E-03  6.736523844E+00 
       165 -2.060696855E-02 -2.060696855E-02  6.562000141E-03  6.603308851E+00 
       166 -2.067896910E-02 -2.067896910E-02  6.562000141E-03  6.535278215E+00 
       167 -2.075096965E-02 -2.075096965E-02  6.562000141E-03  6.372423130E+00 
       168 -2.082296833E-02 -2.082296833E-02  6.562000141E-03  6.398796159E+00 
       169 -2.089514025E-02 -2.089514025E-02  6.562000141E-03  6.216075224E+00 
       170 -2.095155232E-02 -2.095155232E-02  6.562000141E-03  5.983349459E+00 
       171 -2.100796066E-02 -2.100796066E-02  6.562000141E-03  5.904522979E+00 
       172 -2.106651478E-02 -2.106651478E-02  6.562000606E-03  5.072587013E+00 
       173 -2.110337466E-02 -2.110337466E-02  6.562000606E-03  4.381594638E+00 
       174 -2.112556621E-02 -2.112556621E-02  6.562000606E-03  3.841131034E+00 
       175 -2.114406601E-02 -2.114406601E-02  6.562000606E-03  3.303224910E+00 
       176 -2.115948685E-02 -2.115948685E-02  6.562000606E-03  2.722855756E+00 
       177 -2.117234282E-02 -2.117234282E-02  6.562000606E-03  2.161725871E+00 
       178 -2.118305862E-02 -2.118305862E-02  6.562000141E-03  1.642842092E+00 
       179 -2.119199000E-02 -2.119199000E-02  6.562000141E-03  1.183149454E+00 
       180 -2.119943500E-02 -2.119943500E-02  6.562000141E-03  7.837344234E-01 
       181 -2.120563947E-02 -2.120563947E-02  6.562000141E-03  4.409973118E-01 
       182 -2.121081017E-02 -2.121081017E-02  6.562000141E-03  1.483470030E-01 
