cellnumber     x-coordinate     y-coordinate     z-coordinate velocity-magnitude 
         1 -1.898222044E-02 -1.898222044E-02  6.562000606E-03  6.444218881E+00 
         2 -1.904012822E-02 -1.904012822E-02  6.562000141E-03  6.327419641E+00 
         3 -1.912219450E-02 -1.912219450E-02  6.562000606E-03  6.370434457E+00 
         4 -1.916676387E-02 -1.916676387E-02  6.562000606E-03  6.321911834E+00 
         5 -1.923896931E-02 -1.923896931E-02  6.562000141E-03  6.187479970E+00 
         6 -1.931096986E-02 -1.931096986E-02  6.562000141E-03  5.959303430E+00 
         7 -1.938296854E-02 -1.938296854E-02  6.562000141E-03  5.756270404E+00 
         8 -1.945496909E-02 -1.945496909E-02  6.562000141E-03  5.646873762E+00 
         9 -1.952696778E-02 -1.952696778E-02  6.562000141E-03  5.525927374E+00 
        10 -1.959896833E-02 -1.959896833E-02  6.562000141E-03  5.493297907E+00 
        11 -1.967096888E-02 -1.967096888E-02  6.562000141E-03  5.410284682E+00 
        12 -1.974296942E-02 -1.974296942E-02  6.562000141E-03  5.445829871E+00 
        13 -1.981496811E-02 -1.981496811E-02  6.562000141E-03  5.470234084E+00 
        14 -1.988696866E-02 -1.988696866E-02  6.562000141E-03  5.558035482E+00 
        15 -1.995896921E-02 -1.995896921E-02  6.562000141E-03  5.625104872E+00 
        16 -2.003096975E-02 -2.003096975E-02  6.562000141E-03  5.799580400E+00 
        17 -2.010296844E-02 -2.010296844E-02  6.562000141E-03  5.860384097E+00 
        18 -2.017496899E-02 -2.017496899E-02  6.562000141E-03  6.060230264E+00 
        19 -2.024696954E-02 -2.024696954E-02  6.562000141E-03  6.151001425E+00 
        20 -2.031897008E-02 -2.031897008E-02  6.562000141E-03  6.390032632E+00 
        21 -2.039096877E-02 -2.039096877E-02  6.562000141E-03  6.329221435E+00 
        22 -2.046296932E-02 -2.046296932E-02  6.562000141E-03  6.315334561E+00 
        23 -2.053496987E-02 -2.053496987E-02  6.562000141E-03  6.057099359E+00 
        24 -2.060696855E-02 -2.060696855E-02  6.562000141E-03  5.851212771E+00 
        25 -2.067896910E-02 -2.067896910E-02  6.562000141E-03  5.744862208E+00 
        26 -2.075096965E-02 -2.075096965E-02  6.562000141E-03  5.662908392E+00 
        27 -2.082296833E-02 -2.082296833E-02  6.562000141E-03  5.807714735E+00 
        28 -2.089514025E-02 -2.089514025E-02  6.562000141E-03  5.857163011E+00 
        29 -2.095155232E-02 -2.095155232E-02  6.562000141E-03  5.968139537E+00 
        30 -2.100796066E-02 -2.100796066E-02  6.562000141E-03  6.004186979E+00 
        31 -2.106651478E-02 -2.106651478E-02  6.562000606E-03  5.863976338E+00 
        32 -2.110337466E-02 -2.110337466E-02  6.562000606E-03  5.029771796E+00 
        33 -2.112556621E-02 -2.112556621E-02  6.562000606E-03  4.290152779E+00 
        34 -2.114406601E-02 -2.114406601E-02  6.562000606E-03  3.585217400E+00 
        35 -2.115948685E-02 -2.115948685E-02  6.562000606E-03  2.926579714E+00 
        36 -2.117234282E-02 -2.117234282E-02  6.562000606E-03  2.322294408E+00 
        37 -2.118305862E-02 -2.118305862E-02  6.562000141E-03  1.771094800E+00 
        38 -2.119199000E-02 -2.119199000E-02  6.562000141E-03  1.278664951E+00 
        39 -2.119943500E-02 -2.119943500E-02  6.562000141E-03  8.475227895E-01 
        40 -2.120563947E-02 -2.120563947E-02  6.562000141E-03  4.758883214E-01 
        41 -2.121081017E-02 -2.121081017E-02  6.562000141E-03  1.591449054E-01 
        42 -2.102797665E-02 -2.102797665E-02  6.562000141E-03  5.973686698E+00 
        43 -1.281249896E-02 -1.281250454E-02  6.562000141E-03  6.480986461E+00 
        44 -1.268749963E-02 -1.268750429E-02  6.562000141E-03  6.330170720E+00 
        45 -1.256249938E-02 -1.256250404E-02  6.562000141E-03  6.178012602E+00 
        46 -1.243749913E-02 -1.243750378E-02  6.562000141E-03  6.044768302E+00 
        47 -1.231249887E-02 -1.231250446E-02  6.562000141E-03  5.992426123E+00 
        48 -1.218749955E-02 -1.218750421E-02  6.562000141E-03  5.943758552E+00 
        49 -1.206249930E-02 -1.206250396E-02  6.562000141E-03  5.892812224E+00 
        50 -1.193749905E-02 -1.193750463E-02  6.562000141E-03  5.855423618E+00 
        51 -1.181249879E-02 -1.181250438E-02  6.562000141E-03  5.843269069E+00 
        52 -1.168749947E-02 -1.168750413E-02  6.562000141E-03  5.852248655E+00 
        53 -1.156249922E-02 -1.156250387E-02  6.562000141E-03  5.827600241E+00 
        54 -1.143749896E-02 -1.143750455E-02  6.562000141E-03  5.735058298E+00 
        55 -1.131249871E-02 -1.131250430E-02  6.562000141E-03  5.612092942E+00 
        56 -1.118749939E-02 -1.118750405E-02  6.562000141E-03  5.486924653E+00 
        57 -1.106249914E-02 -1.106250472E-02  6.562000141E-03  5.421676514E+00 
        58 -1.093749888E-02 -1.093750447E-02  6.562000141E-03  5.402639700E+00 
        59 -1.081249863E-02 -1.081250422E-02  6.562000141E-03  5.380109120E+00 
        60 -1.068749931E-02 -1.068750396E-02  6.562000141E-03  5.342577521E+00 
        61 -1.056249905E-02 -1.056250464E-02  6.562000141E-03  5.280599465E+00 
        62 -1.043749880E-02 -1.043750439E-02  6.562000141E-03  5.172390581E+00 
        63 -1.031249855E-02 -1.031250414E-02  6.562000141E-03  5.039603942E+00 
        64 -1.018749923E-02 -1.018750481E-02  6.562000141E-03  4.951456349E+00 
        65 -1.006249897E-02 -1.006250456E-02  6.562000141E-03  4.912691708E+00 
        66 -9.937498719E-03 -9.937504306E-03  6.562000141E-03  4.902351185E+00 
        67 -9.812498465E-03 -9.812504053E-03  6.562000141E-03  4.859853355E+00 
        68 -9.687499143E-03 -9.687504731E-03  6.562000141E-03  4.829489143E+00 
        69 -9.562498890E-03 -9.562504478E-03  6.562000141E-03  4.798571116E+00 
        70 -9.437498637E-03 -9.437504224E-03  6.562000141E-03  4.681597944E+00 
        71 -9.312499315E-03 -9.312504902E-03  6.562000141E-03  4.388479678E+00 
        72 -9.187499061E-03 -9.187504649E-03  6.562000141E-03  4.328413136E+00 
        73 -9.062498808E-03 -9.062504396E-03  6.562000141E-03  4.438561491E+00 
        74 -8.937498555E-03 -8.937504143E-03  6.562000141E-03  4.530910741E+00 
        75 -8.812499233E-03 -8.812504821E-03  6.562000141E-03  4.563556468E+00 
        76 -8.687498979E-03 -8.687504567E-03  6.562000141E-03  4.559990155E+00 
        77 -8.562498726E-03 -8.562504314E-03  6.562000141E-03  4.503883340E+00 
        78 -8.437498473E-03 -8.437504992E-03  6.562000141E-03  4.433774347E+00 
        79 -8.312499151E-03 -8.312504739E-03  6.562000141E-03  4.375878202E+00 
        80 -8.187498897E-03 -8.187504485E-03  6.562000141E-03  4.327508306E+00 
        81 -8.062498644E-03 -8.062504232E-03  6.562000141E-03  4.003228821E+00 
        82 -1.593749970E-02 -1.593750343E-02  6.562000141E-03  8.307075088E+00 
        83 -1.581249945E-02 -1.581250317E-02  6.562000141E-03  7.966400620E+00 
        84 -1.568749920E-02 -1.568750292E-02  6.562000141E-03  7.712607334E+00 
        85 -1.556249987E-02 -1.556250360E-02  6.562000141E-03  7.660865616E+00 
        86 -1.543749962E-02 -1.543750428E-02  6.562000141E-03  7.594579232E+00 
        87 -1.531249937E-02 -1.531250402E-02  6.562000141E-03  7.557654884E+00 
        88 -1.518749911E-02 -1.518750377E-02  6.562000141E-03  7.722367995E+00 
        89 -1.506249979E-02 -1.506250352E-02  6.562000141E-03  7.895301759E+00 
        90 -1.493749954E-02 -1.493750419E-02  6.562000141E-03  7.873534533E+00 
        91 -1.481249928E-02 -1.481250394E-02  6.562000141E-03  7.874889079E+00 
        92 -1.468749903E-02 -1.468750369E-02  6.562000141E-03  7.959025352E+00 
        93 -1.456249971E-02 -1.456250437E-02  6.562000141E-03  8.043663726E+00 
        94 -1.443749946E-02 -1.443750411E-02  6.562000141E-03  8.166236912E+00 
        95 -1.431249920E-02 -1.431250386E-02  6.562000141E-03  7.799946458E+00 
        96 -1.418749895E-02 -1.418750361E-02  6.562000141E-03  7.621058674E+00 
        97 -1.406249963E-02 -1.406250428E-02  6.562000141E-03  7.413977470E+00 
        98 -1.393749937E-02 -1.393750403E-02  6.562000141E-03  7.245974124E+00 
        99 -1.381249912E-02 -1.381250378E-02  6.562000141E-03  7.057501424E+00 
       100 -1.368749887E-02 -1.368750446E-02  6.562000141E-03  6.929231575E+00 
       101 -1.356249955E-02 -1.356250420E-02  6.562000141E-03  6.885515043E+00 
       102 -1.343749929E-02 -1.343750395E-02  6.562000141E-03  6.891607619E+00 
       103 -1.331249904E-02 -1.331250370E-02  6.562000141E-03  6.861124324E+00 
       104 -1.318749879E-02 -1.318750437E-02  6.562000141E-03  6.794251503E+00 
       105 -1.306249946E-02 -1.306250412E-02  6.562000141E-03  6.702293438E+00 
       106 -1.293749921E-02 -1.293750387E-02  6.562000141E-03  6.602019929E+00 
       107 -1.895486377E-02 -1.895486377E-02  6.562000141E-03  6.787181368E+00 
       108 -1.889866963E-02 -1.889866963E-02  6.562000606E-03  7.151729688E+00 
       109 -1.880285144E-02 -1.880285330E-02  6.562000141E-03  7.282744772E+00 
       110 -1.868749969E-02 -1.868750341E-02  6.562000141E-03  6.999812955E+00 
       111 -1.856249943E-02 -1.856250316E-02  6.562000141E-03  6.816457962E+00 
       112 -1.843749918E-02 -1.843750291E-02  6.562000141E-03  7.104050836E+00 
       113 -1.831249893E-02 -1.831250265E-02  6.562000141E-03  7.840998583E+00 
       114 -1.818749867E-02 -1.818750426E-02  6.562000141E-03  7.827705318E+00 
       115 -1.806250028E-02 -1.806250401E-02  6.562000141E-03  7.287201254E+00 
       116 -1.793750003E-02 -1.793750376E-02  6.562000141E-03  7.342803206E+00 
       117 -1.781249978E-02 -1.781250350E-02  6.562000141E-03  7.645222836E+00 
       118 -1.768749952E-02 -1.768750325E-02  6.562000141E-03  7.678629676E+00 
       119 -1.756249927E-02 -1.756250300E-02  6.562000141E-03  7.711862416E+00 
       120 -1.743749902E-02 -1.743750274E-02  6.562000141E-03  7.848273841E+00 
       121 -1.731249876E-02 -1.731250435E-02  6.562000141E-03  7.785680468E+00 
       122 -1.718749851E-02 -1.718750410E-02  6.562000141E-03  7.686609408E+00 
       123 -1.706250012E-02 -1.706250384E-02  6.562000141E-03  7.813384310E+00 
       124 -1.693749987E-02 -1.693750359E-02  6.562000141E-03  7.913389777E+00 
       125 -1.681249961E-02 -1.681250334E-02  6.562000141E-03  7.904798728E+00 
       126 -1.668749936E-02 -1.668750308E-02  6.562000141E-03  7.929452712E+00 
       127 -1.656249911E-02 -1.656250283E-02  6.562000141E-03  7.987067017E+00 
       128 -1.643749885E-02 -1.643750444E-02  6.562000141E-03  8.204320768E+00 
       129 -1.631249860E-02 -1.631250419E-02  6.562000141E-03  8.516646175E+00 
       130 -1.618750021E-02 -1.618750393E-02  6.562000141E-03  8.441661590E+00 
       131 -1.606249996E-02 -1.606250368E-02  6.562000141E-03  8.386069455E+00 
       132 -3.312498098E-03 -3.312504850E-03  6.562000141E-03  1.158629445E+00 
       133 -3.189915558E-03 -3.189918818E-03  6.562000141E-03  1.154307177E+00 
       134 -3.123705741E-03 -3.123705741E-03  6.562000141E-03  1.222517456E+00 
       135 -3.059382550E-03 -3.059382550E-03  6.562000606E-03  1.370130135E+00 
       136 -2.975319512E-03 -2.975319512E-03  6.562000606E-03  1.711310319E+00 
       137 -2.937293379E-03 -2.937293379E-03  6.562000606E-03  1.889604982E+00 
       138 -2.915036166E-03 -2.915036166E-03  6.562000606E-03  1.996021262E+00 
       139 -2.896548016E-03 -2.896548016E-03  6.562000141E-03  2.066260481E+00 
       140 -2.881182823E-03 -2.881182823E-03  6.562000141E-03  2.104377968E+00 
       141 -2.868407173E-03 -2.868407173E-03  6.562000606E-03  2.097430180E+00 
       142 -2.857780783E-03 -2.857780783E-03  6.562000141E-03  2.043452480E+00 
       143 -2.848939039E-03 -2.848939039E-03  6.562000141E-03  1.948585667E+00 
       144 -2.841580426E-03 -2.841580426E-03  6.562000606E-03  1.825584692E+00 
       145 -2.835455118E-03 -2.835455118E-03  6.562000606E-03  1.687829813E+00 
       146 -2.830355195E-03 -2.830355195E-03  6.562000141E-03  1.546927282E+00 
       147 -7.937498391E-03 -7.937504910E-03  6.562000141E-03  3.704334454E+00 
       148 -7.812498603E-03 -7.812504657E-03  6.562000141E-03  3.838398411E+00 
       149 -7.687498815E-03 -7.687504403E-03  6.562000141E-03  3.795341107E+00 
       150 -7.562498562E-03 -7.562504616E-03  6.562000141E-03  3.847476172E+00 
       151 -7.437498774E-03 -7.437504828E-03  6.562000141E-03  3.908622968E+00 
       152 -7.312498521E-03 -7.312504575E-03  6.562000141E-03  3.344297327E+00 
       153 -7.187498733E-03 -7.187504787E-03  6.562000141E-03  2.088476000E+00 
       154 -7.062498480E-03 -7.062504534E-03  6.562000141E-03  1.701113042E+00 
       155 -6.937498692E-03 -6.937504746E-03  6.562000141E-03  1.595833269E+00 
       156 -6.812498439E-03 -6.812504493E-03  6.562000141E-03  1.645865101E+00 
       157 -6.687498651E-03 -6.687504705E-03  6.562000141E-03  1.851437638E+00 
       158 -6.562498398E-03 -6.562504917E-03  6.562000141E-03  2.205575995E+00 
       159 -6.437498610E-03 -6.437504664E-03  6.562000141E-03  2.498843421E+00 
       160 -6.312498357E-03 -6.312504876E-03  6.562000141E-03  2.570513398E+00 
       161 -6.187498569E-03 -6.187504623E-03  6.562000141E-03  1.900585780E+00 
       162 -6.062498316E-03 -6.062504835E-03  6.562000141E-03  1.345159312E+00 
       163 -5.937498529E-03 -5.937504582E-03  6.562000141E-03  1.310646928E+00 
       164 -5.812498741E-03 -5.812504794E-03  6.562000141E-03  1.338826411E+00 
       165 -5.687498488E-03 -5.687505007E-03  6.562000141E-03  1.447430383E+00 
       166 -5.562498700E-03 -5.562504753E-03  6.562000141E-03  1.398396983E+00 
       167 -5.437498447E-03 -5.437504966E-03  6.562000141E-03  8.706030551E-01 
       168 -5.312498659E-03 -5.312504712E-03  6.562000141E-03  8.059490733E-01 
       169 -5.187498406E-03 -5.187504925E-03  6.562000141E-03  1.155254594E+00 
       170 -5.062498618E-03 -5.062504672E-03  6.562000141E-03  1.279497937E+00 
       171 -4.937498365E-03 -4.937504884E-03  6.562000141E-03  1.363875383E+00 
       172 -4.812498577E-03 -4.812505096E-03  6.562000141E-03  1.381039739E+00 
       173 -4.687498324E-03 -4.687504843E-03  6.562000141E-03  1.354876575E+00 
       174 -4.562498536E-03 -4.562505055E-03  6.562000141E-03  1.297934605E+00 
       175 -4.437498283E-03 -4.437504802E-03  6.562000141E-03  1.150934672E+00 
       176 -4.312498495E-03 -4.312505014E-03  6.562000141E-03  9.564074399E-01 
       177 -4.187498242E-03 -4.187504761E-03  6.562000141E-03  9.344635459E-01 
       178 -4.062498454E-03 -4.062504973E-03  6.562000141E-03  1.208940877E+00 
       179 -3.937498201E-03 -3.937504720E-03  6.562000141E-03  1.521294796E+00 
       180 -3.812498180E-03 -3.812504932E-03  6.562000141E-03  1.581208096E+00 
       181 -3.687498160E-03 -3.687504912E-03  6.562000141E-03  1.459875180E+00 
       182 -3.562498139E-03 -3.562504891E-03  6.562000141E-03  1.383637198E+00 
       183 -3.437498119E-03 -3.437504871E-03  6.562000141E-03  1.290132583E+00 
