cellnumber     x-coordinate     y-coordinate     z-coordinate velocity-magnitude 
         1 -2.830350772E-03 -2.830350772E-03  6.562000141E-03  1.462207953E+00 
         2 -2.835453954E-03 -2.835453954E-03  6.562000141E-03  1.477005915E+00 
         3 -2.841583686E-03 -2.841583686E-03  6.562000141E-03  1.521804208E+00 
         4 -2.848947421E-03 -2.848947421E-03  6.562000606E-03  1.600894947E+00 
         5 -2.857795218E-03 -2.857795218E-03  6.562000141E-03  1.711979269E+00 
         6 -2.868429059E-03 -2.868429059E-03  6.561999675E-03  1.843016183E+00 
         7 -2.881214023E-03 -2.881214023E-03  6.562000141E-03  1.970652867E+00 
         8 -2.896590391E-03 -2.896590624E-03  6.562000606E-03  2.059242337E+00 
         9 -2.915092744E-03 -2.915092744E-03  6.562000606E-03  2.094030655E+00 
        10 -2.937367884E-03 -2.937367884E-03  6.562000141E-03  2.075091192E+00 
        11 -2.973292954E-03 -2.973292954E-03  6.562000141E-03  2.004152228E+00 
        12 -3.061021911E-03 -3.061023075E-03  6.562000141E-03  1.795824437E+00 
        13 -3.187495051E-03 -3.187497379E-03  6.562000141E-03  1.723856715E+00 
        14 -3.312495071E-03 -3.312497400E-03  6.562000141E-03  1.595103142E+00 
        15 -3.437495092E-03 -3.437497420E-03  6.562000141E-03  1.338429921E+00 
        16 -3.562495112E-03 -3.562497441E-03  6.562000141E-03  1.196127264E+00 
        17 -3.687495133E-03 -3.687497461E-03  6.562000141E-03  1.142195031E+00 
        18 -3.812495153E-03 -3.812497482E-03  6.562000141E-03  1.086358065E+00 
        19 -3.937494941E-03 -3.937497269E-03  6.562000141E-03  1.103284891E+00 
        20 -4.812495317E-03 -4.812497646E-03  6.562000141E-03  1.620745648E+00 
        21 -4.687495530E-03 -4.687497392E-03  6.562000141E-03  1.650466870E+00 
        22 -4.562495276E-03 -4.562497605E-03  6.562000141E-03  1.692291577E+00 
        23 -4.437495489E-03 -4.437497351E-03  6.562000141E-03  1.837718212E+00 
        24 -4.312495235E-03 -4.312497564E-03  6.562000141E-03  1.714636776E+00 
        25 -4.187495448E-03 -4.187497310E-03  6.562000141E-03  1.493503300E+00 
        26 -4.062495194E-03 -4.062497523E-03  6.562000141E-03  1.261630324E+00 
        27 -4.937495571E-03 -4.937497433E-03  6.562000141E-03  1.545667989E+00 
        28 -5.062495358E-03 -5.062497221E-03  6.562000141E-03  1.492102416E+00 
        29 -5.187495612E-03 -5.187497474E-03  6.562000141E-03  1.557555688E+00 
        30 -5.312495399E-03 -5.312497262E-03  6.562000141E-03  1.587840573E+00 
        31 -5.437495187E-03 -5.437497515E-03  6.562000141E-03  1.476600208E+00 
        32 -5.562495440E-03 -5.562497303E-03  6.562000141E-03  1.168925768E+00 
        33 -5.687495228E-03 -5.687497556E-03  6.562000141E-03  9.396751257E-01 
        34 -5.812495481E-03 -5.812497344E-03  6.562000141E-03  9.898779471E-01 
        35 -5.937495269E-03 -5.937497132E-03  6.562000141E-03  1.221790580E+00 
        36 -6.062495522E-03 -6.062497385E-03  6.562000141E-03  1.378407283E+00 
        37 -6.187495310E-03 -6.187497173E-03  6.562000141E-03  1.427706664E+00 
        38 -6.312495563E-03 -6.312497426E-03  6.562000141E-03  1.355481316E+00 
        39 -6.437495351E-03 -6.437497213E-03  6.562000141E-03  1.245507627E+00 
        40 -6.562495604E-03 -6.562497467E-03  6.562000141E-03  1.278645805E+00 
        41 -6.687495392E-03 -6.687497254E-03  6.562000141E-03  1.740793911E+00 
        42 -6.812495645E-03 -6.812497042E-03  6.562000141E-03  2.345913320E+00 
        43 -6.937495433E-03 -6.937497295E-03  6.562000141E-03  2.888532659E+00 
        44 -7.062495686E-03 -7.062497083E-03  6.562000141E-03  3.342792909E+00 
        45 -7.187495474E-03 -7.187497336E-03  6.562000141E-03  3.690411985E+00 
        46 -7.312495727E-03 -7.312497124E-03  6.562000141E-03  3.314360415E+00 
        47 -7.437495515E-03 -7.437497377E-03  6.562000141E-03  2.293403410E+00 
        48 -7.562495768E-03 -7.562497165E-03  6.562000141E-03  2.105284203E+00 
        49 -7.687495556E-03 -7.687496953E-03  6.562000141E-03  2.539095031E+00 
        50 -7.812495809E-03 -7.812497206E-03  6.562000141E-03  2.863855147E+00 
        51 -7.937495597E-03 -7.937497459E-03  6.562000141E-03  3.173442544E+00 
        52 -8.062495850E-03 -8.062496781E-03  6.562000141E-03  3.273565342E+00 
        53 -8.187496103E-03 -8.187497035E-03  6.562000141E-03  3.376457563E+00 
        54 -8.312495425E-03 -8.312497288E-03  6.562000141E-03  3.546736381E+00 
        55 -8.437495679E-03 -8.437496610E-03  6.562000141E-03  3.790754268E+00 
        56 -8.562495932E-03 -8.562496863E-03  6.562000141E-03  3.975222769E+00 
        57 -8.687496185E-03 -8.687497117E-03  6.562000141E-03  4.159198825E+00 
        58 -8.812495507E-03 -8.812497370E-03  6.562000141E-03  4.296523886E+00 
        59 -8.937495761E-03 -8.937496692E-03  6.562000141E-03  4.427184944E+00 
        60 -9.062496014E-03 -9.062496945E-03  6.562000141E-03  4.557378704E+00 
        61 -9.187496267E-03 -9.187497199E-03  6.562000141E-03  4.546897127E+00 
        62 -9.312495589E-03 -9.312496521E-03  6.562000141E-03  4.446989762E+00 
        63 -9.437495843E-03 -9.437496774E-03  6.562000141E-03  4.437629715E+00 
        64 -9.562496096E-03 -9.562497027E-03  6.562000141E-03  4.471254994E+00 
        65 -9.687495418E-03 -9.687497281E-03  6.562000141E-03  4.650319368E+00 
        66 -9.812495671E-03 -9.812496603E-03  6.562000141E-03  4.916859451E+00 
        67 -9.937495925E-03 -9.937496856E-03  6.562000141E-03  5.153709868E+00 
        68 -1.006249618E-02 -1.006249711E-02  6.562000141E-03  5.235608365E+00 
        69 -1.018749550E-02 -1.018749643E-02  6.562000141E-03  5.271214773E+00 
        70 -1.293749642E-02 -1.293749642E-02  6.562000141E-03  7.033323253E+00 
        71 -1.281249616E-02 -1.281249616E-02  6.562000141E-03  6.940904349E+00 
        72 -1.268749591E-02 -1.268749684E-02  6.562000141E-03  6.851346484E+00 
        73 -1.256249659E-02 -1.256249659E-02  6.562000141E-03  6.767284152E+00 
        74 -1.243749633E-02 -1.243749633E-02  6.562000141E-03  6.682004810E+00 
        75 -1.231249608E-02 -1.231249701E-02  6.562000141E-03  6.592824183E+00 
        76 -1.218749583E-02 -1.218749676E-02  6.562000141E-03  6.498412449E+00 
        77 -1.206249651E-02 -1.206249651E-02  6.562000141E-03  6.398123284E+00 
        78 -1.193749625E-02 -1.193749625E-02  6.562000141E-03  6.289511188E+00 
        79 -1.181249600E-02 -1.181249693E-02  6.562000141E-03  6.171931126E+00 
        80 -1.168749575E-02 -1.168749668E-02  6.562000141E-03  6.050157882E+00 
        81 -1.156249642E-02 -1.156249642E-02  6.562000141E-03  5.934037329E+00 
        82 -1.143749617E-02 -1.143749710E-02  6.562000141E-03  5.828402829E+00 
        83 -1.131249592E-02 -1.131249685E-02  6.562000141E-03  5.733071747E+00 
        84 -1.118749566E-02 -1.118749660E-02  6.562000141E-03  5.650769354E+00 
        85 -1.106249634E-02 -1.106249634E-02  6.562000141E-03  5.581352043E+00 
        86 -1.093749609E-02 -1.093749702E-02  6.562000141E-03  5.528072489E+00 
        87 -1.081249584E-02 -1.081249677E-02  6.562000141E-03  5.490161067E+00 
        88 -1.068749558E-02 -1.068749651E-02  6.562000141E-03  5.465176304E+00 
        89 -1.056249626E-02 -1.056249719E-02  6.562000141E-03  5.444469069E+00 
        90 -1.043749601E-02 -1.043749694E-02  6.562000141E-03  5.442781322E+00 
        91 -1.031249575E-02 -1.031249668E-02  6.562000141E-03  5.395379287E+00 
        92 -1.306249667E-02 -1.306249667E-02  6.562000141E-03  7.096735292E+00 
        93 -1.318749599E-02 -1.318749692E-02  6.562000141E-03  7.111820039E+00 
        94 -1.331249624E-02 -1.331249624E-02  6.562000141E-03  7.108131524E+00 
        95 -1.343749650E-02 -1.343749650E-02  6.562000141E-03  7.140092203E+00 
        96 -1.356249582E-02 -1.356249675E-02  6.562000141E-03  7.263098490E+00 
        97 -1.368749607E-02 -1.368749607E-02  6.562000141E-03  7.451759370E+00 
        98 -1.381249633E-02 -1.381249633E-02  6.562000141E-03  7.576483193E+00 
        99 -1.393749658E-02 -1.393749658E-02  6.562000141E-03  7.598734408E+00 
       100 -1.406249590E-02 -1.406249683E-02  6.562000141E-03  7.588225302E+00 
       101 -1.418749616E-02 -1.418749616E-02  6.562000141E-03  7.524198101E+00 
       102 -1.431249641E-02 -1.431249641E-02  6.562000141E-03  7.544299722E+00 
       103 -1.443749666E-02 -1.443749666E-02  6.562000141E-03  7.579804853E+00 
       104 -1.456249598E-02 -1.456249598E-02  6.562000141E-03  7.545888406E+00 
       105 -1.468749624E-02 -1.468749624E-02  6.562000141E-03  7.514181613E+00 
       106 -1.481249649E-02 -1.481249649E-02  6.562000141E-03  7.520903239E+00 
       107 -1.493749674E-02 -1.493749674E-02  6.562000141E-03  7.560791008E+00 
       108 -1.506249607E-02 -1.506249607E-02  6.562000141E-03  7.503786262E+00 
       109 -1.518749632E-02 -1.518749632E-02  6.562000141E-03  7.339363806E+00 
       110 -1.531249657E-02 -1.531249657E-02  6.562000141E-03  7.202466425E+00 
       111 -1.543749683E-02 -1.543749589E-02  6.562000141E-03  7.318913549E+00 
       112 -1.556249615E-02 -1.556249615E-02  6.562000141E-03  7.470452166E+00 
       113 -1.568749547E-02 -1.568749547E-02  6.562000141E-03  7.618317346E+00 
       114 -1.581249572E-02 -1.581249572E-02  6.562000141E-03  7.607476910E+00 
       115 -1.593749598E-02 -1.593749598E-02  6.562000141E-03  7.577927958E+00 
       116 -1.606249623E-02 -1.606249623E-02  6.562000141E-03  7.613615809E+00 
       117 -1.618749648E-02 -1.618749648E-02  6.562000141E-03  7.701836958E+00 
       118 -1.631249674E-02 -1.631249674E-02  6.562000141E-03  7.807359343E+00 
       119 -1.643749699E-02 -1.643749513E-02  6.562000141E-03  7.926037365E+00 
       120 -1.656249724E-02 -1.656249538E-02  6.562000141E-03  7.975939740E+00 
       121 -1.668749563E-02 -1.668749563E-02  6.562000141E-03  7.950224304E+00 
       122 -1.898222044E-02 -1.898222044E-02  6.562000606E-03  7.345230716E+00 
       123 -1.904012822E-02 -1.904012822E-02  6.562000141E-03  7.283371805E+00 
       124 -1.912219450E-02 -1.912219450E-02  6.562000606E-03  7.152839867E+00 
       125 -1.916676387E-02 -1.916676387E-02  6.562000606E-03  7.123521761E+00 
       126 -1.923896931E-02 -1.923896931E-02  6.562000141E-03  6.935891885E+00 
       127 -1.931096986E-02 -1.931096986E-02  6.562000141E-03  6.934633103E+00 
       128 -1.938296854E-02 -1.938296854E-02  6.562000141E-03  7.095789250E+00 
       129 -1.945496909E-02 -1.945496909E-02  6.562000141E-03  7.185396088E+00 
       130 -1.952696778E-02 -1.952696778E-02  6.562000141E-03  7.151328421E+00 
       131 -1.959896833E-02 -1.959896833E-02  6.562000141E-03  6.935287412E+00 
       132 -1.967096888E-02 -1.967096888E-02  6.562000141E-03  6.350465057E+00 
       133 -1.974296942E-02 -1.974296942E-02  6.562000141E-03  6.268970825E+00 
       134 -1.981496811E-02 -1.981496811E-02  6.562000141E-03  5.906734826E+00 
       135 -1.988696866E-02 -1.988696866E-02  6.562000141E-03  5.986912483E+00 
       136 -1.995896921E-02 -1.995896921E-02  6.562000141E-03  5.782667759E+00 
       137 -2.003096975E-02 -2.003096975E-02  6.562000141E-03  5.899717208E+00 
       138 -2.010296844E-02 -2.010296844E-02  6.562000141E-03  5.984685676E+00 
       139 -2.017496899E-02 -2.017496899E-02  6.562000141E-03  6.119444006E+00 
       140 -2.024696954E-02 -2.024696954E-02  6.562000141E-03  6.236459728E+00 
       141 -2.031897008E-02 -2.031897008E-02  6.562000141E-03  6.441783120E+00 
       142 -2.039096877E-02 -2.039096877E-02  6.562000141E-03  6.729815874E+00 
       143 -2.046296932E-02 -2.046296932E-02  6.562000141E-03  6.904193110E+00 
       144 -2.053496987E-02 -2.053496987E-02  6.562000141E-03  6.856701099E+00 
       145 -2.060696855E-02 -2.060696855E-02  6.562000141E-03  6.625320927E+00 
       146 -2.067896910E-02 -2.067896910E-02  6.562000141E-03  6.198907056E+00 
       147 -2.075096965E-02 -2.075096965E-02  6.562000141E-03  5.921774929E+00 
       148 -2.082296833E-02 -2.082296833E-02  6.562000141E-03  5.794925405E+00 
       149 -2.089514025E-02 -2.089514025E-02  6.562000141E-03  5.787730633E+00 
       150 -2.095155232E-02 -2.095155232E-02  6.562000141E-03  5.818752804E+00 
       151 -2.100796066E-02 -2.100796066E-02  6.562000141E-03  5.760954407E+00 
       152 -2.106651478E-02 -2.106651478E-02  6.562000606E-03  5.811757531E+00 
       153 -2.110337466E-02 -2.110337466E-02  6.562000606E-03  5.599101322E+00 
       154 -2.112556621E-02 -2.112556621E-02  6.562000606E-03  5.236176691E+00 
       155 -2.114406601E-02 -2.114406601E-02  6.562000606E-03  4.715669022E+00 
       156 -2.115948685E-02 -2.115948685E-02  6.562000606E-03  4.065562563E+00 
       157 -2.117234282E-02 -2.117234282E-02  6.562000606E-03  3.326745515E+00 
       158 -2.118305862E-02 -2.118305862E-02  6.562000141E-03  2.565072629E+00 
       159 -2.119199000E-02 -2.119199000E-02  6.562000141E-03  1.846950059E+00 
       160 -2.119943500E-02 -2.119943500E-02  6.562000141E-03  1.212873683E+00 
       161 -2.120563947E-02 -2.120563947E-02  6.562000141E-03  6.738371322E-01 
       162 -2.121081017E-02 -2.121081017E-02  6.562000141E-03  2.230316910E-01 
       163 -1.895096339E-02 -1.895096339E-02  6.562000606E-03  7.535254345E+00 
       164 -1.890101843E-02 -1.890101843E-02  6.562000141E-03  7.538429946E+00 
       165 -1.880909875E-02 -1.880909875E-02  6.562000141E-03  7.500632987E+00 
       166 -1.868749596E-02 -1.868749596E-02  6.562000141E-03  7.387503374E+00 
       167 -1.856249571E-02 -1.856249571E-02  6.562000141E-03  7.618096727E+00 
       168 -1.843749732E-02 -1.843749546E-02  6.562000141E-03  8.127044674E+00 
       169 -1.831249706E-02 -1.831249520E-02  6.562000141E-03  8.452983330E+00 
       170 -1.818749681E-02 -1.818749495E-02  6.562000141E-03  8.579815099E+00 
       171 -1.806249656E-02 -1.806249656E-02  6.562000141E-03  8.502999092E+00 
       172 -1.793749630E-02 -1.793749630E-02  6.562000141E-03  8.237436984E+00 
       173 -1.781249605E-02 -1.781249605E-02  6.562000141E-03  7.853905182E+00 
       174 -1.768749580E-02 -1.768749580E-02  6.562000141E-03  7.814932825E+00 
       175 -1.756249554E-02 -1.756249554E-02  6.562000141E-03  7.903086878E+00 
       176 -1.743749715E-02 -1.743749529E-02  6.562000141E-03  7.688669913E+00 
       177 -1.731249690E-02 -1.731249504E-02  6.562000141E-03  7.588992132E+00 
       178 -1.718749665E-02 -1.718749665E-02  6.562000141E-03  7.599880345E+00 
       179 -1.706249639E-02 -1.706249639E-02  6.562000141E-03  7.749356555E+00 
       180 -1.693749614E-02 -1.693749614E-02  6.562000141E-03  7.856675005E+00 
       181 -1.681249589E-02 -1.681249589E-02  6.562000141E-03  7.905360570E+00 
       182 -2.102797665E-02 -2.102797665E-02  6.562000141E-03  5.751294715E+00 
