cellnumber     x-coordinate     y-coordinate     z-coordinate velocity-magnitude 
         1 -1.898222044E-02 -1.898222044E-02  6.562000606E-03  6.172236218E+00 
         2 -1.904012822E-02 -1.904012822E-02  6.562000141E-03  6.086323762E+00 
         3 -1.912219450E-02 -1.912219450E-02  6.562000606E-03  6.042534785E+00 
         4 -1.916676387E-02 -1.916676387E-02  6.562000606E-03  5.967049742E+00 
         5 -1.923896931E-02 -1.923896931E-02  6.562000141E-03  5.964666488E+00 
         6 -1.931096986E-02 -1.931096986E-02  6.562000141E-03  6.015333423E+00 
         7 -1.938296854E-02 -1.938296854E-02  6.562000141E-03  6.162312984E+00 
         8 -1.945496909E-02 -1.945496909E-02  6.562000141E-03  6.203385025E+00 
         9 -1.952696778E-02 -1.952696778E-02  6.562000141E-03  6.292019297E+00 
        10 -1.959896833E-02 -1.959896833E-02  6.562000141E-03  6.314168891E+00 
        11 -1.967096888E-02 -1.967096888E-02  6.562000141E-03  6.319455338E+00 
        12 -1.974296942E-02 -1.974296942E-02  6.562000141E-03  6.325671896E+00 
        13 -1.981496811E-02 -1.981496811E-02  6.562000141E-03  6.233340738E+00 
        14 -1.988696866E-02 -1.988696866E-02  6.562000141E-03  6.212294406E+00 
        15 -1.995896921E-02 -1.995896921E-02  6.562000141E-03  6.085425452E+00 
        16 -2.003096975E-02 -2.003096975E-02  6.562000141E-03  6.025435430E+00 
        17 -2.010296844E-02 -2.010296844E-02  6.562000141E-03  6.001833028E+00 
        18 -2.017496899E-02 -2.017496899E-02  6.562000141E-03  6.058251264E+00 
        19 -2.024696954E-02 -2.024696954E-02  6.562000141E-03  6.366562769E+00 
        20 -2.031897008E-02 -2.031897008E-02  6.562000141E-03  6.432749416E+00 
        21 -2.039096877E-02 -2.039096877E-02  6.562000141E-03  6.471943788E+00 
        22 -2.046296932E-02 -2.046296932E-02  6.562000141E-03  6.358919652E+00 
        23 -2.053496987E-02 -2.053496987E-02  6.562000141E-03  6.144687764E+00 
        24 -2.060696855E-02 -2.060696855E-02  6.562000141E-03  6.040646221E+00 
        25 -2.067896910E-02 -2.067896910E-02  6.562000141E-03  5.887706548E+00 
        26 -2.075096965E-02 -2.075096965E-02  6.562000141E-03  5.874961150E+00 
        27 -2.082296833E-02 -2.082296833E-02  6.562000141E-03  5.909593280E+00 
        28 -2.089514025E-02 -2.089514025E-02  6.562000141E-03  5.922797782E+00 
        29 -2.095155232E-02 -2.095155232E-02  6.562000141E-03  6.010052920E+00 
        30 -2.100796066E-02 -2.100796066E-02  6.562000141E-03  5.977847643E+00 
        31 -2.106651478E-02 -2.106651478E-02  6.562000606E-03  5.826232155E+00 
        32 -2.110337466E-02 -2.110337466E-02  6.562000606E-03  5.314715737E+00 
        33 -2.112556621E-02 -2.112556621E-02  6.562000606E-03  4.500026128E+00 
        34 -2.114406601E-02 -2.114406601E-02  6.562000606E-03  3.650565793E+00 
        35 -2.115948685E-02 -2.115948685E-02  6.562000606E-03  2.861684335E+00 
        36 -2.117234282E-02 -2.117234282E-02  6.562000606E-03  2.190837672E+00 
        37 -2.118305862E-02 -2.118305862E-02  6.562000141E-03  1.633228599E+00 
        38 -2.119199000E-02 -2.119199000E-02  6.562000141E-03  1.168477892E+00 
        39 -2.119943500E-02 -2.119943500E-02  6.562000141E-03  7.759691873E-01 
        40 -2.120563947E-02 -2.120563947E-02  6.562000141E-03  4.399464620E-01 
        41 -2.121081017E-02 -2.121081017E-02  6.562000141E-03  1.496754114E-01 
        42 -2.102797665E-02 -2.102797665E-02  6.562000141E-03  5.973299294E+00 
        43 -2.830280224E-03 -2.830280224E-03  6.562000141E-03  1.451838130E+00 
        44 -2.835373627E-03 -2.835373627E-03  6.562000606E-03  1.426757066E+00 
        45 -2.841493115E-03 -2.841493115E-03  6.562000141E-03  1.397715022E+00 
        46 -2.848849166E-03 -2.848849166E-03  6.562000141E-03  1.364845718E+00 
        47 -2.857688349E-03 -2.857688349E-03  6.562000141E-03  1.328538906E+00 
        48 -2.868303098E-03 -2.868303098E-03  6.562000141E-03  1.290764978E+00 
        49 -2.881055698E-03 -2.881055698E-03  6.562000606E-03  1.252289442E+00 
        50 -2.896386897E-03 -2.896386897E-03  6.562000606E-03  1.222699087E+00 
        51 -2.914825454E-03 -2.914825454E-03  6.562000606E-03  1.200316483E+00 
        52 -2.937011421E-03 -2.937011421E-03  6.562000606E-03  1.217223854E+00 
        53 -2.967901761E-03 -2.967901761E-03  6.562000606E-03  1.251504280E+00 
        54 -3.022594377E-03 -3.022594377E-03  6.562000606E-03  1.378432589E+00 
        55 -3.099788912E-03 -3.099788912E-03  6.562000606E-03  1.706234203E+00 
        56 -3.195534227E-03 -3.195532598E-03  6.562000606E-03  1.815384574E+00 
        57 -3.312505316E-03 -3.312502056E-03  6.562000141E-03  1.652390494E+00 
        58 -3.437505336E-03 -3.437502077E-03  6.562000141E-03  1.337379978E+00 
        59 -3.562505357E-03 -3.562502097E-03  6.562000141E-03  1.143053729E+00 
        60 -3.687505377E-03 -3.687502118E-03  6.562000141E-03  1.274578217E+00 
        61 -3.812505398E-03 -3.812501905E-03  6.562000141E-03  1.484348185E+00 
        62 -3.937505651E-03 -3.937501926E-03  6.562000141E-03  1.616236487E+00 
        63 -4.062505439E-03 -4.062502179E-03  6.562000141E-03  1.633915083E+00 
        64 -4.187505692E-03 -4.187501967E-03  6.562000141E-03  1.643785018E+00 
        65 -4.312505480E-03 -4.312502220E-03  6.562000141E-03  1.590235035E+00 
        66 -4.437505733E-03 -4.437502008E-03  6.562000141E-03  1.596013075E+00 
        67 -4.562505521E-03 -4.562502261E-03  6.562000141E-03  1.669966722E+00 
        68 -4.687505774E-03 -4.687502049E-03  6.562000141E-03  1.704153848E+00 
        69 -4.812505562E-03 -4.812502302E-03  6.562000141E-03  1.631869861E+00 
        70 -4.937505350E-03 -4.937502090E-03  6.562000141E-03  1.545327505E+00 
        71 -5.062505603E-03 -5.062501878E-03  6.562000141E-03  1.496635454E+00 
        72 -5.187505390E-03 -5.187502131E-03  6.562000141E-03  1.466580784E+00 
        73 -5.312505644E-03 -5.312501919E-03  6.562000141E-03  1.463709338E+00 
        74 -5.437505431E-03 -5.437502172E-03  6.562000141E-03  1.514635815E+00 
        75 -5.562505685E-03 -5.562501960E-03  6.562000141E-03  1.523886947E+00 
        76 -5.687505472E-03 -5.687502213E-03  6.562000141E-03  1.507162258E+00 
        77 -5.812505726E-03 -5.812502000E-03  6.562000141E-03  1.542129236E+00 
        78 -5.937505513E-03 -5.937502254E-03  6.562000141E-03  1.657481475E+00 
        79 -6.062505767E-03 -6.062502041E-03  6.562000141E-03  1.858598903E+00 
        80 -6.187505554E-03 -6.187501829E-03  6.562000141E-03  2.078258082E+00 
        81 -6.312505808E-03 -6.312502082E-03  6.562000141E-03  2.201244722E+00 
        82 -6.437505595E-03 -6.437501870E-03  6.562000141E-03  2.156671047E+00 
        83 -1.093750540E-02 -1.093750168E-02  6.562000141E-03  5.850592089E+00 
        84 -1.106250565E-02 -1.106250193E-02  6.562000141E-03  5.863700112E+00 
        85 -1.118750591E-02 -1.118750218E-02  6.562000141E-03  5.900909075E+00 
        86 -1.131250616E-02 -1.131250151E-02  6.562000141E-03  5.979242479E+00 
        87 -1.143750548E-02 -1.143750176E-02  6.562000141E-03  6.054484292E+00 
        88 -1.156250574E-02 -1.156250201E-02  6.562000141E-03  6.085924012E+00 
        89 -1.168750599E-02 -1.168750226E-02  6.562000141E-03  6.115039741E+00 
        90 -1.181250624E-02 -1.181250159E-02  6.562000141E-03  6.179337206E+00 
        91 -1.193750557E-02 -1.193750184E-02  6.562000141E-03  6.264235234E+00 
        92 -1.206250582E-02 -1.206250209E-02  6.562000141E-03  6.342612868E+00 
        93 -1.218750607E-02 -1.218750142E-02  6.562000141E-03  6.441096535E+00 
        94 -1.231250633E-02 -1.231250167E-02  6.562000141E-03  6.576625034E+00 
        95 -1.243750565E-02 -1.243750192E-02  6.562000141E-03  6.639790851E+00 
        96 -1.256250590E-02 -1.256250218E-02  6.562000141E-03  6.608516498E+00 
        97 -1.268750615E-02 -1.268750150E-02  6.562000141E-03  6.694691533E+00 
        98 -1.281250548E-02 -1.281250175E-02  6.562000141E-03  6.882367502E+00 
        99 -1.293750573E-02 -1.293750200E-02  6.562000141E-03  6.984689611E+00 
       100 -1.306250598E-02 -1.306250226E-02  6.562000141E-03  6.981901981E+00 
       101 -1.318750624E-02 -1.318750158E-02  6.562000141E-03  6.951472048E+00 
       102 -1.331250556E-02 -1.331250183E-02  6.562000141E-03  6.923970546E+00 
       103 -1.343750581E-02 -1.343750209E-02  6.562000141E-03  6.923242559E+00 
       104 -1.356250606E-02 -1.356250141E-02  6.562000141E-03  6.949189275E+00 
       105 -1.368750632E-02 -1.368750166E-02  6.562000141E-03  6.999680746E+00 
       106 -1.381250564E-02 -1.381250191E-02  6.562000141E-03  7.079729296E+00 
       107 -1.393750589E-02 -1.393750217E-02  6.562000141E-03  7.185043085E+00 
       108 -1.406250615E-02 -1.406250149E-02  6.562000141E-03  7.283637882E+00 
       109 -1.418750640E-02 -1.418750174E-02  6.562000141E-03  7.358587317E+00 
       110 -1.431250572E-02 -1.431250200E-02  6.562000141E-03  7.435739124E+00 
       111 -1.443750598E-02 -1.443750132E-02  6.562000141E-03  7.519287663E+00 
       112 -1.081250608E-02 -1.081250142E-02  6.562000141E-03  5.789169019E+00 
       113 -1.068750583E-02 -1.068750210E-02  6.562000141E-03  5.641400920E+00 
       114 -1.056250557E-02 -1.056250185E-02  6.562000141E-03  5.419784860E+00 
       115 -1.043750625E-02 -1.043750159E-02  6.562000141E-03  5.210355900E+00 
       116 -1.031250600E-02 -1.031250227E-02  6.562000141E-03  5.026260513E+00 
       117 -1.018750574E-02 -1.018750202E-02  6.562000141E-03  4.920573196E+00 
       118 -1.006250549E-02 -1.006250177E-02  6.562000141E-03  4.768463538E+00 
       119 -9.937506169E-03 -9.937501512E-03  6.562000141E-03  4.675555088E+00 
       120 -9.812505916E-03 -9.812502190E-03  6.562000141E-03  4.560731811E+00 
       121 -9.687505662E-03 -9.687501937E-03  6.562000141E-03  4.524660768E+00 
       122 -9.562505409E-03 -9.562501684E-03  6.562000141E-03  4.581566294E+00 
       123 -9.437506087E-03 -9.437502362E-03  6.562000141E-03  4.566600395E+00 
       124 -9.312505834E-03 -9.312502109E-03  6.562000141E-03  4.411921834E+00 
       125 -9.187505580E-03 -9.187501855E-03  6.562000141E-03  4.176244125E+00 
       126 -9.062505327E-03 -9.062501602E-03  6.562000141E-03  4.033317898E+00 
       127 -8.937506005E-03 -8.937502280E-03  6.562000141E-03  4.037080290E+00 
       128 -8.812505752E-03 -8.812502027E-03  6.562000141E-03  4.082530760E+00 
       129 -8.687505499E-03 -8.687501773E-03  6.562000141E-03  4.120313289E+00 
       130 -8.562506177E-03 -8.562501520E-03  6.562000141E-03  4.098360996E+00 
       131 -8.437505923E-03 -8.437502198E-03  6.562000141E-03  3.958231225E+00 
       132 -8.312505670E-03 -8.312501945E-03  6.562000141E-03  3.624039310E+00 
       133 -8.187505417E-03 -8.187501691E-03  6.562000141E-03  3.313979197E+00 
       134 -8.062506095E-03 -8.062502369E-03  6.562000141E-03  3.239113902E+00 
       135 -7.937505841E-03 -7.937502116E-03  6.562000141E-03  3.443365903E+00 
       136 -7.812505588E-03 -7.812501863E-03  6.562000141E-03  3.700902378E+00 
       137 -7.687505800E-03 -7.687502075E-03  6.562000141E-03  3.973083002E+00 
       138 -7.562505547E-03 -7.562501822E-03  6.562000141E-03  4.094367880E+00 
       139 -7.437505759E-03 -7.437502034E-03  6.562000141E-03  3.941796221E+00 
       140 -7.312505506E-03 -7.312501781E-03  6.562000141E-03  3.446793030E+00 
       141 -7.187505718E-03 -7.187501993E-03  6.562000141E-03  3.623642991E+00 
       142 -7.062505465E-03 -7.062502205E-03  6.562000141E-03  3.174007682E+00 
       143 -6.937505677E-03 -6.937501952E-03  6.562000141E-03  2.465246001E+00 
       144 -6.812505424E-03 -6.812502164E-03  6.562000141E-03  2.235006218E+00 
       145 -6.687505636E-03 -6.687501911E-03  6.562000141E-03  1.738237750E+00 
       146 -6.562505849E-03 -6.562502123E-03  6.562000141E-03  1.970563519E+00 
       147 -1.456250623E-02 -1.456250157E-02  6.562000141E-03  7.593623843E+00 
       148 -1.468750555E-02 -1.468750183E-02  6.562000141E-03  7.664177551E+00 
       149 -1.481250580E-02 -1.481250208E-02  6.562000141E-03  7.730497589E+00 
       150 -1.493750606E-02 -1.493750140E-02  6.562000141E-03  7.791255472E+00 
       151 -1.506250631E-02 -1.506250165E-02  6.562000141E-03  7.867708545E+00 
       152 -1.518750563E-02 -1.518750191E-02  6.562000141E-03  7.982029792E+00 
       153 -1.531250589E-02 -1.531250216E-02  6.562000141E-03  8.088319977E+00 
       154 -1.543750614E-02 -1.543750148E-02  6.562000141E-03  8.150472115E+00 
       155 -1.556250639E-02 -1.556250174E-02  6.562000141E-03  8.177054060E+00 
       156 -1.568750665E-02 -1.568750106E-02  6.562000141E-03  8.167519881E+00 
       157 -1.581250504E-02 -1.581250131E-02  6.562000141E-03  8.142013363E+00 
       158 -1.593750529E-02 -1.593750156E-02  6.562000141E-03  8.106334413E+00 
       159 -1.606250554E-02 -1.606250182E-02  6.562000141E-03  8.083046836E+00 
       160 -1.618750580E-02 -1.618750207E-02  6.562000141E-03  8.073412080E+00 
       161 -1.631250605E-02 -1.631250232E-02  6.562000141E-03  8.086916960E+00 
       162 -1.643750630E-02 -1.643750072E-02  6.562000141E-03  8.125295789E+00 
       163 -1.656250656E-02 -1.656250097E-02  6.562000141E-03  8.183355008E+00 
       164 -1.668750495E-02 -1.668750122E-02  6.562000141E-03  8.261404600E+00 
       165 -1.681250520E-02 -1.681250148E-02  6.562000141E-03  8.349851535E+00 
       166 -1.693750545E-02 -1.693750173E-02  6.562000141E-03  8.404836755E+00 
       167 -1.706250571E-02 -1.706250198E-02  6.562000141E-03  8.416245987E+00 
       168 -1.718750596E-02 -1.718750224E-02  6.562000141E-03  8.375658378E+00 
       169 -1.731250621E-02 -1.731250063E-02  6.562000141E-03  8.224567245E+00 
       170 -1.743750647E-02 -1.743750088E-02  6.562000141E-03  8.057058987E+00 
       171 -1.756250672E-02 -1.756250113E-02  6.562000141E-03  7.835367863E+00 
       172 -1.768750511E-02 -1.768750139E-02  6.562000141E-03  7.551495985E+00 
       173 -1.781250536E-02 -1.781250164E-02  6.562000141E-03  7.318643657E+00 
       174 -1.793750562E-02 -1.793750189E-02  6.562000141E-03  7.249999286E+00 
       175 -1.806250587E-02 -1.806250215E-02  6.562000141E-03  7.258938832E+00 
       176 -1.895662583E-02 -1.895662583E-02  6.562000141E-03  6.288939689E+00 
       177 -1.890108548E-02 -1.890108548E-02  6.562000606E-03  6.240672495E+00 
       178 -1.880351454E-02 -1.880351081E-02  6.562000606E-03  6.288113579E+00 
       179 -1.868750528E-02 -1.868750155E-02  6.562000141E-03  6.532318452E+00 
       180 -1.856250502E-02 -1.856250130E-02  6.562000141E-03  6.726166115E+00 
       181 -1.843750663E-02 -1.843750104E-02  6.562000141E-03  7.101401315E+00 
       182 -1.831250638E-02 -1.831250079E-02  6.562000141E-03  7.265040538E+00 
       183 -1.818750612E-02 -1.818750054E-02  6.562000141E-03  7.237113445E+00 
