cellnumber     x-coordinate     y-coordinate     z-coordinate velocity-magnitude 
         1 -1.306249574E-02 -1.306249760E-02  6.562000141E-03  6.877024557E+00 
         2 -1.318749506E-02 -1.318749785E-02  6.562000141E-03  7.005858169E+00 
         3 -1.331249531E-02 -1.331249718E-02  6.562000141E-03  7.109060251E+00 
         4 -1.343749557E-02 -1.343749743E-02  6.562000141E-03  7.293857565E+00 
         5 -1.356249582E-02 -1.356249768E-02  6.562000141E-03  7.511961908E+00 
         6 -1.368749514E-02 -1.368749700E-02  6.562000141E-03  7.536884384E+00 
         7 -1.381249540E-02 -1.381249726E-02  6.562000141E-03  7.535299429E+00 
         8 -1.393749565E-02 -1.393749751E-02  6.562000141E-03  7.495313901E+00 
         9 -1.406249497E-02 -1.406249776E-02  6.562000141E-03  7.432440191E+00 
        10 -1.418749522E-02 -1.418749709E-02  6.562000141E-03  7.415117675E+00 
        11 -1.431249548E-02 -1.431249734E-02  6.562000141E-03  7.469955199E+00 
        12 -1.443749573E-02 -1.443749759E-02  6.562000141E-03  7.537503792E+00 
        13 -1.456249505E-02 -1.456249692E-02  6.562000141E-03  7.609153310E+00 
        14 -1.468749531E-02 -1.468749717E-02  6.562000141E-03  7.669678552E+00 
        15 -1.481249556E-02 -1.481249742E-02  6.562000141E-03  7.693005564E+00 
        16 -1.493749581E-02 -1.493749768E-02  6.562000141E-03  7.587455516E+00 
        17 -1.506249513E-02 -1.506249700E-02  6.562000141E-03  7.402873005E+00 
        18 -1.518749539E-02 -1.518749725E-02  6.562000141E-03  7.337312678E+00 
        19 -1.531249564E-02 -1.531249750E-02  6.562000141E-03  7.297355773E+00 
        20 -1.543749589E-02 -1.543749776E-02  6.562000141E-03  7.253569508E+00 
        21 -1.556249522E-02 -1.556249708E-02  6.562000141E-03  7.275293761E+00 
        22 -1.568749547E-02 -1.568749733E-02  6.562000141E-03  7.311411563E+00 
        23 -1.581249572E-02 -1.581249759E-02  6.562000141E-03  7.326623520E+00 
        24 -1.593749598E-02 -1.593749784E-02  6.562000141E-03  7.362425089E+00 
        25 -1.606249437E-02 -1.606249623E-02  6.562000141E-03  7.460370399E+00 
        26 -1.618749462E-02 -1.618749648E-02  6.562000141E-03  7.678481307E+00 
        27 -1.631249487E-02 -1.631249674E-02  6.562000141E-03  7.959074505E+00 
        28 -1.643749513E-02 -1.643749699E-02  6.562000141E-03  8.097891274E+00 
        29 -1.656249538E-02 -1.656249724E-02  6.562000141E-03  8.001831603E+00 
        30 -1.668749563E-02 -1.668749750E-02  6.562000141E-03  7.969801294E+00 
        31 -4.937495105E-03 -4.937497899E-03  6.562000141E-03  1.590397158E+00 
        32 -5.062494893E-03 -5.062497687E-03  6.562000141E-03  1.740360590E+00 
        33 -5.187495146E-03 -5.187497940E-03  6.562000141E-03  1.802226114E+00 
        34 -5.312494934E-03 -5.312497728E-03  6.562000141E-03  1.699501964E+00 
        35 -5.437495187E-03 -5.437497515E-03  6.562000141E-03  1.331968581E+00 
        36 -5.562494975E-03 -5.562497769E-03  6.562000141E-03  1.204714384E+00 
        37 -5.687495228E-03 -5.687497556E-03  6.562000141E-03  1.282661771E+00 
        38 -5.812495016E-03 -5.812497810E-03  6.562000141E-03  1.141291310E+00 
        39 -5.937495269E-03 -5.937497597E-03  6.562000141E-03  1.228844885E+00 
        40 -6.062495057E-03 -6.062497851E-03  6.562000141E-03  1.480014384E+00 
        41 -6.187495310E-03 -6.187497638E-03  6.562000141E-03  1.751253285E+00 
        42 -6.312495098E-03 -6.312497891E-03  6.562000141E-03  2.034983482E+00 
        43 -6.437494885E-03 -6.437497679E-03  6.562000141E-03  2.304064024E+00 
        44 -6.562495138E-03 -6.562497467E-03  6.562000141E-03  2.505269601E+00 
        45 -6.687494926E-03 -6.687497720E-03  6.562000141E-03  2.725234637E+00 
        46 -6.812495179E-03 -6.812497508E-03  6.562000141E-03  2.911077537E+00 
        47 -6.937494967E-03 -6.937497761E-03  6.562000141E-03  3.164065906E+00 
        48 -7.062495220E-03 -7.062497549E-03  6.562000141E-03  3.502692103E+00 
        49 -7.187495008E-03 -7.187497802E-03  6.562000141E-03  3.472355142E+00 
        50 -7.312495261E-03 -7.312497590E-03  6.562000141E-03  3.530376998E+00 
        51 -7.437495049E-03 -7.437497843E-03  6.562000141E-03  2.772293311E+00 
        52 -7.562495302E-03 -7.562497631E-03  6.562000141E-03  2.595967726E+00 
        53 -7.687495090E-03 -7.687497418E-03  6.562000141E-03  3.187337107E+00 
        54 -7.812495343E-03 -7.812497672E-03  6.562000141E-03  3.484421794E+00 
        55 -7.937495597E-03 -7.937497459E-03  6.562000141E-03  3.700802175E+00 
        56 -8.062494919E-03 -8.062497713E-03  6.562000141E-03  3.731733903E+00 
        57 -8.187495172E-03 -8.187497966E-03  6.562000141E-03  3.797650651E+00 
        58 -8.312495425E-03 -8.312497288E-03  6.562000141E-03  3.751199630E+00 
        59 -8.437494747E-03 -8.437497541E-03  6.562000141E-03  3.785705356E+00 
        60 -8.562495001E-03 -8.562497795E-03  6.562000141E-03  3.927591146E+00 
        61 -8.687495254E-03 -8.687498048E-03  6.562000141E-03  4.211903896E+00 
        62 -8.812495507E-03 -8.812497370E-03  6.562000141E-03  4.516713737E+00 
        63 -8.937494829E-03 -8.937497623E-03  6.562000141E-03  4.690769821E+00 
        64 -9.062495083E-03 -9.062497877E-03  6.562000141E-03  4.726201961E+00 
        65 -9.187495336E-03 -9.187497199E-03  6.562000141E-03  4.767325053E+00 
        66 -9.312495589E-03 -9.312497452E-03  6.562000141E-03  4.872014761E+00 
        67 -9.437494911E-03 -9.437497705E-03  6.562000141E-03  4.933237282E+00 
        68 -9.562495165E-03 -9.562497959E-03  6.562000141E-03  4.924712991E+00 
        69 -9.687495418E-03 -9.687497281E-03  6.562000141E-03  4.889746045E+00 
        70 -9.812495671E-03 -9.812497534E-03  6.562000141E-03  4.925502745E+00 
        71 -9.937494993E-03 -9.937497787E-03  6.562000141E-03  4.941712836E+00 
        72 -1.006249525E-02 -1.006249711E-02  6.562000141E-03  4.939671592E+00 
        73 -1.018749550E-02 -1.018749736E-02  6.562000141E-03  5.002044536E+00 
        74 -2.830350772E-03 -2.830350772E-03  6.562000141E-03  1.456626960E+00 
        75 -2.835454186E-03 -2.835454186E-03  6.562000141E-03  1.445127681E+00 
        76 -2.841583686E-03 -2.841583686E-03  6.562000141E-03  1.437462782E+00 
        77 -2.848947188E-03 -2.848947188E-03  6.562000141E-03  1.436130824E+00 
        78 -2.857794985E-03 -2.857794985E-03  6.562000606E-03  1.444037180E+00 
        79 -2.868429059E-03 -2.868429059E-03  6.562000141E-03  1.463985633E+00 
        80 -2.881214023E-03 -2.881214023E-03  6.562000141E-03  1.497677863E+00 
        81 -2.896590624E-03 -2.896590624E-03  6.562000606E-03  1.543568574E+00 
        82 -2.915092744E-03 -2.915092744E-03  6.562000606E-03  1.597029456E+00 
        83 -2.937367884E-03 -2.937367884E-03  6.562000141E-03  1.640029729E+00 
        84 -2.973292954E-03 -2.973292954E-03  6.561999675E-03  1.674604769E+00 
        85 -3.061021678E-03 -3.061023075E-03  6.562000141E-03  1.563192145E+00 
        86 -3.187494818E-03 -3.187497612E-03  6.562000141E-03  1.545804008E+00 
        87 -3.312494839E-03 -3.312497633E-03  6.562000141E-03  1.652984324E+00 
        88 -3.437494859E-03 -3.437497653E-03  6.562000141E-03  1.497842695E+00 
        89 -3.562494880E-03 -3.562497674E-03  6.562000141E-03  1.228791966E+00 
        90 -3.687494900E-03 -3.687497694E-03  6.562000141E-03  1.056824756E+00 
        91 -3.812494921E-03 -3.812497715E-03  6.562000141E-03  9.854386512E-01 
        92 -3.937494941E-03 -3.937497735E-03  6.562000141E-03  9.087788598E-01 
        93 -1.293749548E-02 -1.293749735E-02  6.562000141E-03  6.758320401E+00 
        94 -1.281249523E-02 -1.281249709E-02  6.562000141E-03  6.680214199E+00 
        95 -1.268749498E-02 -1.268749777E-02  6.562000141E-03  6.641155457E+00 
        96 -1.256249566E-02 -1.256249752E-02  6.562000141E-03  6.631198215E+00 
        97 -1.243749540E-02 -1.243749727E-02  6.562000141E-03  6.617691916E+00 
        98 -1.231249515E-02 -1.231249701E-02  6.562000141E-03  6.581824838E+00 
        99 -1.218749490E-02 -1.218749769E-02  6.562000141E-03  6.515458226E+00 
       100 -1.206249557E-02 -1.206249744E-02  6.562000141E-03  6.429496221E+00 
       101 -1.193749532E-02 -1.193749718E-02  6.562000141E-03  6.287007273E+00 
       102 -1.181249507E-02 -1.181249786E-02  6.562000141E-03  6.006821320E+00 
       103 -1.168749575E-02 -1.168749761E-02  6.562000141E-03  5.773418474E+00 
       104 -1.156249549E-02 -1.156249736E-02  6.562000141E-03  5.665808997E+00 
       105 -1.143749524E-02 -1.143749710E-02  6.562000141E-03  5.585136807E+00 
       106 -1.131249499E-02 -1.131249778E-02  6.562000141E-03  5.502640272E+00 
       107 -1.118749566E-02 -1.118749753E-02  6.562000141E-03  5.373004774E+00 
       108 -1.106249541E-02 -1.106249727E-02  6.562000141E-03  5.227532528E+00 
       109 -1.093749516E-02 -1.093749795E-02  6.562000141E-03  5.190704157E+00 
       110 -1.081249490E-02 -1.081249770E-02  6.562000141E-03  5.208737931E+00 
       111 -1.068749558E-02 -1.068749744E-02  6.562000141E-03  5.220481490E+00 
       112 -1.056249533E-02 -1.056249719E-02  6.562000141E-03  5.251722628E+00 
       113 -1.043749508E-02 -1.043749787E-02  6.562000141E-03  5.232393804E+00 
       114 -1.031249482E-02 -1.031249762E-02  6.562000141E-03  5.110517588E+00 
       115 -4.812494852E-03 -4.812497646E-03  6.562000141E-03  1.348980990E+00 
       116 -4.687495064E-03 -4.687497858E-03  6.562000141E-03  1.063323618E+00 
       117 -4.562494811E-03 -4.562497605E-03  6.562000141E-03  7.741579646E-01 
       118 -4.437495023E-03 -4.437497817E-03  6.562000141E-03  5.550982252E-01 
       119 -4.312495235E-03 -4.312497564E-03  6.562000141E-03  4.218904910E-01 
       120 -4.187494982E-03 -4.187497776E-03  6.562000141E-03  4.721051319E-01 
       121 -4.062495194E-03 -4.062497988E-03  6.562000141E-03  6.888545096E-01 
       122 -2.102797665E-02 -2.102797665E-02  6.562000141E-03  5.228271598E+00 
       123 -1.895096339E-02 -1.895096339E-02  6.562000606E-03  6.014610245E+00 
       124 -1.890101843E-02 -1.890101843E-02  6.562000141E-03  6.257261388E+00 
       125 -1.880909875E-02 -1.880909875E-02  6.562000141E-03  6.824579423E+00 
       126 -1.868749596E-02 -1.868749782E-02  6.562000141E-03  7.629131185E+00 
       127 -1.856249571E-02 -1.856249757E-02  6.562000141E-03  7.979235976E+00 
       128 -1.843749546E-02 -1.843749732E-02  6.562000141E-03  7.876430223E+00 
       129 -1.831249520E-02 -1.831249706E-02  6.562000141E-03  7.940852953E+00 
       130 -1.818749495E-02 -1.818749681E-02  6.562000141E-03  8.093817928E+00 
       131 -1.806249470E-02 -1.806249656E-02  6.562000141E-03  8.333180882E+00 
       132 -1.793749444E-02 -1.793749630E-02  6.562000141E-03  8.438522609E+00 
       133 -1.781249605E-02 -1.781249605E-02  6.562000141E-03  8.326152432E+00 
       134 -1.768749580E-02 -1.768749766E-02  6.562000141E-03  8.048370369E+00 
       135 -1.756249554E-02 -1.756249741E-02  6.562000141E-03  7.931626476E+00 
       136 -1.743749529E-02 -1.743749715E-02  6.562000141E-03  7.948556282E+00 
       137 -1.731249504E-02 -1.731249690E-02  6.562000141E-03  8.165975203E+00 
       138 -1.718749478E-02 -1.718749665E-02  6.562000141E-03  8.247604583E+00 
       139 -1.706249453E-02 -1.706249639E-02  6.562000141E-03  8.010511759E+00 
       140 -1.693749614E-02 -1.693749614E-02  6.562000141E-03  7.945358880E+00 
       141 -1.681249589E-02 -1.681249775E-02  6.562000141E-03  7.969986955E+00 
       142 -1.898222044E-02 -1.898222044E-02  6.562000606E-03  5.943513541E+00 
       143 -1.904012822E-02 -1.904012822E-02  6.562000141E-03  5.876785745E+00 
       144 -1.912219450E-02 -1.912219450E-02  6.562000606E-03  5.830772249E+00 
       145 -1.916676387E-02 -1.916676387E-02  6.562000606E-03  5.809854607E+00 
       146 -1.923896931E-02 -1.923896931E-02  6.562000141E-03  5.826455726E+00 
       147 -1.931096986E-02 -1.931096986E-02  6.562000141E-03  5.899011932E+00 
       148 -1.938296854E-02 -1.938296854E-02  6.562000141E-03  5.920220134E+00 
       149 -1.945496909E-02 -1.945496909E-02  6.562000141E-03  5.928362104E+00 
       150 -1.952696778E-02 -1.952696778E-02  6.562000141E-03  5.701519598E+00 
       151 -1.959896833E-02 -1.959896833E-02  6.562000141E-03  5.535474335E+00 
       152 -1.967096888E-02 -1.967096888E-02  6.562000141E-03  5.075036537E+00 
       153 -1.974296942E-02 -1.974296942E-02  6.562000141E-03  5.102044374E+00 
       154 -1.981496811E-02 -1.981496811E-02  6.562000141E-03  4.907261253E+00 
       155 -1.988696866E-02 -1.988696866E-02  6.562000141E-03  5.049737949E+00 
       156 -1.995896921E-02 -1.995896921E-02  6.562000141E-03  5.367186494E+00 
       157 -2.003096975E-02 -2.003096975E-02  6.562000141E-03  5.712810267E+00 
       158 -2.010296844E-02 -2.010296844E-02  6.562000141E-03  5.884958039E+00 
       159 -2.017496899E-02 -2.017496899E-02  6.562000141E-03  6.102269765E+00 
       160 -2.024696954E-02 -2.024696954E-02  6.562000141E-03  6.440141506E+00 
       161 -2.031897008E-02 -2.031897008E-02  6.562000141E-03  6.688875354E+00 
       162 -2.039096877E-02 -2.039096877E-02  6.562000141E-03  6.816420322E+00 
       163 -2.046296932E-02 -2.046296932E-02  6.562000141E-03  6.988730854E+00 
       164 -2.053496987E-02 -2.053496987E-02  6.562000141E-03  6.934612448E+00 
       165 -2.060696855E-02 -2.060696855E-02  6.562000141E-03  6.982804996E+00 
       166 -2.067896910E-02 -2.067896910E-02  6.562000141E-03  6.613569703E+00 
       167 -2.075096965E-02 -2.075096965E-02  6.562000141E-03  6.442488666E+00 
       168 -2.082296833E-02 -2.082296833E-02  6.562000141E-03  5.958071948E+00 
       169 -2.089514025E-02 -2.089514025E-02  6.562000141E-03  5.762567596E+00 
       170 -2.095155232E-02 -2.095155232E-02  6.562000141E-03  5.336251293E+00 
       171 -2.100796066E-02 -2.100796066E-02  6.562000141E-03  5.379182846E+00 
       172 -2.106651478E-02 -2.106651478E-02  6.562000606E-03  4.773838938E+00 
       173 -2.110337466E-02 -2.110337466E-02  6.562000606E-03  4.370310599E+00 
       174 -2.112556621E-02 -2.112556621E-02  6.562000606E-03  4.050186085E+00 
       175 -2.114406601E-02 -2.114406601E-02  6.562000606E-03  3.648711492E+00 
       176 -2.115948685E-02 -2.115948685E-02  6.562000606E-03  3.136083020E+00 
       177 -2.117234282E-02 -2.117234282E-02  6.562000606E-03  2.567077789E+00 
       178 -2.118305862E-02 -2.118305862E-02  6.562000141E-03  1.991547869E+00 
       179 -2.119199000E-02 -2.119199000E-02  6.562000141E-03  1.451161082E+00 
       180 -2.119943500E-02 -2.119943500E-02  6.562000141E-03  9.663240358E-01 
       181 -2.120563947E-02 -2.120563947E-02  6.562000141E-03  5.438581508E-01 
       182 -2.121081017E-02 -2.121081017E-02  6.562000141E-03  1.821820954E-01 
