cellnumber     x-coordinate     y-coordinate     z-coordinate velocity-magnitude 
         1 -2.121081017E-02 -2.121081017E-02  6.562000141E-03  1.179747250E-01 
         2 -2.120563947E-02 -2.120563947E-02  6.562000141E-03  3.526391897E-01 
         3 -2.119943500E-02 -2.119943500E-02  6.562000606E-03  6.289630974E-01 
         4 -2.119199000E-02 -2.119199000E-02  6.562000141E-03  9.524391449E-01 
         5 -2.118305862E-02 -2.118305862E-02  6.562000141E-03  1.327393431E+00 
         6 -2.117234282E-02 -2.117234282E-02  6.562000606E-03  1.753557449E+00 
         7 -2.115948685E-02 -2.115948685E-02  6.562000606E-03  2.221313385E+00 
         8 -2.114406601E-02 -2.114406601E-02  6.562000606E-03  2.712738767E+00 
         9 -2.112556621E-02 -2.112556621E-02  6.562000606E-03  3.196314402E+00 
        10 -2.110337466E-02 -2.110337466E-02  6.562000606E-03  3.620416857E+00 
        11 -2.106651478E-02 -2.106651478E-02  6.562000606E-03  3.996519119E+00 
        12 -2.102797665E-02 -2.102797665E-02  6.562000141E-03  4.166576537E+00 
        13 -2.100796066E-02 -2.100796066E-02  6.562000141E-03  4.147855097E+00 
        14 -2.095155232E-02 -2.095155232E-02  6.562000141E-03  4.196632881E+00 
        15 -2.089514025E-02 -2.089514025E-02  6.562000606E-03  4.182320862E+00 
        16 -2.082296833E-02 -2.082296833E-02  6.562000141E-03  4.221996684E+00 
        17 -2.075096965E-02 -2.075096965E-02  6.562000141E-03  4.272468700E+00 
        18 -2.067896910E-02 -2.067896910E-02  6.562000141E-03  4.396973425E+00 
        19 -2.060696855E-02 -2.060696855E-02  6.562000141E-03  4.354547838E+00 
        20 -2.053496800E-02 -2.053496800E-02  6.562000141E-03  4.368256183E+00 
        21 -2.046296932E-02 -2.046296932E-02  6.562000141E-03  4.293454292E+00 
        22 -2.039096877E-02 -2.039096877E-02  6.562000141E-03  4.309453113E+00 
        23 -2.031897008E-02 -2.031897008E-02  6.562000141E-03  4.336141972E+00 
        24 -2.024696954E-02 -2.024696954E-02  6.562000141E-03  4.404242381E+00 
        25 -2.017496899E-02 -2.017496899E-02  6.562000141E-03  4.425932821E+00 
        26 -2.010296844E-02 -2.010296844E-02  6.562000141E-03  4.386046646E+00 
        27 -2.003096975E-02 -2.003096975E-02  6.562000141E-03  4.298741227E+00 
        28 -1.995896921E-02 -1.995896921E-02  6.562000141E-03  4.212283366E+00 
        29 -1.988696866E-02 -1.988696866E-02  6.562000141E-03  4.141597894E+00 
        30 -1.981496811E-02 -1.981496811E-02  6.562000141E-03  4.063136615E+00 
        31 -1.974296942E-02 -1.974296942E-02  6.562000141E-03  3.993052240E+00 
        32 -1.967096888E-02 -1.967096888E-02  6.562000141E-03  3.867246992E+00 
        33 -1.959896833E-02 -1.959896833E-02  6.562000141E-03  3.853217465E+00 
        34 -1.952696964E-02 -1.952696964E-02  6.562000141E-03  3.837687041E+00 
        35 -1.945496909E-02 -1.945496909E-02  6.562000606E-03  3.907499156E+00 
        36 -1.938296854E-02 -1.938296854E-02  6.562000141E-03  3.912789091E+00 
        37 -1.795200258E-02 -1.795200072E-02  6.562000606E-03  5.588505049E+00 
        38 -1.808800176E-02 -1.808799990E-02  6.562000606E-03  5.720426182E+00 
        39 -1.836000197E-02 -1.836000010E-02  6.562000606E-03  5.629856898E+00 
        40 -1.849600114E-02 -1.849599928E-02  6.562000606E-03  5.641867848E+00 
        41 -1.856400073E-02 -1.856399886E-02  6.562000606E-03  5.220730537E+00 
        42 -1.869362220E-02 -1.869362034E-02  6.562000141E-03  4.776724678E+00 
        43 -1.880422793E-02 -1.880422793E-02  6.562000141E-03  4.531549644E+00 
        44 -1.885467023E-02 -1.885467023E-02  6.562000606E-03  4.210569321E+00 
        45 -1.888511330E-02 -1.888511330E-02  6.562000606E-03  4.217077520E+00 
        46 -1.892781258E-02 -1.892781258E-02  6.562000606E-03  4.067134910E+00 
        47 -1.895479113E-02 -1.895479113E-02  6.562000606E-03  4.099429838E+00 
        48 -1.898222044E-02 -1.898222044E-02  6.562000606E-03  3.985922858E+00 
        49 -1.904013008E-02 -1.904013008E-02  6.562000606E-03  4.009704456E+00 
        50 -1.912219636E-02 -1.912219636E-02  6.562000606E-03  4.022846086E+00 
        51 -1.916676387E-02 -1.916676387E-02  6.562000606E-03  4.045544999E+00 
        52 -1.923896931E-02 -1.923896931E-02  6.562000141E-03  4.005136541E+00 
        53 -1.931096986E-02 -1.931096986E-02  6.562000606E-03  3.972366128E+00 
        54 -4.080000333E-03 -4.080001265E-03  6.562000606E-03  4.682770203E-01 
        55 -3.672000486E-03 -3.672001185E-03  6.562000606E-03  4.983126256E-01 
        56 -3.536000382E-03 -3.536001081E-03  6.562000606E-03  5.206060015E-01 
        57 -3.468000330E-03 -3.468001261E-03  6.562000606E-03  5.388207356E-01 
        58 -3.331059124E-03 -3.331059590E-03  6.562000141E-03  5.379560908E-01 
        59 -3.261824371E-03 -3.261824371E-03  6.561999675E-03  5.321350572E-01 
        60 -3.216292942E-03 -3.216292942E-03  6.562000141E-03  5.615200021E-01 
        61 -3.115376458E-03 -3.115376458E-03  6.562000606E-03  5.403032694E-01 
        62 -3.026224673E-03 -3.026224673E-03  6.562000606E-03  4.918703782E-01 
        63 -2.976199379E-03 -2.976199379E-03  6.562000606E-03  4.733377125E-01 
        64 -2.945918590E-03 -2.945918590E-03  6.562000606E-03  4.954483493E-01 
        65 -2.920793602E-03 -2.920793602E-03  6.562000606E-03  5.570472362E-01 
        66 -2.899931744E-03 -2.899931744E-03  6.562000141E-03  6.407217036E-01 
        67 -2.882599132E-03 -2.882599132E-03  6.562000141E-03  7.275284338E-01 
        68 -2.868191339E-03 -2.868191339E-03  6.562000141E-03  8.072045378E-01 
        69 -2.856209641E-03 -2.856209641E-03  6.562000141E-03  8.762815019E-01 
        70 -2.846241929E-03 -2.846241929E-03  6.562000606E-03  9.348104385E-01 
        71 -2.837947570E-03 -2.837947570E-03  6.562000141E-03  9.840451868E-01 
        72 -2.831044141E-03 -2.831044141E-03  6.562000141E-03  1.025397136E+00 
        73 -1.278400142E-02 -1.278400049E-02  6.562000606E-03  4.785565943E+00 
        74 -1.224000100E-02 -1.224000007E-02  6.562000606E-03  4.536851465E+00 
        75 -1.169600151E-02 -1.169600058E-02  6.562000606E-03  4.335386692E+00 
        76 -1.115200110E-02 -1.115200017E-02  6.562000606E-03  4.106282786E+00 
        77 -1.060800161E-02 -1.060800068E-02  6.562000606E-03  3.818798286E+00 
        78 -1.006400120E-02 -1.006400026E-02  6.562000606E-03  3.557253697E+00 
        79 -9.520000778E-03 -9.520000778E-03  6.562000606E-03  3.295082006E+00 
        80 -8.976001292E-03 -8.976000361E-03  6.562000606E-03  3.087883897E+00 
        81 -8.432000875E-03 -8.432000875E-03  6.562000606E-03  2.799616594E+00 
        82 -7.888000458E-03 -7.888000458E-03  6.562000606E-03  2.443812393E+00 
        83 -7.344000973E-03 -7.344000973E-03  6.562000606E-03  2.217862067E+00 
        84 -6.800001021E-03 -6.800001021E-03  6.562000606E-03  2.237519558E+00 
        85 -6.256000604E-03 -6.256001070E-03  6.562000606E-03  1.700501726E+00 
        86 -5.712000653E-03 -5.712001119E-03  6.562000606E-03  1.494570063E+00 
        87 -5.168000702E-03 -5.168001167E-03  6.562000606E-03  1.224283844E+00 
        88 -4.624000285E-03 -4.624001216E-03  6.562000606E-03  5.682405122E-01 
        89 -1.332800090E-02 -1.332799997E-02  6.562000606E-03  5.086768535E+00 
        90 -1.387200132E-02 -1.387200039E-02  6.562000606E-03  5.465734046E+00 
        91 -1.441600174E-02 -1.441600081E-02  6.562000606E-03  5.991204350E+00 
        92 -1.496000215E-02 -1.496000029E-02  6.562000606E-03  5.923720252E+00 
        93 -1.550400164E-02 -1.550400071E-02  6.562000606E-03  5.971017570E+00 
        94 -1.604800113E-02 -1.604800113E-02  6.562000606E-03  5.980195523E+00 
        95 -1.659200154E-02 -1.659199968E-02  6.562000606E-03  5.390181294E+00 
        96 -1.713600196E-02 -1.713600010E-02  6.562000606E-03  5.490157814E+00 
        97 -1.768000238E-02 -1.768000051E-02  6.562000606E-03  5.670468962E+00 
