cellnumber     x-coordinate     y-coordinate     z-coordinate velocity-magnitude 
         1  3.500000015E-02 -2.296095528E-02  6.562000141E-03  2.881889798E-02 
         2  3.500000015E-02 -2.296585403E-02  6.562000141E-03  8.340300930E-02 
         3  3.500000015E-02 -2.297452837E-02  6.562000141E-03  1.454312308E-01 
         4  3.499999642E-02 -2.298492752E-02  6.562000141E-03  2.134641721E-01 
         5  3.499999642E-02 -2.299739420E-02  6.562000141E-03  2.836960286E-01 
         6  3.500000015E-02 -2.301233448E-02  6.562000141E-03  3.507390691E-01 
         7  3.500000015E-02 -2.303021587E-02  6.562000141E-03  4.127623579E-01 
         8  3.500000015E-02 -2.305160835E-02  6.562000141E-03  4.712199596E-01 
         9  3.500000015E-02 -2.307719551E-02  6.561999675E-03  5.469919926E-01 
        10  3.500000015E-02 -2.310776524E-02  6.561999675E-03  6.352402818E-01 
        11  3.500000015E-02 -2.314046025E-02  6.562000141E-03  7.823119994E-01 
        12  3.500000015E-02 -2.320699580E-02  6.562000141E-03  8.967001372E-01 
        13  3.500000015E-02 -2.332915738E-02  6.562000141E-03  8.311526373E-01 
        14  3.500000015E-02 -2.344694175E-02  6.562000141E-03  5.854562997E-01 
        15  3.500000015E-02 -2.356504276E-02  6.561999675E-03  5.769179361E-01 
        16  3.500000015E-02 -2.370904200E-02  6.561999675E-03  6.302207595E-01 
        17  3.500000015E-02 -2.385304309E-02  6.562000141E-03  1.209718445E+00 
        18  3.500000015E-02 -2.399704233E-02  6.561999675E-03  1.394449283E+00 
        19  3.500000015E-02 -2.414104342E-02  6.561999675E-03  1.463605012E+00 
        20  3.500000015E-02 -2.428504266E-02  6.561999675E-03  1.810524350E+00 
        21  3.500000015E-02 -2.442904375E-02  6.561999675E-03  1.759151062E+00 
        22  3.500000015E-02 -2.457304299E-02  6.562000141E-03  1.822324017E+00 
        23  3.500000015E-02 -2.471704222E-02  6.561999675E-03  1.851425815E+00 
        24  3.500000015E-02 -2.486104332E-02  6.562000141E-03  2.153695978E+00 
        25  3.500000015E-02 -2.500504255E-02  6.562000141E-03  2.271970039E+00 
        26  3.500000015E-02 -2.514904365E-02  6.562000141E-03  2.249092219E+00 
        27  3.500000015E-02 -2.529304288E-02  6.561999675E-03  2.920926401E+00 
        28  3.500000015E-02 -2.543704212E-02  6.561999675E-03  3.196006952E+00 
        29  3.500000015E-02 -2.558104321E-02  6.561999675E-03  2.684965002E+00 
        30  3.500000015E-02 -2.572504245E-02  6.561999675E-03  2.852565183E+00 
        31  3.500000015E-02 -2.586904354E-02  6.561999675E-03  3.436218137E+00 
        32  3.500000015E-02 -2.601304278E-02  6.561999675E-03  3.941840914E+00 
        33  3.500000015E-02 -2.615704201E-02  6.561999675E-03  4.072721931E+00 
        34  3.500000015E-02 -2.630104311E-02  6.561999675E-03  4.199028615E+00 
        35  3.500000015E-02 -2.644504234E-02  6.562000141E-03  4.640812400E+00 
        36  3.500000015E-02 -2.658904344E-02  6.561999675E-03  5.051867160E+00 
        37  3.500000015E-02 -2.673304267E-02  6.561999675E-03  5.383138349E+00 
        38  3.500000015E-02 -2.687704191E-02  6.561999675E-03  5.431349455E+00 
        39  3.500000015E-02 -2.702104300E-02  6.561999675E-03  5.388958219E+00 
        40  3.500000015E-02 -3.232943267E-02  6.562000141E-03  1.050577750E+00 
        41  3.500000015E-02 -3.219095245E-02  6.562000141E-03  1.145942440E+00 
        42  3.500000015E-02 -3.206104040E-02  6.561999675E-03  1.225501468E+00 
        43  3.500000015E-02 -3.191704303E-02  6.561999675E-03  1.350039498E+00 
        44  3.500000015E-02 -3.177304193E-02  6.561999675E-03  1.507787422E+00 
        45  3.500000015E-02 -3.162904084E-02  6.561999675E-03  1.623846260E+00 
        46  3.500000015E-02 -3.148504347E-02  6.561999675E-03  1.563073795E+00 
        47  3.500000015E-02 -3.134104237E-02  6.561999675E-03  1.059374144E+00 
        48  3.500000015E-02 -3.119704314E-02  6.561999675E-03  1.184930909E+00 
        49  3.500000015E-02 -3.105304204E-02  6.561999675E-03  1.468971035E+00 
        50  3.500000015E-02 -3.090904281E-02  6.561999675E-03  1.372538018E+00 
        51  3.500000015E-02 -3.076504171E-02  6.561999675E-03  1.909418123E+00 
        52  3.500000015E-02 -3.062104248E-02  6.561999675E-03  2.647723641E+00 
        53  3.500000015E-02 -3.047704324E-02  6.561999675E-03  2.914899326E+00 
        54  3.500000015E-02 -3.033304214E-02  6.561999675E-03  3.035034625E+00 
        55  3.500000015E-02 -3.018904291E-02  6.561999675E-03  3.383515125E+00 
        56  3.500000015E-02 -3.004504181E-02  6.561999675E-03  3.732463823E+00 
        57  3.500000015E-02 -2.990104258E-02  6.561999675E-03  4.478453546E+00 
        58  3.500000015E-02 -2.975704335E-02  6.561999675E-03  4.490466886E+00 
        59  3.500000015E-02 -2.961304225E-02  6.561999675E-03  4.446951457E+00 
        60  3.500000015E-02 -2.946904302E-02  6.561999675E-03  5.302605247E+00 
        61  3.500000015E-02 -2.932504192E-02  6.561999675E-03  6.172636281E+00 
        62  3.500000015E-02 -2.918104269E-02  6.561999675E-03  6.510632541E+00 
        63  3.500000015E-02 -2.903704345E-02  6.561999675E-03  6.381044960E+00 
        64  3.500000015E-02 -2.889304236E-02  6.561999675E-03  5.890068016E+00 
        65  3.500000015E-02 -2.874904312E-02  6.561999675E-03  5.442335684E+00 
        66  3.500000015E-02 -2.860504203E-02  6.561999675E-03  5.401260189E+00 
        67  3.500000015E-02 -2.846104279E-02  6.561999675E-03  5.652486246E+00 
        68  3.500000015E-02 -2.831704356E-02  6.561999675E-03  5.924821658E+00 
        69  3.500000015E-02 -2.817304246E-02  6.561999675E-03  5.831093246E+00 
        70  3.500000015E-02 -2.802904323E-02  6.561999675E-03  5.528281103E+00 
        71  3.500000015E-02 -2.788504213E-02  6.561999675E-03  5.584898765E+00 
        72  3.500000015E-02 -2.774104290E-02  6.561999675E-03  5.776201513E+00 
        73  3.500000015E-02 -2.759704180E-02  6.561999675E-03  5.679176915E+00 
        74  3.500000015E-02 -2.745304257E-02  6.561999675E-03  5.443506259E+00 
        75  3.500000015E-02 -2.730904333E-02  6.561999675E-03  5.372637969E+00 
        76  3.500000015E-02 -2.716504224E-02  6.561999675E-03  5.387662793E+00 
