cellnumber     x-coordinate     y-coordinate     z-coordinate velocity-magnitude 
         1  2.500000037E-02 -3.057143651E-02  6.562000141E-03  1.172991956E+00 
         2  2.500000037E-02 -3.046895750E-02  6.562000141E-03  1.446829178E+00 
         3  2.500000037E-02 -3.033304401E-02  6.562000141E-03  1.920191811E+00 
         4  2.500000224E-02 -3.018904291E-02  6.561999675E-03  2.795904565E+00 
         5  2.500000037E-02 -3.004504368E-02  6.562000141E-03  3.960308848E+00 
         6  2.500000037E-02 -2.990104258E-02  6.561999675E-03  5.062110805E+00 
         7  2.500000037E-02 -2.975704335E-02  6.561999675E-03  5.898691175E+00 
         8  2.500000224E-02 -2.961304411E-02  6.561999675E-03  6.413176820E+00 
         9  2.500000037E-02 -2.946904302E-02  6.562000141E-03  6.706244877E+00 
        10  2.500000037E-02 -2.932504378E-02  6.561999675E-03  6.884179435E+00 
        11  2.500000224E-02 -2.918104269E-02  6.561999675E-03  6.997617370E+00 
        12  2.500000224E-02 -2.903704345E-02  6.562000141E-03  7.066993955E+00 
        13  2.500000224E-02 -2.889304422E-02  6.562000141E-03  7.104142236E+00 
        14  2.500000037E-02 -2.874904312E-02  6.562000141E-03  7.115146001E+00 
        15  2.500000224E-02 -2.860504389E-02  6.561999675E-03  7.103042716E+00 
        16  2.500000224E-02 -2.846104465E-02  6.562000141E-03  7.069875825E+00 
        17  2.500000037E-02 -2.831704356E-02  6.562000141E-03  7.018399010E+00 
        18  2.500000224E-02 -2.817304246E-02  6.561999675E-03  6.950809464E+00 
        19  2.500000037E-02 -2.802904323E-02  6.562000141E-03  6.870461211E+00 
        20  2.500000224E-02 -2.788504399E-02  6.561999675E-03  6.781567179E+00 
        21  2.500000037E-02 -2.774104290E-02  6.562000141E-03  6.688273908E+00 
        22  2.500000037E-02 -2.759704366E-02  6.561999675E-03  6.593615593E+00 
        23  2.500000037E-02 -2.745304257E-02  6.561999675E-03  6.498892386E+00 
        24  2.500000224E-02 -2.730904333E-02  6.561999675E-03  6.404117656E+00 
        25  2.500000224E-02 -2.716504410E-02  6.562000141E-03  6.309171564E+00 
        26  2.500000224E-02 -2.702104487E-02  6.562000141E-03  6.215224982E+00 
        27  2.500000224E-02 -2.687704377E-02  6.562000141E-03  6.125708597E+00 
        28  2.500000224E-02 -2.673304453E-02  6.562000141E-03  6.045672888E+00 
        29  2.500000224E-02 -2.658904344E-02  6.562000141E-03  5.979260480E+00 
        30  2.500000224E-02 -2.644504420E-02  6.562000141E-03  5.927560208E+00 
        31  2.500000224E-02 -2.630104497E-02  6.562000141E-03  5.885556332E+00 
        32  2.500000224E-02 -2.615704387E-02  6.562000141E-03  5.830291524E+00 
        33  2.500000224E-02 -2.601304464E-02  6.562000141E-03  5.679701975E+00 
        34  2.500000224E-02 -2.586904354E-02  6.562000141E-03  5.212915053E+00 
        35  2.500000224E-02 -2.572504431E-02  6.562000141E-03  4.320916901E+00 
        36  2.500000224E-02 -2.558104321E-02  6.562000141E-03  3.276779703E+00 
        37  2.500000224E-02 -2.543704398E-02  6.562000141E-03  2.223213562E+00 
        38  2.500000224E-02 -2.529304475E-02  6.562000141E-03  1.389186510E+00 
        39  2.500000037E-02 -2.515085414E-02  6.562000141E-03  9.924097287E-01 
        40  2.500000037E-02 -2.501806431E-02  6.562000141E-03  8.811253529E-01 
        41  2.500000037E-02 -2.492471784E-02  6.562000141E-03  8.740293052E-01 
        42  2.500000037E-02 -2.487709187E-02  6.562000141E-03  8.698114623E-01 
        43  2.500000037E-02 -2.484604903E-02  6.562000141E-03  8.546476749E-01 
        44  2.500000037E-02 -2.482001111E-02  6.561999675E-03  8.175583515E-01 
        45  2.500000037E-02 -2.479819022E-02  6.562000141E-03  7.463503814E-01 
        46  2.500000037E-02 -2.477990836E-02  6.562000141E-03  6.393576894E-01 
        47  2.500000037E-02 -2.476578765E-02  6.562000606E-03  5.127402992E-01 
