cellnumber     x-coordinate     y-coordinate     z-coordinate velocity-magnitude 
         1  2.500000037E-02 -3.057143651E-02  6.562000141E-03  8.831664690E-01 
         2  2.500000037E-02 -3.046895750E-02  6.562000141E-03  1.181332446E+00 
         3  2.500000037E-02 -3.033304401E-02  6.562000141E-03  1.771915002E+00 
         4  2.500000224E-02 -3.018904291E-02  6.561999675E-03  2.814848562E+00 
         5  2.500000037E-02 -3.004504368E-02  6.562000141E-03  4.029107020E+00 
         6  2.500000037E-02 -2.990104258E-02  6.561999675E-03  5.049158607E+00 
         7  2.500000037E-02 -2.975704335E-02  6.561999675E-03  5.757569594E+00 
         8  2.500000224E-02 -2.961304411E-02  6.561999675E-03  6.188902066E+00 
         9  2.500000037E-02 -2.946904302E-02  6.562000141E-03  6.452339960E+00 
        10  2.500000037E-02 -2.932504378E-02  6.561999675E-03  6.631357963E+00 
        11  2.500000224E-02 -2.918104269E-02  6.561999675E-03  6.761742715E+00 
        12  2.500000224E-02 -2.903704345E-02  6.562000141E-03  6.856516254E+00 
        13  2.500000224E-02 -2.889304422E-02  6.562000141E-03  6.922436497E+00 
        14  2.500000037E-02 -2.874904312E-02  6.562000141E-03  6.963621820E+00 
        15  2.500000224E-02 -2.860504389E-02  6.561999675E-03  6.983614190E+00 
        16  2.500000224E-02 -2.846104465E-02  6.562000141E-03  6.986280787E+00 
        17  2.500000037E-02 -2.831704356E-02  6.562000141E-03  6.976751208E+00 
        18  2.500000224E-02 -2.817304246E-02  6.561999675E-03  6.960507012E+00 
        19  2.500000037E-02 -2.802904323E-02  6.562000141E-03  6.942122004E+00 
        20  2.500000224E-02 -2.788504399E-02  6.561999675E-03  6.924120036E+00 
        21  2.500000037E-02 -2.774104290E-02  6.562000141E-03  6.905711093E+00 
        22  2.500000037E-02 -2.759704366E-02  6.561999675E-03  6.883805795E+00 
        23  2.500000037E-02 -2.745304257E-02  6.561999675E-03  6.854904005E+00 
        24  2.500000224E-02 -2.730904333E-02  6.561999675E-03  6.816843438E+00 
        25  2.500000224E-02 -2.716504410E-02  6.562000141E-03  6.769905404E+00 
        26  2.500000224E-02 -2.702104487E-02  6.562000141E-03  6.716796972E+00 
        27  2.500000224E-02 -2.687704377E-02  6.562000141E-03  6.661991632E+00 
        28  2.500000224E-02 -2.673304453E-02  6.562000141E-03  6.610070190E+00 
        29  2.500000224E-02 -2.658904344E-02  6.562000141E-03  6.564265337E+00 
        30  2.500000224E-02 -2.644504420E-02  6.562000141E-03  6.522254334E+00 
        31  2.500000224E-02 -2.630104497E-02  6.562000141E-03  6.470432089E+00 
        32  2.500000224E-02 -2.615704387E-02  6.562000141E-03  6.362686383E+00 
        33  2.500000224E-02 -2.601304464E-02  6.562000141E-03  6.050256023E+00 
        34  2.500000224E-02 -2.586904354E-02  6.562000141E-03  5.319696631E+00 
        35  2.500000224E-02 -2.572504431E-02  6.562000141E-03  4.392995434E+00 
        36  2.500000224E-02 -2.558104321E-02  6.562000141E-03  3.441906054E+00 
        37  2.500000224E-02 -2.543704398E-02  6.562000141E-03  2.477498433E+00 
        38  2.500000224E-02 -2.529304475E-02  6.562000141E-03  1.644932367E+00 
        39  2.500000037E-02 -2.515085414E-02  6.562000141E-03  1.110672837E+00 
        40  2.500000037E-02 -2.501806431E-02  6.562000141E-03  8.341840610E-01 
        41  2.500000037E-02 -2.492471784E-02  6.562000141E-03  7.655289211E-01 
        42  2.500000037E-02 -2.487709187E-02  6.562000141E-03  7.396097781E-01 
        43  2.500000037E-02 -2.484604903E-02  6.562000141E-03  7.160307638E-01 
        44  2.500000037E-02 -2.482001111E-02  6.561999675E-03  6.777055936E-01 
        45  2.500000037E-02 -2.479819022E-02  6.562000141E-03  6.120758702E-01 
        46  2.500000037E-02 -2.477990836E-02  6.562000141E-03  5.140877581E-01 
        47  2.500000037E-02 -2.476578765E-02  6.562000606E-03  3.978336761E-01 
