cellnumber     x-coordinate     y-coordinate     z-coordinate velocity-magnitude 
         1  2.830350772E-03 -2.830350772E-03  6.562000141E-03  1.034665636E+00 
         2  2.835453954E-03 -2.835453954E-03  6.562000606E-03  1.009183925E+00 
         3  2.841583686E-03 -2.841583686E-03  6.562000606E-03  9.775345120E-01 
         4  2.848947421E-03 -2.848947421E-03  6.562000606E-03  9.404876752E-01 
         5  2.857794985E-03 -2.857794985E-03  6.562000606E-03  9.010109445E-01 
         6  2.868429059E-03 -2.868429059E-03  6.562000141E-03  8.645533403E-01 
         7  2.881214023E-03 -2.881214023E-03  6.562000606E-03  8.421620737E-01 
         8  2.896590624E-03 -2.896590624E-03  6.562000141E-03  8.455287531E-01 
         9  2.915092511E-03 -2.915092511E-03  6.562000141E-03  9.123650087E-01 
        10  2.937367652E-03 -2.937367652E-03  6.562000606E-03  1.013328296E+00 
        11  2.973292954E-03 -2.973292954E-03  6.562000606E-03  1.597202690E+00 
        12  3.061023075E-03 -3.061021678E-03  6.562000606E-03  2.074172576E+00 
        13  3.187497612E-03 -3.187495051E-03  6.562000141E-03  1.767864885E+00 
        14  3.312497633E-03 -3.312495071E-03  6.562000141E-03  1.312314471E+00 
        15  3.437497420E-03 -3.437495092E-03  6.562000141E-03  1.118876594E+00 
        16  3.562497441E-03 -3.562495112E-03  6.562000141E-03  1.154892451E+00 
        17  3.687497461E-03 -3.687495133E-03  6.562000141E-03  1.258689574E+00 
        18  3.812497482E-03 -3.812495153E-03  6.562000141E-03  1.242687149E+00 
        19  3.937497735E-03 -3.937494941E-03  6.562000141E-03  1.166089427E+00 
        20  4.062497523E-03 -4.062495194E-03  6.562000141E-03  1.111725076E+00 
        21  4.187497776E-03 -4.187494982E-03  6.562000141E-03  1.006317996E+00 
        22  4.312497564E-03 -4.312495235E-03  6.562000141E-03  9.101324303E-01 
        23  4.437497351E-03 -4.437495023E-03  6.562000141E-03  8.840379290E-01 
        24  4.562497605E-03 -4.562495276E-03  6.562000141E-03  9.709504316E-01 
        25  4.687497392E-03 -4.687495064E-03  6.562000141E-03  1.192983069E+00 
        26  4.812497646E-03 -4.812495317E-03  6.562000141E-03  1.473817567E+00 
        27  1.944607310E-02 -1.944607310E-02  6.562000141E-03  5.231386250E+00 
        28  1.951807365E-02 -1.951807365E-02  6.562000141E-03  5.222364447E+00 
        29  1.959007233E-02 -1.959007233E-02  6.562000141E-03  5.244050259E+00 
        30  1.966207288E-02 -1.966207288E-02  6.562000141E-03  5.198027653E+00 
        31  1.973407343E-02 -1.973407343E-02  6.562000141E-03  5.207407245E+00 
        32  1.980607398E-02 -1.980607398E-02  6.562000141E-03  5.098394460E+00 
        33  1.987807266E-02 -1.987807266E-02  6.562000141E-03  5.027567718E+00 
        34  1.995007321E-02 -1.995007321E-02  6.562000141E-03  4.898200522E+00 
        35  2.002207376E-02 -2.002207376E-02  6.562000141E-03  4.893685221E+00 
        36  2.009407431E-02 -2.009407431E-02  6.562000141E-03  4.876539773E+00 
        37  2.016607299E-02 -2.016607299E-02  6.562000141E-03  4.970950533E+00 
        38  2.023807354E-02 -2.023807354E-02  6.562000141E-03  4.954805433E+00 
        39  2.031007409E-02 -2.031007409E-02  6.562000141E-03  4.959284976E+00 
        40  2.038207278E-02 -2.038207278E-02  6.562000141E-03  4.901076879E+00 
        41  2.045407332E-02 -2.045407332E-02  6.562000141E-03  4.914770052E+00 
        42  2.052607387E-02 -2.052607387E-02  6.562000141E-03  4.969998354E+00 
        43  2.059807256E-02 -2.059807256E-02  6.562000141E-03  4.980891578E+00 
        44  2.067007311E-02 -2.067007311E-02  6.562000141E-03  4.952396067E+00 
        45  2.074207366E-02 -2.074207366E-02  6.562000141E-03  4.780841657E+00 
        46  2.081407420E-02 -2.081407420E-02  6.562000141E-03  4.680377275E+00 
        47  2.088592015E-02 -2.088592015E-02  6.562000141E-03  4.554662328E+00 
        48  2.093681321E-02 -2.093681321E-02  6.562000606E-03  4.517242769E+00 
        49  2.101956122E-02 -2.101956122E-02  6.562000606E-03  4.495437366E+00 
        50  2.107902244E-02 -2.107902244E-02  6.562000606E-03  4.478231625E+00 
        51  2.110386454E-02 -2.110386454E-02  6.562000606E-03  4.414247939E+00 
        52  2.112595551E-02 -2.112595551E-02  6.562000606E-03  4.187339556E+00 
        53  2.114437334E-02 -2.114437334E-02  6.562000606E-03  3.773049027E+00 
        54  2.115972713E-02 -2.115972713E-02  6.562000606E-03  3.227427426E+00 
        55  2.117252536E-02 -2.117252536E-02  6.562000141E-03  2.620944110E+00 
        56  2.118319459E-02 -2.118319459E-02  6.562000141E-03  2.018615852E+00 
        57  2.119208500E-02 -2.119208500E-02  6.562000141E-03  1.462195982E+00 
        58  2.119949646E-02 -2.119949646E-02  6.562000141E-03  9.702066002E-01 
        59  2.120567486E-02 -2.120567486E-02  6.562000141E-03  5.455465788E-01 
        60  2.121082321E-02 -2.121082321E-02  6.562000141E-03  1.830565730E-01 
        61  1.895096339E-02 -1.895096339E-02  6.562000141E-03  4.744555491E+00 
        62  1.890101843E-02 -1.890101843E-02  6.562000141E-03  4.676811590E+00 
        63  1.880909875E-02 -1.880909875E-02  6.562000141E-03  4.628761336E+00 
        64  1.868749596E-02 -1.868749596E-02  6.562000141E-03  4.594025650E+00 
        65  1.856249571E-02 -1.856249571E-02  6.562000141E-03  4.721083106E+00 
        66  1.843749546E-02 -1.843749546E-02  6.562000141E-03  4.905644955E+00 
        67  1.831249520E-02 -1.831249706E-02  6.562000141E-03  5.091806820E+00 
        68  1.818749681E-02 -1.818749681E-02  6.562000141E-03  5.194240674E+00 
        69  1.806249656E-02 -1.806249656E-02  6.562000141E-03  5.254973555E+00 
        70  1.793749630E-02 -1.793749630E-02  6.562000141E-03  5.235229400E+00 
        71  1.781249605E-02 -1.781249605E-02  6.562000141E-03  5.185347482E+00 
        72  1.768749580E-02 -1.768749580E-02  6.562000141E-03  5.080855871E+00 
        73  1.756249554E-02 -1.756249554E-02  6.562000141E-03  4.930035095E+00 
        74  1.743749529E-02 -1.743749529E-02  6.562000141E-03  4.857287228E+00 
        75  1.731249690E-02 -1.731249690E-02  6.562000141E-03  4.902343375E+00 
        76  1.899245940E-02 -1.899245940E-02  6.562000606E-03  4.767898786E+00 
        77  1.905349456E-02 -1.905349456E-02  6.562000606E-03  4.827637374E+00 
        78  1.914011873E-02 -1.914011873E-02  6.562000141E-03  4.927192517E+00 
        79  1.923859492E-02 -1.923859492E-02  6.561999675E-03  5.070488412E+00 
        80  1.930207387E-02 -1.930207387E-02  6.562000141E-03  5.139550652E+00 
        81  1.937407255E-02 -1.937407255E-02  6.562000141E-03  5.204399026E+00 
        82  4.937497433E-03 -4.937495105E-03  6.562000141E-03  1.567446501E+00 
        83  5.062497687E-03 -5.062495358E-03  6.562000141E-03  1.579390589E+00 
        84  5.187497474E-03 -5.187495146E-03  6.562000141E-03  1.403189413E+00 
        85  5.312497262E-03 -5.312495399E-03  6.562000141E-03  1.278085666E+00 
        86  5.437497515E-03 -5.437495187E-03  6.562000141E-03  1.164239820E+00 
        87  5.562497303E-03 -5.562495440E-03  6.562000141E-03  1.204006135E+00 
        88  5.687497556E-03 -5.687495228E-03  6.562000141E-03  1.324373355E+00 
        89  5.812497344E-03 -5.812495481E-03  6.562000141E-03  1.396443221E+00 
        90  5.937497597E-03 -5.937495269E-03  6.562000141E-03  1.448028780E+00 
        91  6.062497385E-03 -6.062495522E-03  6.562000141E-03  1.487124925E+00 
        92  6.187497173E-03 -6.187495310E-03  6.562000141E-03  1.538814587E+00 
        93  6.312497426E-03 -6.312495563E-03  6.562000141E-03  1.567088597E+00 
        94  6.437497213E-03 -6.437495351E-03  6.562000141E-03  1.528863509E+00 
        95  6.562497467E-03 -6.562495604E-03  6.562000141E-03  1.559625618E+00 
        96  6.687497254E-03 -6.687495392E-03  6.562000141E-03  1.718797894E+00 
        97  6.812497508E-03 -6.812495645E-03  6.562000141E-03  1.821788880E+00 
        98  6.937497295E-03 -6.937495433E-03  6.562000141E-03  1.895587596E+00 
        99  7.062497549E-03 -7.062495220E-03  6.562000141E-03  1.905039054E+00 
       100  7.187497336E-03 -7.187495474E-03  6.562000141E-03  1.823720982E+00 
       101  7.312497124E-03 -7.312495261E-03  6.562000141E-03  1.627320486E+00 
       102  7.437497377E-03 -7.437495515E-03  6.562000141E-03  1.135273377E+00 
       103  7.562497165E-03 -7.562495302E-03  6.562000141E-03  7.759347882E-01 
       104  1.131249685E-02 -1.131249592E-02  6.562000141E-03  3.145754888E+00 
       105  1.143749710E-02 -1.143749617E-02  6.562000141E-03  3.067121766E+00 
       106  1.156249736E-02 -1.156249549E-02  6.562000141E-03  2.945615778E+00 
       107  1.168749668E-02 -1.168749575E-02  6.562000141E-03  3.050837245E+00 
       108  1.181249693E-02 -1.181249600E-02  6.562000141E-03  3.269472666E+00 
       109  1.193749718E-02 -1.193749625E-02  6.562000141E-03  3.424606844E+00 
       110  1.206249651E-02 -1.206249557E-02  6.562000141E-03  3.613694653E+00 
       111  1.218749676E-02 -1.218749583E-02  6.562000141E-03  3.740639544E+00 
       112  1.231249701E-02 -1.231249608E-02  6.562000141E-03  3.791585723E+00 
       113  1.243749727E-02 -1.243749633E-02  6.562000141E-03  3.833009019E+00 
       114  1.256249659E-02 -1.256249566E-02  6.562000141E-03  3.825397409E+00 
       115  1.268749684E-02 -1.268749591E-02  6.562000141E-03  3.802510915E+00 
       116  1.281249709E-02 -1.281249616E-02  6.562000141E-03  3.805546545E+00 
       117  1.293749642E-02 -1.293749642E-02  6.562000141E-03  3.877556587E+00 
       118  1.306249667E-02 -1.306249574E-02  6.562000141E-03  3.974439248E+00 
       119  1.318749692E-02 -1.318749599E-02  6.562000141E-03  4.047941845E+00 
       120  1.331249718E-02 -1.331249624E-02  6.562000141E-03  4.086954582E+00 
       121  1.343749650E-02 -1.343749557E-02  6.562000141E-03  4.107202540E+00 
       122  1.118749660E-02 -1.118749566E-02  6.562000141E-03  3.122121072E+00 
       123  1.106249727E-02 -1.106249541E-02  6.562000141E-03  2.980305109E+00 
       124  1.093749702E-02 -1.093749609E-02  6.562000141E-03  3.027950042E+00 
       125  1.081249677E-02 -1.081249584E-02  6.562000141E-03  2.885085851E+00 
       126  1.068749744E-02 -1.068749558E-02  6.562000141E-03  2.153915267E+00 
       127  1.056249719E-02 -1.056249533E-02  6.562000141E-03  1.707602296E+00 
       128  1.043749694E-02 -1.043749601E-02  6.562000141E-03  1.896757454E+00 
       129  1.031249668E-02 -1.031249575E-02  6.562000141E-03  1.573728278E+00 
       130  1.018749736E-02 -1.018749550E-02  6.562000141E-03  1.656208510E+00 
       131  1.006249711E-02 -1.006249525E-02  6.562000141E-03  2.313577764E+00 
       132  9.937496856E-03 -9.937495925E-03  6.562000141E-03  2.537092236E+00 
       133  9.812497534E-03 -9.812495671E-03  6.562000141E-03  1.981485643E+00 
       134  9.687497281E-03 -9.687495418E-03  6.562000141E-03  1.609671930E+00 
       135  9.562497027E-03 -9.562496096E-03  6.562000141E-03  1.459012442E+00 
       136  9.437496774E-03 -9.437495843E-03  6.562000141E-03  1.592819413E+00 
       137  9.312497452E-03 -9.312495589E-03  6.562000141E-03  1.903041403E+00 
       138  9.187497199E-03 -9.187495336E-03  6.562000141E-03  1.699354545E+00 
       139  9.062496945E-03 -9.062496014E-03  6.562000141E-03  1.533106321E+00 
       140  8.937497623E-03 -8.937495761E-03  6.562000141E-03  1.745993490E+00 
       141  8.812497370E-03 -8.812495507E-03  6.562000141E-03  1.995776342E+00 
       142  8.687497117E-03 -8.687495254E-03  6.562000141E-03  2.088450049E+00 
       143  8.562496863E-03 -8.562495932E-03  6.562000141E-03  2.062263273E+00 
       144  8.437497541E-03 -8.437495679E-03  6.562000141E-03  1.878500065E+00 
       145  8.312497288E-03 -8.312495425E-03  6.562000141E-03  1.612837343E+00 
       146  8.187497035E-03 -8.187495172E-03  6.562000141E-03  1.421341307E+00 
       147  8.062497713E-03 -8.062495850E-03  6.562000141E-03  1.188592854E+00 
       148  7.937497459E-03 -7.937495597E-03  6.562000141E-03  1.036333023E+00 
       149  7.812497206E-03 -7.812495343E-03  6.562000141E-03  9.577038168E-01 
       150  7.687497418E-03 -7.687495556E-03  6.562000141E-03  8.235602079E-01 
       151  1.718749665E-02 -1.718749665E-02  6.562000141E-03  5.005666717E+00 
       152  1.706249639E-02 -1.706249639E-02  6.562000141E-03  5.083777833E+00 
       153  1.693749614E-02 -1.693749614E-02  6.562000141E-03  5.064951419E+00 
       154  1.681249589E-02 -1.681249589E-02  6.562000141E-03  5.000421362E+00 
       155  1.668749563E-02 -1.668749563E-02  6.562000141E-03  4.924105091E+00 
       156  1.656249538E-02 -1.656249538E-02  6.562000141E-03  4.810752352E+00 
       157  1.643749699E-02 -1.643749513E-02  6.562000141E-03  4.791729292E+00 
       158  1.631249674E-02 -1.631249674E-02  6.562000141E-03  4.930415800E+00 
       159  1.618749648E-02 -1.618749648E-02  6.562000141E-03  5.077434657E+00 
       160  1.606249623E-02 -1.606249623E-02  6.562000141E-03  5.096950688E+00 
       161  1.593749598E-02 -1.593749598E-02  6.562000141E-03  5.036649196E+00 
       162  1.581249572E-02 -1.581249572E-02  6.562000141E-03  4.974944466E+00 
       163  1.568749547E-02 -1.568749547E-02  6.562000141E-03  4.853402958E+00 
       164  1.556249708E-02 -1.556249615E-02  6.562000141E-03  4.690461552E+00 
       165  1.543749683E-02 -1.543749589E-02  6.562000141E-03  4.705412956E+00 
       166  1.531249657E-02 -1.531249657E-02  6.562000141E-03  4.806849093E+00 
       167  1.518749632E-02 -1.518749632E-02  6.562000141E-03  4.782221410E+00 
       168  1.506249700E-02 -1.506249607E-02  6.562000141E-03  4.654005289E+00 
       169  1.493749674E-02 -1.493749581E-02  6.562000141E-03  4.627130766E+00 
       170  1.481249649E-02 -1.481249649E-02  6.562000141E-03  4.594179642E+00 
       171  1.468749624E-02 -1.468749624E-02  6.562000141E-03  4.542573605E+00 
       172  1.456249692E-02 -1.456249598E-02  6.562000141E-03  4.488598958E+00 
       173  1.443749666E-02 -1.443749573E-02  6.562000141E-03  4.440239620E+00 
       174  1.431249641E-02 -1.431249641E-02  6.562000141E-03  4.377809755E+00 
       175  1.418749709E-02 -1.418749616E-02  6.562000141E-03  4.281671440E+00 
       176  1.406249683E-02 -1.406249590E-02  6.562000141E-03  4.180309575E+00 
       177  1.393749658E-02 -1.393749565E-02  6.562000141E-03  4.098949814E+00 
       178  1.381249633E-02 -1.381249633E-02  6.562000141E-03  4.059200816E+00 
       179  1.368749700E-02 -1.368749607E-02  6.562000141E-03  4.075028792E+00 
       180  1.356249675E-02 -1.356249582E-02  6.562000141E-03  4.099853972E+00 
