cellnumber     x-coordinate     y-coordinate     z-coordinate velocity-magnitude 
         1  1.899245940E-02 -1.899245940E-02  6.562000606E-03  5.201513177E+00 
         2  1.905349456E-02 -1.905349456E-02  6.562000606E-03  5.089119485E+00 
         3  1.914011873E-02 -1.914011873E-02  6.562000141E-03  5.126138242E+00 
         4  1.923859492E-02 -1.923859492E-02  6.561999675E-03  5.252829273E+00 
         5  1.930207387E-02 -1.930207387E-02  6.562000141E-03  5.324490327E+00 
         6  1.937407255E-02 -1.937407255E-02  6.562000141E-03  5.450247468E+00 
         7  1.944607310E-02 -1.944607310E-02  6.562000141E-03  5.460600482E+00 
         8  1.951807365E-02 -1.951807365E-02  6.562000141E-03  5.531656555E+00 
         9  1.959007233E-02 -1.959007233E-02  6.562000141E-03  5.512266753E+00 
        10  1.966207288E-02 -1.966207288E-02  6.562000141E-03  5.499074237E+00 
        11  1.973407343E-02 -1.973407343E-02  6.562000141E-03  5.404398898E+00 
        12  1.980607398E-02 -1.980607398E-02  6.562000141E-03  5.280523202E+00 
        13  1.987807266E-02 -1.987807266E-02  6.562000141E-03  5.168566054E+00 
        14  1.995007321E-02 -1.995007321E-02  6.562000141E-03  5.076635127E+00 
        15  2.002207376E-02 -2.002207376E-02  6.562000141E-03  5.121535495E+00 
        16  2.009407431E-02 -2.009407431E-02  6.562000141E-03  5.083267174E+00 
        17  2.016607299E-02 -2.016607299E-02  6.562000141E-03  5.190707849E+00 
        18  2.023807354E-02 -2.023807354E-02  6.562000141E-03  5.168155016E+00 
        19  2.031007409E-02 -2.031007409E-02  6.562000141E-03  5.257939700E+00 
        20  2.038207278E-02 -2.038207278E-02  6.562000141E-03  5.134880499E+00 
        21  2.045407332E-02 -2.045407332E-02  6.562000141E-03  5.009267316E+00 
        22  2.052607387E-02 -2.052607387E-02  6.562000141E-03  4.863578148E+00 
        23  2.059807256E-02 -2.059807256E-02  6.562000141E-03  4.930105983E+00 
        24  2.067007311E-02 -2.067007311E-02  6.562000141E-03  4.960788005E+00 
        25  2.074207366E-02 -2.074207366E-02  6.562000141E-03  5.047991150E+00 
        26  2.081407420E-02 -2.081407420E-02  6.562000141E-03  5.005189294E+00 
        27  2.088592015E-02 -2.088592015E-02  6.562000141E-03  4.943539976E+00 
        28  2.093681321E-02 -2.093681321E-02  6.562000606E-03  4.904201633E+00 
        29  2.101956122E-02 -2.101956122E-02  6.562000606E-03  4.912022435E+00 
        30  2.107902244E-02 -2.107902244E-02  6.562000606E-03  4.934834325E+00 
        31  2.110386454E-02 -2.110386454E-02  6.562000606E-03  4.864197526E+00 
        32  2.112595551E-02 -2.112595551E-02  6.562000606E-03  4.670722409E+00 
        33  2.114437334E-02 -2.114437334E-02  6.562000606E-03  4.266384190E+00 
        34  2.115972713E-02 -2.115972713E-02  6.562000606E-03  3.670443647E+00 
        35  2.117252536E-02 -2.117252536E-02  6.562000141E-03  2.978257771E+00 
        36  2.118319459E-02 -2.118319459E-02  6.562000141E-03  2.285365164E+00 
        37  2.119208500E-02 -2.119208500E-02  6.562000141E-03  1.647299420E+00 
        38  2.119949646E-02 -2.119949646E-02  6.562000141E-03  1.087337286E+00 
        39  2.120567486E-02 -2.120567486E-02  6.562000141E-03  6.081093591E-01 
        40  2.121082321E-02 -2.121082321E-02  6.562000141E-03  2.027645975E-01 
        41  2.830386860E-03 -2.830386860E-03  6.562000606E-03  1.046986762E+00 
        42  2.835483057E-03 -2.835483057E-03  6.562001072E-03  1.046938048E+00 
        43  2.841603942E-03 -2.841603942E-03  6.562000606E-03  1.044406394E+00 
        44  2.848957200E-03 -2.848957200E-03  6.562000606E-03  1.038058433E+00 
        45  2.857792191E-03 -2.857792191E-03  6.562000606E-03  1.026367604E+00 
        46  2.868410666E-03 -2.868410666E-03  6.562000141E-03  1.007928084E+00 
        47  2.881176071E-03 -2.881176071E-03  6.562000606E-03  9.818545741E-01 
        48  2.896528924E-03 -2.896528924E-03  6.562000141E-03  9.498268229E-01 
        49  2.915001474E-03 -2.915001474E-03  6.561999675E-03  9.141162914E-01 
        50  2.937239595E-03 -2.937239595E-03  6.562000141E-03  8.906203595E-01 
        51  2.974424278E-03 -2.974424278E-03  6.562000606E-03  8.831773002E-01 
        52  3.062227042E-03 -3.062231001E-03  6.562000141E-03  1.096387634E+00 
        53  3.187494585E-03 -3.187502269E-03  6.562000141E-03  1.331648009E+00 
        54  3.312494606E-03 -3.312502289E-03  6.562000141E-03  1.522236699E+00 
        55  3.437494626E-03 -3.437502310E-03  6.562000141E-03  1.928168607E+00 
        56  3.562494414E-03 -3.562502330E-03  6.562000141E-03  2.069826213E+00 
        57  3.687494434E-03 -3.687502351E-03  6.562000141E-03  1.689057765E+00 
        58  3.812494455E-03 -3.812502371E-03  6.562000141E-03  1.193704095E+00 
        59  3.937494475E-03 -3.937502392E-03  6.562000141E-03  1.100168797E+00 
        60  4.062494729E-03 -4.062502645E-03  6.562000141E-03  1.116927759E+00 
        61  1.895638742E-02 -1.895638742E-02  6.562000141E-03  5.240185327E+00 
        62  1.889957115E-02 -1.889957115E-02  6.562000606E-03  5.288380433E+00 
        63  1.880222000E-02 -1.880222373E-02  6.562000141E-03  5.317526236E+00 
        64  1.868749410E-02 -1.868750341E-02  6.562000141E-03  5.252541227E+00 
        65  1.856249385E-02 -1.856250316E-02  6.562000141E-03  5.172098385E+00 
        66  1.843749359E-02 -1.843750291E-02  6.562000141E-03  5.114710402E+00 
        67  1.831249334E-02 -1.831250265E-02  6.562000141E-03  5.120625257E+00 
        68  1.818749309E-02 -1.818750240E-02  6.562000141E-03  5.136152391E+00 
        69  1.806249283E-02 -1.806250215E-02  6.562000141E-03  5.122163843E+00 
        70  1.793749444E-02 -1.793750376E-02  6.562000141E-03  5.072876997E+00 
        71  1.781249419E-02 -1.781250350E-02  6.562000141E-03  5.029086697E+00 
        72  8.937494829E-03 -8.937503211E-03  6.562000141E-03  1.449214901E+00 
        73  8.437494747E-03 -8.437503129E-03  6.562000141E-03  1.471302441E+00 
        74  8.312494494E-03 -8.312502876E-03  6.562000141E-03  1.421651751E+00 
        75  8.187494241E-03 -8.187502623E-03  6.562000141E-03  1.424261176E+00 
        76  8.062493987E-03 -8.062502369E-03  6.562000141E-03  1.480254392E+00 
        77  7.937494665E-03 -7.937503047E-03  6.562000141E-03  1.542386532E+00 
        78  7.812494412E-03 -7.812502794E-03  6.562000141E-03  1.578314967E+00 
        79  7.687494624E-03 -7.687502541E-03  6.562000141E-03  1.626049689E+00 
        80  7.562494371E-03 -7.562502753E-03  6.562000141E-03  1.655353061E+00 
        81  7.437494583E-03 -7.437502500E-03  6.562000141E-03  1.673000000E+00 
        82  7.312494330E-03 -7.312502712E-03  6.562000141E-03  1.677738098E+00 
        83  7.187494542E-03 -7.187502459E-03  6.562000141E-03  1.629904201E+00 
        84  7.062494289E-03 -7.062502671E-03  6.562000141E-03  1.586719861E+00 
        85  6.937494501E-03 -6.937502418E-03  6.562000141E-03  1.513759374E+00 
        86  6.812494248E-03 -6.812502630E-03  6.562000141E-03  1.410426384E+00 
        87  6.687494460E-03 -6.687502842E-03  6.562000141E-03  1.416894215E+00 
        88  6.562494673E-03 -6.562502589E-03  6.562000141E-03  1.631900890E+00 
        89  6.437494420E-03 -6.437502801E-03  6.562000141E-03  1.612520009E+00 
        90  6.312494632E-03 -6.312502548E-03  6.562000141E-03  1.599375250E+00 
        91  5.687494297E-03 -5.687502678E-03  6.562000141E-03  8.640972555E-01 
        92  5.562494509E-03 -5.562502425E-03  6.562000141E-03  8.370925276E-01 
        93  5.437494721E-03 -5.437502638E-03  6.562000141E-03  8.288035637E-01 
        94  5.312494468E-03 -5.312502384E-03  6.562000141E-03  8.433319882E-01 
        95  5.187494680E-03 -5.187502597E-03  6.562000141E-03  8.555127360E-01 
        96  5.062494427E-03 -5.062502343E-03  6.562000141E-03  8.356210064E-01 
        97  4.937494639E-03 -4.937502556E-03  6.562000141E-03  8.028106006E-01 
        98  4.812494386E-03 -4.812502302E-03  6.562000141E-03  7.809294468E-01 
        99  4.687494598E-03 -4.687502515E-03  6.562000141E-03  7.993273885E-01 
       100  4.562494811E-03 -4.562502727E-03  6.562000141E-03  7.977541114E-01 
       101  4.437494557E-03 -4.437502474E-03  6.562000141E-03  8.076456511E-01 
       102  4.312494770E-03 -4.312502686E-03  6.562000141E-03  8.441686092E-01 
       103  4.187494516E-03 -4.187502433E-03  6.562000141E-03  9.804682613E-01 
       104  5.812494550E-03 -5.812502466E-03  6.562000141E-03  1.056954813E+00 
       105  5.937494338E-03 -5.937502719E-03  6.562000141E-03  1.160986236E+00 
       106  6.062494591E-03 -6.062502507E-03  6.562000141E-03  1.458948574E+00 
       107  6.187494379E-03 -6.187502760E-03  6.562000141E-03  1.677925129E+00 
       108  9.062494151E-03 -9.062502533E-03  6.562000141E-03  1.466610717E+00 
       109  9.187494405E-03 -9.187502787E-03  6.562000141E-03  1.333580123E+00 
       110  9.312494658E-03 -9.312503040E-03  6.562000141E-03  1.108597711E+00 
       111  9.437493980E-03 -9.437502362E-03  6.562000141E-03  1.095938966E+00 
       112  9.562494233E-03 -9.562502615E-03  6.562000141E-03  1.543467835E+00 
       113  9.687494487E-03 -9.687502868E-03  6.562000141E-03  1.811494638E+00 
       114  9.812494740E-03 -9.812503122E-03  6.562000141E-03  1.667189684E+00 
       115  9.937494062E-03 -9.937502444E-03  6.562000141E-03  1.286566878E+00 
       116  1.006249432E-02 -1.006250270E-02  6.562000141E-03  1.451371771E+00 
       117  1.018749457E-02 -1.018750295E-02  6.562000141E-03  1.517704770E+00 
       118  1.031249389E-02 -1.031250320E-02  6.562000141E-03  1.442829971E+00 
       119  1.043749414E-02 -1.043750253E-02  6.562000141E-03  1.579589421E+00 
       120  1.056249440E-02 -1.056250278E-02  6.562000141E-03  1.790690928E+00 
       121  1.068749465E-02 -1.068750303E-02  6.562000141E-03  2.119604328E+00 
       122  1.081249397E-02 -1.081250329E-02  6.562000141E-03  2.409847766E+00 
       123  1.093749423E-02 -1.093750261E-02  6.562000141E-03  2.414906055E+00 
       124  1.106249448E-02 -1.106250286E-02  6.562000141E-03  2.381052432E+00 
       125  1.118749473E-02 -1.118750311E-02  6.562000141E-03  2.487180693E+00 
       126  1.131249405E-02 -1.131250244E-02  6.562000141E-03  2.700999342E+00 
       127  1.143749431E-02 -1.143750269E-02  6.562000141E-03  2.588994643E+00 
       128  1.156249456E-02 -1.156250294E-02  6.562000141E-03  2.843332904E+00 
       129  1.168749388E-02 -1.168750320E-02  6.562000141E-03  2.929909966E+00 
       130  1.181249414E-02 -1.181250252E-02  6.562000141E-03  2.998511388E+00 
       131  1.193749439E-02 -1.193750277E-02  6.562000141E-03  3.103593041E+00 
       132  1.206249464E-02 -1.206250302E-02  6.562000141E-03  3.165332406E+00 
       133  1.218749397E-02 -1.218750328E-02  6.562000141E-03  3.255488054E+00 
       134  1.231249422E-02 -1.231250260E-02  6.562000141E-03  3.366712687E+00 
       135  1.243749447E-02 -1.243750285E-02  6.562000141E-03  3.482161372E+00 
       136  1.256249379E-02 -1.256250311E-02  6.562000141E-03  3.578720357E+00 
       137  1.268749405E-02 -1.268750336E-02  6.562000141E-03  3.568094234E+00 
       138  1.281249430E-02 -1.281250268E-02  6.562000141E-03  3.501944430E+00 
       139  1.293749455E-02 -1.293750294E-02  6.562000141E-03  3.488500583E+00 
       140  1.306249388E-02 -1.306250319E-02  6.562000141E-03  3.521830548E+00 
       141  8.812494576E-03 -8.812502958E-03  6.562000141E-03  1.321684293E+00 
       142  8.687494323E-03 -8.687502705E-03  6.562000141E-03  1.390533059E+00 
       143  8.562494069E-03 -8.562502451E-03  6.562000141E-03  1.547396713E+00 
       144  1.768749394E-02 -1.768750325E-02  6.562000141E-03  4.985891356E+00 
       145  1.756249368E-02 -1.756250300E-02  6.562000141E-03  4.975608475E+00 
       146  1.743749343E-02 -1.743750274E-02  6.562000141E-03  5.040369445E+00 
       147  1.731249318E-02 -1.731250249E-02  6.562000141E-03  5.152785332E+00 
       148  1.718749292E-02 -1.718750224E-02  6.562000141E-03  5.216154810E+00 
       149  1.706249453E-02 -1.706250384E-02  6.562000141E-03  5.184353392E+00 
       150  1.693749428E-02 -1.693750359E-02  6.562000141E-03  5.012757140E+00 
       151  1.681249402E-02 -1.681250334E-02  6.562000141E-03  4.879068927E+00 
       152  1.668749377E-02 -1.668750308E-02  6.562000141E-03  4.805858871E+00 
       153  1.656249352E-02 -1.656250283E-02  6.562000141E-03  4.756007802E+00 
       154  1.643749326E-02 -1.643750258E-02  6.562000141E-03  4.708873942E+00 
       155  1.631249301E-02 -1.631250232E-02  6.562000141E-03  4.667828661E+00 
       156  1.618749462E-02 -1.618750207E-02  6.562000141E-03  4.630827417E+00 
       157  1.606249437E-02 -1.606250368E-02  6.562000141E-03  4.592303364E+00 
       158  1.593749411E-02 -1.593750343E-02  6.562000141E-03  4.549778723E+00 
       159  1.581249386E-02 -1.581250317E-02  6.562000141E-03  4.503533714E+00 
       160  1.568749361E-02 -1.568750292E-02  6.562000141E-03  4.451675912E+00 
       161  1.556249429E-02 -1.556250267E-02  6.562000141E-03  4.403116993E+00 
       162  1.543749403E-02 -1.543750335E-02  6.562000141E-03  4.366804661E+00 
       163  1.531249378E-02 -1.531250309E-02  6.562000141E-03  4.346946230E+00 
       164  1.518749446E-02 -1.518750284E-02  6.562000141E-03  4.344857545E+00 
       165  1.506249420E-02 -1.506250352E-02  6.562000141E-03  4.348437138E+00 
       166  1.493749395E-02 -1.493750326E-02  6.562000141E-03  4.334443950E+00 
       167  1.481249370E-02 -1.481250301E-02  6.562000141E-03  4.300860112E+00 
       168  1.468749437E-02 -1.468750276E-02  6.562000141E-03  4.263453012E+00 
       169  1.456249412E-02 -1.456250343E-02  6.562000141E-03  4.228995517E+00 
       170  1.443749387E-02 -1.443750318E-02  6.562000141E-03  4.184555877E+00 
       171  1.431249455E-02 -1.431250293E-02  6.562000141E-03  4.120013565E+00 
       172  1.418749429E-02 -1.418750267E-02  6.562000141E-03  4.038908450E+00 
       173  1.406249404E-02 -1.406250335E-02  6.562000141E-03  3.949918514E+00 
       174  1.393749379E-02 -1.393750310E-02  6.562000141E-03  3.858655485E+00 
       175  1.381249446E-02 -1.381250285E-02  6.562000141E-03  3.760195805E+00 
       176  1.368749421E-02 -1.368750259E-02  6.562000141E-03  3.679024152E+00 
       177  1.356249396E-02 -1.356250327E-02  6.562000141E-03  3.615667368E+00 
       178  1.343749370E-02 -1.343750302E-02  6.562000141E-03  3.592053149E+00 
       179  1.331249438E-02 -1.331250276E-02  6.562000141E-03  3.588502139E+00 
       180  1.318749413E-02 -1.318750251E-02  6.562000141E-03  3.567270999E+00 
