cellnumber     x-coordinate     y-coordinate     z-coordinate velocity-magnitude 
         1  1.880351081E-02 -1.880351454E-02  6.562000141E-03  5.153733041E+00 
         2  1.895662583E-02 -1.895662583E-02  6.561999675E-03  5.249010870E+00 
         3  1.856250130E-02 -1.856250688E-02  6.562000141E-03  5.244756565E+00 
         4  1.843750104E-02 -1.843750663E-02  6.562000141E-03  5.284095877E+00 
         5  1.831250079E-02 -1.831250638E-02  6.562000141E-03  5.254748786E+00 
         6  1.818750054E-02 -1.818750612E-02  6.562000141E-03  5.241948935E+00 
         7  1.806250028E-02 -1.806250587E-02  6.562000141E-03  5.234042383E+00 
         8  1.793750003E-02 -1.793750562E-02  6.562000141E-03  5.209371120E+00 
         9  1.890108548E-02 -1.890108548E-02  6.562000141E-03  5.243442313E+00 
        10  1.868750155E-02 -1.868750714E-02  6.562000141E-03  5.174395697E+00 
        11  1.781249978E-02 -1.781250723E-02  6.562000141E-03  5.168246456E+00 
        12  1.768750139E-02 -1.768750697E-02  6.562000141E-03  5.123786690E+00 
        13  1.756250113E-02 -1.756250672E-02  6.562000141E-03  5.091794264E+00 
        14  1.743750088E-02 -1.743750647E-02  6.562000141E-03  5.069840530E+00 
        15  1.731250063E-02 -1.731250621E-02  6.562000141E-03  5.043540779E+00 
        16  1.718750037E-02 -1.718750596E-02  6.562000141E-03  4.991674498E+00 
        17  1.706250012E-02 -1.706250571E-02  6.562000141E-03  4.953525118E+00 
        18  1.693749987E-02 -1.693750732E-02  6.562000141E-03  4.936240306E+00 
        19  2.830280224E-03 -2.830280224E-03  6.562000606E-03  1.060091331E+00 
        20  2.835373627E-03 -2.835373627E-03  6.562000606E-03  1.085209505E+00 
        21  2.841493115E-03 -2.841493115E-03  6.562000141E-03  1.111206670E+00 
        22  2.848849166E-03 -2.848849166E-03  6.562000141E-03  1.136459912E+00 
        23  2.857688349E-03 -2.857688349E-03  6.562000141E-03  1.158507415E+00 
        24  2.868303098E-03 -2.868303098E-03  6.562000141E-03  1.173664013E+00 
        25  2.881055698E-03 -2.881055698E-03  6.562000141E-03  1.178014761E+00 
        26  2.896386897E-03 -2.896386897E-03  6.562000606E-03  1.165012752E+00 
        27  2.914825454E-03 -2.914825454E-03  6.562000141E-03  1.134429496E+00 
        28  2.937011421E-03 -2.937011421E-03  6.562000141E-03  1.083070821E+00 
        29  2.967901761E-03 -2.967901761E-03  6.562000141E-03  1.035163434E+00 
        30  3.022594145E-03 -3.022594145E-03  6.562000141E-03  1.024133364E+00 
        31  3.099788679E-03 -3.099788679E-03  6.562000606E-03  1.011049803E+00 
        32  3.195532598E-03 -3.195534227E-03  6.562000606E-03  1.163083592E+00 
        33  3.312501824E-03 -3.312505549E-03  6.562000141E-03  1.380837113E+00 
        34  3.437501844E-03 -3.437505569E-03  6.562000141E-03  1.611158829E+00 
        35  3.562501865E-03 -3.562505590E-03  6.562000141E-03  1.706112368E+00 
        36  3.687501885E-03 -3.687505610E-03  6.562000141E-03  1.738618834E+00 
        37  3.812501905E-03 -3.812505631E-03  6.562000141E-03  1.769073885E+00 
        38  3.937501926E-03 -3.937505651E-03  6.562000141E-03  1.898468546E+00 
        39  4.062502179E-03 -4.062505905E-03  6.562000141E-03  2.099731549E+00 
        40  1.293750107E-02 -1.293750666E-02  6.562000141E-03  3.806000965E+00 
        41  1.281250175E-02 -1.281250641E-02  6.562000141E-03  3.751456179E+00 
        42  1.268750150E-02 -1.268750615E-02  6.562000141E-03  3.677351774E+00 
        43  1.256250124E-02 -1.256250590E-02  6.562000141E-03  3.627212265E+00 
        44  1.243750099E-02 -1.243750658E-02  6.562000141E-03  3.561711475E+00 
        45  1.231250167E-02 -1.231250633E-02  6.562000141E-03  3.444142971E+00 
        46  1.218750142E-02 -1.218750607E-02  6.562000141E-03  3.283034652E+00 
        47  1.206250116E-02 -1.206250675E-02  6.562000141E-03  3.120449146E+00 
        48  1.193750184E-02 -1.193750650E-02  6.562000141E-03  3.063411800E+00 
        49  1.181250159E-02 -1.181250624E-02  6.562000141E-03  3.043044479E+00 
        50  1.168750133E-02 -1.168750599E-02  6.562000141E-03  2.989232183E+00 
        51  1.156250108E-02 -1.156250667E-02  6.562000141E-03  2.814348743E+00 
        52  1.306250133E-02 -1.306250598E-02  6.562000141E-03  3.831574526E+00 
        53  1.143750176E-02 -1.143750641E-02  6.562000141E-03  2.571319077E+00 
        54  1.131250151E-02 -1.131250616E-02  6.562000141E-03  2.358347357E+00 
        55  1.118750125E-02 -1.118750591E-02  6.562000141E-03  2.192071004E+00 
        56  1.106250100E-02 -1.106250659E-02  6.562000141E-03  2.065686054E+00 
        57  1.093750168E-02 -1.093750633E-02  6.562000141E-03  1.938019022E+00 
        58  1.081250142E-02 -1.081250608E-02  6.562000141E-03  1.804272211E+00 
        59  1.068750117E-02 -1.068750583E-02  6.562000141E-03  1.395615784E+00 
        60  1.056250185E-02 -1.056250650E-02  6.562000141E-03  1.474426071E+00 
        61  1.043750159E-02 -1.043750625E-02  6.562000141E-03  1.710773408E+00 
        62  1.031250134E-02 -1.031250600E-02  6.562000141E-03  2.188727315E+00 
        63  1.018750109E-02 -1.018750574E-02  6.562000141E-03  2.191564232E+00 
        64  1.006250177E-02 -1.006250642E-02  6.562000141E-03  2.128065572E+00 
        65  9.937501512E-03 -9.937506169E-03  6.562000141E-03  1.941506453E+00 
        66  9.812501259E-03 -9.812505916E-03  6.562000141E-03  1.633692908E+00 
        67  9.687501937E-03 -9.687506594E-03  6.562000141E-03  1.503287972E+00 
        68  9.562501684E-03 -9.562506340E-03  6.562000141E-03  1.565904777E+00 
        69  9.437501431E-03 -9.437506087E-03  6.562000141E-03  1.743743486E+00 
        70  9.312501177E-03 -9.312505834E-03  6.562000141E-03  1.992744333E+00 
        71  9.187501855E-03 -9.187506512E-03  6.562000141E-03  2.090554777E+00 
        72  9.062501602E-03 -9.062506258E-03  6.562000141E-03  2.135861134E+00 
        73  8.937501349E-03 -8.937506005E-03  6.562000141E-03  2.240425879E+00 
        74  8.812502027E-03 -8.812505752E-03  6.562000141E-03  2.304970992E+00 
        75  8.687501773E-03 -8.687506430E-03  6.562000141E-03  2.287668418E+00 
        76  8.562501520E-03 -8.562506177E-03  6.562000141E-03  2.293628609E+00 
        77  8.437501267E-03 -8.437505923E-03  6.562000141E-03  2.144930967E+00 
        78  8.312501945E-03 -8.312505670E-03  6.562000141E-03  2.126559382E+00 
        79  8.187501691E-03 -8.187506348E-03  6.562000141E-03  1.912407439E+00 
        80  8.062501438E-03 -8.062506095E-03  6.562000141E-03  1.389655799E+00 
        81  7.937502116E-03 -7.937505841E-03  6.562000141E-03  1.528943125E+00 
        82  7.812501863E-03 -7.812505588E-03  6.562000141E-03  1.555781161E+00 
        83  7.687501609E-03 -7.687505800E-03  6.562000141E-03  1.551969386E+00 
        84  7.562501822E-03 -7.562506013E-03  6.562000141E-03  1.583834374E+00 
        85  4.187501967E-03 -4.187505692E-03  6.562000141E-03  2.271095353E+00 
        86  4.312501755E-03 -4.312505946E-03  6.562000141E-03  2.352438843E+00 
        87  4.437502008E-03 -4.437505733E-03  6.562000141E-03  2.360681832E+00 
        88  4.562501796E-03 -4.562505521E-03  6.562000141E-03  2.365389259E+00 
        89  4.687502049E-03 -4.687505774E-03  6.562000141E-03  2.306388097E+00 
        90  4.812501837E-03 -4.812505562E-03  6.562000141E-03  2.348501655E+00 
        91  4.937502090E-03 -4.937505815E-03  6.562000141E-03  2.254425133E+00 
        92  5.062501878E-03 -5.062505603E-03  6.562000141E-03  1.937298311E+00 
        93  5.187501665E-03 -5.187505856E-03  6.562000141E-03  1.622585420E+00 
        94  5.312501919E-03 -5.312505644E-03  6.562000141E-03  1.631468540E+00 
        95  5.437501706E-03 -5.437505897E-03  6.562000141E-03  1.619469399E+00 
        96  5.562501960E-03 -5.562505685E-03  6.562000141E-03  1.301200368E+00 
        97  5.687501747E-03 -5.687505938E-03  6.562000141E-03  1.212340236E+00 
        98  5.812502000E-03 -5.812505726E-03  6.562000141E-03  1.358275390E+00 
        99  5.937501788E-03 -5.937505979E-03  6.562000141E-03  1.436206096E+00 
       100  6.062502041E-03 -6.062505767E-03  6.562000141E-03  1.355145196E+00 
       101  6.187501829E-03 -6.187506020E-03  6.562000141E-03  1.193286876E+00 
       102  6.312501617E-03 -6.312505808E-03  6.562000141E-03  1.200285000E+00 
       103  6.437501870E-03 -6.437506061E-03  6.562000141E-03  1.171719104E+00 
       104  6.562501658E-03 -6.562505849E-03  6.562000141E-03  1.119373217E+00 
       105  6.687501911E-03 -6.687506102E-03  6.562000141E-03  1.233158672E+00 
       106  6.812501699E-03 -6.812505890E-03  6.562000141E-03  1.354145717E+00 
       107  6.937501952E-03 -6.937506143E-03  6.562000141E-03  1.367385601E+00 
       108  7.062501740E-03 -7.062505931E-03  6.562000141E-03  1.480155500E+00 
       109  7.187501527E-03 -7.187505718E-03  6.562000141E-03  1.483099410E+00 
       110  7.312501781E-03 -7.312505972E-03  6.562000141E-03  1.606570786E+00 
       111  7.437501568E-03 -7.437505759E-03  6.562000141E-03  1.590966469E+00 
       112  1.681250148E-02 -1.681250706E-02  6.562000141E-03  4.916239252E+00 
       113  1.668750122E-02 -1.668750681E-02  6.562000141E-03  4.895687944E+00 
       114  1.656250097E-02 -1.656250656E-02  6.562000141E-03  4.833280333E+00 
       115  1.643750072E-02 -1.643750630E-02  6.562000141E-03  4.733740463E+00 
       116  1.631250046E-02 -1.631250605E-02  6.562000141E-03  4.606189020E+00 
       117  1.618750021E-02 -1.618750580E-02  6.562000141E-03  4.477173677E+00 
       118  1.606249996E-02 -1.606250554E-02  6.562000141E-03  4.371814038E+00 
       119  1.593750156E-02 -1.593750715E-02  6.562000141E-03  4.289538653E+00 
       120  1.581250131E-02 -1.581250690E-02  6.562000141E-03  4.240544609E+00 
       121  1.568750106E-02 -1.568750665E-02  6.562000141E-03  4.208993785E+00 
       122  1.556250080E-02 -1.556250639E-02  6.562000141E-03  4.187170825E+00 
       123  1.543750148E-02 -1.543750614E-02  6.562000141E-03  4.192437867E+00 
       124  1.531250123E-02 -1.531250682E-02  6.562000141E-03  4.208377042E+00 
       125  1.518750098E-02 -1.518750656E-02  6.562000141E-03  4.199066514E+00 
       126  1.506250072E-02 -1.506250631E-02  6.562000141E-03  4.184458550E+00 
       127  1.493750140E-02 -1.493750699E-02  6.562000141E-03  4.162995515E+00 
       128  1.481250115E-02 -1.481250674E-02  6.562000141E-03  4.091689741E+00 
       129  1.468750089E-02 -1.468750648E-02  6.562000141E-03  3.977303916E+00 
       130  1.456250157E-02 -1.456250623E-02  6.562000141E-03  3.887544038E+00 
       131  1.443750132E-02 -1.443750691E-02  6.562000141E-03  3.888390858E+00 
       132  1.431250107E-02 -1.431250665E-02  6.562000141E-03  3.906440543E+00 
       133  1.418750081E-02 -1.418750640E-02  6.562000141E-03  3.910374437E+00 
       134  1.406250149E-02 -1.406250615E-02  6.562000141E-03  3.921020926E+00 
       135  1.393750124E-02 -1.393750682E-02  6.562000141E-03  3.925272217E+00 
       136  1.381250098E-02 -1.381250657E-02  6.562000141E-03  3.914714712E+00 
       137  1.368750166E-02 -1.368750632E-02  6.562000141E-03  3.913068312E+00 
       138  1.356250141E-02 -1.356250606E-02  6.562000141E-03  3.930416032E+00 
       139  1.343750115E-02 -1.343750674E-02  6.562000141E-03  3.948426673E+00 
       140  1.331250090E-02 -1.331250649E-02  6.562000141E-03  3.927242147E+00 
       141  1.318750158E-02 -1.318750624E-02  6.562000141E-03  3.874355215E+00 
       142  1.944607310E-02 -1.944607310E-02  6.562000141E-03  5.102785330E+00 
       143  1.951807365E-02 -1.951807365E-02  6.562000141E-03  5.063738089E+00 
       144  1.959007233E-02 -1.959007233E-02  6.562000141E-03  5.077884379E+00 
       145  1.966207288E-02 -1.966207288E-02  6.562000141E-03  4.969795873E+00 
       146  1.973407343E-02 -1.973407343E-02  6.562000141E-03  4.913499059E+00 
       147  1.980607398E-02 -1.980607398E-02  6.562000141E-03  4.787779666E+00 
       148  1.987807266E-02 -1.987807266E-02  6.562000141E-03  4.884354096E+00 
       149  1.995007321E-02 -1.995007321E-02  6.562000141E-03  4.887606062E+00 
       150  2.002207376E-02 -2.002207376E-02  6.562000141E-03  5.078163844E+00 
       151  2.009407431E-02 -2.009407431E-02  6.562000141E-03  5.132526360E+00 
       152  2.016607299E-02 -2.016607299E-02  6.562000141E-03  5.258180199E+00 
       153  2.023807354E-02 -2.023807354E-02  6.562000141E-03  5.332897997E+00 
       154  2.031007409E-02 -2.031007409E-02  6.562000141E-03  5.387399387E+00 
       155  2.038207278E-02 -2.038207278E-02  6.562000141E-03  5.470369838E+00 
       156  2.045407332E-02 -2.045407332E-02  6.562000141E-03  5.418435551E+00 
       157  2.052607387E-02 -2.052607387E-02  6.562000141E-03  5.481059126E+00 
       158  2.059807256E-02 -2.059807256E-02  6.562000141E-03  5.327257670E+00 
       159  2.067007311E-02 -2.067007311E-02  6.562000141E-03  5.352901132E+00 
       160  2.074207366E-02 -2.074207366E-02  6.562000141E-03  5.113893932E+00 
       161  2.081407420E-02 -2.081407420E-02  6.562000141E-03  5.078832847E+00 
       162  2.088592015E-02 -2.088592015E-02  6.562000141E-03  4.878380182E+00 
       163  2.093681321E-02 -2.093681321E-02  6.562000606E-03  4.903755283E+00 
       164  2.101956122E-02 -2.101956122E-02  6.562000606E-03  4.817372642E+00 
       165  2.107902244E-02 -2.107902244E-02  6.562000606E-03  4.757279469E+00 
       166  2.110386454E-02 -2.110386454E-02  6.562000606E-03  4.513957084E+00 
       167  2.112595551E-02 -2.112595551E-02  6.562000606E-03  4.124903213E+00 
       168  2.114437334E-02 -2.114437334E-02  6.562000606E-03  3.577710979E+00 
       169  2.115972713E-02 -2.115972713E-02  6.562000606E-03  2.944963337E+00 
       170  2.117252536E-02 -2.117252536E-02  6.562000141E-03  2.333258146E+00 
       171  2.118319459E-02 -2.118319459E-02  6.562000141E-03  1.779629100E+00 
       172  2.119208500E-02 -2.119208500E-02  6.562000141E-03  1.289756878E+00 
       173  2.119949646E-02 -2.119949646E-02  6.562000141E-03  8.602434065E-01 
       174  2.120567486E-02 -2.120567486E-02  6.562000141E-03  4.865153863E-01 
       175  2.121082321E-02 -2.121082321E-02  6.562000141E-03  1.639915765E-01 
       176  1.899245940E-02 -1.899245940E-02  6.562000606E-03  5.394737023E+00 
       177  1.905349456E-02 -1.905349456E-02  6.562000606E-03  5.394299150E+00 
       178  1.914011873E-02 -1.914011873E-02  6.562000141E-03  5.329099416E+00 
       179  1.923859492E-02 -1.923859492E-02  6.561999675E-03  5.241222838E+00 
       180  1.930207387E-02 -1.930207387E-02  6.562000141E-03  5.179584337E+00 
       181  1.937407255E-02 -1.937407255E-02  6.562000141E-03  5.112939880E+00 
