cellnumber     x-coordinate     y-coordinate     z-coordinate velocity-magnitude 
         1  1.718749665E-02 -1.718749665E-02  6.562000141E-03  4.628536767E+00 
         2  1.706249639E-02 -1.706249639E-02  6.562000141E-03  4.586114241E+00 
         3  1.693749614E-02 -1.693749614E-02  6.562000141E-03  4.575263101E+00 
         4  1.681249589E-02 -1.681249589E-02  6.562000141E-03  4.589897403E+00 
         5  1.668749563E-02 -1.668749563E-02  6.562000141E-03  4.566442154E+00 
         6  1.656249724E-02 -1.656249538E-02  6.562000141E-03  4.494628005E+00 
         7  1.643749699E-02 -1.643749513E-02  6.562000141E-03  4.428552126E+00 
         8  1.631249674E-02 -1.631249487E-02  6.562000141E-03  4.413194929E+00 
         9  1.618749648E-02 -1.618749648E-02  6.562000141E-03  4.440692278E+00 
        10  1.606249623E-02 -1.606249623E-02  6.562000141E-03  4.454636910E+00 
        11  1.593749598E-02 -1.593749598E-02  6.562000141E-03  4.419244822E+00 
        12  1.581249572E-02 -1.581249572E-02  6.562000141E-03  4.321916335E+00 
        13  1.568749733E-02 -1.568749547E-02  6.562000141E-03  4.235398600E+00 
        14  1.556249708E-02 -1.556249615E-02  6.562000141E-03  4.254389825E+00 
        15  1.543749683E-02 -1.543749589E-02  6.562000141E-03  4.273002805E+00 
        16  1.531249657E-02 -1.531249564E-02  6.562000141E-03  4.319243734E+00 
        17  1.518749725E-02 -1.518749632E-02  6.562000141E-03  4.313395472E+00 
        18  1.506249700E-02 -1.506249607E-02  6.562000141E-03  4.261160300E+00 
        19  1.493749674E-02 -1.493749581E-02  6.562000141E-03  4.241985650E+00 
        20  1.481249649E-02 -1.481249556E-02  6.562000141E-03  4.287049785E+00 
        21  1.468749717E-02 -1.468749624E-02  6.562000141E-03  4.383262826E+00 
        22  1.456249692E-02 -1.456249598E-02  6.562000141E-03  4.455358214E+00 
        23  1.443749666E-02 -1.443749573E-02  6.562000141E-03  4.395656802E+00 
        24  1.431249734E-02 -1.431249548E-02  6.562000141E-03  4.279768190E+00 
        25  1.418749709E-02 -1.418749616E-02  6.562000141E-03  4.163602243E+00 
        26  1.406249683E-02 -1.406249590E-02  6.562000141E-03  4.059482733E+00 
        27  1.393749658E-02 -1.393749565E-02  6.562000141E-03  3.969488225E+00 
        28  1.381249726E-02 -1.381249540E-02  6.562000141E-03  3.870988715E+00 
        29  1.368749700E-02 -1.368749607E-02  6.562000141E-03  3.777539505E+00 
        30  1.356249675E-02 -1.356249582E-02  6.562000141E-03  3.701527641E+00 
        31  2.830350772E-03 -2.830350772E-03  6.562000141E-03  1.039755625E+00 
        32  2.835454186E-03 -2.835454186E-03  6.562000141E-03  1.030486331E+00 
        33  2.841583686E-03 -2.841583686E-03  6.562000141E-03  1.024381899E+00 
        34  2.848947421E-03 -2.848947421E-03  6.562000141E-03  1.023558875E+00 
        35  2.857794985E-03 -2.857794985E-03  6.562000606E-03  1.029925972E+00 
        36  2.868429059E-03 -2.868429059E-03  6.562000141E-03  1.044488978E+00 
        37  2.881214023E-03 -2.881214023E-03  6.562000141E-03  1.066389547E+00 
        38  2.896590391E-03 -2.896590391E-03  6.562000141E-03  1.091493909E+00 
        39  2.915092511E-03 -2.915092511E-03  6.562000141E-03  1.116347655E+00 
        40  2.937367884E-03 -2.937367884E-03  6.562000141E-03  1.129360947E+00 
        41  2.973292954E-03 -2.973292954E-03  6.562000141E-03  1.137480978E+00 
        42  3.061023075E-03 -3.061021678E-03  6.562000141E-03  1.232759338E+00 
        43  3.187497612E-03 -3.187495051E-03  6.562000141E-03  1.315557892E+00 
        44  3.312497633E-03 -3.312494839E-03  6.562000141E-03  1.476708251E+00 
        45  3.437497653E-03 -3.437494859E-03  6.562000141E-03  1.631651673E+00 
        46  3.562497674E-03 -3.562494880E-03  6.562000141E-03  1.773325747E+00 
        47  3.687497461E-03 -3.687494900E-03  6.562000141E-03  1.881744248E+00 
        48  3.812497482E-03 -3.812494921E-03  6.562000141E-03  2.024746009E+00 
        49  3.937497735E-03 -3.937494941E-03  6.562000141E-03  2.235140700E+00 
        50  4.062497523E-03 -4.062495194E-03  6.562000141E-03  2.514175974E+00 
        51  4.187497776E-03 -4.187494982E-03  6.562000141E-03  2.677711580E+00 
        52  4.312497564E-03 -4.312495235E-03  6.562000141E-03  2.555411349E+00 
        53  4.437497817E-03 -4.437495023E-03  6.562000141E-03  2.138420879E+00 
        54  4.562497605E-03 -4.562495276E-03  6.562000141E-03  1.773042749E+00 
        55  4.687497392E-03 -4.687495064E-03  6.562000141E-03  1.572184644E+00 
        56  4.812497646E-03 -4.812495317E-03  6.562000141E-03  1.357188475E+00 
        57  4.937497433E-03 -4.937495105E-03  6.562000141E-03  1.221753340E+00 
        58  5.062497687E-03 -5.062495358E-03  6.562000141E-03  1.323342800E+00 
        59  5.187497474E-03 -5.187495146E-03  6.562000141E-03  1.532541949E+00 
        60  5.312497728E-03 -5.312495399E-03  6.562000141E-03  1.732619276E+00 
        61  5.437497515E-03 -5.437495187E-03  6.562000141E-03  1.810092063E+00 
        62  5.562497769E-03 -5.562495440E-03  6.562000141E-03  1.853523477E+00 
        63  5.687497556E-03 -5.687495228E-03  6.562000141E-03  1.873167696E+00 
        64  5.812497344E-03 -5.812495481E-03  6.562000141E-03  1.846808356E+00 
        65  5.937497597E-03 -5.937495269E-03  6.562000141E-03  1.864233247E+00 
        66  6.062497385E-03 -6.062495057E-03  6.562000141E-03  1.948807847E+00 
        67  6.187497638E-03 -6.187495310E-03  6.562000141E-03  2.040615980E+00 
        68  6.312497426E-03 -6.312495098E-03  6.562000141E-03  1.902152805E+00 
        69  6.437497679E-03 -6.437495351E-03  6.562000141E-03  1.690466523E+00 
        70  6.562497467E-03 -6.562495138E-03  6.562000141E-03  1.725251588E+00 
        71  6.687497254E-03 -6.687495392E-03  6.562000141E-03  2.016993573E+00 
        72  6.812497508E-03 -6.812495179E-03  6.562000141E-03  2.250519207E+00 
        73  6.937497295E-03 -6.937495433E-03  6.562000141E-03  2.343445593E+00 
        74  7.062497549E-03 -7.062495220E-03  6.562000141E-03  2.149967795E+00 
        75  7.187497336E-03 -7.187495474E-03  6.562000141E-03  1.840072529E+00 
        76  7.312497590E-03 -7.312495261E-03  6.562000141E-03  1.651202680E+00 
        77  7.437497377E-03 -7.437495515E-03  6.562000141E-03  1.516417885E+00 
        78  7.562497165E-03 -7.562495302E-03  6.562000141E-03  1.448553463E+00 
        79  1.131249685E-02 -1.131249592E-02  6.562000141E-03  2.698159803E+00 
        80  1.143749710E-02 -1.143749524E-02  6.562000141E-03  2.533453172E+00 
        81  1.156249736E-02 -1.156249549E-02  6.562000141E-03  2.650709564E+00 
        82  1.168749668E-02 -1.168749575E-02  6.562000141E-03  3.037631232E+00 
        83  1.181249693E-02 -1.181249600E-02  6.562000141E-03  3.312315268E+00 
        84  1.193749718E-02 -1.193749532E-02  6.562000141E-03  3.320169940E+00 
        85  1.206249744E-02 -1.206249557E-02  6.562000141E-03  3.298928342E+00 
        86  1.218749676E-02 -1.218749583E-02  6.562000141E-03  3.449294808E+00 
        87  1.231249701E-02 -1.231249608E-02  6.562000141E-03  3.601860006E+00 
        88  1.243749727E-02 -1.243749540E-02  6.562000141E-03  3.664520994E+00 
        89  1.256249752E-02 -1.256249566E-02  6.562000141E-03  3.738201611E+00 
        90  1.268749684E-02 -1.268749591E-02  6.562000141E-03  3.777457362E+00 
        91  1.281249709E-02 -1.281249616E-02  6.562000141E-03  3.739742413E+00 
        92  1.293749735E-02 -1.293749548E-02  6.562000141E-03  3.710090065E+00 
        93  1.306249667E-02 -1.306249574E-02  6.562000141E-03  3.689178092E+00 
        94  1.318749692E-02 -1.318749599E-02  6.562000141E-03  3.642435131E+00 
        95  1.331249718E-02 -1.331249624E-02  6.562000141E-03  3.624481370E+00 
        96  1.343749743E-02 -1.343749557E-02  6.562000141E-03  3.645968852E+00 
        97  1.118749753E-02 -1.118749566E-02  6.562000141E-03  2.578333040E+00 
        98  1.106249727E-02 -1.106249541E-02  6.562000141E-03  2.203021313E+00 
        99  1.093749702E-02 -1.093749609E-02  6.562000141E-03  1.944052956E+00 
       100  1.081249677E-02 -1.081249584E-02  6.562000141E-03  2.137763296E+00 
       101  1.068749744E-02 -1.068749558E-02  6.562000141E-03  2.389957701E+00 
       102  1.056249719E-02 -1.056249533E-02  6.562000141E-03  2.439786624E+00 
       103  1.043749694E-02 -1.043749601E-02  6.562000141E-03  2.618230758E+00 
       104  1.031249762E-02 -1.031249575E-02  6.562000141E-03  2.720643639E+00 
       105  1.018749736E-02 -1.018749550E-02  6.562000141E-03  2.298549812E+00 
       106  1.006249711E-02 -1.006249525E-02  6.562000141E-03  1.533352830E+00 
       107  9.937496856E-03 -9.937495925E-03  6.562000141E-03  1.131313963E+00 
       108  9.812497534E-03 -9.812495671E-03  6.562000141E-03  1.312190566E+00 
       109  9.687497281E-03 -9.687495418E-03  6.562000141E-03  1.685084646E+00 
       110  9.562497027E-03 -9.562495165E-03  6.562000141E-03  2.048222792E+00 
       111  9.437497705E-03 -9.437495843E-03  6.562000141E-03  2.071064178E+00 
       112  9.312497452E-03 -9.312495589E-03  6.562000141E-03  1.852222601E+00 
       113  9.187497199E-03 -9.187495336E-03  6.562000141E-03  1.397323269E+00 
       114  9.062496945E-03 -9.062495083E-03  6.562000141E-03  1.262260244E+00 
       115  8.937497623E-03 -8.937495761E-03  6.562000141E-03  1.403858336E+00 
       116  8.812497370E-03 -8.812495507E-03  6.562000141E-03  1.740753781E+00 
       117  8.687497117E-03 -8.687495254E-03  6.562000141E-03  1.982202142E+00 
       118  8.562497795E-03 -8.562495001E-03  6.562000141E-03  2.026353557E+00 
       119  8.437497541E-03 -8.437495679E-03  6.562000141E-03  1.977730795E+00 
       120  8.312497288E-03 -8.312495425E-03  6.562000141E-03  1.857334442E+00 
       121  8.187497035E-03 -8.187495172E-03  6.562000141E-03  1.738327854E+00 
       122  8.062497713E-03 -8.062495850E-03  6.562000141E-03  1.652849629E+00 
       123  7.937497459E-03 -7.937495597E-03  6.562000141E-03  1.553614465E+00 
       124  7.812497206E-03 -7.812495343E-03  6.562000141E-03  1.462038957E+00 
       125  7.687497418E-03 -7.687495556E-03  6.562000141E-03  1.565181170E+00 
       126  1.944607310E-02 -1.944607310E-02  6.562000141E-03  5.470785507E+00 
       127  1.951807365E-02 -1.951807365E-02  6.562000141E-03  5.416870166E+00 
       128  1.959007233E-02 -1.959007233E-02  6.562000141E-03  5.366451042E+00 
       129  1.966207288E-02 -1.966207288E-02  6.562000141E-03  5.302004732E+00 
       130  1.973407343E-02 -1.973407343E-02  6.562000141E-03  5.297247284E+00 
       131  1.980607398E-02 -1.980607398E-02  6.562000141E-03  5.233339688E+00 
       132  1.987807266E-02 -1.987807266E-02  6.562000141E-03  5.359389544E+00 
       133  1.995007321E-02 -1.995007321E-02  6.562000141E-03  5.340110454E+00 
       134  2.002207376E-02 -2.002207376E-02  6.562000141E-03  5.523238148E+00 
       135  2.009407431E-02 -2.009407431E-02  6.562000141E-03  5.522307259E+00 
       136  2.016607299E-02 -2.016607299E-02  6.562000141E-03  5.630913699E+00 
       137  2.023807354E-02 -2.023807354E-02  6.562000141E-03  5.630161663E+00 
       138  2.031007409E-02 -2.031007409E-02  6.562000141E-03  5.633607539E+00 
       139  2.038207278E-02 -2.038207278E-02  6.562000141E-03  5.580792313E+00 
       140  2.045407332E-02 -2.045407332E-02  6.562000141E-03  5.479634831E+00 
       141  2.052607387E-02 -2.052607387E-02  6.562000141E-03  5.417084155E+00 
       142  2.059807256E-02 -2.059807256E-02  6.562000141E-03  5.398205897E+00 
       143  2.067007311E-02 -2.067007311E-02  6.562000141E-03  5.306306814E+00 
       144  2.074207366E-02 -2.074207366E-02  6.562000141E-03  5.244396791E+00 
       145  2.081407420E-02 -2.081407420E-02  6.562000141E-03  5.187942160E+00 
       146  2.088592015E-02 -2.088592015E-02  6.562000141E-03  5.141093566E+00 
       147  2.093681321E-02 -2.093681321E-02  6.562000606E-03  5.200791233E+00 
       148  2.101956122E-02 -2.101956122E-02  6.562000606E-03  5.130047371E+00 
       149  2.107902244E-02 -2.107902244E-02  6.562000606E-03  4.973903640E+00 
       150  2.110386454E-02 -2.110386454E-02  6.562000606E-03  4.875704800E+00 
       151  2.112595551E-02 -2.112595551E-02  6.562000606E-03  4.794749066E+00 
       152  2.114437334E-02 -2.114437334E-02  6.562000606E-03  4.666613332E+00 
       153  2.115972713E-02 -2.115972713E-02  6.562000606E-03  4.342531469E+00 
       154  2.117252536E-02 -2.117252536E-02  6.562000141E-03  3.749933279E+00 
       155  2.118319459E-02 -2.118319459E-02  6.562000141E-03  2.971529473E+00 
       156  2.119208500E-02 -2.119208500E-02  6.562000141E-03  2.165658720E+00 
       157  2.119949646E-02 -2.119949646E-02  6.562000141E-03  1.428488157E+00 
       158  2.120567486E-02 -2.120567486E-02  6.562000141E-03  7.947056505E-01 
       159  2.121082321E-02 -2.121082321E-02  6.562000141E-03  2.633924509E-01 
       160  1.895096339E-02 -1.895096339E-02  6.562000141E-03  5.368356317E+00 
       161  1.890101843E-02 -1.890101843E-02  6.562000141E-03  5.373920123E+00 
       162  1.880909875E-02 -1.880909875E-02  6.562000141E-03  5.383410921E+00 
       163  1.868749596E-02 -1.868749596E-02  6.562000141E-03  5.311357369E+00 
       164  1.856249571E-02 -1.856249571E-02  6.562000141E-03  5.291643088E+00 
       165  1.843749546E-02 -1.843749546E-02  6.562000141E-03  5.219115973E+00 
       166  1.831249706E-02 -1.831249520E-02  6.562000141E-03  5.128721419E+00 
       167  1.818749681E-02 -1.818749681E-02  6.562000141E-03  5.056916356E+00 
       168  1.806249656E-02 -1.806249656E-02  6.562000141E-03  4.985539752E+00 
       169  1.793749630E-02 -1.793749630E-02  6.562000141E-03  4.913743458E+00 
       170  1.781249605E-02 -1.781249605E-02  6.562000141E-03  4.857048398E+00 
       171  1.768749580E-02 -1.768749580E-02  6.562000141E-03  4.767118563E+00 
       172  1.756249554E-02 -1.756249554E-02  6.562000141E-03  4.707386044E+00 
       173  1.743749715E-02 -1.743749529E-02  6.562000141E-03  4.680222733E+00 
       174  1.731249690E-02 -1.731249504E-02  6.562000141E-03  4.664490522E+00 
       175  1.899245940E-02 -1.899245940E-02  6.562000606E-03  5.423655312E+00 
       176  1.905349456E-02 -1.905349456E-02  6.562000606E-03  5.483298314E+00 
       177  1.914011873E-02 -1.914011873E-02  6.562000141E-03  5.478689406E+00 
       178  1.923859492E-02 -1.923859492E-02  6.561999675E-03  5.577841875E+00 
       179  1.930207387E-02 -1.930207387E-02  6.562000141E-03  5.584815567E+00 
       180  1.937407255E-02 -1.937407255E-02  6.562000141E-03  5.546477270E+00 
