cellnumber     x-coordinate     y-coordinate     z-coordinate velocity-magnitude 
         1  1.606250368E-02 -1.606249809E-02  6.562000141E-03  4.206794209E+00 
         2  1.899245940E-02 -1.899245940E-02  6.562000606E-03  5.505416868E+00 
         3  1.905349456E-02 -1.905349456E-02  6.562000606E-03  5.348522580E+00 
         4  1.914011873E-02 -1.914011873E-02  6.562000141E-03  5.298794122E+00 
         5  1.923859492E-02 -1.923859492E-02  6.561999675E-03  5.512246421E+00 
         6  1.930207387E-02 -1.930207387E-02  6.562000141E-03  5.676594155E+00 
         7  1.937407255E-02 -1.937407255E-02  6.562000141E-03  5.684843520E+00 
         8  1.895486563E-02 -1.895486563E-02  6.562000141E-03  5.552637924E+00 
         9  1.889866963E-02 -1.889866963E-02  6.562000141E-03  5.511713532E+00 
        10  1.880285516E-02 -1.880285144E-02  6.562000141E-03  5.543850480E+00 
        11  1.868750341E-02 -1.868749969E-02  6.562000141E-03  5.506764708E+00 
        12  1.856250316E-02 -1.856249943E-02  6.562000141E-03  5.322961089E+00 
        13  1.843750291E-02 -1.843749918E-02  6.562000141E-03  5.108385734E+00 
        14  1.831250452E-02 -1.831249893E-02  6.562000141E-03  4.962593553E+00 
        15  1.818750426E-02 -1.818749867E-02  6.562000141E-03  4.990824302E+00 
        16  1.806250401E-02 -1.806249842E-02  6.562000141E-03  5.176853603E+00 
        17  1.793750376E-02 -1.793749817E-02  6.562000141E-03  5.266180077E+00 
        18  1.781250350E-02 -1.781249978E-02  6.562000141E-03  5.180151759E+00 
        19  1.768750325E-02 -1.768749952E-02  6.562000141E-03  5.026505023E+00 
        20  1.756250300E-02 -1.756249927E-02  6.562000141E-03  4.989953426E+00 
        21  1.743750460E-02 -1.743749902E-02  6.562000141E-03  4.892100784E+00 
        22  1.731250435E-02 -1.731249876E-02  6.562000141E-03  4.703943581E+00 
        23  1.718750410E-02 -1.718749851E-02  6.562000141E-03  4.517358790E+00 
        24  1.706250384E-02 -1.706249826E-02  6.562000141E-03  4.448027897E+00 
        25  1.693750359E-02 -1.693749987E-02  6.562000141E-03  4.515647301E+00 
        26  1.681250334E-02 -1.681249961E-02  6.562000141E-03  4.658975310E+00 
        27  1.668750308E-02 -1.668749936E-02  6.562000141E-03  4.715452533E+00 
        28  1.656250469E-02 -1.656249911E-02  6.562000141E-03  4.698283128E+00 
        29  1.643750444E-02 -1.643749885E-02  6.562000141E-03  4.509357732E+00 
        30  1.631250419E-02 -1.631249860E-02  6.562000141E-03  4.326510105E+00 
        31  1.618750393E-02 -1.618749835E-02  6.562000141E-03  4.223217756E+00 
        32  2.830355195E-03 -2.830355195E-03  6.562000606E-03  1.052774483E+00 
        33  2.835455118E-03 -2.835455118E-03  6.562000606E-03  1.072762135E+00 
        34  2.841580659E-03 -2.841580659E-03  6.562000606E-03  1.104995352E+00 
        35  2.848939272E-03 -2.848939272E-03  6.562000141E-03  1.151950787E+00 
        36  2.857780783E-03 -2.857780783E-03  6.562000141E-03  1.214723395E+00 
        37  2.868407406E-03 -2.868407406E-03  6.562000141E-03  1.291972744E+00 
        38  2.881182823E-03 -2.881182823E-03  6.562000141E-03  1.378762449E+00 
        39  2.896548249E-03 -2.896548249E-03  6.562000141E-03  1.468638591E+00 
        40  2.915035933E-03 -2.915035933E-03  6.562000141E-03  1.554583636E+00 
        41  2.937293379E-03 -2.937293379E-03  6.562000141E-03  1.641747857E+00 
        42  2.975319512E-03 -2.975319512E-03  6.562000606E-03  1.752933604E+00 
        43  3.059382550E-03 -3.059382550E-03  6.562000606E-03  1.854552800E+00 
        44  3.123705974E-03 -3.123705974E-03  6.562000141E-03  1.920948850E+00 
        45  3.189918818E-03 -3.189915325E-03  6.562000141E-03  1.749636581E+00 
        46  3.312505083E-03 -3.312498098E-03  6.562000141E-03  1.711337510E+00 
        47  3.437505104E-03 -3.437498119E-03  6.562000141E-03  1.681868971E+00 
        48  3.562504891E-03 -3.562498139E-03  6.562000141E-03  1.562676972E+00 
        49  3.687504912E-03 -3.687498160E-03  6.562000141E-03  1.395288576E+00 
        50  3.812504932E-03 -3.812498180E-03  6.562000141E-03  1.299135447E+00 
        51  3.937505186E-03 -3.937498201E-03  6.562000141E-03  1.127066062E+00 
        52  4.062504973E-03 -4.062498454E-03  6.562000141E-03  9.778498745E-01 
        53  4.187505227E-03 -4.187498242E-03  6.562000141E-03  8.549752293E-01 
        54  4.312505014E-03 -4.312498495E-03  6.562000141E-03  8.608948745E-01 
        55  4.437505268E-03 -4.437498283E-03  6.562000141E-03  1.012572452E+00 
        56  4.562505055E-03 -4.562498070E-03  6.562000141E-03  1.134130840E+00 
        57  4.687504843E-03 -4.687498324E-03  6.562000141E-03  1.048928027E+00 
        58  4.812505096E-03 -4.812498111E-03  6.562000141E-03  1.001304102E+00 
        59  1.006250456E-02 -1.006249897E-02  6.562000141E-03  8.470592832E-01 
        60  9.937504306E-03 -9.937498719E-03  6.562000141E-03  6.064311380E-01 
        61  9.812504984E-03 -9.812498465E-03  6.562000141E-03  9.217076083E-01 
        62  9.687504731E-03 -9.687499143E-03  6.562000141E-03  1.243001331E+00 
        63  9.562504478E-03 -9.562498890E-03  6.562000141E-03  1.756437085E+00 
        64  9.437504224E-03 -9.437498637E-03  6.562000141E-03  1.879673396E+00 
        65  9.312504902E-03 -9.312498383E-03  6.562000141E-03  1.605655966E+00 
        66  9.187504649E-03 -9.187499061E-03  6.562000141E-03  1.330669603E+00 
        67  9.062504396E-03 -9.062498808E-03  6.562000141E-03  1.010787167E+00 
        68  8.937505074E-03 -8.937498555E-03  6.562000141E-03  8.716432277E-01 
        69  8.812504821E-03 -8.812498301E-03  6.562000141E-03  1.010091559E+00 
        70  8.687504567E-03 -8.687498979E-03  6.562000141E-03  1.198320432E+00 
        71  8.562504314E-03 -8.562498726E-03  6.562000141E-03  1.354424178E+00 
        72  8.437504992E-03 -8.437498473E-03  6.562000141E-03  1.125717796E+00 
        73  8.312504739E-03 -8.312498219E-03  6.562000141E-03  1.823266676E+00 
        74  8.187504485E-03 -8.187498897E-03  6.562000141E-03  2.162124046E+00 
        75  8.062505163E-03 -8.062498644E-03  6.562000141E-03  2.040440130E+00 
        76  7.937504910E-03 -7.937498391E-03  6.562000141E-03  1.675603078E+00 
        77  7.812504657E-03 -7.812498603E-03  6.562000141E-03  1.573052861E+00 
        78  7.687504869E-03 -7.687498350E-03  6.562000141E-03  1.845557863E+00 
        79  7.562504616E-03 -7.562498562E-03  6.562000141E-03  1.977264465E+00 
        80  7.437504828E-03 -7.437498309E-03  6.562000141E-03  1.957931014E+00 
        81  7.312505040E-03 -7.312498521E-03  6.562000141E-03  2.032499232E+00 
        82  7.187504787E-03 -7.187498733E-03  6.562000141E-03  2.169782669E+00 
        83  7.062504999E-03 -7.062498480E-03  6.562000141E-03  2.105672960E+00 
        84  6.937504746E-03 -6.937498692E-03  6.562000141E-03  1.925538619E+00 
        85  6.812504958E-03 -6.812498439E-03  6.562000141E-03  1.683746526E+00 
        86  6.687504705E-03 -6.687498651E-03  6.562000141E-03  1.503468178E+00 
        87  6.562504917E-03 -6.562498398E-03  6.562000141E-03  1.313146564E+00 
        88  6.437504664E-03 -6.437498610E-03  6.562000141E-03  1.102458146E+00 
        89  6.312504876E-03 -6.312498357E-03  6.562000141E-03  8.786668420E-01 
        90  6.187505089E-03 -6.187498569E-03  6.562000141E-03  6.831728011E-01 
        91  6.062504835E-03 -6.062498316E-03  6.562000141E-03  5.648189965E-01 
        92  5.937505048E-03 -5.937498529E-03  6.562000141E-03  6.452363580E-01 
        93  5.812504794E-03 -5.812498275E-03  6.562000141E-03  8.416241489E-01 
        94  5.687505007E-03 -5.687498488E-03  6.562000141E-03  8.883567018E-01 
        95  5.562504753E-03 -5.562498234E-03  6.562000141E-03  8.871875952E-01 
        96  5.437504966E-03 -5.437498447E-03  6.562000141E-03  9.456315129E-01 
        97  5.312505178E-03 -5.312498193E-03  6.562000141E-03  1.029536533E+00 
        98  5.187504925E-03 -5.187498406E-03  6.562000141E-03  1.074220571E+00 
        99  5.062505137E-03 -5.062498152E-03  6.562000141E-03  1.086483384E+00 
       100  4.937504884E-03 -4.937498365E-03  6.562000141E-03  1.088540004E+00 
       101  1.593750343E-02 -1.593749970E-02  6.562000141E-03  4.207114384E+00 
       102  1.581250317E-02 -1.581249945E-02  6.562000141E-03  4.225599495E+00 
       103  1.568750478E-02 -1.568749920E-02  6.562000141E-03  4.304729488E+00 
       104  1.556250453E-02 -1.556249894E-02  6.562000141E-03  4.391951534E+00 
       105  1.543750428E-02 -1.543749869E-02  6.562000141E-03  4.376496784E+00 
       106  1.531250402E-02 -1.531249937E-02  6.562000141E-03  4.269197310E+00 
       107  1.518750470E-02 -1.518749911E-02  6.562000141E-03  4.226862929E+00 
       108  1.506250445E-02 -1.506249886E-02  6.562000141E-03  4.223399881E+00 
       109  1.493750419E-02 -1.493749954E-02  6.562000141E-03  4.169270534E+00 
       110  1.481250394E-02 -1.481249928E-02  6.562000141E-03  4.097955211E+00 
       111  1.468750462E-02 -1.468749903E-02  6.562000141E-03  4.063625360E+00 
       112  1.456250437E-02 -1.456249878E-02  6.562000141E-03  4.093495025E+00 
       113  1.443750411E-02 -1.443749946E-02  6.562000141E-03  4.166527140E+00 
       114  1.431250386E-02 -1.431249920E-02  6.562000141E-03  4.225780850E+00 
       115  1.418750454E-02 -1.418749895E-02  6.562000141E-03  4.234280229E+00 
       116  1.406250428E-02 -1.406249870E-02  6.562000141E-03  4.203033081E+00 
       117  1.393750403E-02 -1.393749937E-02  6.562000141E-03  4.178304819E+00 
       118  1.381250471E-02 -1.381249912E-02  6.562000141E-03  4.173499512E+00 
       119  1.368750446E-02 -1.368749887E-02  6.562000141E-03  4.155484498E+00 
       120  1.356250420E-02 -1.356249861E-02  6.562000141E-03  4.133817125E+00 
       121  1.343750395E-02 -1.343749929E-02  6.562000141E-03  4.110811323E+00 
       122  1.331250463E-02 -1.331249904E-02  6.562000141E-03  4.038978936E+00 
       123  1.318750437E-02 -1.318749879E-02  6.562000141E-03  3.918110729E+00 
       124  1.306250412E-02 -1.306249853E-02  6.562000141E-03  3.819334548E+00 
       125  1.293750480E-02 -1.293749921E-02  6.562000141E-03  3.822900388E+00 
       126  1.281250454E-02 -1.281249896E-02  6.562000141E-03  3.915299145E+00 
       127  1.268750429E-02 -1.268749870E-02  6.562000141E-03  3.970638613E+00 
       128  1.256250404E-02 -1.256249938E-02  6.562000141E-03  3.929160126E+00 
       129  1.243750472E-02 -1.243749913E-02  6.562000141E-03  3.861053671E+00 
       130  1.231250446E-02 -1.231249887E-02  6.562000141E-03  3.764322198E+00 
       131  1.218750421E-02 -1.218749862E-02  6.562000141E-03  3.689145710E+00 
       132  1.206250489E-02 -1.206249930E-02  6.562000141E-03  3.707750681E+00 
       133  1.193750463E-02 -1.193749905E-02  6.562000141E-03  3.725415307E+00 
       134  1.181250438E-02 -1.181249879E-02  6.562000141E-03  3.690564839E+00 
       135  1.168750413E-02 -1.168749854E-02  6.562000141E-03  3.658226514E+00 
       136  1.156250481E-02 -1.156249922E-02  6.562000141E-03  3.487145078E+00 
       137  1.143750455E-02 -1.143749896E-02  6.562000141E-03  3.132050162E+00 
       138  1.131250430E-02 -1.131249871E-02  6.562000141E-03  2.874009125E+00 
       139  1.118750498E-02 -1.118749846E-02  6.562000141E-03  3.018958043E+00 
       140  1.106250472E-02 -1.106249914E-02  6.562000141E-03  3.014397484E+00 
       141  1.093750447E-02 -1.093749888E-02  6.562000141E-03  2.517501647E+00 
       142  1.081250422E-02 -1.081249863E-02  6.562000141E-03  1.959715655E+00 
       143  1.068750490E-02 -1.068749838E-02  6.562000141E-03  1.460578675E+00 
       144  1.056250464E-02 -1.056249905E-02  6.562000141E-03  1.327752220E+00 
       145  1.043750439E-02 -1.043749880E-02  6.562000141E-03  1.730129887E+00 
       146  1.031250507E-02 -1.031249855E-02  6.562000141E-03  2.297910213E+00 
       147  1.018750481E-02 -1.018749829E-02  6.562000141E-03  1.801015590E+00 
       148  1.944607310E-02 -1.944607310E-02  6.562000141E-03  5.727368836E+00 
       149  1.951807365E-02 -1.951807365E-02  6.562000141E-03  5.687344100E+00 
       150  1.959007233E-02 -1.959007233E-02  6.562000141E-03  5.699960041E+00 
       151  1.966207288E-02 -1.966207288E-02  6.562000141E-03  5.702785291E+00 
       152  1.973407343E-02 -1.973407343E-02  6.562000141E-03  5.621810770E+00 
       153  1.980607398E-02 -1.980607398E-02  6.562000141E-03  5.519575659E+00 
       154  1.987807266E-02 -1.987807266E-02  6.562000141E-03  5.366167318E+00 
       155  1.995007321E-02 -1.995007321E-02  6.562000141E-03  5.278234341E+00 
       156  2.002207376E-02 -2.002207376E-02  6.562000141E-03  5.237836646E+00 
       157  2.009407431E-02 -2.009407431E-02  6.562000141E-03  5.182477946E+00 
       158  2.016607299E-02 -2.016607299E-02  6.562000141E-03  5.132083032E+00 
       159  2.023807354E-02 -2.023807354E-02  6.562000141E-03  5.094463305E+00 
       160  2.031007409E-02 -2.031007409E-02  6.562000141E-03  5.072171657E+00 
       161  2.038207278E-02 -2.038207278E-02  6.562000141E-03  5.062273196E+00 
       162  2.045407332E-02 -2.045407332E-02  6.562000141E-03  5.013861751E+00 
       163  2.052607387E-02 -2.052607387E-02  6.562000141E-03  4.973343371E+00 
       164  2.059807256E-02 -2.059807256E-02  6.562000141E-03  4.841311259E+00 
       165  2.067007311E-02 -2.067007311E-02  6.562000141E-03  4.758599428E+00 
       166  2.074207366E-02 -2.074207366E-02  6.562000141E-03  4.670881555E+00 
       167  2.081407420E-02 -2.081407420E-02  6.562000141E-03  4.561266385E+00 
       168  2.088592015E-02 -2.088592015E-02  6.562000141E-03  4.515964436E+00 
       169  2.093681321E-02 -2.093681321E-02  6.562000606E-03  4.552788196E+00 
       170  2.101956122E-02 -2.101956122E-02  6.562000606E-03  4.718455355E+00 
       171  2.107902244E-02 -2.107902244E-02  6.562000606E-03  4.859974497E+00 
       172  2.110386454E-02 -2.110386454E-02  6.562000606E-03  4.948403848E+00 
       173  2.112595551E-02 -2.112595551E-02  6.562000606E-03  4.786597199E+00 
       174  2.114437334E-02 -2.114437334E-02  6.562000606E-03  4.377694808E+00 
       175  2.115972713E-02 -2.115972713E-02  6.562000606E-03  3.786014980E+00 
       176  2.117252536E-02 -2.117252536E-02  6.562000141E-03  3.106469294E+00 
       177  2.118319459E-02 -2.118319459E-02  6.562000141E-03  2.410217637E+00 
       178  2.119208500E-02 -2.119208500E-02  6.562000141E-03  1.751745961E+00 
       179  2.119949646E-02 -2.119949646E-02  6.562000141E-03  1.162210748E+00 
       180  2.120567486E-02 -2.120567486E-02  6.562000141E-03  6.518149304E-01 
       181  2.121082321E-02 -2.121082321E-02  6.562000141E-03  2.176974990E-01 
