cellnumber     x-coordinate     y-coordinate     z-coordinate velocity-magnitude 
         1  1.899245940E-02 -1.899245940E-02  6.562000606E-03  5.115229236E+00 
         2  1.905349456E-02 -1.905349456E-02  6.562000606E-03  4.842801872E+00 
         3  1.914011873E-02 -1.914011873E-02  6.562000141E-03  4.837869472E+00 
         4  1.923859492E-02 -1.923859492E-02  6.561999675E-03  4.566337279E+00 
         5  1.930207387E-02 -1.930207387E-02  6.562000141E-03  4.551230776E+00 
         6  1.937407255E-02 -1.937407255E-02  6.562000141E-03  4.565823318E+00 
         7  1.944607310E-02 -1.944607310E-02  6.562000141E-03  4.676406948E+00 
         8  1.951807365E-02 -1.951807365E-02  6.562000141E-03  4.760255452E+00 
         9  1.959007233E-02 -1.959007233E-02  6.562000141E-03  4.899340298E+00 
        10  1.966207288E-02 -1.966207288E-02  6.562000141E-03  5.026780338E+00 
        11  1.973407343E-02 -1.973407343E-02  6.562000141E-03  5.160601234E+00 
        12  1.980607398E-02 -1.980607398E-02  6.562000141E-03  5.209790873E+00 
        13  1.987807266E-02 -1.987807266E-02  6.562000141E-03  5.356799364E+00 
        14  1.995007321E-02 -1.995007321E-02  6.562000141E-03  5.361934889E+00 
        15  2.002207376E-02 -2.002207376E-02  6.562000141E-03  5.455043137E+00 
        16  2.009407431E-02 -2.009407431E-02  6.562000141E-03  5.345513284E+00 
        17  2.016607299E-02 -2.016607299E-02  6.562000141E-03  5.359559655E+00 
        18  2.023807354E-02 -2.023807354E-02  6.562000141E-03  5.176967995E+00 
        19  2.031007409E-02 -2.031007409E-02  6.562000141E-03  5.093021971E+00 
        20  2.038207278E-02 -2.038207278E-02  6.562000141E-03  4.974244946E+00 
        21  2.045407332E-02 -2.045407332E-02  6.562000141E-03  4.954652857E+00 
        22  2.052607387E-02 -2.052607387E-02  6.562000141E-03  4.969769215E+00 
        23  2.059807256E-02 -2.059807256E-02  6.562000141E-03  5.018278951E+00 
        24  2.067007311E-02 -2.067007311E-02  6.562000141E-03  5.023007896E+00 
        25  2.074207366E-02 -2.074207366E-02  6.562000141E-03  5.076972018E+00 
        26  2.081407420E-02 -2.081407420E-02  6.562000141E-03  5.050884912E+00 
        27  2.088592015E-02 -2.088592015E-02  6.562000141E-03  5.156656304E+00 
        28  2.093681321E-02 -2.093681321E-02  6.562000606E-03  5.112674756E+00 
        29  2.101956122E-02 -2.101956122E-02  6.562000606E-03  5.121546575E+00 
        30  2.107902244E-02 -2.107902244E-02  6.562000606E-03  5.074769093E+00 
        31  2.110386454E-02 -2.110386454E-02  6.562000606E-03  5.027807995E+00 
        32  2.112595551E-02 -2.112595551E-02  6.562000606E-03  4.882680743E+00 
        33  2.114437334E-02 -2.114437334E-02  6.562000606E-03  4.458901084E+00 
        34  2.115972713E-02 -2.115972713E-02  6.562000606E-03  3.726795094E+00 
        35  2.117252536E-02 -2.117252536E-02  6.562000141E-03  2.940440762E+00 
        36  2.118319459E-02 -2.118319459E-02  6.562000141E-03  2.205616878E+00 
        37  2.119208500E-02 -2.119208500E-02  6.562000141E-03  1.558630873E+00 
        38  2.119949646E-02 -2.119949646E-02  6.562000141E-03  1.012033505E+00 
        39  2.120567486E-02 -2.120567486E-02  6.562000141E-03  5.596515581E-01 
        40  2.121082321E-02 -2.121082321E-02  6.562000141E-03  1.855237622E-01 
        41  1.606250368E-02 -1.606249996E-02  6.562000141E-03  4.918540547E+00 
        42  1.895486377E-02 -1.895486377E-02  6.561999675E-03  5.108244852E+00 
        43  1.889866963E-02 -1.889866963E-02  6.562000141E-03  5.041493356E+00 
        44  1.880285516E-02 -1.880285330E-02  6.562000141E-03  5.049584664E+00 
        45  1.868750341E-02 -1.868749969E-02  6.562000141E-03  4.869774989E+00 
        46  1.856250316E-02 -1.856249943E-02  6.562000141E-03  4.629360103E+00 
        47  1.843750291E-02 -1.843749918E-02  6.562000141E-03  4.581985458E+00 
        48  1.831250452E-02 -1.831249893E-02  6.562000141E-03  4.578033587E+00 
        49  1.818750426E-02 -1.818749867E-02  6.562000141E-03  4.512257027E+00 
        50  1.806250401E-02 -1.806249842E-02  6.562000141E-03  4.414897098E+00 
        51  1.793750376E-02 -1.793750003E-02  6.562000141E-03  4.339813621E+00 
        52  1.781250350E-02 -1.781249978E-02  6.562000141E-03  4.348543968E+00 
        53  1.768750325E-02 -1.768749952E-02  6.562000141E-03  4.449661351E+00 
        54  1.756250300E-02 -1.756249927E-02  6.562000141E-03  4.494470073E+00 
        55  1.743750460E-02 -1.743749902E-02  6.562000141E-03  4.532652328E+00 
        56  1.731250435E-02 -1.731249876E-02  6.562000141E-03  4.781505921E+00 
        57  1.718750410E-02 -1.718749851E-02  6.562000141E-03  4.937483848E+00 
        58  1.706250384E-02 -1.706249826E-02  6.562000141E-03  4.912518683E+00 
        59  1.693750359E-02 -1.693749987E-02  6.562000141E-03  4.854195401E+00 
        60  1.681250334E-02 -1.681249961E-02  6.562000141E-03  4.810561848E+00 
        61  1.668750308E-02 -1.668749936E-02  6.562000141E-03  4.830671769E+00 
        62  1.656250283E-02 -1.656249911E-02  6.562000141E-03  4.740138635E+00 
        63  1.643750444E-02 -1.643749885E-02  6.562000141E-03  4.724638021E+00 
        64  1.631250419E-02 -1.631249860E-02  6.562000141E-03  4.786229841E+00 
        65  1.618750393E-02 -1.618749835E-02  6.562000141E-03  4.811290809E+00 
        66  1.593750343E-02 -1.593749970E-02  6.562000141E-03  4.997541575E+00 
        67  1.581250317E-02 -1.581249945E-02  6.562000141E-03  4.985938571E+00 
        68  1.568750292E-02 -1.568749920E-02  6.562000141E-03  4.874394918E+00 
        69  1.556250453E-02 -1.556249894E-02  6.562000141E-03  4.629204561E+00 
        70  1.543750428E-02 -1.543749962E-02  6.562000141E-03  4.502600142E+00 
        71  1.531250402E-02 -1.531249937E-02  6.562000141E-03  4.468085229E+00 
        72  1.518750377E-02 -1.518749911E-02  6.562000141E-03  4.410849629E+00 
        73  1.506250445E-02 -1.506249886E-02  6.562000141E-03  4.345312576E+00 
        74  1.493750419E-02 -1.493749954E-02  6.562000141E-03  4.305772785E+00 
        75  1.481250394E-02 -1.481249928E-02  6.562000141E-03  4.270905089E+00 
        76  1.468750462E-02 -1.468749903E-02  6.562000141E-03  4.218757891E+00 
        77  1.456250437E-02 -1.456249878E-02  6.562000141E-03  4.176264296E+00 
        78  1.443750411E-02 -1.443749946E-02  6.562000141E-03  4.161288046E+00 
        79  1.431250386E-02 -1.431249920E-02  6.562000141E-03  4.144616299E+00 
        80  1.418750454E-02 -1.418749895E-02  6.562000141E-03  4.122862791E+00 
        81  1.406250428E-02 -1.406249870E-02  6.562000141E-03  4.109365776E+00 
        82  1.393750403E-02 -1.393749937E-02  6.562000141E-03  4.100289336E+00 
        83  1.381250471E-02 -1.381249912E-02  6.562000141E-03  4.074841646E+00 
        84  1.368750446E-02 -1.368749887E-02  6.562000141E-03  4.028557431E+00 
        85  1.356250420E-02 -1.356249955E-02  6.562000141E-03  3.973316816E+00 
        86  1.343750395E-02 -1.343749929E-02  6.562000141E-03  3.893905334E+00 
        87  1.331250463E-02 -1.331249904E-02  6.562000141E-03  3.831447759E+00 
        88  1.318750437E-02 -1.318749879E-02  6.562000141E-03  3.817580609E+00 
        89  1.306250412E-02 -1.306249946E-02  6.562000141E-03  3.817486665E+00 
        90  1.293750387E-02 -1.293749921E-02  6.562000141E-03  3.771608394E+00 
        91  1.281250454E-02 -1.281249896E-02  6.562000141E-03  3.684680652E+00 
        92  1.268750429E-02 -1.268749870E-02  6.562000141E-03  3.601427730E+00 
        93  1.256250404E-02 -1.256249938E-02  6.562000141E-03  3.541612739E+00 
        94  1.243750472E-02 -1.243749913E-02  6.562000141E-03  3.506717792E+00 
        95  1.231250446E-02 -1.231249887E-02  6.562000141E-03  3.501181566E+00 
        96  1.218750421E-02 -1.218749862E-02  6.562000141E-03  3.504417399E+00 
        97  1.206250396E-02 -1.206249930E-02  6.562000141E-03  3.496342340E+00 
        98  1.193750463E-02 -1.193749905E-02  6.562000141E-03  3.422441208E+00 
        99  1.181250438E-02 -1.181249879E-02  6.562000141E-03  3.237518184E+00 
       100  1.168750413E-02 -1.168749854E-02  6.562000141E-03  2.988294508E+00 
       101  1.156250481E-02 -1.156249922E-02  6.562000141E-03  2.897186395E+00 
       102  1.143750455E-02 -1.143749896E-02  6.562000141E-03  2.942492216E+00 
       103  1.131250430E-02 -1.131249871E-02  6.562000141E-03  3.017356856E+00 
       104  1.118750405E-02 -1.118749846E-02  6.562000141E-03  3.101900470E+00 
       105  1.106250472E-02 -1.106249914E-02  6.562000141E-03  3.029100090E+00 
       106  1.093750447E-02 -1.093749888E-02  6.562000141E-03  2.663903211E+00 
       107  1.081250422E-02 -1.081249863E-02  6.562000141E-03  2.062219944E+00 
       108  1.068750490E-02 -1.068749931E-02  6.562000141E-03  1.879948560E+00 
       109  1.056250464E-02 -1.056249905E-02  6.562000141E-03  1.762964190E+00 
       110  1.043750439E-02 -1.043749880E-02  6.562000141E-03  1.833899961E+00 
       111  1.031250414E-02 -1.031249855E-02  6.562000141E-03  2.085618773E+00 
       112  1.018750481E-02 -1.018749923E-02  6.562000141E-03  2.357193118E+00 
       113  2.830355195E-03 -2.830355195E-03  6.562000141E-03  1.046515166E+00 
       114  2.835455118E-03 -2.835455118E-03  6.562000141E-03  1.047781884E+00 
       115  2.841580659E-03 -2.841580659E-03  6.562000141E-03  1.049600590E+00 
       116  2.848939039E-03 -2.848939039E-03  6.562000141E-03  1.052264081E+00 
       117  2.857780783E-03 -2.857780783E-03  6.562000606E-03  1.055990894E+00 
       118  2.868407406E-03 -2.868407406E-03  6.562000606E-03  1.060887178E+00 
       119  2.881182823E-03 -2.881182823E-03  6.562000141E-03  1.066731327E+00 
       120  2.896548016E-03 -2.896548016E-03  6.562000141E-03  1.072237837E+00 
       121  2.915035933E-03 -2.915035933E-03  6.562000141E-03  1.076044195E+00 
       122  2.937293379E-03 -2.937293379E-03  6.562000141E-03  1.075038839E+00 
       123  2.975319512E-03 -2.975319512E-03  6.562000606E-03  1.084187335E+00 
       124  3.059382550E-03 -3.059382550E-03  6.562000606E-03  1.109800887E+00 
       125  3.123705974E-03 -3.123705974E-03  6.562000141E-03  1.063846740E+00 
       126  3.189918818E-03 -3.189915558E-03  6.562000141E-03  1.137444059E+00 
       127  3.312505083E-03 -3.312498098E-03  6.562000141E-03  1.142109815E+00 
       128  3.437504871E-03 -3.437498119E-03  6.562000141E-03  1.165471997E+00 
       129  3.562504891E-03 -3.562498139E-03  6.562000141E-03  1.238114283E+00 
       130  3.687504912E-03 -3.687498160E-03  6.562000141E-03  1.305324972E+00 
       131  3.812504932E-03 -3.812498180E-03  6.562000141E-03  1.400463151E+00 
       132  3.937505186E-03 -3.937498201E-03  6.562000141E-03  1.484705946E+00 
       133  4.062504973E-03 -4.062498454E-03  6.562000141E-03  1.533920259E+00 
       134  4.187505227E-03 -4.187498242E-03  6.562000141E-03  1.564498271E+00 
       135  4.312505014E-03 -4.312498495E-03  6.562000141E-03  1.584251822E+00 
       136  4.437504802E-03 -4.437498283E-03  6.562000141E-03  1.590764227E+00 
       137  4.562505055E-03 -4.562498536E-03  6.562000141E-03  1.594217206E+00 
       138  4.687504843E-03 -4.687498324E-03  6.562000141E-03  1.629903562E+00 
       139  4.812505096E-03 -4.812498577E-03  6.562000141E-03  1.703859911E+00 
       140  1.006250456E-02 -1.006249897E-02  6.562000141E-03  2.418337883E+00 
       141  9.937504306E-03 -9.937498719E-03  6.562000141E-03  2.337419396E+00 
       142  9.812504984E-03 -9.812498465E-03  6.562000141E-03  2.371905563E+00 
       143  9.687504731E-03 -9.687499143E-03  6.562000141E-03  2.420265738E+00 
       144  9.562504478E-03 -9.562498890E-03  6.562000141E-03  2.073044604E+00 
       145  9.437504224E-03 -9.437498637E-03  6.562000141E-03  1.625664075E+00 
       146  9.312504902E-03 -9.312498383E-03  6.562000141E-03  1.230105633E+00 
       147  9.187504649E-03 -9.187499061E-03  6.562000141E-03  1.046059494E+00 
       148  9.062504396E-03 -9.062498808E-03  6.562000141E-03  1.094880655E+00 
       149  8.937505074E-03 -8.937498555E-03  6.562000141E-03  1.117981303E+00 
       150  8.812504821E-03 -8.812498301E-03  6.562000141E-03  1.055487768E+00 
       151  8.687504567E-03 -8.687498979E-03  6.562000141E-03  1.495184153E+00 
       152  8.562504314E-03 -8.562498726E-03  6.562000141E-03  8.019328570E-01 
       153  8.437504992E-03 -8.437498473E-03  6.562000141E-03  5.145527617E-01 
       154  8.312504739E-03 -8.312498219E-03  6.562000141E-03  9.940238360E-01 
       155  8.187504485E-03 -8.187498897E-03  6.562000141E-03  1.992820559E+00 
       156  8.062505163E-03 -8.062498644E-03  6.562000141E-03  2.406539186E+00 
       157  7.937504910E-03 -7.937498391E-03  6.562000141E-03  2.504511675E+00 
       158  7.812504657E-03 -7.812498603E-03  6.562000141E-03  2.502623009E+00 
       159  7.687504869E-03 -7.687498815E-03  6.562000141E-03  2.432073678E+00 
       160  7.562504616E-03 -7.562498562E-03  6.562000141E-03  2.346650959E+00 
       161  7.437504828E-03 -7.437498774E-03  6.562000141E-03  2.346742888E+00 
       162  7.312504575E-03 -7.312498521E-03  6.562000141E-03  2.297588832E+00 
       163  7.187504787E-03 -7.187498733E-03  6.562000141E-03  2.212714357E+00 
       164  7.062504999E-03 -7.062498480E-03  6.562000141E-03  2.130117265E+00 
       165  6.937504746E-03 -6.937498692E-03  6.562000141E-03  2.047500098E+00 
       166  6.812504958E-03 -6.812498439E-03  6.562000141E-03  1.961666309E+00 
       167  6.687504705E-03 -6.687498651E-03  6.562000141E-03  1.956513256E+00 
       168  6.562504917E-03 -6.562498398E-03  6.562000141E-03  1.944830197E+00 
       169  6.437504664E-03 -6.437498610E-03  6.562000141E-03  1.589154935E+00 
       170  6.312504876E-03 -6.312498357E-03  6.562000141E-03  1.270113326E+00 
       171  6.187505089E-03 -6.187498569E-03  6.562000141E-03  1.371407971E+00 
       172  6.062504835E-03 -6.062498316E-03  6.562000141E-03  1.689148271E+00 
       173  5.937505048E-03 -5.937498529E-03  6.562000141E-03  2.047656505E+00 
       174  5.812504794E-03 -5.812498275E-03  6.562000141E-03  2.201045090E+00 
       175  5.687505007E-03 -5.687498488E-03  6.562000141E-03  2.132684745E+00 
       176  5.562504753E-03 -5.562498234E-03  6.562000141E-03  2.064650988E+00 
       177  5.437504966E-03 -5.437498447E-03  6.562000141E-03  1.974218053E+00 
       178  5.312504712E-03 -5.312498193E-03  6.562000141E-03  1.916374636E+00 
       179  5.187504925E-03 -5.187498406E-03  6.562000141E-03  1.904792016E+00 
       180  5.062505137E-03 -5.062498152E-03  6.562000141E-03  1.861249318E+00 
       181  4.937504884E-03 -4.937498365E-03  6.562000141E-03  1.795409512E+00 
