cellnumber     x-coordinate     y-coordinate     z-coordinate velocity-magnitude 
         1  2.830350772E-03 -2.830350772E-03  6.562000141E-03  1.036340449E+00 
         2  2.835454186E-03 -2.835454186E-03  6.562000141E-03  1.015484691E+00 
         3  2.841583686E-03 -2.841583686E-03  6.562000606E-03  9.890900572E-01 
         4  2.848947421E-03 -2.848947421E-03  6.562000606E-03  9.559088212E-01 
         5  2.857794985E-03 -2.857794985E-03  6.562000606E-03  9.150111877E-01 
         6  2.868429059E-03 -2.868429059E-03  6.562000606E-03  8.661696749E-01 
         7  2.881214023E-03 -2.881214023E-03  6.562000606E-03  8.117145274E-01 
         8  2.896590391E-03 -2.896590391E-03  6.562000141E-03  7.569833845E-01 
         9  2.915092744E-03 -2.915092744E-03  6.562000141E-03  7.143746051E-01 
        10  2.937367884E-03 -2.937367884E-03  6.561999675E-03  6.861692565E-01 
        11  2.973292954E-03 -2.973292954E-03  6.562000141E-03  6.853485583E-01 
        12  3.061023075E-03 -3.061021678E-03  6.562000606E-03  8.638678158E-01 
        13  3.187497612E-03 -3.187495051E-03  6.562000141E-03  1.194358208E+00 
        14  3.312497400E-03 -3.312495071E-03  6.562000141E-03  1.404368341E+00 
        15  3.437497420E-03 -3.437495092E-03  6.562000141E-03  1.612492630E+00 
        16  3.562497441E-03 -3.562495112E-03  6.562000141E-03  1.918443618E+00 
        17  3.687497461E-03 -3.687495133E-03  6.562000141E-03  2.156605488E+00 
        18  3.812497482E-03 -3.812495153E-03  6.562000141E-03  2.200399179E+00 
        19  3.937497269E-03 -3.937494941E-03  6.562000141E-03  2.096745366E+00 
        20  4.062497523E-03 -4.062495194E-03  6.562000141E-03  1.895639125E+00 
        21  4.187497776E-03 -4.187495448E-03  6.562000141E-03  1.587296770E+00 
        22  4.312497564E-03 -4.312495235E-03  6.562000141E-03  1.276381113E+00 
        23  4.437497351E-03 -4.437495023E-03  6.562000141E-03  1.081078069E+00 
        24  4.562497605E-03 -4.562495276E-03  6.562000141E-03  9.584240874E-01 
        25  4.687497392E-03 -4.687495064E-03  6.562000141E-03  8.546732032E-01 
        26  4.812497646E-03 -4.812495317E-03  6.562000141E-03  6.627961316E-01 
        27  1.718749665E-02 -1.718749665E-02  6.562000141E-03  4.855750424E+00 
        28  1.706249639E-02 -1.706249639E-02  6.562000141E-03  4.755276877E+00 
        29  1.693749614E-02 -1.693749614E-02  6.562000141E-03  4.638168569E+00 
        30  1.681249589E-02 -1.681249589E-02  6.562000141E-03  4.519368226E+00 
        31  1.668749563E-02 -1.668749563E-02  6.562000141E-03  4.412820602E+00 
        32  1.656249538E-02 -1.656249538E-02  6.562000141E-03  4.391231359E+00 
        33  1.643749699E-02 -1.643749699E-02  6.562000141E-03  4.402241487E+00 
        34  1.631249674E-02 -1.631249674E-02  6.562000141E-03  4.499273302E+00 
        35  1.618749648E-02 -1.618749648E-02  6.562000141E-03  4.599957546E+00 
        36  1.606249623E-02 -1.606249623E-02  6.562000141E-03  4.623297108E+00 
        37  1.593749598E-02 -1.593749598E-02  6.562000141E-03  4.646459759E+00 
        38  1.581249572E-02 -1.581249572E-02  6.562000141E-03  4.675463413E+00 
        39  1.568749547E-02 -1.568749547E-02  6.562000141E-03  4.677133913E+00 
        40  1.556249615E-02 -1.556249615E-02  6.562000141E-03  4.653374422E+00 
        41  1.543749683E-02 -1.543749589E-02  6.562000141E-03  4.579946749E+00 
        42  1.531249657E-02 -1.531249657E-02  6.562000141E-03  4.484446327E+00 
        43  1.518749632E-02 -1.518749632E-02  6.562000141E-03  4.413834335E+00 
        44  1.506249700E-02 -1.506249607E-02  6.562000141E-03  4.367157837E+00 
        45  1.493749674E-02 -1.493749581E-02  6.562000141E-03  4.293921486E+00 
        46  1.481249649E-02 -1.481249649E-02  6.562000141E-03  4.187145968E+00 
        47  1.468749624E-02 -1.468749624E-02  6.562000141E-03  4.066303535E+00 
        48  1.456249692E-02 -1.456249598E-02  6.562000141E-03  3.959187952E+00 
        49  1.443749666E-02 -1.443749573E-02  6.562000141E-03  3.879511254E+00 
        50  1.431249641E-02 -1.431249641E-02  6.562000141E-03  3.852823746E+00 
        51  1.418749709E-02 -1.418749616E-02  6.562000141E-03  3.839239542E+00 
        52  1.406249683E-02 -1.406249590E-02  6.562000141E-03  3.872441493E+00 
        53  1.393749658E-02 -1.393749658E-02  6.562000141E-03  3.886731472E+00 
        54  1.381249633E-02 -1.381249633E-02  6.562000141E-03  3.884405350E+00 
        55  1.368749700E-02 -1.368749607E-02  6.562000141E-03  3.957498245E+00 
        56  1.356249675E-02 -1.356249582E-02  6.562000141E-03  4.095115548E+00 
        57  4.937497433E-03 -4.937495105E-03  6.562000141E-03  7.050348721E-01 
        58  5.062497687E-03 -5.062495358E-03  6.562000141E-03  9.252758580E-01 
        59  5.187497474E-03 -5.187495146E-03  6.562000141E-03  8.663018705E-01 
        60  5.312497262E-03 -5.312495399E-03  6.562000141E-03  8.401876742E-01 
        61  5.437497515E-03 -5.437495187E-03  6.562000141E-03  8.671456324E-01 
        62  5.562497303E-03 -5.562495440E-03  6.562000141E-03  9.314548023E-01 
        63  5.687497556E-03 -5.687495228E-03  6.562000141E-03  1.027464950E+00 
        64  5.812497344E-03 -5.812495481E-03  6.562000141E-03  1.048947446E+00 
        65  5.937497597E-03 -5.937495269E-03  6.562000141E-03  1.092036209E+00 
        66  6.062497385E-03 -6.062495522E-03  6.562000141E-03  1.239634313E+00 
        67  6.187497173E-03 -6.187495310E-03  6.562000141E-03  1.378183775E+00 
        68  6.312497426E-03 -6.312495563E-03  6.562000141E-03  1.524013322E+00 
        69  6.437497213E-03 -6.437495351E-03  6.562000141E-03  1.588485455E+00 
        70  6.562497467E-03 -6.562495604E-03  6.562000141E-03  1.654074020E+00 
        71  6.687497254E-03 -6.687495392E-03  6.562000141E-03  1.698085149E+00 
        72  6.812497508E-03 -6.812495645E-03  6.562000141E-03  1.739954836E+00 
        73  6.937497295E-03 -6.937495433E-03  6.562000141E-03  1.768868321E+00 
        74  7.062497083E-03 -7.062495686E-03  6.562000141E-03  1.810504062E+00 
        75  7.187497336E-03 -7.187495474E-03  6.562000141E-03  1.821111792E+00 
        76  7.312497124E-03 -7.312495727E-03  6.562000141E-03  1.808628455E+00 
        77  7.437497377E-03 -7.437495515E-03  6.562000141E-03  1.830579469E+00 
        78  7.562497165E-03 -7.562495768E-03  6.562000141E-03  1.824470638E+00 
        79  1.131249685E-02 -1.131249592E-02  6.562000141E-03  2.204687356E+00 
        80  1.143749710E-02 -1.143749617E-02  6.562000141E-03  3.078424443E+00 
        81  1.156249642E-02 -1.156249549E-02  6.562000141E-03  3.561144891E+00 
        82  1.168749668E-02 -1.168749575E-02  6.562000141E-03  3.560141096E+00 
        83  1.181249693E-02 -1.181249600E-02  6.562000141E-03  2.883667019E+00 
        84  1.193749718E-02 -1.193749625E-02  6.562000141E-03  2.509284473E+00 
        85  1.206249651E-02 -1.206249557E-02  6.562000141E-03  2.556939721E+00 
        86  1.218749676E-02 -1.218749583E-02  6.562000141E-03  2.759607453E+00 
        87  1.231249701E-02 -1.231249608E-02  6.562000141E-03  3.790399223E+00 
        88  1.243749727E-02 -1.243749633E-02  6.562000141E-03  4.231258764E+00 
        89  1.256249659E-02 -1.256249566E-02  6.562000141E-03  4.075474847E+00 
        90  1.268749684E-02 -1.268749591E-02  6.562000141E-03  4.063963973E+00 
        91  1.281249709E-02 -1.281249616E-02  6.562000141E-03  4.095810178E+00 
        92  1.293749642E-02 -1.293749642E-02  6.562000141E-03  4.099356288E+00 
        93  1.306249667E-02 -1.306249574E-02  6.562000141E-03  4.105626854E+00 
        94  1.318749692E-02 -1.318749599E-02  6.562000141E-03  4.126080274E+00 
        95  1.331249718E-02 -1.331249624E-02  6.562000141E-03  4.113656322E+00 
        96  1.343749650E-02 -1.343749650E-02  6.562000141E-03  4.139804315E+00 
        97  1.118749660E-02 -1.118749566E-02  6.562000141E-03  1.323987876E+00 
        98  1.106249727E-02 -1.106249541E-02  6.562000141E-03  8.406677003E-01 
        99  1.093749702E-02 -1.093749609E-02  6.562000141E-03  8.199759899E-01 
       100  1.081249677E-02 -1.081249584E-02  6.562000141E-03  1.386476449E+00 
       101  1.068749651E-02 -1.068749558E-02  6.562000141E-03  1.573742920E+00 
       102  1.056249719E-02 -1.056249626E-02  6.562000141E-03  1.581821344E+00 
       103  1.043749694E-02 -1.043749601E-02  6.562000141E-03  9.775665304E-01 
       104  1.031249668E-02 -1.031249575E-02  6.562000141E-03  7.588914946E-01 
       105  1.018749736E-02 -1.018749550E-02  6.562000141E-03  1.279647280E+00 
       106  1.006249711E-02 -1.006249618E-02  6.562000141E-03  2.142437305E+00 
       107  9.937496856E-03 -9.937495925E-03  6.562000141E-03  2.399824454E+00 
       108  9.812496603E-03 -9.812495671E-03  6.562000141E-03  2.170164915E+00 
       109  9.687497281E-03 -9.687495418E-03  6.562000141E-03  1.438796778E+00 
       110  9.562497027E-03 -9.562496096E-03  6.562000141E-03  1.617966216E+00 
       111  9.437496774E-03 -9.437495843E-03  6.562000141E-03  1.696572742E+00 
       112  9.312497452E-03 -9.312495589E-03  6.562000141E-03  1.842252160E+00 
       113  9.187497199E-03 -9.187495336E-03  6.562000141E-03  1.687407153E+00 
       114  9.062496945E-03 -9.062496014E-03  6.562000141E-03  1.535149830E+00 
       115  8.937496692E-03 -8.937495761E-03  6.562000141E-03  1.582867270E+00 
       116  8.812497370E-03 -8.812495507E-03  6.562000141E-03  1.830830934E+00 
       117  8.687497117E-03 -8.687495254E-03  6.562000141E-03  2.041808301E+00 
       118  8.562496863E-03 -8.562495932E-03  6.562000141E-03  2.092642490E+00 
       119  8.437497541E-03 -8.437495679E-03  6.562000141E-03  1.963882103E+00 
       120  8.312497288E-03 -8.312495425E-03  6.562000141E-03  1.660443842E+00 
       121  8.187497035E-03 -8.187495172E-03  6.562000141E-03  1.397492451E+00 
       122  8.062496781E-03 -8.062495850E-03  6.562000141E-03  1.371485606E+00 
       123  7.937497459E-03 -7.937495597E-03  6.562000141E-03  1.613202434E+00 
       124  7.812497206E-03 -7.812495343E-03  6.562000141E-03  1.775233738E+00 
       125  7.687497418E-03 -7.687495556E-03  6.562000141E-03  1.770907976E+00 
       126  1.895096339E-02 -1.895096339E-02  6.562000141E-03  4.994265022E+00 
       127  1.890101843E-02 -1.890101843E-02  6.562000141E-03  4.990539846E+00 
       128  1.880909875E-02 -1.880909875E-02  6.562000606E-03  4.980211256E+00 
       129  1.868749596E-02 -1.868749596E-02  6.562000141E-03  4.956365285E+00 
       130  1.856249571E-02 -1.856249571E-02  6.562000141E-03  4.997680536E+00 
       131  1.843749546E-02 -1.843749546E-02  6.562000141E-03  5.014305325E+00 
       132  1.831249520E-02 -1.831249706E-02  6.562000141E-03  5.008994915E+00 
       133  1.818749681E-02 -1.818749681E-02  6.562000141E-03  4.976715633E+00 
       134  1.806249656E-02 -1.806249656E-02  6.562000141E-03  4.963043864E+00 
       135  1.793749630E-02 -1.793749630E-02  6.562000141E-03  4.945063942E+00 
       136  1.781249605E-02 -1.781249605E-02  6.562000141E-03  4.929967079E+00 
       137  1.768749580E-02 -1.768749580E-02  6.562000141E-03  4.988241250E+00 
       138  1.756249554E-02 -1.756249554E-02  6.562000141E-03  5.021518801E+00 
       139  1.743749529E-02 -1.743749715E-02  6.562000141E-03  4.988258713E+00 
       140  1.731249690E-02 -1.731249690E-02  6.562000141E-03  4.931627379E+00 
       141  1.899245940E-02 -1.899245940E-02  6.562000606E-03  5.041092775E+00 
       142  1.905349456E-02 -1.905349456E-02  6.562000606E-03  4.956699293E+00 
       143  1.914011873E-02 -1.914011873E-02  6.562000141E-03  4.954072183E+00 
       144  1.923859492E-02 -1.923859492E-02  6.561999675E-03  4.839076426E+00 
       145  1.930207387E-02 -1.930207387E-02  6.562000141E-03  4.854593961E+00 
       146  1.937407255E-02 -1.937407255E-02  6.562000141E-03  4.856429205E+00 
       147  1.944607310E-02 -1.944607310E-02  6.562000141E-03  4.908422350E+00 
       148  1.951807365E-02 -1.951807365E-02  6.562000141E-03  4.885579356E+00 
       149  1.959007233E-02 -1.959007233E-02  6.562000141E-03  4.905431812E+00 
       150  1.966207288E-02 -1.966207288E-02  6.562000141E-03  4.899501246E+00 
       151  1.973407343E-02 -1.973407343E-02  6.562000141E-03  4.918006590E+00 
       152  1.980607398E-02 -1.980607398E-02  6.562000141E-03  4.930852360E+00 
       153  1.987807266E-02 -1.987807266E-02  6.562000141E-03  4.953243364E+00 
       154  1.995007321E-02 -1.995007321E-02  6.562000141E-03  4.969716257E+00 
       155  2.002207376E-02 -2.002207376E-02  6.562000141E-03  4.995560390E+00 
       156  2.009407431E-02 -2.009407431E-02  6.562000141E-03  5.018050891E+00 
       157  2.016607299E-02 -2.016607299E-02  6.562000141E-03  5.032683575E+00 
       158  2.023807354E-02 -2.023807354E-02  6.562000141E-03  5.049474280E+00 
       159  2.031007409E-02 -2.031007409E-02  6.562000141E-03  5.099501472E+00 
       160  2.038207278E-02 -2.038207278E-02  6.562000141E-03  5.122529409E+00 
       161  2.045407332E-02 -2.045407332E-02  6.562000141E-03  5.162328068E+00 
       162  2.052607387E-02 -2.052607387E-02  6.562000141E-03  5.164413926E+00 
       163  2.059807256E-02 -2.059807256E-02  6.562000141E-03  5.257493534E+00 
       164  2.067007311E-02 -2.067007311E-02  6.562000141E-03  5.273196387E+00 
       165  2.074207366E-02 -2.074207366E-02  6.562000141E-03  5.433490886E+00 
       166  2.081407420E-02 -2.081407420E-02  6.562000141E-03  5.539285379E+00 
       167  2.088592015E-02 -2.088592015E-02  6.562000141E-03  5.600936776E+00 
       168  2.093681321E-02 -2.093681321E-02  6.562000606E-03  5.459938428E+00 
       169  2.101956122E-02 -2.101956122E-02  6.562000606E-03  5.396670294E+00 
       170  2.107902244E-02 -2.107902244E-02  6.562000606E-03  5.325976624E+00 
       171  2.110386454E-02 -2.110386454E-02  6.562000606E-03  4.993412437E+00 
       172  2.112595551E-02 -2.112595551E-02  6.562000606E-03  4.603991643E+00 
       173  2.114437334E-02 -2.114437334E-02  6.562000606E-03  4.075621119E+00 
       174  2.115972713E-02 -2.115972713E-02  6.562000606E-03  3.450025512E+00 
       175  2.117252536E-02 -2.117252536E-02  6.562000141E-03  2.784460747E+00 
       176  2.118319459E-02 -2.118319459E-02  6.562000141E-03  2.137136454E+00 
       177  2.119208500E-02 -2.119208500E-02  6.562000141E-03  1.545105313E+00 
       178  2.119949646E-02 -2.119949646E-02  6.562000141E-03  1.024445564E+00 
       179  2.120567486E-02 -2.120567486E-02  6.562000141E-03  5.759131513E-01 
       180  2.121082321E-02 -2.121082321E-02  6.562000141E-03  1.932022456E-01 
