cellnumber     x-coordinate     y-coordinate     z-coordinate velocity-magnitude 
         1  1.944607310E-02 -1.944607310E-02  6.562000141E-03  5.191613342E+00 
         2  1.951807365E-02 -1.951807365E-02  6.562000141E-03  5.199127212E+00 
         3  1.959007233E-02 -1.959007233E-02  6.562000141E-03  5.227156646E+00 
         4  1.966207288E-02 -1.966207288E-02  6.562000141E-03  5.233361509E+00 
         5  1.973407343E-02 -1.973407343E-02  6.562000141E-03  5.253487335E+00 
         6  1.980607398E-02 -1.980607398E-02  6.562000141E-03  5.254946789E+00 
         7  1.987807266E-02 -1.987807266E-02  6.562000141E-03  5.302480705E+00 
         8  1.995007321E-02 -1.995007321E-02  6.562000141E-03  5.285183082E+00 
         9  2.002207376E-02 -2.002207376E-02  6.562000141E-03  5.367185474E+00 
        10  2.009407431E-02 -2.009407431E-02  6.562000141E-03  5.341990418E+00 
        11  2.016607299E-02 -2.016607299E-02  6.562000141E-03  5.452191515E+00 
        12  2.023807354E-02 -2.023807354E-02  6.562000141E-03  5.448615812E+00 
        13  2.031007409E-02 -2.031007409E-02  6.562000141E-03  5.535574968E+00 
        14  2.038207278E-02 -2.038207278E-02  6.562000141E-03  5.515489441E+00 
        15  2.045407332E-02 -2.045407332E-02  6.562000141E-03  5.532062082E+00 
        16  2.052607387E-02 -2.052607387E-02  6.562000141E-03  5.493797285E+00 
        17  2.059807256E-02 -2.059807256E-02  6.562000141E-03  5.539320816E+00 
        18  2.067007311E-02 -2.067007311E-02  6.562000141E-03  5.566648973E+00 
        19  2.074207366E-02 -2.074207366E-02  6.562000141E-03  5.632632312E+00 
        20  2.081407420E-02 -2.081407420E-02  6.562000141E-03  5.661233230E+00 
        21  2.088592015E-02 -2.088592015E-02  6.562000141E-03  5.631502012E+00 
        22  2.093681321E-02 -2.093681321E-02  6.562000606E-03  5.585828973E+00 
        23  2.101956122E-02 -2.101956122E-02  6.562000606E-03  5.558778969E+00 
        24  2.107902244E-02 -2.107902244E-02  6.562000606E-03  5.520278258E+00 
        25  2.110386454E-02 -2.110386454E-02  6.562000606E-03  5.415717013E+00 
        26  2.112595551E-02 -2.112595551E-02  6.562000606E-03  5.163839866E+00 
        27  2.114437334E-02 -2.114437334E-02  6.562000606E-03  4.703794842E+00 
        28  2.115972713E-02 -2.115972713E-02  6.562000606E-03  4.067636420E+00 
        29  2.117252536E-02 -2.117252536E-02  6.562000141E-03  3.325646356E+00 
        30  2.118319459E-02 -2.118319459E-02  6.562000141E-03  2.566537660E+00 
        31  2.119208500E-02 -2.119208500E-02  6.562000141E-03  1.855320551E+00 
        32  2.119949646E-02 -2.119949646E-02  6.562000141E-03  1.225940492E+00 
        33  2.120567486E-02 -2.120567486E-02  6.562000141E-03  6.859344005E-01 
        34  2.121082321E-02 -2.121082321E-02  6.562000141E-03  2.290214994E-01 
        35  1.899245940E-02 -1.899245940E-02  6.562000606E-03  4.957368797E+00 
        36  1.905349456E-02 -1.905349456E-02  6.562000606E-03  4.971011379E+00 
        37  1.914011873E-02 -1.914011873E-02  6.562000141E-03  5.033055061E+00 
        38  1.923859492E-02 -1.923859492E-02  6.561999675E-03  5.058831473E+00 
        39  1.930207387E-02 -1.930207387E-02  6.562000141E-03  5.133292568E+00 
        40  1.937407255E-02 -1.937407255E-02  6.562000141E-03  5.142015613E+00 
        41  1.681249961E-02 -1.681250706E-02  6.562000141E-03  4.822899406E+00 
        42  1.668750122E-02 -1.668750681E-02  6.562000141E-03  4.856030626E+00 
        43  1.656250097E-02 -1.656250656E-02  6.562000141E-03  4.844615162E+00 
        44  1.643750072E-02 -1.643750630E-02  6.562000141E-03  4.792886038E+00 
        45  1.631250046E-02 -1.631250605E-02  6.562000141E-03  4.706125775E+00 
        46  1.618750021E-02 -1.618750580E-02  6.562000141E-03  4.578024054E+00 
        47  1.606249996E-02 -1.606250741E-02  6.562000141E-03  4.405400288E+00 
        48  1.593749970E-02 -1.593750715E-02  6.562000141E-03  4.199226161E+00 
        49  1.581250131E-02 -1.581250690E-02  6.562000141E-03  4.030877051E+00 
        50  1.568750106E-02 -1.568750665E-02  6.562000141E-03  4.038720203E+00 
        51  1.556250080E-02 -1.556250639E-02  6.562000141E-03  4.105457877E+00 
        52  1.543750055E-02 -1.543750707E-02  6.562000141E-03  4.198014601E+00 
        53  1.531250123E-02 -1.531250682E-02  6.562000141E-03  4.273686013E+00 
        54  1.518750098E-02 -1.518750656E-02  6.562000141E-03  4.283507928E+00 
        55  1.506250072E-02 -1.506250631E-02  6.562000141E-03  4.250685807E+00 
        56  1.493750140E-02 -1.493750699E-02  6.562000141E-03  4.206741021E+00 
        57  1.481250115E-02 -1.481250674E-02  6.562000141E-03  4.181061156E+00 
        58  1.468750089E-02 -1.468750648E-02  6.562000141E-03  4.166552511E+00 
        59  1.456250064E-02 -1.456250716E-02  6.562000141E-03  4.147987137E+00 
        60  1.443750132E-02 -1.443750691E-02  6.562000141E-03  4.134440495E+00 
        61  1.431250107E-02 -1.431250665E-02  6.562000141E-03  4.125517963E+00 
        62  1.418750081E-02 -1.418750640E-02  6.562000141E-03  4.121773126E+00 
        63  1.406250149E-02 -1.406250708E-02  6.562000141E-03  4.107426199E+00 
        64  1.393750124E-02 -1.393750682E-02  6.562000141E-03  4.077246310E+00 
        65  1.381250098E-02 -1.381250657E-02  6.562000141E-03  4.041097611E+00 
        66  1.368750073E-02 -1.368750632E-02  6.562000141E-03  4.006885175E+00 
        67  1.356250141E-02 -1.356250700E-02  6.562000141E-03  3.974188152E+00 
        68  1.343750115E-02 -1.343750674E-02  6.562000141E-03  3.931279292E+00 
        69  1.331250090E-02 -1.331250649E-02  6.562000141E-03  3.856250935E+00 
        70  1.318750065E-02 -1.318750624E-02  6.562000141E-03  3.736999989E+00 
        71  1.306250133E-02 -1.306250691E-02  6.562000141E-03  3.634132462E+00 
        72  1.143750083E-02 -1.143750641E-02  6.562000141E-03  2.638213549E+00 
        73  1.131250151E-02 -1.131250616E-02  6.562000141E-03  2.965216464E+00 
        74  1.118750125E-02 -1.118750684E-02  6.562000141E-03  2.982832722E+00 
        75  1.106250100E-02 -1.106250659E-02  6.562000141E-03  2.707104631E+00 
        76  1.093750168E-02 -1.093750633E-02  6.562000141E-03  2.717560570E+00 
        77  1.081250142E-02 -1.081250608E-02  6.562000141E-03  2.771216481E+00 
        78  1.068750117E-02 -1.068750676E-02  6.562000141E-03  2.795613921E+00 
        79  1.056250092E-02 -1.056250650E-02  6.562000141E-03  2.657906819E+00 
        80  1.043750159E-02 -1.043750625E-02  6.562000141E-03  2.474354481E+00 
        81  1.031250134E-02 -1.031250600E-02  6.562000141E-03  2.472031607E+00 
        82  1.018750109E-02 -1.018750668E-02  6.562000141E-03  2.182730464E+00 
        83  1.006250177E-02 -1.006250642E-02  6.562000141E-03  2.162828927E+00 
        84  9.937501512E-03 -9.937506169E-03  6.562000141E-03  2.202551947E+00 
        85  9.812501259E-03 -9.812505916E-03  6.562000141E-03  2.039660804E+00 
        86  9.687501006E-03 -9.687506594E-03  6.562000141E-03  1.936963655E+00 
        87  9.562501684E-03 -9.562506340E-03  6.562000141E-03  2.375679040E+00 
        88  9.437501431E-03 -9.437506087E-03  6.562000141E-03  2.515051436E+00 
        89  9.312501177E-03 -9.312505834E-03  6.562000141E-03  2.206299769E+00 
        90  9.187501855E-03 -9.187506512E-03  6.562000141E-03  2.204437021E+00 
        91  9.062501602E-03 -9.062506258E-03  6.562000141E-03  2.263950518E+00 
        92  8.937501349E-03 -8.937506005E-03  6.562000141E-03  2.301371851E+00 
        93  8.812501095E-03 -8.812505752E-03  6.562000141E-03  2.244760802E+00 
        94  8.687501773E-03 -8.687506430E-03  6.562000141E-03  2.262854125E+00 
        95  8.562501520E-03 -8.562506177E-03  6.562000141E-03  2.088542855E+00 
        96  8.437501267E-03 -8.437505923E-03  6.562000141E-03  1.851744646E+00 
        97  8.312501945E-03 -8.312506601E-03  6.562000141E-03  1.696390167E+00 
        98  8.187501691E-03 -8.187506348E-03  6.562000141E-03  1.683415731E+00 
        99  8.062501438E-03 -8.062506095E-03  6.562000141E-03  1.768812182E+00 
       100  7.937501185E-03 -7.937505841E-03  6.562000141E-03  1.813065800E+00 
       101  7.812500931E-03 -7.812505588E-03  6.562000141E-03  1.830007621E+00 
       102  7.687501609E-03 -7.687506266E-03  6.562000141E-03  1.771038301E+00 
       103  7.562501356E-03 -7.562506013E-03  6.562000141E-03  1.541242731E+00 
       104  4.187501967E-03 -4.187505692E-03  6.562000141E-03  1.420385042E+00 
       105  4.312501755E-03 -4.312505946E-03  6.562000141E-03  1.419045599E+00 
       106  4.437502008E-03 -4.437505733E-03  6.562000141E-03  1.328977858E+00 
       107  4.562501796E-03 -4.562505987E-03  6.562000141E-03  1.292908226E+00 
       108  4.687502049E-03 -4.687505774E-03  6.562000141E-03  1.423903583E+00 
       109  4.812501837E-03 -4.812506028E-03  6.562000141E-03  1.483008722E+00 
       110  4.937501624E-03 -4.937505815E-03  6.562000141E-03  1.416220155E+00 
       111  5.062501878E-03 -5.062506068E-03  6.562000141E-03  1.182810496E+00 
       112  5.187501665E-03 -5.187505856E-03  6.562000141E-03  1.035571305E+00 
       113  5.312501919E-03 -5.312505644E-03  6.562000141E-03  1.037342898E+00 
       114  5.437501706E-03 -5.437505897E-03  6.562000141E-03  1.121479134E+00 
       115  5.562501960E-03 -5.562505685E-03  6.562000141E-03  1.370518632E+00 
       116  5.687501747E-03 -5.687505938E-03  6.562000141E-03  1.470066534E+00 
       117  5.812501535E-03 -5.812505726E-03  6.562000141E-03  9.775329044E-01 
       118  5.937501788E-03 -5.937505979E-03  6.562000141E-03  5.700288748E-01 
       119  6.062501576E-03 -6.062505767E-03  6.562000141E-03  4.061808112E-01 
       120  6.187501829E-03 -6.187506020E-03  6.562000141E-03  4.160272418E-01 
       121  6.312501617E-03 -6.312505808E-03  6.562000141E-03  4.352267076E-01 
       122  6.437501870E-03 -6.437506061E-03  6.562000141E-03  5.069499943E-01 
       123  6.562501658E-03 -6.562505849E-03  6.562000141E-03  6.066668789E-01 
       124  6.687501445E-03 -6.687506102E-03  6.562000141E-03  7.327443384E-01 
       125  6.812501699E-03 -6.812505890E-03  6.562000141E-03  8.682481737E-01 
       126  6.937501486E-03 -6.937506143E-03  6.562000141E-03  1.006927744E+00 
       127  7.062501740E-03 -7.062505931E-03  6.562000141E-03  1.145358573E+00 
       128  7.187501527E-03 -7.187506184E-03  6.562000141E-03  1.251972913E+00 
       129  7.312501781E-03 -7.312505972E-03  6.562000141E-03  1.286548230E+00 
       130  7.437501568E-03 -7.437506225E-03  6.562000141E-03  1.362220342E+00 
       131  1.293750107E-02 -1.293750666E-02  6.562000141E-03  3.570096207E+00 
       132  1.281250082E-02 -1.281250641E-02  6.562000141E-03  3.485620258E+00 
       133  1.268750150E-02 -1.268750615E-02  6.562000141E-03  3.406679572E+00 
       134  1.256250124E-02 -1.256250683E-02  6.562000141E-03  3.403162945E+00 
       135  1.243750099E-02 -1.243750658E-02  6.562000141E-03  3.486412066E+00 
       136  1.231250074E-02 -1.231250633E-02  6.562000141E-03  3.541431480E+00 
       137  1.218750142E-02 -1.218750607E-02  6.562000141E-03  3.500524250E+00 
       138  1.206250116E-02 -1.206250675E-02  6.562000141E-03  3.381757410E+00 
       139  1.193750091E-02 -1.193750650E-02  6.562000141E-03  3.221140520E+00 
       140  1.181250159E-02 -1.181250624E-02  6.562000141E-03  2.971178205E+00 
       141  1.168750133E-02 -1.168750599E-02  6.562000141E-03  2.497985751E+00 
       142  1.156250108E-02 -1.156250667E-02  6.562000141E-03  2.292573625E+00 
       143  1.890108548E-02 -1.890108548E-02  6.562000141E-03  4.903456785E+00 
       144  1.868749969E-02 -1.868750714E-02  6.562000141E-03  4.839558814E+00 
       145  1.781249978E-02 -1.781250723E-02  6.562000141E-03  4.789988892E+00 
       146  1.768749952E-02 -1.768750697E-02  6.562000141E-03  4.797059503E+00 
       147  1.756250113E-02 -1.756250672E-02  6.562000141E-03  4.783945242E+00 
       148  1.743750088E-02 -1.743750647E-02  6.562000141E-03  4.755459200E+00 
       149  1.731250063E-02 -1.731250621E-02  6.562000141E-03  4.715454639E+00 
       150  1.718750037E-02 -1.718750596E-02  6.562000141E-03  4.688115741E+00 
       151  1.706250012E-02 -1.706250757E-02  6.562000141E-03  4.712871679E+00 
       152  1.693749987E-02 -1.693750732E-02  6.562000141E-03  4.767657148E+00 
       153  1.880351081E-02 -1.880351454E-02  6.562000141E-03  4.830356719E+00 
       154  1.895662583E-02 -1.895662583E-02  6.562000141E-03  4.837104482E+00 
       155  1.856250130E-02 -1.856250688E-02  6.562000141E-03  4.897571672E+00 
       156  1.843750104E-02 -1.843750663E-02  6.562000141E-03  4.886034945E+00 
       157  1.831250079E-02 -1.831250638E-02  6.562000141E-03  4.779552863E+00 
       158  1.818750054E-02 -1.818750612E-02  6.562000141E-03  4.738490765E+00 
       159  1.806250028E-02 -1.806250587E-02  6.562000141E-03  4.757603582E+00 
       160  1.793750003E-02 -1.793750748E-02  6.562000141E-03  4.775497382E+00 
       161  2.830279991E-03 -2.830279991E-03  6.562000606E-03  1.049544512E+00 
       162  2.835373627E-03 -2.835373627E-03  6.562000606E-03  1.050662037E+00 
       163  2.841493115E-03 -2.841493115E-03  6.562000606E-03  1.045512921E+00 
       164  2.848849166E-03 -2.848849166E-03  6.562000141E-03  1.032594210E+00 
       165  2.857688349E-03 -2.857688349E-03  6.562000141E-03  1.011919869E+00 
       166  2.868303098E-03 -2.868303098E-03  6.562000141E-03  9.864778861E-01 
       167  2.881055698E-03 -2.881055698E-03  6.562000606E-03  9.633912411E-01 
       168  2.896386897E-03 -2.896386897E-03  6.562001072E-03  9.495210583E-01 
       169  2.914825687E-03 -2.914825687E-03  6.562000606E-03  9.454158572E-01 
       170  2.937011421E-03 -2.937011421E-03  6.562000606E-03  9.293576096E-01 
       171  2.967901994E-03 -2.967901994E-03  6.562000141E-03  8.598761706E-01 
       172  3.022594377E-03 -3.022594377E-03  6.562000141E-03  7.302613471E-01 
       173  3.099788679E-03 -3.099788679E-03  6.562000141E-03  5.001884490E-01 
       174  3.195532598E-03 -3.195534460E-03  6.562000606E-03  4.498797400E-01 
       175  3.312501824E-03 -3.312505549E-03  6.562000141E-03  4.039542450E-01 
       176  3.437501844E-03 -3.437505569E-03  6.562000141E-03  4.423434508E-01 
       177  3.562501865E-03 -3.562505590E-03  6.562000141E-03  5.186051043E-01 
       178  3.687501885E-03 -3.687505610E-03  6.562000141E-03  6.391117205E-01 
       179  3.812501905E-03 -3.812505631E-03  6.562000141E-03  8.983359585E-01 
       180  3.937501926E-03 -3.937505651E-03  6.562000141E-03  1.169762256E+00 
       181  4.062501714E-03 -4.062505905E-03  6.562000141E-03  1.286175912E+00 
