cellnumber     x-coordinate     y-coordinate     z-coordinate velocity-magnitude 
         1  7.937502116E-03 -7.937505841E-03  6.562000141E-03  1.570128150E+00 
         2  8.062502369E-03 -8.062505163E-03  6.562000141E-03  1.601096223E+00 
         3  8.187502623E-03 -8.187505417E-03  6.562000141E-03  1.586807721E+00 
         4  8.312501945E-03 -8.312505670E-03  6.562000141E-03  1.435257679E+00 
         5  8.437502198E-03 -8.437505923E-03  6.562000141E-03  1.572758638E+00 
         6  8.562502451E-03 -8.562505245E-03  6.562000141E-03  1.431748878E+00 
         7  8.687501773E-03 -8.687505499E-03  6.562000141E-03  1.471096534E+00 
         8  8.812502027E-03 -8.812505752E-03  6.562000141E-03  1.554305951E+00 
         9  8.937502280E-03 -8.937505074E-03  6.562000141E-03  1.645714200E+00 
        10  9.062502533E-03 -9.062505327E-03  6.562000141E-03  1.689104452E+00 
        11  9.187501855E-03 -9.187505580E-03  6.562000141E-03  1.640561425E+00 
        12  9.312502109E-03 -9.312505834E-03  6.562000141E-03  1.876175505E+00 
        13  9.437502362E-03 -9.437505156E-03  6.562000141E-03  2.123310041E+00 
        14  9.562502615E-03 -9.562505409E-03  6.562000141E-03  2.017444727E+00 
        15  9.687501937E-03 -9.687505662E-03  6.562000141E-03  2.192002209E+00 
        16  9.812502190E-03 -9.812505916E-03  6.562000141E-03  2.475480047E+00 
        17  9.937502444E-03 -9.937505238E-03  6.562000141E-03  2.711162629E+00 
        18  1.006250177E-02 -1.006250549E-02  6.562000141E-03  2.558521735E+00 
        19  1.018750202E-02 -1.018750574E-02  6.562000141E-03  2.446682655E+00 
        20  2.830280224E-03 -2.830279991E-03  6.562000606E-03  1.068345933E+00 
        21  2.835373627E-03 -2.835373627E-03  6.562000606E-03  1.107234362E+00 
        22  2.841493115E-03 -2.841493115E-03  6.562000141E-03  1.148025734E+00 
        23  2.848849166E-03 -2.848849166E-03  6.562000606E-03  1.191170355E+00 
        24  2.857688116E-03 -2.857688349E-03  6.562000606E-03  1.239119638E+00 
        25  2.868303098E-03 -2.868303098E-03  6.562000141E-03  1.297620754E+00 
        26  2.881055698E-03 -2.881055698E-03  6.562000141E-03  1.377755120E+00 
        27  2.896386897E-03 -2.896386897E-03  6.562000606E-03  1.495168074E+00 
        28  2.914825454E-03 -2.914825454E-03  6.562000606E-03  1.669312440E+00 
        29  2.937011421E-03 -2.937011421E-03  6.562000606E-03  1.895416665E+00 
        30  2.967901761E-03 -2.967901761E-03  6.562000606E-03  2.211523253E+00 
        31  3.022594145E-03 -3.022594145E-03  6.562000606E-03  2.293703256E+00 
        32  3.099788679E-03 -3.099788679E-03  6.562000606E-03  2.133837790E+00 
        33  3.195532598E-03 -3.195534227E-03  6.562000606E-03  1.655653006E+00 
        34  3.312502056E-03 -3.312505316E-03  6.562000141E-03  1.117747364E+00 
        35  3.437502077E-03 -3.437505336E-03  6.562000141E-03  6.704101176E-01 
        36  3.562502097E-03 -3.562505357E-03  6.562000141E-03  5.208245717E-01 
        37  3.687502118E-03 -3.687505377E-03  6.562000141E-03  6.813394907E-01 
        38  3.812502138E-03 -3.812505398E-03  6.562000141E-03  6.825633066E-01 
        39  3.937501926E-03 -3.937505186E-03  6.562000141E-03  7.226865981E-01 
        40  4.062502179E-03 -4.062505439E-03  6.562000141E-03  9.156404026E-01 
        41  4.187502433E-03 -4.187505227E-03  6.562000141E-03  1.146750216E+00 
        42  4.312502220E-03 -4.312505480E-03  6.562000141E-03  1.237058070E+00 
        43  4.437502008E-03 -4.437505268E-03  6.562000141E-03  1.210315354E+00 
        44  4.562502261E-03 -4.562505521E-03  6.562000141E-03  1.195638372E+00 
        45  4.687502049E-03 -4.687505309E-03  6.562000141E-03  1.204799406E+00 
        46  4.812502302E-03 -4.812505562E-03  6.562000141E-03  1.206272835E+00 
        47  4.937502090E-03 -4.937505350E-03  6.562000141E-03  1.248618877E+00 
        48  5.062502343E-03 -5.062505603E-03  6.562000141E-03  1.288468329E+00 
        49  5.187502131E-03 -5.187505390E-03  6.562000141E-03  1.323285185E+00 
        50  5.312502384E-03 -5.312505644E-03  6.562000141E-03  1.339348936E+00 
        51  5.437502172E-03 -5.437505431E-03  6.562000141E-03  1.280135766E+00 
        52  5.562502425E-03 -5.562505219E-03  6.562000141E-03  1.202344566E+00 
        53  5.687502213E-03 -5.687505472E-03  6.562000141E-03  1.203118995E+00 
        54  5.812502000E-03 -5.812505260E-03  6.562000141E-03  1.243465198E+00 
        55  5.937502254E-03 -5.937505513E-03  6.562000141E-03  1.269438807E+00 
        56  6.062502041E-03 -6.062505301E-03  6.562000141E-03  1.241593423E+00 
        57  6.187502295E-03 -6.187505554E-03  6.562000141E-03  1.188931139E+00 
        58  2.045407332E-02 -2.045407332E-02  6.562000141E-03  5.254179780E+00 
        59  2.038207278E-02 -2.038207278E-02  6.562000141E-03  5.305306421E+00 
        60  2.031007409E-02 -2.031007409E-02  6.562000141E-03  5.357652843E+00 
        61  2.023807354E-02 -2.023807354E-02  6.562000141E-03  5.378170283E+00 
        62  2.016607299E-02 -2.016607299E-02  6.562000141E-03  5.397173755E+00 
        63  1.456250250E-02 -1.456250530E-02  6.562000141E-03  4.064844423E+00 
        64  1.468750183E-02 -1.468750555E-02  6.562000141E-03  4.061334513E+00 
        65  1.481250208E-02 -1.481250580E-02  6.562000141E-03  4.059327961E+00 
        66  1.493750233E-02 -1.493750513E-02  6.562000141E-03  4.061245637E+00 
        67  1.506250259E-02 -1.506250538E-02  6.562000141E-03  4.088591378E+00 
        68  1.518750191E-02 -1.518750563E-02  6.562000141E-03  4.131829988E+00 
        69  1.531250216E-02 -1.531250589E-02  6.562000141E-03  4.186562383E+00 
        70  1.543750241E-02 -1.543750521E-02  6.562000141E-03  4.283564184E+00 
        71  1.556250174E-02 -1.556250546E-02  6.562000141E-03  4.421473215E+00 
        72  1.568750106E-02 -1.568750478E-02  6.562000141E-03  4.563032546E+00 
        73  1.581250131E-02 -1.581250504E-02  6.562000141E-03  4.658172663E+00 
        74  1.593750156E-02 -1.593750529E-02  6.562000141E-03  4.711454194E+00 
        75  1.606250182E-02 -1.606250554E-02  6.562000141E-03  4.739794493E+00 
        76  1.618750207E-02 -1.618750580E-02  6.562000141E-03  4.751714011E+00 
        77  1.631250232E-02 -1.631250605E-02  6.562000141E-03  4.749249275E+00 
        78  1.643750258E-02 -1.643750444E-02  6.562000141E-03  4.733976892E+00 
        79  1.656250097E-02 -1.656250469E-02  6.562000141E-03  4.721203080E+00 
        80  1.668750122E-02 -1.668750495E-02  6.562000141E-03  4.722053907E+00 
        81  1.681250148E-02 -1.681250520E-02  6.562000141E-03  4.743995971E+00 
        82  1.693750173E-02 -1.693750545E-02  6.562000141E-03  4.786203568E+00 
        83  1.706250198E-02 -1.706250571E-02  6.562000141E-03  4.854607013E+00 
        84  1.718750224E-02 -1.718750596E-02  6.562000141E-03  4.923738710E+00 
        85  1.731250249E-02 -1.731250621E-02  6.562000141E-03  4.979463862E+00 
        86  1.743750274E-02 -1.743750460E-02  6.562000141E-03  5.001136229E+00 
        87  1.756250113E-02 -1.756250486E-02  6.562000141E-03  5.007126051E+00 
        88  1.768750139E-02 -1.768750511E-02  6.562000141E-03  5.019086726E+00 
        89  1.781250164E-02 -1.781250536E-02  6.562000141E-03  5.033140688E+00 
        90  1.793750189E-02 -1.793750562E-02  6.562000141E-03  4.992420309E+00 
        91  1.806250215E-02 -1.806250587E-02  6.562000141E-03  4.908748794E+00 
        92  1.818750240E-02 -1.818750612E-02  6.562000141E-03  4.900928906E+00 
        93  1.831250265E-02 -1.831250452E-02  6.562000141E-03  5.019047817E+00 
        94  1.843750104E-02 -1.843750477E-02  6.562000141E-03  5.171976850E+00 
        95  1.856250130E-02 -1.856250502E-02  6.562000141E-03  5.263408944E+00 
        96  1.905349456E-02 -1.905349456E-02  6.562000141E-03  5.525223780E+00 
        97  1.031250227E-02 -1.031250507E-02  6.562000141E-03  2.442593823E+00 
        98  1.043750253E-02 -1.043750532E-02  6.562000141E-03  2.552021372E+00 
        99  1.056250185E-02 -1.056250557E-02  6.562000141E-03  3.094916114E+00 
       100  1.068750210E-02 -1.068750583E-02  6.562000141E-03  3.432720364E+00 
       101  1.081250235E-02 -1.081250515E-02  6.562000141E-03  3.503680998E+00 
       102  1.093750261E-02 -1.093750540E-02  6.562000141E-03  3.572305084E+00 
       103  1.106250193E-02 -1.106250565E-02  6.562000141E-03  3.532848244E+00 
       104  1.118750218E-02 -1.118750591E-02  6.562000141E-03  3.228478600E+00 
       105  1.131250244E-02 -1.131250523E-02  6.562000141E-03  2.671807145E+00 
       106  1.143750176E-02 -1.143750548E-02  6.562000141E-03  2.158118124E+00 
       107  1.156250201E-02 -1.156250574E-02  6.562000141E-03  2.207560333E+00 
       108  1.168750226E-02 -1.168750599E-02  6.562000141E-03  2.778264842E+00 
       109  1.181250252E-02 -1.181250531E-02  6.562000141E-03  3.271489199E+00 
       110  1.193750184E-02 -1.193750557E-02  6.562000141E-03  3.550626917E+00 
       111  1.206250209E-02 -1.206250582E-02  6.562000141E-03  3.666957592E+00 
       112  1.218750235E-02 -1.218750514E-02  6.562000141E-03  3.750170442E+00 
       113  1.231250260E-02 -1.231250539E-02  6.562000141E-03  3.769318364E+00 
       114  1.243750192E-02 -1.243750565E-02  6.562000141E-03  3.758485897E+00 
       115  1.256250218E-02 -1.256250590E-02  6.562000141E-03  3.744857093E+00 
       116  1.268750243E-02 -1.268750522E-02  6.562000141E-03  3.716059810E+00 
       117  1.281250175E-02 -1.281250548E-02  6.562000141E-03  3.728487623E+00 
       118  1.293750200E-02 -1.293750573E-02  6.562000141E-03  3.801313596E+00 
       119  1.306250226E-02 -1.306250598E-02  6.562000141E-03  3.862357323E+00 
       120  1.318750251E-02 -1.318750530E-02  6.562000141E-03  3.848858757E+00 
       121  1.331250183E-02 -1.331250556E-02  6.562000141E-03  3.865488819E+00 
       122  1.343750209E-02 -1.343750581E-02  6.562000141E-03  3.956087310E+00 
       123  1.356250234E-02 -1.356250513E-02  6.562000141E-03  4.035185103E+00 
       124  1.368750259E-02 -1.368750539E-02  6.562000141E-03  4.064880643E+00 
       125  1.381250191E-02 -1.381250564E-02  6.562000141E-03  4.075688202E+00 
       126  1.393750217E-02 -1.393750589E-02  6.562000141E-03  4.080867683E+00 
       127  1.406250242E-02 -1.406250522E-02  6.562000141E-03  4.086665231E+00 
       128  1.418750174E-02 -1.418750547E-02  6.562000141E-03  4.087818232E+00 
       129  1.431250200E-02 -1.431250572E-02  6.562000141E-03  4.085283135E+00 
       130  1.443750225E-02 -1.443750598E-02  6.562000141E-03  4.074426871E+00 
       131  1.868750155E-02 -1.868750528E-02  6.562000141E-03  5.311445086E+00 
       132  1.880351268E-02 -1.880351454E-02  6.562000141E-03  5.362770318E+00 
       133  1.890108548E-02 -1.890108548E-02  6.562000141E-03  5.401009323E+00 
       134  1.895662583E-02 -1.895662583E-02  6.562000141E-03  5.414445072E+00 
       135  1.899245940E-02 -1.899245940E-02  6.562000141E-03  5.425421508E+00 
       136  1.914011873E-02 -1.914011873E-02  6.562000141E-03  5.549010502E+00 
       137  1.923859492E-02 -1.923859492E-02  6.561999675E-03  5.587154148E+00 
       138  1.930207387E-02 -1.930207387E-02  6.562000141E-03  5.678022119E+00 
       139  1.937407255E-02 -1.937407255E-02  6.562000141E-03  5.668729093E+00 
       140  1.944607310E-02 -1.944607310E-02  6.562000141E-03  5.758632696E+00 
       141  1.951807365E-02 -1.951807365E-02  6.562000141E-03  5.733921777E+00 
       142  1.959007233E-02 -1.959007233E-02  6.562000141E-03  5.759878855E+00 
       143  1.966207288E-02 -1.966207288E-02  6.562000141E-03  5.731977771E+00 
       144  1.973407343E-02 -1.973407343E-02  6.562000141E-03  5.698958323E+00 
       145  1.980607398E-02 -1.980607398E-02  6.562000141E-03  5.670526107E+00 
       146  1.987807266E-02 -1.987807266E-02  6.562000141E-03  5.558809350E+00 
       147  1.995007321E-02 -1.995007321E-02  6.562000141E-03  5.515686225E+00 
       148  2.002207376E-02 -2.002207376E-02  6.562000141E-03  5.420479513E+00 
       149  2.009407245E-02 -2.009407245E-02  6.562000141E-03  5.401403313E+00 
       150  2.052607387E-02 -2.052607387E-02  6.562000141E-03  5.142001952E+00 
       151  2.059807256E-02 -2.059807256E-02  6.562000141E-03  5.134656051E+00 
       152  2.067007311E-02 -2.067007311E-02  6.562000141E-03  5.042045237E+00 
       153  2.074207366E-02 -2.074207366E-02  6.562000141E-03  5.016771629E+00 
       154  2.081407420E-02 -2.081407420E-02  6.562000141E-03  4.871312536E+00 
       155  2.088592015E-02 -2.088592015E-02  6.562000141E-03  4.757041948E+00 
       156  2.093681321E-02 -2.093681321E-02  6.562000141E-03  4.748255120E+00 
       157  2.101955935E-02 -2.101955935E-02  6.562000141E-03  4.805364493E+00 
       158  2.107902244E-02 -2.107902244E-02  6.562000606E-03  4.897004966E+00 
       159  2.110386454E-02 -2.110386454E-02  6.562000141E-03  4.970681800E+00 
       160  2.112595551E-02 -2.112595551E-02  6.562000141E-03  4.915148952E+00 
       161  2.114437334E-02 -2.114437334E-02  6.562000606E-03  4.594226010E+00 
       162  2.115972713E-02 -2.115972713E-02  6.562000606E-03  3.921122427E+00 
       163  2.117252536E-02 -2.117252536E-02  6.562000141E-03  3.100407951E+00 
       164  2.118319459E-02 -2.118319459E-02  6.562000141E-03  2.317372752E+00 
       165  2.119208500E-02 -2.119208500E-02  6.562000606E-03  1.636976645E+00 
       166  2.119949833E-02 -2.119949833E-02  6.562000141E-03  1.066632296E+00 
       167  2.120567486E-02 -2.120567486E-02  6.562000606E-03  5.926397906E-01 
       168  2.121082321E-02 -2.121082321E-02  6.562000141E-03  1.973125240E-01 
       169  7.812501863E-03 -7.812505588E-03  6.562000141E-03  1.414749317E+00 
       170  7.687502075E-03 -7.687505335E-03  6.562000141E-03  1.237699955E+00 
       171  7.562502287E-03 -7.562505547E-03  6.562000141E-03  1.075880055E+00 
       172  7.437502034E-03 -7.437505294E-03  6.562000141E-03  8.968731299E-01 
       173  7.312502246E-03 -7.312505506E-03  6.562000141E-03  7.506639501E-01 
       174  7.187501993E-03 -7.187505253E-03  6.562000141E-03  7.143566937E-01 
       175  7.062502205E-03 -7.062505465E-03  6.562000141E-03  7.992937854E-01 
       176  6.937502418E-03 -6.937505677E-03  6.562000141E-03  9.556286790E-01 
       177  6.812502164E-03 -6.812505424E-03  6.562000141E-03  1.116024345E+00 
       178  6.687502377E-03 -6.687505636E-03  6.562000141E-03  1.189885316E+00 
       179  6.562502123E-03 -6.562505383E-03  6.562000141E-03  1.168258358E+00 
       180  6.437502336E-03 -6.437505595E-03  6.562000141E-03  1.138822576E+00 
       181  6.312502082E-03 -6.312505342E-03  6.562000141E-03  1.137654912E+00 
