cellnumber     x-coordinate     y-coordinate     z-coordinate velocity-magnitude 
         1  1.693749428E-02 -1.693750173E-02  6.562000141E-03  5.012304730E+00 
         2  1.681249402E-02 -1.681250148E-02  6.562000141E-03  4.947122032E+00 
         3  1.668749377E-02 -1.668750308E-02  6.562000141E-03  4.929549060E+00 
         4  1.656249352E-02 -1.656250283E-02  6.562000141E-03  4.906895526E+00 
         5  1.643749513E-02 -1.643750258E-02  6.562000141E-03  4.855585007E+00 
         6  1.631249487E-02 -1.631250232E-02  6.562000141E-03  4.792642687E+00 
         7  1.618749462E-02 -1.618750207E-02  6.562000141E-03  4.723597856E+00 
         8  1.606249437E-02 -1.606250182E-02  6.562000141E-03  4.655946782E+00 
         9  1.593749411E-02 -1.593750156E-02  6.562000141E-03  4.599144290E+00 
        10  1.581249386E-02 -1.581250317E-02  6.562000141E-03  4.568848325E+00 
        11  1.568749361E-02 -1.568750292E-02  6.562000141E-03  4.563355959E+00 
        12  1.556249429E-02 -1.556250267E-02  6.562000141E-03  4.553162350E+00 
        13  1.543749496E-02 -1.543750241E-02  6.562000141E-03  4.515400504E+00 
        14  1.531249471E-02 -1.531250216E-02  6.562000141E-03  4.448008505E+00 
        15  1.518749446E-02 -1.518750284E-02  6.562000141E-03  4.364071641E+00 
        16  1.506249420E-02 -1.506250259E-02  6.562000141E-03  4.275438228E+00 
        17  1.493749488E-02 -1.493750233E-02  6.562000141E-03  4.195627078E+00 
        18  1.481249463E-02 -1.481250208E-02  6.562000141E-03  4.148883843E+00 
        19  1.468749437E-02 -1.468750276E-02  6.562000141E-03  4.132214184E+00 
        20  2.881176071E-03 -2.881176071E-03  6.562000606E-03  8.966509135E-01 
        21  2.868410433E-03 -2.868410433E-03  6.562000141E-03  9.041806690E-01 
        22  2.857792191E-03 -2.857792191E-03  6.562000606E-03  9.220765199E-01 
        23  2.848957200E-03 -2.848957200E-03  6.562000141E-03  9.466599908E-01 
        24  2.841603942E-03 -2.841603942E-03  6.562000141E-03  9.745774439E-01 
        25  2.835482825E-03 -2.835482825E-03  6.562000606E-03  1.003226452E+00 
        26  2.830386627E-03 -2.830386627E-03  6.562000606E-03  1.030863505E+00 
        27  9.062495083E-03 -9.062502533E-03  6.562000141E-03  1.642297061E+00 
        28  8.937494829E-03 -8.937502280E-03  6.562000141E-03  1.308773421E+00 
        29  8.812494576E-03 -8.812502027E-03  6.562000141E-03  1.311392526E+00 
        30  8.687494323E-03 -8.687502705E-03  6.562000141E-03  1.461493427E+00 
        31  8.562495001E-03 -8.562502451E-03  6.562000141E-03  1.455502744E+00 
        32  8.437494747E-03 -8.437502198E-03  6.562000141E-03  1.533932330E+00 
        33  8.312494494E-03 -8.312502876E-03  6.562000141E-03  1.695230425E+00 
        34  8.187495172E-03 -8.187502623E-03  6.562000141E-03  1.773336071E+00 
        35  8.062494919E-03 -8.062502369E-03  6.562000141E-03  1.577528269E+00 
        36  7.937494665E-03 -7.937502116E-03  6.562000141E-03  1.202366583E+00 
        37  7.812494878E-03 -7.812501863E-03  6.562000141E-03  1.347237640E+00 
        38  7.687494624E-03 -7.687502541E-03  6.562000141E-03  1.611914579E+00 
        39  7.562494837E-03 -7.562502287E-03  6.562000141E-03  1.686548927E+00 
        40  7.437494583E-03 -7.437502500E-03  6.562000141E-03  1.660975876E+00 
        41  7.312494796E-03 -7.312502246E-03  6.562000141E-03  1.691506095E+00 
        42  7.187494542E-03 -7.187502459E-03  6.562000141E-03  1.787104973E+00 
        43  7.062494755E-03 -7.062502205E-03  6.562000141E-03  1.880391336E+00 
        44  6.937494501E-03 -6.937502418E-03  6.562000141E-03  1.926945298E+00 
        45  6.812494714E-03 -6.812502164E-03  6.562000141E-03  1.910634508E+00 
        46  6.687494926E-03 -6.687502377E-03  6.562000141E-03  1.957961503E+00 
        47  6.562494673E-03 -6.562502589E-03  6.562000141E-03  2.075269449E+00 
        48  6.437494885E-03 -6.437502336E-03  6.562000141E-03  2.058803266E+00 
        49  6.312494632E-03 -6.312502548E-03  6.562000141E-03  2.044204119E+00 
        50  6.187494844E-03 -6.187502295E-03  6.562000141E-03  2.037031556E+00 
        51  6.062494591E-03 -6.062502507E-03  6.562000141E-03  1.897212003E+00 
        52  5.937494803E-03 -5.937502254E-03  6.562000141E-03  1.735510646E+00 
        53  5.812494550E-03 -5.812502466E-03  6.562000141E-03  1.580540122E+00 
        54  5.687494762E-03 -5.687502213E-03  6.562000141E-03  1.448468096E+00 
        55  5.562494509E-03 -5.562502425E-03  6.562000141E-03  1.282591520E+00 
        56  5.437494721E-03 -5.437502172E-03  6.562000141E-03  1.158696699E+00 
        57  5.312494934E-03 -5.312502384E-03  6.562000141E-03  1.189674798E+00 
        58  5.187494680E-03 -5.187502131E-03  6.562000141E-03  1.267878574E+00 
        59  5.062494893E-03 -5.062502343E-03  6.562000141E-03  1.407983771E+00 
        60  4.937494639E-03 -4.937502556E-03  6.562000141E-03  1.585022422E+00 
        61  4.812494852E-03 -4.812502302E-03  6.562000141E-03  1.703905247E+00 
        62  4.687494598E-03 -4.687502515E-03  6.562000141E-03  1.773623176E+00 
        63  4.562494811E-03 -4.562502261E-03  6.562000141E-03  1.740930511E+00 
        64  4.437494557E-03 -4.437502474E-03  6.562000141E-03  1.749023515E+00 
        65  4.312494770E-03 -4.312502220E-03  6.562000141E-03  1.865366916E+00 
        66  4.187494982E-03 -4.187502433E-03  6.562000141E-03  2.008116206E+00 
        67  4.062494729E-03 -4.062502179E-03  6.562000141E-03  1.965340470E+00 
        68  3.937494475E-03 -3.937502392E-03  6.562000141E-03  1.903413652E+00 
        69  3.812494688E-03 -3.812502138E-03  6.562000141E-03  1.937172539E+00 
        70  3.687494667E-03 -3.687502118E-03  6.562000141E-03  1.986709843E+00 
        71  3.562494647E-03 -3.562502097E-03  6.562000141E-03  2.040726802E+00 
        72  3.437494626E-03 -3.437502310E-03  6.562000141E-03  1.788820361E+00 
        73  3.312494606E-03 -3.312502289E-03  6.562000141E-03  1.383230468E+00 
        74  3.187494585E-03 -3.187502269E-03  6.562000141E-03  1.086830447E+00 
        75  3.062227275E-03 -3.062231001E-03  6.562000141E-03  1.007149234E+00 
        76  2.974424278E-03 -2.974424278E-03  6.562000141E-03  9.700321540E-01 
        77  2.937239595E-03 -2.937239595E-03  6.562000141E-03  9.421448798E-01 
        78  2.915001474E-03 -2.915001474E-03  6.561999675E-03  9.188855640E-01 
        79  2.896528924E-03 -2.896528924E-03  6.562000141E-03  9.016531074E-01 
        80  1.456249505E-02 -1.456250250E-02  6.562000141E-03  4.109449661E+00 
        81  1.443749480E-02 -1.443750225E-02  6.562000141E-03  4.075084737E+00 
        82  1.431249455E-02 -1.431250293E-02  6.562000141E-03  4.049943871E+00 
        83  1.418749429E-02 -1.418750267E-02  6.562000141E-03  4.031372180E+00 
        84  1.406249497E-02 -1.406250242E-02  6.562000141E-03  4.008192960E+00 
        85  1.393749472E-02 -1.393750217E-02  6.562000141E-03  3.982416492E+00 
        86  1.381249446E-02 -1.381250285E-02  6.562000141E-03  3.963763029E+00 
        87  1.368749421E-02 -1.368750259E-02  6.562000141E-03  3.958753178E+00 
        88  1.356249489E-02 -1.356250234E-02  6.562000141E-03  3.968971434E+00 
        89  1.343749464E-02 -1.343750209E-02  6.562000141E-03  3.986983255E+00 
        90  1.331249438E-02 -1.331250276E-02  6.562000141E-03  3.983520439E+00 
        91  1.318749506E-02 -1.318750251E-02  6.562000141E-03  3.937768611E+00 
        92  1.306249481E-02 -1.306250226E-02  6.562000141E-03  3.866996538E+00 
        93  1.293749455E-02 -1.293750294E-02  6.562000141E-03  3.823475212E+00 
        94  1.281249430E-02 -1.281250268E-02  6.562000141E-03  3.816458623E+00 
        95  1.268749498E-02 -1.268750243E-02  6.562000141E-03  3.756480588E+00 
        96  1.256249472E-02 -1.256250218E-02  6.562000141E-03  3.658469426E+00 
        97  1.243749447E-02 -1.243750285E-02  6.562000141E-03  3.616602621E+00 
        98  1.231249422E-02 -1.231250260E-02  6.562000141E-03  3.612499747E+00 
        99  1.218749490E-02 -1.218750235E-02  6.562000141E-03  3.684367789E+00 
       100  1.206249464E-02 -1.206250209E-02  6.562000141E-03  3.285162123E+00 
       101  1.193749439E-02 -1.193750277E-02  6.562000141E-03  2.996199205E+00 
       102  1.181249507E-02 -1.181250252E-02  6.562000141E-03  2.906388269E+00 
       103  1.168749481E-02 -1.168750226E-02  6.562000141E-03  2.691697996E+00 
       104  1.156249456E-02 -1.156250201E-02  6.562000141E-03  2.620246643E+00 
       105  1.143749431E-02 -1.143750269E-02  6.562000141E-03  2.431376150E+00 
       106  1.131249499E-02 -1.131250244E-02  6.562000141E-03  2.137883225E+00 
       107  1.118749473E-02 -1.118750218E-02  6.562000141E-03  1.869585374E+00 
       108  1.106249448E-02 -1.106250286E-02  6.562000141E-03  1.640867251E+00 
       109  1.093749423E-02 -1.093750261E-02  6.562000141E-03  1.193630238E+00 
       110  1.081249490E-02 -1.081250235E-02  6.562000141E-03  1.210410209E+00 
       111  1.068749465E-02 -1.068750210E-02  6.562000141E-03  2.323370813E+00 
       112  1.056249440E-02 -1.056250278E-02  6.562000141E-03  2.797159785E+00 
       113  1.043749508E-02 -1.043750253E-02  6.562000141E-03  2.391925719E+00 
       114  1.031249482E-02 -1.031250227E-02  6.562000141E-03  1.322966338E+00 
       115  1.018749457E-02 -1.018750202E-02  6.562000141E-03  9.018406883E-01 
       116  1.006249432E-02 -1.006250270E-02  6.562000141E-03  9.652285510E-01 
       117  9.937494993E-03 -9.937502444E-03  6.562000141E-03  1.045169935E+00 
       118  9.812494740E-03 -9.812502190E-03  6.562000141E-03  1.323135743E+00 
       119  9.687494487E-03 -9.687502868E-03  6.562000141E-03  1.560833496E+00 
       120  9.562494233E-03 -9.562502615E-03  6.562000141E-03  1.725207409E+00 
       121  9.437494911E-03 -9.437502362E-03  6.562000141E-03  1.807031459E+00 
       122  9.312494658E-03 -9.312502109E-03  6.562000141E-03  1.842114114E+00 
       123  9.187494405E-03 -9.187502787E-03  6.562000141E-03  1.790773917E+00 
       124  1.895638928E-02 -1.895638928E-02  6.562000606E-03  4.817975185E+00 
       125  1.889957115E-02 -1.889957115E-02  6.562000606E-03  4.813055560E+00 
       126  1.880222000E-02 -1.880222373E-02  6.562000141E-03  4.837144692E+00 
       127  1.868749410E-02 -1.868750155E-02  6.562000141E-03  4.975994096E+00 
       128  1.856249385E-02 -1.856250316E-02  6.562000141E-03  5.100846671E+00 
       129  1.843749359E-02 -1.843750291E-02  6.562000141E-03  5.217754383E+00 
       130  1.831249520E-02 -1.831250265E-02  6.562000141E-03  5.123741729E+00 
       131  1.818749495E-02 -1.818750240E-02  6.562000141E-03  5.146728470E+00 
       132  1.806249470E-02 -1.806250215E-02  6.562000141E-03  5.199079285E+00 
       133  1.793749444E-02 -1.793750189E-02  6.562000141E-03  5.172054114E+00 
       134  1.781249419E-02 -1.781250164E-02  6.562000141E-03  5.024798112E+00 
       135  1.768749394E-02 -1.768750325E-02  6.562000141E-03  5.028450003E+00 
       136  1.756249368E-02 -1.756250300E-02  6.562000141E-03  5.045879123E+00 
       137  1.743749343E-02 -1.743750274E-02  6.562000141E-03  4.991016034E+00 
       138  1.731249504E-02 -1.731250249E-02  6.562000141E-03  5.001617366E+00 
       139  1.718749478E-02 -1.718750224E-02  6.562000141E-03  5.074951380E+00 
       140  1.706249453E-02 -1.706250198E-02  6.562000141E-03  5.088637701E+00 
       141  1.899245940E-02 -1.899245940E-02  6.562000606E-03  4.814213809E+00 
       142  1.905349456E-02 -1.905349456E-02  6.562000606E-03  4.751288866E+00 
       143  1.914011873E-02 -1.914011873E-02  6.562000606E-03  4.812880444E+00 
       144  1.923859492E-02 -1.923859492E-02  6.562000141E-03  4.900179834E+00 
       145  1.930207387E-02 -1.930207387E-02  6.562000141E-03  4.972834948E+00 
       146  1.937407255E-02 -1.937407255E-02  6.562000141E-03  5.056189925E+00 
       147  1.944607310E-02 -1.944607310E-02  6.562000141E-03  5.134516761E+00 
       148  1.951807365E-02 -1.951807365E-02  6.562000141E-03  5.184244012E+00 
       149  1.959007420E-02 -1.959007420E-02  6.562000141E-03  5.237351570E+00 
       150  1.966207288E-02 -1.966207288E-02  6.562000141E-03  5.264489496E+00 
       151  1.973407343E-02 -1.973407343E-02  6.562000141E-03  5.299346885E+00 
       152  1.980607398E-02 -1.980607398E-02  6.562000141E-03  5.310293280E+00 
       153  1.987807266E-02 -1.987807266E-02  6.562000141E-03  5.379377885E+00 
       154  1.995007321E-02 -1.995007321E-02  6.562000141E-03  5.400072148E+00 
       155  2.002207376E-02 -2.002207376E-02  6.562000141E-03  5.440095999E+00 
       156  2.009407431E-02 -2.009407431E-02  6.562000141E-03  5.402014319E+00 
       157  2.016607299E-02 -2.016607299E-02  6.562000141E-03  5.261284904E+00 
       158  2.023807354E-02 -2.023807354E-02  6.562000141E-03  5.172781986E+00 
       159  2.031007409E-02 -2.031007409E-02  6.562000141E-03  4.959265930E+00 
       160  2.038207278E-02 -2.038207278E-02  6.562000141E-03  4.912778264E+00 
       161  2.045407332E-02 -2.045407332E-02  6.562000141E-03  4.733149609E+00 
       162  2.052607387E-02 -2.052607387E-02  6.562000141E-03  4.717860215E+00 
       163  2.059807442E-02 -2.059807442E-02  6.562000141E-03  4.704945448E+00 
       164  2.067007311E-02 -2.067007311E-02  6.562000141E-03  4.783958903E+00 
       165  2.074207366E-02 -2.074207366E-02  6.562000141E-03  4.969107081E+00 
       166  2.081407420E-02 -2.081407420E-02  6.562000141E-03  5.180265601E+00 
       167  2.088592015E-02 -2.088592015E-02  6.562000141E-03  5.291001325E+00 
       168  2.093681321E-02 -2.093681321E-02  6.562000606E-03  5.307510926E+00 
       169  2.101956122E-02 -2.101956122E-02  6.562000606E-03  5.288775780E+00 
       170  2.107902244E-02 -2.107902244E-02  6.562000606E-03  5.213178310E+00 
       171  2.110386454E-02 -2.110386454E-02  6.562000606E-03  5.067377040E+00 
       172  2.112595551E-02 -2.112595551E-02  6.562000606E-03  4.926927577E+00 
       173  2.114437334E-02 -2.114437334E-02  6.562000606E-03  4.649826573E+00 
       174  2.115972713E-02 -2.115972713E-02  6.562000606E-03  4.126175121E+00 
       175  2.117252536E-02 -2.117252536E-02  6.562000141E-03  3.405425460E+00 
       176  2.118319459E-02 -2.118319459E-02  6.562000141E-03  2.623559920E+00 
       177  2.119208500E-02 -2.119208500E-02  6.562000141E-03  1.887898102E+00 
       178  2.119949646E-02 -2.119949646E-02  6.562000141E-03  1.243357270E+00 
       179  2.120567486E-02 -2.120567486E-02  6.562000141E-03  6.950638198E-01 
       180  2.121082321E-02 -2.121082321E-02  6.562000141E-03  2.323280626E-01 
