cellnumber     x-coordinate     y-coordinate     z-coordinate velocity-magnitude 
         1  2.830355195E-03 -2.830355195E-03  6.562000141E-03  1.028193236E+00 
         2  2.835455118E-03 -2.835455118E-03  6.562000141E-03  9.981690295E-01 
         3  2.841580659E-03 -2.841580659E-03  6.562000606E-03  9.699275836E-01 
         4  2.848939039E-03 -2.848939039E-03  6.562000141E-03  9.463011617E-01 
         5  2.857780783E-03 -2.857780783E-03  6.562000606E-03  9.304033020E-01 
         6  2.868407173E-03 -2.868407173E-03  6.562000606E-03  9.254394179E-01 
         7  2.881182823E-03 -2.881182823E-03  6.562000606E-03  9.331124843E-01 
         8  2.896548016E-03 -2.896548016E-03  6.562000606E-03  9.532549615E-01 
         9  2.915035933E-03 -2.915035933E-03  6.562000141E-03  9.810061130E-01 
        10  2.937293379E-03 -2.937293379E-03  6.562000606E-03  1.018422974E+00 
        11  2.975319745E-03 -2.975319745E-03  6.562000606E-03  1.071592254E+00 
        12  3.059382550E-03 -3.059382550E-03  6.562000606E-03  1.386951722E+00 
        13  3.123705741E-03 -3.123705741E-03  6.562000141E-03  1.833239086E+00 
        14  3.189919051E-03 -3.189915325E-03  6.562000141E-03  2.002309756E+00 
        15  3.312505316E-03 -3.312497865E-03  6.562000141E-03  2.208205144E+00 
        16  3.437505104E-03 -3.437497886E-03  6.562000141E-03  2.123948494E+00 
        17  3.562505124E-03 -3.562497906E-03  6.562000141E-03  2.150894590E+00 
        18  3.687505145E-03 -3.687497927E-03  6.562000141E-03  2.161775918E+00 
        19  3.812505165E-03 -3.812497947E-03  6.562000141E-03  2.102995550E+00 
        20  3.937505186E-03 -3.937497735E-03  6.562000141E-03  2.006595661E+00 
        21  4.062505439E-03 -4.062497988E-03  6.562000141E-03  2.005820577E+00 
        22  4.187505227E-03 -4.187498242E-03  6.562000141E-03  1.966701734E+00 
        23  4.312505480E-03 -4.312498029E-03  6.562000141E-03  2.047530704E+00 
        24  4.437505268E-03 -4.437497817E-03  6.562000141E-03  1.874541867E+00 
        25  4.562505521E-03 -4.562498070E-03  6.562000141E-03  1.376627352E+00 
        26  4.687505309E-03 -4.687497858E-03  6.562000141E-03  1.142659965E+00 
        27  4.812505096E-03 -4.812498111E-03  6.562000141E-03  1.144161608E+00 
        28  4.937505350E-03 -4.937497899E-03  6.562000141E-03  1.215467090E+00 
        29  5.062505137E-03 -5.062498152E-03  6.562000141E-03  1.139570325E+00 
        30  5.187505390E-03 -5.187497940E-03  6.562000141E-03  1.011627118E+00 
        31  5.312505178E-03 -5.312498193E-03  6.562000141E-03  9.071481149E-01 
        32  5.437505431E-03 -5.437497981E-03  6.562000141E-03  8.116681458E-01 
        33  5.562505219E-03 -5.562498234E-03  6.562000141E-03  7.483725677E-01 
        34  5.687505472E-03 -5.687498022E-03  6.562000141E-03  7.240069134E-01 
        35  5.812505260E-03 -5.812498275E-03  6.562000141E-03  7.933820321E-01 
        36  5.937505048E-03 -5.937498063E-03  6.562000141E-03  9.518129641E-01 
        37  6.062505301E-03 -6.062497851E-03  6.562000141E-03  1.173704317E+00 
        38  6.187505089E-03 -6.187498104E-03  6.562000141E-03  1.476427931E+00 
        39  6.312505342E-03 -6.312497891E-03  6.562000141E-03  1.853777376E+00 
        40  6.437505130E-03 -6.437498145E-03  6.562000141E-03  2.178261362E+00 
        41  6.562505383E-03 -6.562497932E-03  6.562000141E-03  2.276019216E+00 
        42  6.687505171E-03 -6.687498186E-03  6.562000141E-03  2.158387389E+00 
        43  6.812505424E-03 -6.812497973E-03  6.562000141E-03  1.876152759E+00 
        44  6.937505212E-03 -6.937498227E-03  6.562000141E-03  1.657719237E+00 
        45  7.062505465E-03 -7.062498014E-03  6.562000141E-03  1.470002216E+00 
        46  7.187505253E-03 -7.187498268E-03  6.562000141E-03  1.310204238E+00 
        47  7.312505040E-03 -7.312498055E-03  6.562000141E-03  1.293451515E+00 
        48  7.437505294E-03 -7.437498309E-03  6.562000141E-03  1.222361032E+00 
        49  7.562505081E-03 -7.562498096E-03  6.562000141E-03  1.189526177E+00 
        50  7.687505335E-03 -7.687497884E-03  6.562000141E-03  1.279773541E+00 
        51  7.812504657E-03 -7.812498137E-03  6.562000141E-03  1.415226932E+00 
        52  7.937504910E-03 -7.937498391E-03  6.562000141E-03  1.488246794E+00 
        53  8.062505163E-03 -8.062497713E-03  6.562000141E-03  1.448074287E+00 
        54  8.187505417E-03 -8.187497966E-03  6.562000141E-03  1.419472846E+00 
        55  8.312505670E-03 -8.312498219E-03  6.562000141E-03  1.436154146E+00 
        56  1.593750529E-02 -1.593749784E-02  6.562000141E-03  4.678988448E+00 
        57  1.581250504E-02 -1.581249759E-02  6.562000141E-03  4.635052078E+00 
        58  1.156250481E-02 -1.156249829E-02  6.562000141E-03  3.345901857E+00 
        59  1.143750548E-02 -1.143749803E-02  6.562000141E-03  3.155076882E+00 
        60  1.131250523E-02 -1.131249778E-02  6.562000141E-03  3.111022024E+00 
        61  1.118750498E-02 -1.118749846E-02  6.562000141E-03  3.156904164E+00 
        62  1.106250472E-02 -1.106249820E-02  6.562000141E-03  3.097865484E+00 
        63  1.093750540E-02 -1.093749795E-02  6.562000141E-03  2.705775175E+00 
        64  1.081250515E-02 -1.081249863E-02  6.562000141E-03  1.589191653E+00 
        65  1.068750490E-02 -1.068749838E-02  6.562000141E-03  6.642191639E-01 
        66  1.056250557E-02 -1.056249812E-02  6.562000141E-03  1.216931575E+00 
        67  1.043750532E-02 -1.043749787E-02  6.562000141E-03  2.733294472E+00 
        68  1.031250507E-02 -1.031249855E-02  6.562000141E-03  2.847342487E+00 
        69  1.018750481E-02 -1.018749829E-02  6.562000141E-03  2.520621399E+00 
        70  1.006250549E-02 -1.006249804E-02  6.562000141E-03  2.338529770E+00 
        71  9.937505238E-03 -9.937497787E-03  6.562000141E-03  2.382883558E+00 
        72  9.812504984E-03 -9.812498465E-03  6.562000141E-03  2.477357410E+00 
        73  9.687505662E-03 -9.687498212E-03  6.562000141E-03  2.286484089E+00 
        74  9.562505409E-03 -9.562497959E-03  6.562000141E-03  2.163146353E+00 
        75  9.437505156E-03 -9.437497705E-03  6.562000141E-03  2.034794472E+00 
        76  9.312504902E-03 -9.312498383E-03  6.562000141E-03  1.880095666E+00 
        77  9.187505580E-03 -9.187498130E-03  6.562000141E-03  1.688710299E+00 
        78  9.062505327E-03 -9.062497877E-03  6.562000141E-03  1.444533407E+00 
        79  8.937505074E-03 -8.937498555E-03  6.562000141E-03  1.316454205E+00 
        80  8.812504821E-03 -8.812498301E-03  6.562000141E-03  1.338030726E+00 
        81  8.687505499E-03 -8.687498048E-03  6.562000141E-03  1.536656079E+00 
        82  8.562505245E-03 -8.562497795E-03  6.562000141E-03  1.860104697E+00 
        83  8.437504992E-03 -8.437498473E-03  6.562000141E-03  1.781668640E+00 
        84  1.895486377E-02 -1.895486377E-02  6.562000141E-03  6.126312485E+00 
        85  1.889866963E-02 -1.889866963E-02  6.562000141E-03  6.080212754E+00 
        86  1.880285516E-02 -1.880285144E-02  6.562000606E-03  5.952598294E+00 
        87  1.868750528E-02 -1.868749782E-02  6.562000141E-03  5.855845570E+00 
        88  1.856250502E-02 -1.856249757E-02  6.562000141E-03  5.346987492E+00 
        89  1.843750477E-02 -1.843749732E-02  6.562000141E-03  4.807374313E+00 
        90  1.831250452E-02 -1.831249893E-02  6.562000141E-03  4.929091679E+00 
        91  1.818750426E-02 -1.818749867E-02  6.562000141E-03  5.207200823E+00 
        92  1.806250401E-02 -1.806249842E-02  6.562000141E-03  5.160409543E+00 
        93  1.793750562E-02 -1.793749817E-02  6.562000141E-03  4.973647272E+00 
        94  1.781250536E-02 -1.781249791E-02  6.562000141E-03  4.968792081E+00 
        95  1.768750511E-02 -1.768749766E-02  6.562000141E-03  5.079247019E+00 
        96  1.756250486E-02 -1.756249741E-02  6.562000141E-03  5.148485614E+00 
        97  1.743750460E-02 -1.743749715E-02  6.562000141E-03  5.151397876E+00 
        98  1.731250435E-02 -1.731249876E-02  6.562000141E-03  5.095952022E+00 
        99  1.718750410E-02 -1.718749851E-02  6.562000141E-03  5.030348414E+00 
       100  1.706250571E-02 -1.706249826E-02  6.562000141E-03  4.972942913E+00 
       101  1.693750545E-02 -1.693749800E-02  6.562000141E-03  4.939075448E+00 
       102  1.681250520E-02 -1.681249775E-02  6.562000141E-03  4.942357600E+00 
       103  1.668750495E-02 -1.668749750E-02  6.562000141E-03  4.955995592E+00 
       104  1.656250469E-02 -1.656249724E-02  6.562000141E-03  4.909130274E+00 
       105  1.643750444E-02 -1.643749885E-02  6.562000141E-03  4.822549569E+00 
       106  1.631250419E-02 -1.631249860E-02  6.562000141E-03  4.749591434E+00 
       107  1.618750393E-02 -1.618749835E-02  6.562000141E-03  4.705024096E+00 
       108  1.606250554E-02 -1.606249809E-02  6.562000141E-03  4.696311648E+00 
       109  1.899245940E-02 -1.899245940E-02  6.562000606E-03  6.228188571E+00 
       110  1.905349456E-02 -1.905349456E-02  6.562000606E-03  5.744711065E+00 
       111  1.914011873E-02 -1.914011873E-02  6.562000141E-03  5.894994492E+00 
       112  1.923859492E-02 -1.923859492E-02  6.562000141E-03  5.497479976E+00 
       113  1.930207387E-02 -1.930207387E-02  6.562000141E-03  5.342468693E+00 
       114  1.937407255E-02 -1.937407441E-02  6.562000141E-03  5.392159874E+00 
       115  1.944607310E-02 -1.944607310E-02  6.562000141E-03  5.197061370E+00 
       116  1.951807365E-02 -1.951807365E-02  6.562000141E-03  5.148388691E+00 
       117  1.959007420E-02 -1.959007420E-02  6.562000141E-03  4.996638929E+00 
       118  1.568750478E-02 -1.568749733E-02  6.562000141E-03  4.560723951E+00 
       119  1.556250546E-02 -1.556249801E-02  6.562000141E-03  4.432807199E+00 
       120  1.543750521E-02 -1.543749869E-02  6.562000141E-03  4.316491409E+00 
       121  1.531250495E-02 -1.531249844E-02  6.562000141E-03  4.280956353E+00 
       122  1.518750470E-02 -1.518749818E-02  6.562000141E-03  4.338538320E+00 
       123  1.506250538E-02 -1.506249793E-02  6.562000141E-03  4.372105756E+00 
       124  1.493750513E-02 -1.493749861E-02  6.562000141E-03  4.290521258E+00 
       125  1.481250487E-02 -1.481249835E-02  6.562000141E-03  4.239291758E+00 
       126  1.468750555E-02 -1.468749810E-02  6.562000141E-03  4.268251882E+00 
       127  1.456250530E-02 -1.456249785E-02  6.562000141E-03  4.300934212E+00 
       128  1.443750504E-02 -1.443749852E-02  6.562000141E-03  4.308011994E+00 
       129  1.431250479E-02 -1.431249827E-02  6.562000141E-03  4.345737982E+00 
       130  1.418750547E-02 -1.418749802E-02  6.562000141E-03  4.329745014E+00 
       131  1.406250522E-02 -1.406249870E-02  6.562000141E-03  4.275672498E+00 
       132  1.393750496E-02 -1.393749844E-02  6.562000141E-03  4.215408956E+00 
       133  1.381250471E-02 -1.381249819E-02  6.562000141E-03  4.175545756E+00 
       134  1.368750539E-02 -1.368749794E-02  6.562000141E-03  4.151649169E+00 
       135  1.356250513E-02 -1.356249861E-02  6.562000141E-03  4.125024564E+00 
       136  1.343750488E-02 -1.343749836E-02  6.562000141E-03  4.105643344E+00 
       137  1.331250556E-02 -1.331249811E-02  6.562000141E-03  4.096264595E+00 
       138  1.318750530E-02 -1.318749785E-02  6.562000141E-03  4.095562644E+00 
       139  1.306250505E-02 -1.306249853E-02  6.562000141E-03  4.100828836E+00 
       140  1.293750480E-02 -1.293749828E-02  6.562000141E-03  4.108480659E+00 
       141  1.281250548E-02 -1.281249803E-02  6.562000141E-03  4.118087615E+00 
       142  1.268750522E-02 -1.268749777E-02  6.562000141E-03  4.120909364E+00 
       143  1.256250497E-02 -1.256249845E-02  6.562000141E-03  4.103079895E+00 
       144  1.243750472E-02 -1.243749820E-02  6.562000141E-03  4.055324144E+00 
       145  1.231250539E-02 -1.231249794E-02  6.562000141E-03  3.976678169E+00 
       146  1.218750514E-02 -1.218749862E-02  6.562000141E-03  3.922846221E+00 
       147  1.206250489E-02 -1.206249837E-02  6.562000141E-03  3.953539683E+00 
       148  1.193750557E-02 -1.193749812E-02  6.562000141E-03  3.964402917E+00 
       149  1.181250531E-02 -1.181249786E-02  6.562000141E-03  3.879771796E+00 
       150  1.168750506E-02 -1.168749854E-02  6.562000141E-03  3.644474688E+00 
       151  2.121082321E-02 -2.121082321E-02  6.562000141E-03  1.510114141E-01 
       152  2.120567486E-02 -2.120567486E-02  6.562000141E-03  4.497160201E-01 
       153  2.119949646E-02 -2.119949646E-02  6.562000141E-03  8.002472570E-01 
       154  2.119208500E-02 -2.119208500E-02  6.562000141E-03  1.211478581E+00 
       155  2.118319459E-02 -2.118319459E-02  6.562000141E-03  1.694045081E+00 
       156  2.117252536E-02 -2.117252536E-02  6.562000141E-03  2.258206097E+00 
       157  2.115972713E-02 -2.115972713E-02  6.562000606E-03  2.902874176E+00 
       158  2.114437334E-02 -2.114437334E-02  6.562000606E-03  3.591336994E+00 
       159  2.112595551E-02 -2.112595551E-02  6.562000606E-03  4.211786014E+00 
       160  2.110386454E-02 -2.110386454E-02  6.562000606E-03  4.608945320E+00 
       161  2.107902244E-02 -2.107902244E-02  6.562000606E-03  4.771863903E+00 
       162  2.101956122E-02 -2.101956122E-02  6.562000606E-03  4.792091342E+00 
       163  2.093681321E-02 -2.093681321E-02  6.562000606E-03  4.795873993E+00 
       164  2.088592015E-02 -2.088592015E-02  6.562000141E-03  4.777468493E+00 
       165  2.081407420E-02 -2.081407420E-02  6.562000141E-03  4.776897450E+00 
       166  2.074207366E-02 -2.074207366E-02  6.562000141E-03  4.748283677E+00 
       167  2.067007311E-02 -2.067007311E-02  6.562000141E-03  4.942775448E+00 
       168  2.059807256E-02 -2.059807256E-02  6.562000141E-03  4.984507688E+00 
       169  2.052607387E-02 -2.052607387E-02  6.562000141E-03  5.199529146E+00 
       170  2.045407332E-02 -2.045407332E-02  6.562000141E-03  5.078692489E+00 
       171  2.038207278E-02 -2.038207278E-02  6.562000141E-03  5.160073063E+00 
       172  2.031007409E-02 -2.031007409E-02  6.562000141E-03  5.013657856E+00 
       173  2.023807354E-02 -2.023807354E-02  6.562000141E-03  5.045130170E+00 
       174  2.016607299E-02 -2.016607299E-02  6.562000141E-03  4.922469678E+00 
       175  2.009407245E-02 -2.009407245E-02  6.562000141E-03  4.870312395E+00 
       176  2.002207376E-02 -2.002207376E-02  6.562000141E-03  4.722315206E+00 
       177  1.995007321E-02 -1.995007321E-02  6.562000141E-03  4.653947229E+00 
       178  1.987807266E-02 -1.987807266E-02  6.562000141E-03  4.620562550E+00 
       179  1.980607398E-02 -1.980607398E-02  6.562000141E-03  4.646193041E+00 
       180  1.973407343E-02 -1.973407343E-02  6.562000141E-03  4.742654043E+00 
       181  1.966207288E-02 -1.966207288E-02  6.562000141E-03  4.897358640E+00 
