cellnumber     x-coordinate     y-coordinate     z-coordinate velocity-magnitude 
         1  1.973407343E-02 -1.973407343E-02  6.562000141E-03  4.633072409E+00 
         2  1.980607398E-02 -1.980607398E-02  6.562000141E-03  4.619271933E+00 
         3  1.987807266E-02 -1.987807266E-02  6.562000141E-03  4.651230461E+00 
         4  1.995007321E-02 -1.995007321E-02  6.562000141E-03  4.676165915E+00 
         5  2.002207376E-02 -2.002207376E-02  6.562000141E-03  4.762302777E+00 
         6  2.009407431E-02 -2.009407431E-02  6.562000141E-03  4.759832846E+00 
         7  2.016607299E-02 -2.016607299E-02  6.562000141E-03  4.834283364E+00 
         8  2.023807354E-02 -2.023807354E-02  6.562000141E-03  4.801230752E+00 
         9  2.031007409E-02 -2.031007409E-02  6.562000141E-03  4.908805484E+00 
        10  2.038207278E-02 -2.038207278E-02  6.562000141E-03  4.952245417E+00 
        11  2.045407332E-02 -2.045407332E-02  6.562000141E-03  5.104975416E+00 
        12  2.052607387E-02 -2.052607387E-02  6.562000141E-03  5.065724712E+00 
        13  2.059807256E-02 -2.059807256E-02  6.562000141E-03  4.995172964E+00 
        14  2.067007311E-02 -2.067007311E-02  6.562000141E-03  4.846353555E+00 
        15  2.074207366E-02 -2.074207366E-02  6.562000141E-03  4.833178975E+00 
        16  2.081407234E-02 -2.081407234E-02  6.562000141E-03  4.748956707E+00 
        17  2.088592015E-02 -2.088592015E-02  6.562000141E-03  4.644671403E+00 
        18  2.093681321E-02 -2.093681321E-02  6.562000141E-03  4.651684224E+00 
        19  2.101955935E-02 -2.101955935E-02  6.562000141E-03  4.760559662E+00 
        20  2.107902244E-02 -2.107902244E-02  6.562000606E-03  4.938302147E+00 
        21  2.110386454E-02 -2.110386454E-02  6.562000606E-03  5.032840146E+00 
        22  2.112595551E-02 -2.112595551E-02  6.562000606E-03  5.036294014E+00 
        23  2.114437334E-02 -2.114437334E-02  6.562000606E-03  4.894827323E+00 
        24  2.115972713E-02 -2.115972713E-02  6.562000606E-03  4.502439782E+00 
        25  2.117252536E-02 -2.117252536E-02  6.562000141E-03  3.821817625E+00 
        26  2.118319459E-02 -2.118319459E-02  6.562000141E-03  2.996560796E+00 
        27  2.119208500E-02 -2.119208500E-02  6.562000141E-03  2.169407142E+00 
        28  2.119949646E-02 -2.119949646E-02  6.562000141E-03  1.428019823E+00 
        29  2.120567486E-02 -2.120567486E-02  6.562000141E-03  7.950003958E-01 
        30  2.121082321E-02 -2.121082321E-02  6.562000141E-03  2.640317179E-01 
        31  1.431250479E-02 -1.431249827E-02  6.562000141E-03  4.212053198E+00 
        32  1.443750504E-02 -1.443749852E-02  6.562000141E-03  4.181580140E+00 
        33  1.456250530E-02 -1.456249878E-02  6.562000141E-03  4.112350891E+00 
        34  1.468750462E-02 -1.468749810E-02  6.562000141E-03  4.025792864E+00 
        35  1.481250487E-02 -1.481249835E-02  6.562000141E-03  3.991959654E+00 
        36  1.493750513E-02 -1.493749861E-02  6.562000141E-03  4.025671963E+00 
        37  1.506250538E-02 -1.506249793E-02  6.562000141E-03  4.049099861E+00 
        38  1.518750470E-02 -1.518749818E-02  6.562000141E-03  4.054681984E+00 
        39  1.531250495E-02 -1.531249844E-02  6.562000141E-03  4.031278292E+00 
        40  1.543750521E-02 -1.543749869E-02  6.562000141E-03  4.008703615E+00 
        41  1.556250453E-02 -1.556249801E-02  6.562000141E-03  4.027806301E+00 
        42  1.568750478E-02 -1.568749733E-02  6.562000141E-03  4.088586965E+00 
        43  1.581250504E-02 -1.581249759E-02  6.562000141E-03  4.288039905E+00 
        44  1.593750529E-02 -1.593749784E-02  6.562000141E-03  4.609114574E+00 
        45  1.606250554E-02 -1.606249809E-02  6.562000141E-03  4.857458565E+00 
        46  1.618750393E-02 -1.618749835E-02  6.562000141E-03  4.943859507E+00 
        47  1.631250419E-02 -1.631249860E-02  6.562000141E-03  4.880844499E+00 
        48  1.643750444E-02 -1.643749885E-02  6.562000141E-03  4.831355711E+00 
        49  1.656250469E-02 -1.656249724E-02  6.562000141E-03  4.856146491E+00 
        50  1.668750495E-02 -1.668749750E-02  6.562000141E-03  4.871386424E+00 
        51  1.681250520E-02 -1.681249775E-02  6.562000141E-03  4.929376482E+00 
        52  1.693750545E-02 -1.693749800E-02  6.562000141E-03  4.950339967E+00 
        53  1.706250384E-02 -1.706249826E-02  6.562000141E-03  4.974569433E+00 
        54  1.718750410E-02 -1.718749851E-02  6.562000141E-03  4.998688948E+00 
        55  1.731250435E-02 -1.731249876E-02  6.562000141E-03  5.010708346E+00 
        56  1.743750460E-02 -1.743749902E-02  6.562000141E-03  4.969490601E+00 
        57  1.756250486E-02 -1.756249741E-02  6.562000141E-03  4.929252099E+00 
        58  7.812504657E-03 -7.812498137E-03  6.562000141E-03  2.147942768E+00 
        59  7.937504910E-03 -7.937498391E-03  6.562000141E-03  1.994961652E+00 
        60  8.062505163E-03 -8.062497713E-03  6.562000141E-03  1.634246838E+00 
        61  8.187505417E-03 -8.187497966E-03  6.562000141E-03  1.427529373E+00 
        62  8.312504739E-03 -8.312498219E-03  6.562000141E-03  1.417035908E+00 
        63  8.437504992E-03 -8.437498473E-03  6.562000141E-03  1.502704201E+00 
        64  8.562505245E-03 -8.562497795E-03  6.562000141E-03  1.559679240E+00 
        65  8.687505499E-03 -8.687498048E-03  6.562000141E-03  1.580985510E+00 
        66  2.830355195E-03 -2.830355195E-03  6.562000141E-03  1.084449944E+00 
        67  2.835455118E-03 -2.835455118E-03  6.562000606E-03  1.167927019E+00 
        68  2.841580659E-03 -2.841580659E-03  6.562000606E-03  1.276437635E+00 
        69  2.848939039E-03 -2.848939039E-03  6.562000141E-03  1.414920859E+00 
        70  2.857780783E-03 -2.857780783E-03  6.562000141E-03  1.583394002E+00 
        71  2.868407406E-03 -2.868407406E-03  6.562000141E-03  1.769929074E+00 
        72  2.881183056E-03 -2.881183056E-03  6.562000141E-03  1.940183065E+00 
        73  2.896548249E-03 -2.896548249E-03  6.562000606E-03  2.040631589E+00 
        74  2.915035933E-03 -2.915035933E-03  6.562000606E-03  2.047139803E+00 
        75  2.937293379E-03 -2.937293379E-03  6.562000606E-03  1.997628832E+00 
        76  2.975319512E-03 -2.975319512E-03  6.562000606E-03  1.938282233E+00 
        77  3.059382550E-03 -3.059382550E-03  6.562000141E-03  1.895590050E+00 
        78  3.123705974E-03 -3.123705974E-03  6.562000141E-03  1.928751075E+00 
        79  3.189919051E-03 -3.189915325E-03  6.562000141E-03  1.886292466E+00 
        80  3.312505083E-03 -3.312497865E-03  6.562000141E-03  1.844429336E+00 
        81  3.437505104E-03 -3.437497886E-03  6.562000141E-03  1.850207016E+00 
        82  3.562505124E-03 -3.562497906E-03  6.562000141E-03  1.908293959E+00 
        83  3.687505145E-03 -3.687497927E-03  6.562000141E-03  1.734662319E+00 
        84  3.812505165E-03 -3.812497947E-03  6.562000141E-03  1.241939692E+00 
        85  3.937505186E-03 -3.937497735E-03  6.562000141E-03  1.042892261E+00 
        86  4.062505439E-03 -4.062497988E-03  6.562000141E-03  1.230468317E+00 
        87  4.187505227E-03 -4.187498242E-03  6.562000141E-03  1.391080932E+00 
        88  4.312505480E-03 -4.312498029E-03  6.562000141E-03  1.442968032E+00 
        89  4.437505268E-03 -4.437498283E-03  6.562000141E-03  1.622003116E+00 
        90  4.562505055E-03 -4.562498070E-03  6.562000141E-03  1.697026286E+00 
        91  4.687505309E-03 -4.687497858E-03  6.562000141E-03  1.520114884E+00 
        92  4.812505096E-03 -4.812498111E-03  6.562000141E-03  1.610416527E+00 
        93  4.937505350E-03 -4.937497899E-03  6.562000141E-03  1.938416878E+00 
        94  5.062505137E-03 -5.062498152E-03  6.562000141E-03  2.081936345E+00 
        95  5.187505390E-03 -5.187497940E-03  6.562000141E-03  2.129715865E+00 
        96  5.312505178E-03 -5.312498193E-03  6.562000141E-03  2.135963034E+00 
        97  5.437505431E-03 -5.437497981E-03  6.562000141E-03  2.217074889E+00 
        98  5.562505219E-03 -5.562498234E-03  6.562000141E-03  2.231420462E+00 
        99  5.687505007E-03 -5.687498022E-03  6.562000141E-03  2.216321558E+00 
       100  5.812505260E-03 -5.812498275E-03  6.562000141E-03  2.306902796E+00 
       101  5.937505048E-03 -5.937498063E-03  6.562000141E-03  2.125811033E+00 
       102  6.062505301E-03 -6.062498316E-03  6.562000141E-03  1.976148537E+00 
       103  6.187505089E-03 -6.187498104E-03  6.562000141E-03  1.824251651E+00 
       104  6.312505342E-03 -6.312497891E-03  6.562000141E-03  1.703009931E+00 
       105  6.437505130E-03 -6.437498145E-03  6.562000141E-03  1.666051184E+00 
       106  6.562505383E-03 -6.562497932E-03  6.562000141E-03  1.718989916E+00 
       107  6.687505171E-03 -6.687498186E-03  6.562000141E-03  1.785767339E+00 
       108  6.812505424E-03 -6.812497973E-03  6.562000141E-03  1.860200758E+00 
       109  6.937505212E-03 -6.937498227E-03  6.562000141E-03  1.877074999E+00 
       110  7.062504999E-03 -7.062498014E-03  6.562000141E-03  1.766178607E+00 
       111  7.187505253E-03 -7.187498268E-03  6.562000141E-03  1.629655511E+00 
       112  7.312505040E-03 -7.312498055E-03  6.562000141E-03  1.607909186E+00 
       113  7.437505294E-03 -7.437498309E-03  6.562000141E-03  1.696252660E+00 
       114  7.562505081E-03 -7.562498096E-03  6.562000141E-03  1.895631038E+00 
       115  7.687505335E-03 -7.687498350E-03  6.562000141E-03  2.070498786E+00 
       116  1.418750547E-02 -1.418749802E-02  6.562000141E-03  4.195824033E+00 
       117  1.406250522E-02 -1.406249870E-02  6.562000141E-03  4.167050884E+00 
       118  1.393750496E-02 -1.393749844E-02  6.562000141E-03  4.141387127E+00 
       119  1.381250471E-02 -1.381249819E-02  6.562000141E-03  4.118459082E+00 
       120  1.368750539E-02 -1.368749794E-02  6.562000141E-03  4.097415176E+00 
       121  1.356250513E-02 -1.356249861E-02  6.562000141E-03  4.063764251E+00 
       122  1.343750488E-02 -1.343749836E-02  6.562000141E-03  3.998586556E+00 
       123  1.331250463E-02 -1.331249811E-02  6.562000141E-03  3.909469743E+00 
       124  1.318750530E-02 -1.318749785E-02  6.562000141E-03  3.836380654E+00 
       125  1.306250505E-02 -1.306249853E-02  6.562000141E-03  3.808523468E+00 
       126  1.293750480E-02 -1.293749828E-02  6.562000141E-03  3.836435160E+00 
       127  1.281250548E-02 -1.281249803E-02  6.562000141E-03  3.888915844E+00 
       128  1.268750522E-02 -1.268749870E-02  6.562000141E-03  3.929044009E+00 
       129  1.256250497E-02 -1.256249845E-02  6.562000141E-03  3.929411865E+00 
       130  1.243750472E-02 -1.243749820E-02  6.562000141E-03  3.874130470E+00 
       131  1.231250539E-02 -1.231249794E-02  6.562000141E-03  3.787426458E+00 
       132  1.218750514E-02 -1.218749862E-02  6.562000141E-03  3.668284462E+00 
       133  1.206250489E-02 -1.206249837E-02  6.562000141E-03  3.558336688E+00 
       134  1.193750463E-02 -1.193749812E-02  6.562000141E-03  3.483617662E+00 
       135  1.181250531E-02 -1.181249786E-02  6.562000141E-03  3.471924434E+00 
       136  1.168750506E-02 -1.168749854E-02  6.562000141E-03  3.435005110E+00 
       137  1.156250481E-02 -1.156249829E-02  6.562000141E-03  3.290937716E+00 
       138  1.143750548E-02 -1.143749803E-02  6.562000141E-03  3.147066906E+00 
       139  1.131250523E-02 -1.131249871E-02  6.562000141E-03  3.005625600E+00 
       140  1.118750498E-02 -1.118749846E-02  6.562000141E-03  3.103478021E+00 
       141  1.106250472E-02 -1.106249820E-02  6.562000141E-03  3.334054029E+00 
       142  1.093750540E-02 -1.093749795E-02  6.562000141E-03  3.155832885E+00 
       143  1.081250515E-02 -1.081249863E-02  6.562000141E-03  3.007223195E+00 
       144  1.068750490E-02 -1.068749838E-02  6.562000141E-03  2.666075685E+00 
       145  1.056250557E-02 -1.056249812E-02  6.562000141E-03  2.103512005E+00 
       146  1.043750532E-02 -1.043749787E-02  6.562000141E-03  1.837660911E+00 
       147  1.031250507E-02 -1.031249855E-02  6.562000141E-03  1.913424409E+00 
       148  1.018750481E-02 -1.018749829E-02  6.562000141E-03  1.954364192E+00 
       149  1.006250549E-02 -1.006249804E-02  6.562000141E-03  2.082007506E+00 
       150  9.937505238E-03 -9.937497787E-03  6.562000141E-03  1.672604504E+00 
       151  9.812504984E-03 -9.812498465E-03  6.562000141E-03  1.948185883E+00 
       152  9.687504731E-03 -9.687498212E-03  6.562000141E-03  2.268703886E+00 
       153  9.562505409E-03 -9.562497959E-03  6.562000141E-03  2.188403967E+00 
       154  9.437505156E-03 -9.437498637E-03  6.562000141E-03  2.120087693E+00 
       155  9.312504902E-03 -9.312498383E-03  6.562000141E-03  2.148674367E+00 
       156  9.187505580E-03 -9.187498130E-03  6.562000141E-03  2.242932839E+00 
       157  9.062505327E-03 -9.062497877E-03  6.562000141E-03  2.130729425E+00 
       158  8.937505074E-03 -8.937498555E-03  6.562000141E-03  1.978194590E+00 
       159  8.812504821E-03 -8.812498301E-03  6.562000141E-03  1.692126551E+00 
       160  1.895486377E-02 -1.895486377E-02  6.562000141E-03  5.348095196E+00 
       161  1.889867149E-02 -1.889867149E-02  6.562000141E-03  5.354951682E+00 
       162  1.880285516E-02 -1.880285330E-02  6.562000141E-03  5.201829078E+00 
       163  1.868750528E-02 -1.868749782E-02  6.562000141E-03  5.047313090E+00 
       164  1.856250502E-02 -1.856249757E-02  6.562000141E-03  4.947708728E+00 
       165  1.843750477E-02 -1.843749732E-02  6.562000141E-03  4.990763982E+00 
       166  1.831250452E-02 -1.831249893E-02  6.562000141E-03  4.959944571E+00 
       167  1.818750426E-02 -1.818749867E-02  6.562000141E-03  4.908292729E+00 
       168  1.806250401E-02 -1.806249842E-02  6.562000141E-03  4.865307722E+00 
       169  1.793750376E-02 -1.793749817E-02  6.562000141E-03  4.869412979E+00 
       170  1.781250536E-02 -1.781249791E-02  6.562000141E-03  4.897295115E+00 
       171  1.768750511E-02 -1.768749766E-02  6.562000141E-03  4.894416430E+00 
       172  1.966207288E-02 -1.966207288E-02  6.562000141E-03  4.675898094E+00 
       173  1.959007420E-02 -1.959007420E-02  6.562000141E-03  4.707840619E+00 
       174  1.951807365E-02 -1.951807365E-02  6.562000141E-03  4.799130252E+00 
       175  1.944607310E-02 -1.944607310E-02  6.562000141E-03  4.859036867E+00 
       176  1.937407255E-02 -1.937407255E-02  6.562000141E-03  4.932343537E+00 
       177  1.930207387E-02 -1.930207387E-02  6.562000141E-03  4.984202540E+00 
       178  1.923859492E-02 -1.923859492E-02  6.562000141E-03  5.016366059E+00 
       179  1.914011873E-02 -1.914011873E-02  6.562000141E-03  5.217362324E+00 
       180  1.905349456E-02 -1.905349456E-02  6.562000606E-03  5.323335423E+00 
       181  1.899245940E-02 -1.899245940E-02  6.562000606E-03  5.403290188E+00 
