(title "Mean Velocity Magnitude")
(labels "Position" "Mean Velocity Magnitude")

((xy/key/label "quadrant-2")
-0.00283684	1.02435
-0.00285789	0.973249
-0.00288317	0.902055
-0.00291353	0.816383
-0.00295001	0.735333
-0.00299386	0.679252
-0.00306563	0.644218
-0.00313639	0.624555
-0.00318857	0.609798
-0.00324441	0.598706
-0.0033359	0.583139
-0.00340625	0.572008
-0.00350584	0.543432
-0.0037	0.500884
-0.0039	0.471576
-0.0041	0.457755
-0.0043	0.450552
-0.0045	0.446594
-0.0047	0.456554
-0.0049	0.48799
-0.0051	0.508986
-0.0053	0.501206
-0.0055	0.528357
-0.0057	0.705712
-0.0059	1.00755
-0.0061	1.34498
-0.0063	1.64921
-0.0065	1.88347
-0.0067	2.05909
-0.0069	2.191
-0.0071	2.28422
-0.0073	2.37173
-0.0075	2.48131
-0.0077	2.57625
-0.0079	2.63029
-0.0081	2.68752
-0.0083	2.76961
-0.0085	2.84124
-0.0087	2.88653
-0.0089	2.92692
-0.0091	2.9876
-0.0093	3.09746
-0.0095	3.23935
-0.0097	3.36223
-0.0099	3.45805
-0.0101	3.54145
-0.0103	3.62166
-0.0105	3.70335
-0.0107	3.7891
-0.0109	3.88022
-0.0111	3.97715
-0.0113	4.07896
-0.0115	4.18355
-0.0117	4.2886
-0.0119	4.39286
-0.0121	4.49544
-0.0123	4.59591
-0.0125	4.69374
-0.0127	4.78742
-0.0129	4.87568
-0.0131	4.95892
-0.0133	5.03889
-0.0135	5.11825
-0.0137	5.20019
-0.0139	5.27775
-0.0141	5.35004
-0.0143	5.42754
-0.0145	5.50677
-0.0147	5.56107
-0.0149	5.5858
-0.0151	5.58982
-0.0153	5.58807
-0.0155	5.59496
-0.0157	5.62995
-0.0159	5.69269
-0.0161	5.75377
-0.0163	5.80174
-0.0165	5.82729
-0.0167	5.82849
-0.0169	5.8151
-0.0171	5.79844
-0.0173	5.78144
-0.0175	5.76104
-0.0177	5.73481
-0.0179	5.69948
-0.0181	5.62916
-0.0183	5.50989
-0.0184911	5.35253
-0.0186372	5.16381
-0.0187301	5.06668
-0.0188458	4.87941
-0.0189457	4.79
-0.0212034	0.440868
-0.0211822	1.35945
-0.0211568	2.28864
-0.0211263	3.05367
-0.0210897	3.59041
-0.0210459	3.91114
-0.0209822	4.12938
-0.0208554	4.27334
-0.0207564	4.29984
-0.0206447	4.37181
-0.020542	4.39848
-0.0204538	4.39615
-0.0203658	4.38842
-0.0202778	4.3682
-0.0201898	4.34732
-0.0201018	4.32648
-0.0200138	4.30182
-0.0199258	4.29149
-0.0198378	4.28138
-0.0197498	4.30247
-0.0196618	4.32476
-0.0195738	4.38592
-0.0194858	4.43978
-0.0194081	4.53333
-0.019253	4.70113
-0.0191628	4.79716
-0.0190746	4.89736
-0.018982	5.02799
)
