cellnumber     x-coordinate     y-coordinate     z-coordinate velocity-magnitude 
         1  1.999999955E-02 -2.583321184E-02  6.561999675E-03  3.407882088E+00 
         2  1.999996044E-02 -2.592459694E-02  6.562000141E-03  3.389962117E+00 
         3  1.999994740E-02 -2.602700889E-02  6.562000141E-03  3.137333967E+00 
         4  1.999998651E-02 -2.607314475E-02  6.562000141E-03  3.278663749E+00 
         5  1.999999955E-02 -2.615704387E-02  6.562000141E-03  3.229672672E+00 
         6  1.999999955E-02 -2.630104311E-02  6.562000141E-03  3.223005725E+00 
         7  1.999999955E-02 -2.644504420E-02  6.562000141E-03  3.187041361E+00 
         8  1.999999955E-02 -2.658904344E-02  6.562000141E-03  3.110100828E+00 
         9  1.999999955E-02 -2.673304267E-02  6.562000141E-03  3.033862671E+00 
        10  1.999999955E-02 -2.687704377E-02  6.562000141E-03  3.004634449E+00 
        11  1.999999955E-02 -2.702104300E-02  6.562000141E-03  3.039793230E+00 
        12  1.999999955E-02 -2.716504410E-02  6.562000141E-03  3.184621976E+00 
        13  1.999999955E-02 -2.730904333E-02  6.562000141E-03  3.382505515E+00 
        14  1.999999955E-02 -2.745304257E-02  6.562000141E-03  3.628744119E+00 
        15  1.999999955E-02 -2.759704366E-02  6.562000141E-03  3.873665851E+00 
        16  1.999999955E-02 -2.774104290E-02  6.562000141E-03  3.926181912E+00 
        17  1.999999955E-02 -2.788504399E-02  6.562000141E-03  3.704445057E+00 
        18  1.999999955E-02 -2.802904323E-02  6.562000141E-03  3.170101858E+00 
        19  1.999999955E-02 -2.817304432E-02  6.562000141E-03  2.809912081E+00 
        20  1.999999955E-02 -2.831704356E-02  6.562000141E-03  2.818411320E+00 
        21  1.999999955E-02 -2.846104279E-02  6.562000141E-03  3.054539095E+00 
        22  1.999999955E-02 -2.860504389E-02  6.562000141E-03  3.459687563E+00 
        23  1.999999955E-02 -2.874904312E-02  6.562000141E-03  3.916394533E+00 
        24  1.999999955E-02 -2.889304422E-02  6.562000141E-03  4.127516848E+00 
        25  1.999999955E-02 -2.903704345E-02  6.562000141E-03  3.890641768E+00 
        26  1.999999955E-02 -2.918104269E-02  6.562000141E-03  3.081535861E+00 
        27  1.999999955E-02 -2.932504378E-02  6.562000141E-03  2.384328011E+00 
        28  1.999999955E-02 -2.946904302E-02  6.562000141E-03  1.862584356E+00 
        29  1.999999955E-02 -2.959104441E-02  6.562000141E-03  9.758202330E-01 
        30  1.999999955E-02 -2.971169166E-02  6.562000141E-03  8.472002043E-01 
        31  1.999999955E-02 -2.980891429E-02  6.562000141E-03  7.893302717E-01 
        32  1.999999955E-02 -2.984774485E-02  6.562000141E-03  7.838247086E-01 
