cellnumber     x-coordinate     y-coordinate     z-coordinate velocity-magnitude 
         1  3.500000015E-02 -3.018904291E-02  6.561999675E-03  4.803778202E-01 
         2  3.500000015E-02 -3.033304214E-02  6.561999675E-03  4.021922106E-01 
         3  3.500000015E-02 -3.047704324E-02  6.561999675E-03  3.223110239E-01 
         4  3.500000015E-02 -3.062104248E-02  6.561999675E-03  2.545249955E-01 
         5  3.500000015E-02 -3.076504171E-02  6.561999675E-03  2.341795300E-01 
         6  3.500000015E-02 -3.090904281E-02  6.561999675E-03  2.422452265E-01 
         7  3.500000015E-02 -3.105304204E-02  6.561999675E-03  3.033719015E-01 
         8  3.500000015E-02 -3.119704314E-02  6.561999675E-03  3.825684579E-01 
         9  3.500000015E-02 -3.134104237E-02  6.561999675E-03  4.476519446E-01 
        10  3.500000015E-02 -3.148504347E-02  6.561999675E-03  4.960472694E-01 
        11  3.500000015E-02 -3.162904084E-02  6.561999675E-03  4.915335581E-01 
        12  3.500000015E-02 -3.177304193E-02  6.561999675E-03  4.507005342E-01 
        13  3.500000015E-02 -3.191704303E-02  6.561999675E-03  4.010133147E-01 
        14  3.500000015E-02 -3.206104040E-02  6.562000141E-03  3.331082173E-01 
        15  3.500000015E-02 -3.219095245E-02  6.562000141E-03  2.813867947E-01 
        16  3.500000015E-02 -3.232943267E-02  6.562000141E-03  2.456779035E-01 
        17  3.500000015E-02 -2.299739420E-02  6.562000141E-03  1.092655747E-01 
        18  3.500000015E-02 -2.301233262E-02  6.562000141E-03  1.202217823E-01 
        19  3.500000015E-02 -2.303021587E-02  6.561999675E-03  1.232311799E-01 
        20  3.500000015E-02 -2.305160835E-02  6.562000141E-03  1.199196869E-01 
        21  3.500000015E-02 -2.307719551E-02  6.561999675E-03  1.155030365E-01 
        22  3.500000015E-02 -2.310776524E-02  6.561999675E-03  1.187929356E-01 
        23  3.500000015E-02 -2.314046025E-02  6.562000141E-03  1.335127501E-01 
        24  3.500000015E-02 -2.320699580E-02  6.562000141E-03  1.578510173E-01 
        25  3.500000015E-02 -2.332915738E-02  6.562000141E-03  2.684650527E-01 
        26  3.500000015E-02 -2.344694175E-02  6.562000141E-03  3.271091468E-01 
        27  3.500000015E-02 -2.356504276E-02  6.561999675E-03  3.905068942E-01 
        28  3.500000015E-02 -2.370904200E-02  6.561999675E-03  3.741735436E-01 
        29  3.500000015E-02 -2.385304309E-02  6.561999675E-03  4.862783767E-01 
        30  3.500000015E-02 -2.399704233E-02  6.561999675E-03  9.157053707E-01 
        31  3.500000015E-02 -2.414104342E-02  6.561999675E-03  1.446099111E+00 
        32  3.500000015E-02 -2.428504266E-02  6.561999675E-03  1.656085209E+00 
        33  3.500000015E-02 -2.442904189E-02  6.561999675E-03  1.736834771E+00 
        34  3.500000015E-02 -2.457304299E-02  6.561999675E-03  1.647016916E+00 
        35  3.500000015E-02 -2.471704222E-02  6.562000141E-03  1.284853846E+00 
        36  3.500000015E-02 -2.486104332E-02  6.562000141E-03  1.164691287E+00 
        37  3.500000015E-02 -2.500504255E-02  6.561999675E-03  1.253658871E+00 
        38  3.500000015E-02 -2.514904365E-02  6.561999675E-03  1.196051956E+00 
        39  3.500000015E-02 -2.529304288E-02  6.561999675E-03  1.222797098E+00 
        40  3.500000015E-02 -2.543704212E-02  6.561999675E-03  1.331706261E+00 
        41  3.500000015E-02 -2.558104321E-02  6.561999675E-03  1.475538069E+00 
        42  3.500000015E-02 -2.572504245E-02  6.561999675E-03  1.685688553E+00 
        43  3.500000015E-02 -2.586904354E-02  6.561999675E-03  1.900229060E+00 
        44  3.500000015E-02 -2.601304278E-02  6.561999675E-03  1.664013962E+00 
        45  3.500000015E-02 -2.615704201E-02  6.561999675E-03  1.524717127E+00 
        46  3.500000015E-02 -2.630104311E-02  6.561999675E-03  1.684815932E+00 
        47  3.500000015E-02 -2.644504234E-02  6.561999675E-03  1.832928036E+00 
        48  3.500000015E-02 -2.658904344E-02  6.561999675E-03  1.845991387E+00 
        49  3.500000015E-02 -2.673304267E-02  6.561999675E-03  1.804442111E+00 
        50  3.500000015E-02 -2.687704191E-02  6.561999675E-03  1.772487122E+00 
        51  3.500000015E-02 -2.702104300E-02  6.562000141E-03  1.792453621E+00 
        52  3.500000015E-02 -2.716504224E-02  6.562000141E-03  1.821195999E+00 
        53  3.500000015E-02 -2.730904333E-02  6.561999675E-03  1.881988343E+00 
        54  3.500000015E-02 -2.745304257E-02  6.561999675E-03  2.011837719E+00 
        55  3.500000015E-02 -2.759704180E-02  6.561999675E-03  2.142516272E+00 
        56  3.500000015E-02 -2.774104290E-02  6.561999675E-03  2.256170577E+00 
        57  3.500000015E-02 -2.788504213E-02  6.561999675E-03  2.263345003E+00 
        58  3.500000015E-02 -2.802904323E-02  6.561999675E-03  2.180452264E+00 
        59  3.500000015E-02 -2.817304246E-02  6.561999675E-03  1.829053036E+00 
        60  3.500000015E-02 -2.831704356E-02  6.561999675E-03  1.436387414E+00 
        61  3.500000015E-02 -2.846104279E-02  6.561999675E-03  1.316484526E+00 
        62  3.500000015E-02 -2.860504203E-02  6.561999675E-03  1.363207454E+00 
        63  3.500000015E-02 -2.874904312E-02  6.561999675E-03  1.467491493E+00 
        64  3.500000015E-02 -2.889304236E-02  6.561999675E-03  1.677346693E+00 
        65  3.500000015E-02 -2.903704345E-02  6.561999675E-03  1.632634150E+00 
        66  3.500000015E-02 -2.918104269E-02  6.561999675E-03  1.520924077E+00 
        67  3.500000015E-02 -2.932504192E-02  6.561999675E-03  1.064640655E+00 
        68  3.500000015E-02 -2.946904302E-02  6.561999675E-03  7.728995089E-01 
        69  3.500000015E-02 -2.961304225E-02  6.561999675E-03  7.381002317E-01 
        70  3.500000015E-02 -2.975704335E-02  6.561999675E-03  7.374155281E-01 
        71  3.500000015E-02 -2.990104258E-02  6.561999675E-03  7.418405904E-01 
        72  3.500000015E-02 -3.004504181E-02  6.561999675E-03  5.543200363E-01 
        73  3.500000015E-02 -2.298492938E-02  6.562000141E-03  9.136588220E-02 
        74  3.500000015E-02 -2.297452837E-02  6.562000141E-03  6.842420703E-02 
        75  3.500000015E-02 -2.296585403E-02  6.562000141E-03  4.259215789E-02 
        76  3.500000015E-02 -2.296095341E-02  6.562000141E-03  1.575248271E-02 
