cellnumber     x-coordinate     y-coordinate     z-coordinate velocity-magnitude 
         1  2.500000037E-02 -2.476578765E-02  6.562000606E-03  1.546984982E-02 
         2  2.500000037E-02 -2.477990650E-02  6.562000141E-03  1.433764448E-02 
         3  2.500000037E-02 -2.479819022E-02  6.562000141E-03  1.989066864E-02 
         4  2.500000037E-02 -2.482001111E-02  6.561999675E-03  3.879834263E-02 
         5  2.500000037E-02 -2.484604716E-02  6.562000141E-03  6.629512646E-02 
         6  2.500000037E-02 -2.487709001E-02  6.562000141E-03  1.160599989E-01 
         7  2.500000037E-02 -2.492471598E-02  6.562000141E-03  2.037120170E-01 
         8  2.500000037E-02 -2.501806431E-02  6.562000141E-03  5.045435397E-01 
         9  2.500000037E-02 -2.515085414E-02  6.561999675E-03  1.187100905E+00 
        10  2.500000037E-02 -2.529304288E-02  6.562000141E-03  1.900918606E+00 
        11  2.500000224E-02 -2.543704398E-02  6.561999675E-03  2.589481231E+00 
        12  2.500000037E-02 -2.558104321E-02  6.562000141E-03  2.822763765E+00 
        13  2.500000224E-02 -2.572504245E-02  6.561999675E-03  2.852157485E+00 
        14  2.500000037E-02 -2.586904354E-02  6.562000141E-03  2.871532765E+00 
        15  2.500000224E-02 -2.601304464E-02  6.562000141E-03  2.884169800E+00 
        16  2.500000224E-02 -2.615704387E-02  6.562000141E-03  2.887848178E+00 
        17  2.500000224E-02 -2.630104497E-02  6.562000141E-03  2.890202188E+00 
        18  2.500000224E-02 -2.644504420E-02  6.562000141E-03  2.892092819E+00 
        19  2.500000224E-02 -2.658904344E-02  6.562000141E-03  2.896267065E+00 
        20  2.500000224E-02 -2.673304453E-02  6.562000141E-03  2.920328468E+00 
        21  2.500000224E-02 -2.687704377E-02  6.562000141E-03  3.071152516E+00 
        22  2.500000224E-02 -2.702104487E-02  6.562000141E-03  3.298607471E+00 
        23  2.500000224E-02 -2.716504410E-02  6.562000141E-03  3.549063026E+00 
        24  2.500000224E-02 -2.730904333E-02  6.562000141E-03  3.567324326E+00 
        25  2.500000224E-02 -2.745304443E-02  6.562000141E-03  2.929031723E+00 
        26  2.500000224E-02 -2.759704366E-02  6.562000141E-03  2.354004144E+00 
        27  2.500000224E-02 -2.774104476E-02  6.562000141E-03  2.387948386E+00 
        28  2.500000224E-02 -2.788504399E-02  6.562000141E-03  2.247829436E+00 
        29  2.500000224E-02 -2.802904509E-02  6.562000141E-03  2.327863569E+00 
        30  2.500000224E-02 -2.817304432E-02  6.562000141E-03  2.910971786E+00 
        31  2.500000224E-02 -2.831704356E-02  6.562000141E-03  3.368011213E+00 
        32  2.500000224E-02 -2.846104465E-02  6.562000141E-03  3.594821318E+00 
        33  2.500000224E-02 -2.860504389E-02  6.562000141E-03  3.623900717E+00 
        34  2.500000224E-02 -2.874904498E-02  6.562000141E-03  3.425850709E+00 
        35  2.500000224E-02 -2.889304422E-02  6.562000141E-03  3.028298485E+00 
        36  2.500000224E-02 -2.903704345E-02  6.562000141E-03  2.521848183E+00 
        37  2.500000224E-02 -2.918104455E-02  6.562000141E-03  2.983233200E+00 
        38  2.500000224E-02 -2.932504378E-02  6.562000141E-03  3.533798834E+00 
        39  2.500000224E-02 -2.946904488E-02  6.562000141E-03  3.531464361E+00 
        40  2.500000224E-02 -2.961304411E-02  6.562000141E-03  2.528545001E+00 
        41  2.500000224E-02 -2.975704521E-02  6.562000141E-03  1.724916297E+00 
        42  2.500000224E-02 -2.990104258E-02  6.561999675E-03  1.622776842E+00 
        43  2.500000037E-02 -3.004504368E-02  6.561999675E-03  1.287339698E+00 
        44  2.500000037E-02 -3.018904291E-02  6.561999675E-03  7.135493555E-01 
        45  2.500000037E-02 -3.033304401E-02  6.561999675E-03  4.091137857E-01 
        46  2.500000037E-02 -3.046895750E-02  6.562000141E-03  6.891373745E-01 
        47  2.500000037E-02 -3.057143651E-02  6.562000141E-03  1.003572827E+00 
