cellnumber     x-coordinate     y-coordinate     z-coordinate velocity-magnitude 
         1  2.500000037E-02 -2.601304278E-02  6.561999675E-03  2.662259451E+00 
         2  2.500000224E-02 -2.615704387E-02  6.562000141E-03  2.966505219E+00 
         3  2.500000224E-02 -2.630104497E-02  6.562000141E-03  2.899039698E+00 
         4  2.500000224E-02 -2.644504420E-02  6.562000141E-03  2.546543289E+00 
         5  2.500000224E-02 -2.658904344E-02  6.562000141E-03  2.361284855E+00 
         6  2.500000224E-02 -2.673304453E-02  6.562000141E-03  2.526985031E+00 
         7  2.500000224E-02 -2.687704377E-02  6.562000141E-03  2.821355795E+00 
         8  2.500000224E-02 -2.702104487E-02  6.562000141E-03  2.939618338E+00 
         9  2.500000224E-02 -2.716504410E-02  6.562000141E-03  2.855022503E+00 
        10  2.500000224E-02 -2.730904333E-02  6.562000141E-03  2.361380163E+00 
        11  2.500000224E-02 -2.745304443E-02  6.562000141E-03  1.785869318E+00 
        12  2.500000224E-02 -2.759704366E-02  6.562000141E-03  2.042630164E+00 
        13  2.500000224E-02 -2.774104476E-02  6.562000141E-03  2.169330213E+00 
        14  2.500000224E-02 -2.788504399E-02  6.562000141E-03  2.000904828E+00 
        15  2.500000224E-02 -2.802904509E-02  6.562000141E-03  2.213985919E+00 
        16  2.500000037E-02 -2.903704345E-02  6.562000141E-03  1.888386532E+00 
        17  2.500000224E-02 -2.918104455E-02  6.562000141E-03  1.731009800E+00 
        18  2.500000224E-02 -2.932504378E-02  6.561999675E-03  1.614185268E+00 
        19  2.500000224E-02 -2.946904488E-02  6.562000141E-03  1.642181217E+00 
        20  2.500000224E-02 -2.961304411E-02  6.561999675E-03  1.869137428E+00 
        21  2.500000037E-02 -2.975704335E-02  6.561999675E-03  2.051867069E+00 
        22  2.500000224E-02 -2.990104444E-02  6.562000141E-03  2.149603260E+00 
        23  2.500000224E-02 -3.004504368E-02  6.561999675E-03  2.110652489E+00 
        24  2.500000037E-02 -3.018904291E-02  6.561999675E-03  2.079830378E+00 
        25  2.500000224E-02 -3.033304401E-02  6.561999675E-03  2.072478570E+00 
        26  2.500000037E-02 -3.046895750E-02  6.562000141E-03  2.108085661E+00 
        27  2.500000037E-02 -3.057143651E-02  6.562000141E-03  1.999474848E+00 
        28  2.500000037E-02 -2.476578765E-02  6.562000606E-03  8.487971206E-01 
        29  2.500000037E-02 -2.477990836E-02  6.562000141E-03  1.015218533E+00 
        30  2.500000037E-02 -2.479819022E-02  6.562000141E-03  1.167493718E+00 
        31  2.500000037E-02 -2.482001111E-02  6.561999675E-03  1.319890100E+00 
        32  2.500000037E-02 -2.484604903E-02  6.562000141E-03  1.497381331E+00 
        33  2.500000037E-02 -2.487709187E-02  6.562000141E-03  1.685060638E+00 
        34  2.500000037E-02 -2.492471784E-02  6.562000141E-03  1.788824667E+00 
        35  2.500000037E-02 -2.501806431E-02  6.562000141E-03  1.691683256E+00 
        36  2.500000037E-02 -2.515085414E-02  6.562000141E-03  1.620746620E+00 
        37  2.500000224E-02 -2.529304475E-02  6.562000141E-03  1.661259036E+00 
        38  2.500000224E-02 -2.543704398E-02  6.562000141E-03  1.330378864E+00 
        39  2.500000224E-02 -2.558104321E-02  6.562000141E-03  1.433101785E+00 
        40  2.500000224E-02 -2.572504431E-02  6.562000141E-03  1.766422888E+00 
        41  2.500000224E-02 -2.586904354E-02  6.562000141E-03  2.102212884E+00 
        42  2.500000037E-02 -2.817304246E-02  6.561999675E-03  2.399523559E+00 
        43  2.500000037E-02 -2.831704356E-02  6.561999675E-03  2.444886146E+00 
        44  2.500000037E-02 -2.846104279E-02  6.561999675E-03  2.432697794E+00 
        45  2.500000037E-02 -2.860504389E-02  6.562000141E-03  2.354771488E+00 
        46  2.500000224E-02 -2.874904312E-02  6.561999675E-03  2.217666246E+00 
        47  2.500000037E-02 -2.889304422E-02  6.561999675E-03  2.030873699E+00 
