cellnumber     x-coordinate     y-coordinate     z-coordinate velocity-magnitude 
         1  2.500000037E-02 -2.476578765E-02  6.562000606E-03  2.522645356E-01 
         2  2.500000037E-02 -2.477990836E-02  6.562000141E-03  2.894749142E-01 
         3  2.500000037E-02 -2.479819022E-02  6.562000141E-03  3.387276783E-01 
         4  2.500000037E-02 -2.482001111E-02  6.561999675E-03  4.145472820E-01 
         5  2.500000037E-02 -2.484604903E-02  6.562000141E-03  5.156791865E-01 
         6  2.500000037E-02 -2.487709187E-02  6.562000141E-03  6.184951071E-01 
         7  2.500000037E-02 -2.492471784E-02  6.562000141E-03  7.351059002E-01 
         8  2.500000037E-02 -2.501806431E-02  6.562000141E-03  8.385207952E-01 
         9  2.500000037E-02 -2.515085414E-02  6.562000141E-03  7.374024204E-01 
        10  2.500000224E-02 -2.529304475E-02  6.562000141E-03  7.017681476E-01 
        11  2.500000224E-02 -2.543704398E-02  6.562000141E-03  7.177842463E-01 
        12  2.500000224E-02 -2.558104321E-02  6.562000141E-03  1.007864176E+00 
        13  2.500000224E-02 -2.572504431E-02  6.562000141E-03  1.336153892E+00 
        14  2.500000224E-02 -2.586904354E-02  6.562000141E-03  2.563902133E+00 
        15  2.500000037E-02 -2.817304246E-02  6.561999675E-03  3.314366295E+00 
        16  2.500000037E-02 -2.831704356E-02  6.561999675E-03  3.303442753E+00 
        17  2.500000037E-02 -2.846104279E-02  6.561999675E-03  3.299690982E+00 
        18  2.500000037E-02 -2.860504389E-02  6.562000141E-03  3.291136511E+00 
        19  2.500000224E-02 -2.874904312E-02  6.561999675E-03  3.257254286E+00 
        20  2.500000037E-02 -2.889304422E-02  6.561999675E-03  3.143423602E+00 
        21  2.500000037E-02 -2.601304278E-02  6.561999675E-03  2.546289731E+00 
        22  2.500000224E-02 -2.615704387E-02  6.562000141E-03  2.501506998E+00 
        23  2.500000224E-02 -2.630104497E-02  6.562000141E-03  2.605892387E+00 
        24  2.500000224E-02 -2.644504420E-02  6.562000141E-03  2.849282393E+00 
        25  2.500000224E-02 -2.658904344E-02  6.562000141E-03  3.082934897E+00 
        26  2.500000224E-02 -2.673304453E-02  6.562000141E-03  3.095931362E+00 
        27  2.500000224E-02 -2.687704377E-02  6.562000141E-03  3.130095632E+00 
        28  2.500000224E-02 -2.702104487E-02  6.562000141E-03  3.197854746E+00 
        29  2.500000224E-02 -2.716504410E-02  6.562000141E-03  3.216869134E+00 
        30  2.500000224E-02 -2.730904333E-02  6.562000141E-03  3.243009211E+00 
        31  2.500000224E-02 -2.745304443E-02  6.562000141E-03  3.259734351E+00 
        32  2.500000224E-02 -2.759704366E-02  6.562000141E-03  3.293339238E+00 
        33  2.500000224E-02 -2.774104476E-02  6.562000141E-03  3.302784474E+00 
        34  2.500000224E-02 -2.788504399E-02  6.562000141E-03  3.310474248E+00 
        35  2.500000224E-02 -2.802904509E-02  6.562000141E-03  3.310474916E+00 
        36  2.500000037E-02 -2.903704345E-02  6.562000141E-03  3.006202368E+00 
        37  2.500000224E-02 -2.918104455E-02  6.562000141E-03  2.890226746E+00 
        38  2.500000224E-02 -2.932504378E-02  6.561999675E-03  2.709887744E+00 
        39  2.500000224E-02 -2.946904488E-02  6.562000141E-03  2.555009044E+00 
        40  2.500000224E-02 -2.961304411E-02  6.561999675E-03  2.188476364E+00 
        41  2.500000037E-02 -2.975704335E-02  6.561999675E-03  2.042378074E+00 
        42  2.500000224E-02 -2.990104444E-02  6.562000141E-03  1.565770521E+00 
        43  2.500000224E-02 -3.004504368E-02  6.561999675E-03  9.053893814E-01 
        44  2.500000037E-02 -3.018904291E-02  6.561999675E-03  6.908094578E-01 
        45  2.500000224E-02 -3.033304401E-02  6.561999675E-03  6.972120060E-01 
        46  2.500000037E-02 -3.046895750E-02  6.562000141E-03  8.034357458E-01 
        47  2.500000037E-02 -3.057143651E-02  6.562000141E-03  7.580306172E-01 
