cellnumber     x-coordinate     y-coordinate     z-coordinate velocity-magnitude 
         1  2.500000037E-02 -2.476578765E-02  6.562000606E-03  1.798808982E-01 
         2  2.500000037E-02 -2.477990836E-02  6.562000141E-03  3.218818065E-01 
         3  2.500000037E-02 -2.479819022E-02  6.562000141E-03  5.249429303E-01 
         4  2.500000037E-02 -2.482001111E-02  6.561999675E-03  7.637794218E-01 
         5  2.500000037E-02 -2.484604716E-02  6.562000141E-03  9.854853252E-01 
         6  2.500000037E-02 -2.487709187E-02  6.562000141E-03  1.166014023E+00 
         7  2.500000037E-02 -2.492471784E-02  6.562000141E-03  1.331693321E+00 
         8  2.500000037E-02 -2.501806431E-02  6.562000141E-03  1.465329849E+00 
         9  2.500000037E-02 -2.515085414E-02  6.562000141E-03  1.433722302E+00 
        10  2.500000224E-02 -2.529304475E-02  6.562000141E-03  1.603514058E+00 
        11  2.500000224E-02 -2.543704398E-02  6.561999675E-03  1.866697375E+00 
        12  2.500000037E-02 -2.558104321E-02  6.561999675E-03  2.146143628E+00 
        13  2.500000037E-02 -2.572504245E-02  6.561999675E-03  2.747869532E+00 
        14  2.500000037E-02 -2.586904354E-02  6.561999675E-03  3.037470449E+00 
        15  2.500000037E-02 -2.601304278E-02  6.561999675E-03  3.331009855E+00 
        16  2.500000037E-02 -2.615704387E-02  6.561999675E-03  3.298381427E+00 
        17  2.500000037E-02 -2.630104311E-02  6.562000141E-03  3.148759665E+00 
        18  2.500000037E-02 -3.057143651E-02  6.562000141E-03  1.333256682E+00 
        19  2.500000037E-02 -3.046895750E-02  6.562000141E-03  1.482801158E+00 
        20  2.500000037E-02 -3.033304401E-02  6.561999675E-03  1.822125211E+00 
        21  2.500000037E-02 -3.018904291E-02  6.561999675E-03  1.895135016E+00 
        22  2.500000037E-02 -3.004504368E-02  6.561999675E-03  2.096168253E+00 
        23  2.500000037E-02 -2.990104258E-02  6.561999675E-03  2.438520137E+00 
        24  2.500000224E-02 -2.975704335E-02  6.561999675E-03  2.679493999E+00 
        25  2.500000037E-02 -2.961304411E-02  6.562000141E-03  2.703737900E+00 
        26  2.500000224E-02 -2.946904302E-02  6.561999675E-03  2.639307540E+00 
        27  2.500000037E-02 -2.932504378E-02  6.562000141E-03  2.591257464E+00 
        28  2.500000037E-02 -2.918104269E-02  6.561999675E-03  2.472565590E+00 
        29  2.500000037E-02 -2.903704345E-02  6.561999675E-03  2.470864033E+00 
        30  2.500000037E-02 -2.889304422E-02  6.561999675E-03  2.358129201E+00 
        31  2.500000037E-02 -2.874904312E-02  6.561999675E-03  2.170736360E+00 
        32  2.500000037E-02 -2.860504389E-02  6.561999675E-03  2.207670721E+00 
        33  2.500000037E-02 -2.846104279E-02  6.561999675E-03  2.326574391E+00 
        34  2.500000037E-02 -2.831704356E-02  6.561999675E-03  2.477684514E+00 
        35  2.500000037E-02 -2.817304246E-02  6.561999675E-03  2.709663279E+00 
        36  2.500000037E-02 -2.802904323E-02  6.561999675E-03  2.773150548E+00 
        37  2.500000037E-02 -2.788504399E-02  6.561999675E-03  2.701856242E+00 
        38  2.500000037E-02 -2.774104290E-02  6.561999675E-03  2.609285638E+00 
        39  2.500000037E-02 -2.759704366E-02  6.561999675E-03  2.554006048E+00 
        40  2.500000037E-02 -2.745304257E-02  6.561999675E-03  2.546743246E+00 
        41  2.500000037E-02 -2.730904333E-02  6.561999675E-03  2.534274810E+00 
        42  2.500000037E-02 -2.716504410E-02  6.561999675E-03  2.508261361E+00 
        43  2.500000037E-02 -2.702104300E-02  6.561999675E-03  2.498280977E+00 
        44  2.500000037E-02 -2.687704377E-02  6.561999675E-03  2.560546301E+00 
        45  2.500000037E-02 -2.673304267E-02  6.561999675E-03  2.623017944E+00 
        46  2.500000224E-02 -2.658904344E-02  6.561999675E-03  2.801074575E+00 
        47  2.500000224E-02 -2.644504420E-02  6.562000141E-03  3.081679293E+00 
