cellnumber     x-coordinate     y-coordinate     z-coordinate velocity-magnitude 
         1  2.500000037E-02 -2.476578765E-02  6.562000606E-03  2.016227874E-01 
         2  2.500000037E-02 -2.477990836E-02  6.562000141E-03  2.662074689E-01 
         3  2.500000037E-02 -2.479819022E-02  6.562000141E-03  3.434104488E-01 
         4  2.500000037E-02 -2.482001111E-02  6.561999675E-03  4.354971107E-01 
         5  2.500000037E-02 -2.484604903E-02  6.562000141E-03  5.363191581E-01 
         6  2.500000037E-02 -2.487709187E-02  6.562000141E-03  6.589931523E-01 
         7  2.500000037E-02 -2.492471784E-02  6.562000141E-03  8.162420970E-01 
         8  2.500000037E-02 -2.501806431E-02  6.562000141E-03  9.589165308E-01 
         9  2.500000037E-02 -2.515085414E-02  6.562000141E-03  1.121758141E+00 
        10  2.500000224E-02 -2.529304475E-02  6.562000141E-03  1.141278486E+00 
        11  2.500000224E-02 -2.543704398E-02  6.562000141E-03  1.182284729E+00 
        12  2.500000224E-02 -2.558104321E-02  6.562000141E-03  1.345014637E+00 
        13  2.500000224E-02 -2.572504431E-02  6.562000141E-03  2.531099193E+00 
        14  2.500000224E-02 -2.586904354E-02  6.562000141E-03  2.462373081E+00 
        15  2.500000037E-02 -2.817304246E-02  6.561999675E-03  3.391448061E+00 
        16  2.500000037E-02 -2.831704356E-02  6.561999675E-03  3.211456729E+00 
        17  2.500000037E-02 -2.846104279E-02  6.561999675E-03  3.012660346E+00 
        18  2.500000037E-02 -2.860504389E-02  6.562000141E-03  2.922316215E+00 
        19  2.500000224E-02 -2.874904312E-02  6.561999675E-03  2.896783957E+00 
        20  2.500000037E-02 -2.889304422E-02  6.561999675E-03  2.767346863E+00 
        21  2.500000037E-02 -2.601304278E-02  6.561999675E-03  2.558679779E+00 
        22  2.500000224E-02 -2.615704387E-02  6.562000141E-03  2.658030022E+00 
        23  2.500000224E-02 -2.630104497E-02  6.562000141E-03  2.679985339E+00 
        24  2.500000224E-02 -2.644504420E-02  6.562000141E-03  2.721423662E+00 
        25  2.500000224E-02 -2.658904344E-02  6.562000141E-03  2.772015691E+00 
        26  2.500000224E-02 -2.673304453E-02  6.562000141E-03  2.834707717E+00 
        27  2.500000224E-02 -2.687704377E-02  6.562000141E-03  2.910370127E+00 
        28  2.500000224E-02 -2.702104487E-02  6.562000141E-03  2.979923411E+00 
        29  2.500000224E-02 -2.716504410E-02  6.562000141E-03  3.044304893E+00 
        30  2.500000224E-02 -2.730904333E-02  6.562000141E-03  3.108588516E+00 
        31  2.500000224E-02 -2.745304443E-02  6.562000141E-03  3.240806796E+00 
        32  2.500000224E-02 -2.759704366E-02  6.562000141E-03  3.332372217E+00 
        33  2.500000224E-02 -2.774104476E-02  6.562000141E-03  3.383190413E+00 
        34  2.500000224E-02 -2.788504399E-02  6.562000141E-03  3.448621725E+00 
        35  2.500000224E-02 -2.802904509E-02  6.562000141E-03  3.470286403E+00 
        36  2.500000037E-02 -2.903704345E-02  6.562000141E-03  1.992688284E+00 
        37  2.500000224E-02 -2.918104455E-02  6.562000141E-03  1.927869256E+00 
        38  2.500000224E-02 -2.932504378E-02  6.561999675E-03  1.939178520E+00 
        39  2.500000224E-02 -2.946904488E-02  6.562000141E-03  1.608782148E+00 
        40  2.500000224E-02 -2.961304411E-02  6.561999675E-03  1.310072370E+00 
        41  2.500000037E-02 -2.975704335E-02  6.561999675E-03  1.198135884E+00 
        42  2.500000224E-02 -2.990104444E-02  6.562000141E-03  1.270939194E+00 
        43  2.500000224E-02 -3.004504368E-02  6.561999675E-03  1.188114488E+00 
        44  2.500000037E-02 -3.018904291E-02  6.561999675E-03  1.059076231E+00 
        45  2.500000224E-02 -3.033304401E-02  6.561999675E-03  1.226454342E+00 
        46  2.500000037E-02 -3.046895750E-02  6.562000141E-03  1.358983683E+00 
        47  2.500000037E-02 -3.057143651E-02  6.562000141E-03  1.516523673E+00 
