cellnumber     x-coordinate     y-coordinate     z-coordinate velocity-magnitude 
         1  2.500000037E-02 -2.601304278E-02  6.561999675E-03  2.957412633E+00 
         2  2.500000224E-02 -2.615704387E-02  6.562000141E-03  3.343776047E+00 
         3  2.500000224E-02 -2.630104497E-02  6.562000141E-03  3.444784840E+00 
         4  2.500000224E-02 -2.644504420E-02  6.562000141E-03  3.507847556E+00 
         5  2.500000224E-02 -2.658904344E-02  6.562000141E-03  3.419625733E+00 
         6  2.500000224E-02 -2.673304453E-02  6.562000141E-03  3.260125382E+00 
         7  2.500000224E-02 -2.687704377E-02  6.562000141E-03  3.048292230E+00 
         8  2.500000224E-02 -2.702104487E-02  6.562000141E-03  2.948592663E+00 
         9  2.500000224E-02 -2.716504410E-02  6.562000141E-03  3.039868901E+00 
        10  2.500000224E-02 -2.730904333E-02  6.562000141E-03  3.315954352E+00 
        11  2.500000224E-02 -2.745304443E-02  6.562000141E-03  3.602102124E+00 
        12  2.500000224E-02 -2.759704366E-02  6.562000141E-03  3.724610642E+00 
        13  2.500000224E-02 -2.774104476E-02  6.562000141E-03  3.733781593E+00 
        14  2.500000224E-02 -2.788504399E-02  6.562000141E-03  3.763214317E+00 
        15  2.500000224E-02 -2.802904509E-02  6.562000141E-03  3.733109023E+00 
        16  2.500000037E-02 -2.903704345E-02  6.562000141E-03  3.052313492E+00 
        17  2.500000224E-02 -2.918104455E-02  6.562000141E-03  3.047924383E+00 
        18  2.500000224E-02 -2.932504378E-02  6.561999675E-03  3.029582532E+00 
        19  2.500000224E-02 -2.946904488E-02  6.562000141E-03  2.930377912E+00 
        20  2.500000224E-02 -2.961304411E-02  6.561999675E-03  2.708647408E+00 
        21  2.500000037E-02 -2.975704335E-02  6.561999675E-03  2.199204749E+00 
        22  2.500000224E-02 -2.990104444E-02  6.562000141E-03  1.137108424E+00 
        23  2.500000224E-02 -3.004504368E-02  6.561999675E-03  6.722809000E-01 
        24  2.500000037E-02 -3.018904291E-02  6.561999675E-03  6.446586882E-01 
        25  2.500000224E-02 -3.033304401E-02  6.561999675E-03  7.725444451E-01 
        26  2.500000037E-02 -3.046895750E-02  6.562000141E-03  7.747865774E-01 
        27  2.500000037E-02 -3.057143651E-02  6.562000141E-03  6.414299845E-01 
        28  2.500000037E-02 -2.476578765E-02  6.562000606E-03  1.982371441E-01 
        29  2.500000037E-02 -2.477990836E-02  6.562000141E-03  2.743123920E-01 
        30  2.500000037E-02 -2.479819022E-02  6.562000141E-03  3.634765096E-01 
        31  2.500000037E-02 -2.482001111E-02  6.561999675E-03  4.616220422E-01 
        32  2.500000037E-02 -2.484604903E-02  6.562000141E-03  5.604390487E-01 
        33  2.500000037E-02 -2.487709187E-02  6.562000141E-03  6.442704063E-01 
        34  2.500000037E-02 -2.492471784E-02  6.562000141E-03  7.208981330E-01 
        35  2.500000037E-02 -2.501806431E-02  6.562000141E-03  8.688701826E-01 
        36  2.500000037E-02 -2.515085414E-02  6.562000141E-03  1.239153895E+00 
        37  2.500000224E-02 -2.529304475E-02  6.562000141E-03  1.446219474E+00 
        38  2.500000224E-02 -2.543704398E-02  6.562000141E-03  1.257924303E+00 
        39  2.500000224E-02 -2.558104321E-02  6.562000141E-03  1.364069369E+00 
        40  2.500000224E-02 -2.572504431E-02  6.562000141E-03  2.068601184E+00 
        41  2.500000224E-02 -2.586904354E-02  6.562000141E-03  2.508522604E+00 
        42  2.500000037E-02 -2.817304246E-02  6.561999675E-03  3.620905128E+00 
        43  2.500000037E-02 -2.831704356E-02  6.561999675E-03  3.433101701E+00 
        44  2.500000037E-02 -2.846104279E-02  6.561999675E-03  3.275831406E+00 
        45  2.500000037E-02 -2.860504389E-02  6.562000141E-03  3.160715266E+00 
        46  2.500000224E-02 -2.874904312E-02  6.561999675E-03  3.098996526E+00 
        47  2.500000037E-02 -2.889304422E-02  6.561999675E-03  3.052378668E+00 
