cellnumber     x-coordinate     y-coordinate     z-coordinate velocity-magnitude 
         1  3.500000015E-02 -2.990104258E-02  6.561999675E-03  2.521862662E+00 
         2  3.500000015E-02 -2.975704335E-02  6.561999675E-03  2.264825588E+00 
         3  3.500000015E-02 -2.961304225E-02  6.562000141E-03  2.036206672E+00 
         4  3.500000015E-02 -2.946904302E-02  6.561999675E-03  1.834861122E+00 
         5  3.500000015E-02 -2.932504192E-02  6.562000141E-03  1.658810029E+00 
         6  3.500000015E-02 -2.918104269E-02  6.561999675E-03  1.505037997E+00 
         7  3.500000015E-02 -2.903704345E-02  6.561999675E-03  1.369778827E+00 
         8  3.500000015E-02 -2.889304236E-02  6.561999675E-03  1.248743945E+00 
         9  3.500000015E-02 -2.874904312E-02  6.561999675E-03  1.137879045E+00 
        10  3.500000015E-02 -2.860504203E-02  6.561999675E-03  1.034419360E+00 
        11  3.500000015E-02 -2.846104279E-02  6.561999675E-03  9.384590396E-01 
        12  3.500000015E-02 -2.831704356E-02  6.561999675E-03  8.548534921E-01 
        13  3.500000015E-02 -2.817304246E-02  6.561999675E-03  7.947964393E-01 
        14  3.500000015E-02 -2.802904323E-02  6.561999675E-03  7.745000511E-01 
        15  3.500000015E-02 -2.788504213E-02  6.561999675E-03  8.074880982E-01 
        16  3.500000015E-02 -2.774104290E-02  6.561999675E-03  8.939993802E-01 
        17  3.500000015E-02 -2.759704180E-02  6.561999675E-03  1.019115118E+00 
        18  3.500000015E-02 -2.745304257E-02  6.561999675E-03  1.159672135E+00 
        19  3.500000015E-02 -2.730904333E-02  6.561999675E-03  1.291039958E+00 
        20  3.500000015E-02 -2.716504224E-02  6.561999675E-03  1.394122643E+00 
        21  3.500000015E-02 -2.702104300E-02  6.561999675E-03  1.464753755E+00 
        22  3.500000015E-02 -2.687704191E-02  6.561999675E-03  1.509299556E+00 
        23  3.500000015E-02 -2.673304267E-02  6.561999675E-03  1.534364241E+00 
        24  3.500000015E-02 -2.658904344E-02  6.561999675E-03  1.552328747E+00 
        25  3.500000015E-02 -2.644504234E-02  6.561999675E-03  1.571579994E+00 
        26  3.500000015E-02 -2.630104311E-02  6.561999675E-03  1.594240253E+00 
        27  3.500000015E-02 -2.615704201E-02  6.562000141E-03  1.620173199E+00 
        28  3.500000015E-02 -2.601304278E-02  6.561999675E-03  1.648783025E+00 
        29  3.500000015E-02 -2.586904354E-02  6.561999675E-03  1.679535205E+00 
        30  3.500000015E-02 -2.572504245E-02  6.561999675E-03  1.711961578E+00 
        31  3.500000015E-02 -2.558104321E-02  6.562000141E-03  1.745620865E+00 
        32  3.500000015E-02 -2.543704212E-02  6.561999675E-03  1.780055365E+00 
        33  3.500000015E-02 -2.529304288E-02  6.562000141E-03  1.814798341E+00 
        34  3.500000015E-02 -2.514904365E-02  6.561999675E-03  1.849369306E+00 
        35  3.500000015E-02 -2.500504255E-02  6.561999675E-03  1.883284275E+00 
        36  3.500000015E-02 -2.486104332E-02  6.561999675E-03  1.916293768E+00 
        37  3.500000015E-02 -2.471704222E-02  6.562000141E-03  1.948464442E+00 
        38  3.500000015E-02 -2.457304299E-02  6.562000141E-03  1.979672827E+00 
        39  3.500000015E-02 -2.442904375E-02  6.561999675E-03  2.009578494E+00 
        40  3.500000015E-02 -2.310776524E-02  6.562000141E-03  1.406040678E+00 
        41  3.500000015E-02 -2.307719551E-02  6.561999675E-03  1.212683379E+00 
        42  3.500000015E-02 -2.296095528E-02  6.562000141E-03  4.745028182E-02 
        43  3.500000015E-02 -2.296585403E-02  6.562000141E-03  1.402128625E-01 
        44  3.500000015E-02 -2.297452837E-02  6.562000141E-03  2.474984396E-01 
        45  3.499999642E-02 -2.298492752E-02  6.562000141E-03  3.703989996E-01 
        46  3.499999642E-02 -2.299739420E-02  6.562000141E-03  5.095775188E-01 
        47  3.500000015E-02 -2.301233448E-02  6.562000141E-03  6.650832810E-01 
        48  3.500000015E-02 -2.303021587E-02  6.562000141E-03  8.359465922E-01 
        49  3.500000015E-02 -2.305160835E-02  6.562000141E-03  1.019915616E+00 
        50  3.500000015E-02 -2.314046025E-02  6.562000141E-03  1.613981808E+00 
        51  3.500000015E-02 -2.320699580E-02  6.562000141E-03  1.758445273E+00 
        52  3.500000015E-02 -2.332915738E-02  6.562000141E-03  1.959298599E+00 
        53  3.500000015E-02 -2.344694175E-02  6.562000141E-03  2.084452267E+00 
        54  3.500000015E-02 -2.356504276E-02  6.561999675E-03  2.121270265E+00 
        55  3.500000015E-02 -2.370904200E-02  6.561999675E-03  2.122625870E+00 
        56  3.500000015E-02 -2.385304309E-02  6.562000141E-03  2.108859013E+00 
        57  3.500000015E-02 -2.399704233E-02  6.561999675E-03  2.088428532E+00 
        58  3.500000015E-02 -2.414104342E-02  6.562000141E-03  2.064392683E+00 
        59  3.500000015E-02 -2.428504266E-02  6.562000141E-03  2.037919211E+00 
        60  3.500000015E-02 -3.232943267E-02  6.562000141E-03  4.574748028E+00 
        61  3.500000015E-02 -3.219095245E-02  6.562000141E-03  5.587689136E+00 
        62  3.500000015E-02 -3.206104040E-02  6.561999675E-03  6.369899031E+00 
        63  3.500000015E-02 -3.191704303E-02  6.561999675E-03  6.835666399E+00 
        64  3.500000015E-02 -3.177304193E-02  6.561999675E-03  7.052226559E+00 
        65  3.500000015E-02 -3.162904084E-02  6.561999675E-03  7.097767787E+00 
        66  3.500000015E-02 -3.148504347E-02  6.562000141E-03  6.987123426E+00 
        67  3.500000015E-02 -3.134104237E-02  6.561999675E-03  6.706956671E+00 
        68  3.500000015E-02 -3.119704314E-02  6.561999675E-03  6.277666899E+00 
        69  3.500000015E-02 -3.105304204E-02  6.561999675E-03  5.763249718E+00 
        70  3.500000015E-02 -3.090904281E-02  6.561999675E-03  5.235025623E+00 
        71  3.500000015E-02 -3.076504171E-02  6.561999675E-03  4.730959418E+00 
        72  3.500000015E-02 -3.062104248E-02  6.561999675E-03  4.263836442E+00 
        73  3.500000015E-02 -3.047704324E-02  6.561999675E-03  3.841891616E+00 
        74  3.500000015E-02 -3.033304214E-02  6.561999675E-03  3.464473550E+00 
        75  3.500000015E-02 -3.018904291E-02  6.561999675E-03  3.121763534E+00 
        76  3.500000015E-02 -3.004504181E-02  6.561999675E-03  2.807564470E+00 
