cellnumber     x-coordinate     y-coordinate     z-coordinate velocity-magnitude 
         1  3.500000015E-02 -2.990104258E-02  6.561999675E-03  1.491623860E+00 
         2  3.500000015E-02 -2.975704335E-02  6.561999675E-03  1.276454900E+00 
         3  3.500000015E-02 -2.961304225E-02  6.562000141E-03  1.090570143E+00 
         4  3.500000015E-02 -2.946904302E-02  6.561999675E-03  9.283309605E-01 
         5  3.500000015E-02 -2.932504192E-02  6.562000141E-03  7.862348994E-01 
         6  3.500000015E-02 -2.918104269E-02  6.561999675E-03  6.630951449E-01 
         7  3.500000015E-02 -2.903704345E-02  6.561999675E-03  5.605278799E-01 
         8  3.500000015E-02 -2.889304236E-02  6.561999675E-03  4.831366525E-01 
         9  3.500000015E-02 -2.874904312E-02  6.561999675E-03  4.377475486E-01 
        10  3.500000015E-02 -2.860504203E-02  6.561999675E-03  4.293517301E-01 
        11  3.500000015E-02 -2.846104279E-02  6.561999675E-03  4.558239946E-01 
        12  3.500000015E-02 -2.831704356E-02  6.561999675E-03  5.083169316E-01 
        13  3.500000015E-02 -2.817304246E-02  6.561999675E-03  5.768514539E-01 
        14  3.500000015E-02 -2.802904323E-02  6.561999675E-03  6.538708987E-01 
        15  3.500000015E-02 -2.788504213E-02  6.561999675E-03  7.345220688E-01 
        16  3.500000015E-02 -2.774104290E-02  6.561999675E-03  8.159049914E-01 
        17  3.500000015E-02 -2.759704180E-02  6.561999675E-03  8.962480280E-01 
        18  3.500000015E-02 -2.745304257E-02  6.561999675E-03  9.742976306E-01 
        19  3.500000015E-02 -2.730904333E-02  6.561999675E-03  1.049163272E+00 
        20  3.500000015E-02 -2.716504224E-02  6.561999675E-03  1.120345279E+00 
        21  3.500000015E-02 -2.702104300E-02  6.561999675E-03  1.187668006E+00 
        22  3.500000015E-02 -2.687704191E-02  6.561999675E-03  1.251284760E+00 
        23  3.500000015E-02 -2.673304267E-02  6.561999675E-03  1.311538137E+00 
        24  3.500000015E-02 -2.658904344E-02  6.561999675E-03  1.368208042E+00 
        25  3.500000015E-02 -2.644504234E-02  6.561999675E-03  1.421013246E+00 
        26  3.500000015E-02 -2.630104311E-02  6.561999675E-03  1.469770507E+00 
        27  3.500000015E-02 -2.615704201E-02  6.562000141E-03  1.514366262E+00 
        28  3.500000015E-02 -2.601304278E-02  6.561999675E-03  1.554732157E+00 
        29  3.500000015E-02 -2.586904354E-02  6.561999675E-03  1.590833389E+00 
        30  3.500000015E-02 -2.572504245E-02  6.561999675E-03  1.622669601E+00 
        31  3.500000015E-02 -2.558104321E-02  6.562000141E-03  1.650271910E+00 
        32  3.500000015E-02 -2.543704212E-02  6.561999675E-03  1.673691781E+00 
        33  3.500000015E-02 -2.529304288E-02  6.562000141E-03  1.693005084E+00 
        34  3.500000015E-02 -2.514904365E-02  6.561999675E-03  1.708279506E+00 
        35  3.500000015E-02 -2.500504255E-02  6.561999675E-03  1.719594950E+00 
        36  3.500000015E-02 -2.486104332E-02  6.561999675E-03  1.727041719E+00 
        37  3.500000015E-02 -2.471704222E-02  6.562000141E-03  1.730738357E+00 
        38  3.500000015E-02 -2.457304299E-02  6.562000141E-03  1.730856555E+00 
        39  3.500000015E-02 -2.442904375E-02  6.561999675E-03  1.727654892E+00 
        40  3.500000015E-02 -2.310776524E-02  6.562000141E-03  9.917918065E-01 
        41  3.500000015E-02 -2.307719551E-02  6.561999675E-03  8.240767768E-01 
        42  3.500000015E-02 -2.296095528E-02  6.562000141E-03  2.452059970E-02 
        43  3.500000015E-02 -2.296585403E-02  6.562000141E-03  7.410219500E-02 
        44  3.500000015E-02 -2.297452837E-02  6.562000141E-03  1.338480586E-01 
        45  3.499999642E-02 -2.298492752E-02  6.562000141E-03  2.058042341E-01 
        46  3.499999642E-02 -2.299739420E-02  6.562000141E-03  2.923525622E-01 
        47  3.500000015E-02 -2.301233448E-02  6.562000141E-03  3.961373996E-01 
        48  3.500000015E-02 -2.303021587E-02  6.562000141E-03  5.195099231E-01 
        49  3.500000015E-02 -2.305160835E-02  6.562000141E-03  6.632604580E-01 
        50  3.500000015E-02 -2.314046025E-02  6.562000141E-03  1.172436209E+00 
        51  3.500000015E-02 -2.320699580E-02  6.562000141E-03  1.309163209E+00 
        52  3.500000015E-02 -2.332915738E-02  6.562000141E-03  1.483794082E+00 
        53  3.500000015E-02 -2.344694175E-02  6.562000141E-03  1.599701839E+00 
        54  3.500000015E-02 -2.356504276E-02  6.561999675E-03  1.648444685E+00 
        55  3.500000015E-02 -2.370904200E-02  6.561999675E-03  1.673439946E+00 
        56  3.500000015E-02 -2.385304309E-02  6.562000141E-03  1.689457383E+00 
        57  3.500000015E-02 -2.399704233E-02  6.561999675E-03  1.702138179E+00 
        58  3.500000015E-02 -2.414104342E-02  6.562000141E-03  1.712846671E+00 
        59  3.500000015E-02 -2.428504266E-02  6.562000141E-03  1.721496034E+00 
        60  3.500000015E-02 -3.232943267E-02  6.562000141E-03  4.306378815E+00 
        61  3.500000015E-02 -3.219095245E-02  6.562000141E-03  4.961309412E+00 
        62  3.500000015E-02 -3.206104040E-02  6.561999675E-03  5.476952254E+00 
        63  3.500000015E-02 -3.191704303E-02  6.561999675E-03  5.857898835E+00 
        64  3.500000015E-02 -3.177304193E-02  6.561999675E-03  6.078562716E+00 
        65  3.500000015E-02 -3.162904084E-02  6.561999675E-03  6.153468871E+00 
        66  3.500000015E-02 -3.148504347E-02  6.562000141E-03  6.068894867E+00 
        67  3.500000015E-02 -3.134104237E-02  6.561999675E-03  5.816413711E+00 
        68  3.500000015E-02 -3.119704314E-02  6.561999675E-03  5.396281023E+00 
        69  3.500000015E-02 -3.105304204E-02  6.561999675E-03  4.870747945E+00 
        70  3.500000015E-02 -3.090904281E-02  6.561999675E-03  4.313582622E+00 
        71  3.500000015E-02 -3.076504171E-02  6.561999675E-03  3.767059235E+00 
        72  3.500000015E-02 -3.062104248E-02  6.561999675E-03  3.255792969E+00 
        73  3.500000015E-02 -3.047704324E-02  6.561999675E-03  2.794465755E+00 
        74  3.500000015E-02 -3.033304214E-02  6.561999675E-03  2.389122584E+00 
        75  3.500000015E-02 -3.018904291E-02  6.561999675E-03  2.040219170E+00 
        76  3.500000015E-02 -3.004504181E-02  6.561999675E-03  1.743489221E+00 
