cellnumber     x-coordinate     y-coordinate     z-coordinate velocity-magnitude 
         1  3.500000015E-02 -2.990104258E-02  6.561999675E-03  4.756887721E+00 
         2  3.500000015E-02 -2.975704335E-02  6.561999675E-03  4.425213964E+00 
         3  3.500000015E-02 -2.961304225E-02  6.562000141E-03  4.065489530E+00 
         4  3.500000015E-02 -2.946904302E-02  6.561999675E-03  3.674374103E+00 
         5  3.500000015E-02 -2.932504192E-02  6.562000141E-03  3.252128391E+00 
         6  3.500000015E-02 -2.918104269E-02  6.561999675E-03  2.807474373E+00 
         7  3.500000015E-02 -2.903704345E-02  6.561999675E-03  2.366179165E+00 
         8  3.500000015E-02 -2.889304236E-02  6.561999675E-03  1.960192443E+00 
         9  3.500000015E-02 -2.874904312E-02  6.561999675E-03  1.599115660E+00 
        10  3.500000015E-02 -2.860504203E-02  6.561999675E-03  1.283962750E+00 
        11  3.500000015E-02 -2.846104279E-02  6.561999675E-03  1.037914247E+00 
        12  3.500000015E-02 -2.831704356E-02  6.561999675E-03  8.916376260E-01 
        13  3.500000015E-02 -2.817304246E-02  6.561999675E-03  8.410447287E-01 
        14  3.500000015E-02 -2.802904323E-02  6.561999675E-03  8.497443559E-01 
        15  3.500000015E-02 -2.788504213E-02  6.561999675E-03  8.809808582E-01 
        16  3.500000015E-02 -2.774104290E-02  6.561999675E-03  9.161802915E-01 
        17  3.500000015E-02 -2.759704180E-02  6.561999675E-03  9.547233168E-01 
        18  3.500000015E-02 -2.745304257E-02  6.561999675E-03  9.974458955E-01 
        19  3.500000015E-02 -2.730904333E-02  6.561999675E-03  1.042218306E+00 
        20  3.500000015E-02 -2.716504224E-02  6.561999675E-03  1.087200382E+00 
        21  3.500000015E-02 -2.702104300E-02  6.561999675E-03  1.131093107E+00 
        22  3.500000015E-02 -2.687704191E-02  6.561999675E-03  1.173005297E+00 
        23  3.500000015E-02 -2.673304267E-02  6.561999675E-03  1.212335724E+00 
        24  3.500000015E-02 -2.658904344E-02  6.561999675E-03  1.248728978E+00 
        25  3.500000015E-02 -2.644504234E-02  6.561999675E-03  1.282052229E+00 
        26  3.500000015E-02 -2.630104311E-02  6.561999675E-03  1.312313558E+00 
        27  3.500000015E-02 -2.615704201E-02  6.562000141E-03  1.339647129E+00 
        28  3.500000015E-02 -2.601304278E-02  6.561999675E-03  1.364192632E+00 
        29  3.500000015E-02 -2.586904354E-02  6.561999675E-03  1.386024331E+00 
        30  3.500000015E-02 -2.572504245E-02  6.561999675E-03  1.405138640E+00 
        31  3.500000015E-02 -2.558104321E-02  6.562000141E-03  1.421630520E+00 
        32  3.500000015E-02 -2.543704212E-02  6.561999675E-03  1.435753475E+00 
        33  3.500000015E-02 -2.529304288E-02  6.562000141E-03  1.447940608E+00 
        34  3.500000015E-02 -2.514904365E-02  6.561999675E-03  1.458643887E+00 
        35  3.500000015E-02 -2.500504255E-02  6.561999675E-03  1.468373798E+00 
        36  3.500000015E-02 -2.486104332E-02  6.561999675E-03  1.477469988E+00 
        37  3.500000015E-02 -2.471704222E-02  6.562000141E-03  1.486167235E+00 
        38  3.500000015E-02 -2.457304299E-02  6.562000141E-03  1.494448710E+00 
        39  3.500000015E-02 -2.442904375E-02  6.561999675E-03  1.502043298E+00 
        40  3.500000015E-02 -2.310776524E-02  6.562000141E-03  6.247658132E-01 
        41  3.500000015E-02 -2.307719551E-02  6.561999675E-03  5.291328500E-01 
        42  3.500000015E-02 -2.296095528E-02  6.562000141E-03  1.804300918E-02 
        43  3.500000015E-02 -2.296585403E-02  6.562000141E-03  5.447496075E-02 
        44  3.500000015E-02 -2.297452837E-02  6.562000141E-03  9.803383644E-02 
        45  3.499999642E-02 -2.298492752E-02  6.562000141E-03  1.495599028E-01 
        46  3.499999642E-02 -2.299739420E-02  6.562000141E-03  2.096418112E-01 
        47  3.500000015E-02 -2.301233448E-02  6.562000141E-03  2.784041151E-01 
        48  3.500000015E-02 -2.303021587E-02  6.562000141E-03  3.552818928E-01 
        49  3.500000015E-02 -2.305160835E-02  6.562000141E-03  4.392125551E-01 
        50  3.500000015E-02 -2.314046025E-02  6.562000141E-03  7.424993395E-01 
        51  3.500000015E-02 -2.320699580E-02  6.562000141E-03  8.613045822E-01 
        52  3.500000015E-02 -2.332915738E-02  6.562000141E-03  1.086543814E+00 
        53  3.500000015E-02 -2.344694175E-02  6.562000141E-03  1.283791442E+00 
        54  3.500000015E-02 -2.356504276E-02  6.561999675E-03  1.417671233E+00 
        55  3.500000015E-02 -2.370904200E-02  6.561999675E-03  1.479870161E+00 
        56  3.500000015E-02 -2.385304309E-02  6.562000141E-03  1.504410793E+00 
        57  3.500000015E-02 -2.399704233E-02  6.561999675E-03  1.512625593E+00 
        58  3.500000015E-02 -2.414104342E-02  6.562000141E-03  1.512610056E+00 
        59  3.500000015E-02 -2.428504266E-02  6.562000141E-03  1.508400716E+00 
        60  3.500000015E-02 -3.232943267E-02  6.562000141E-03  3.175909719E+00 
        61  3.500000015E-02 -3.219095245E-02  6.562000141E-03  3.929005087E+00 
        62  3.500000015E-02 -3.206104040E-02  6.561999675E-03  4.705809136E+00 
        63  3.500000015E-02 -3.191704303E-02  6.561999675E-03  5.472444449E+00 
        64  3.500000015E-02 -3.177304193E-02  6.561999675E-03  6.090201348E+00 
        65  3.500000015E-02 -3.162904084E-02  6.561999675E-03  6.489939560E+00 
        66  3.500000015E-02 -3.148504347E-02  6.562000141E-03  6.696541960E+00 
        67  3.500000015E-02 -3.134104237E-02  6.561999675E-03  6.772996572E+00 
        68  3.500000015E-02 -3.119704314E-02  6.561999675E-03  6.752174408E+00 
        69  3.500000015E-02 -3.105304204E-02  6.561999675E-03  6.662771095E+00 
        70  3.500000015E-02 -3.090904281E-02  6.561999675E-03  6.518945763E+00 
        71  3.500000015E-02 -3.076504171E-02  6.561999675E-03  6.333892309E+00 
        72  3.500000015E-02 -3.062104248E-02  6.561999675E-03  6.119358258E+00 
        73  3.500000015E-02 -3.047704324E-02  6.561999675E-03  5.882305162E+00 
        74  3.500000015E-02 -3.033304214E-02  6.561999675E-03  5.626756364E+00 
        75  3.500000015E-02 -3.018904291E-02  6.561999675E-03  5.354608161E+00 
        76  3.500000015E-02 -3.004504181E-02  6.561999675E-03  5.065321937E+00 
