cellnumber     x-coordinate     y-coordinate     z-coordinate velocity-magnitude 
         1  3.500000015E-02 -2.990104258E-02  6.561999675E-03  6.661631587E-01 
         2  3.500000015E-02 -2.975704335E-02  6.561999675E-03  6.476685847E-01 
         3  3.500000015E-02 -2.961304225E-02  6.562000141E-03  6.739383139E-01 
         4  3.500000015E-02 -2.946904302E-02  6.561999675E-03  7.244360587E-01 
         5  3.500000015E-02 -2.932504192E-02  6.562000141E-03  7.851721546E-01 
         6  3.500000015E-02 -2.918104269E-02  6.561999675E-03  8.486655739E-01 
         7  3.500000015E-02 -2.903704345E-02  6.561999675E-03  9.114756368E-01 
         8  3.500000015E-02 -2.889304236E-02  6.561999675E-03  9.719386884E-01 
         9  3.500000015E-02 -2.874904312E-02  6.561999675E-03  1.029669583E+00 
        10  3.500000015E-02 -2.860504203E-02  6.561999675E-03  1.084881747E+00 
        11  3.500000015E-02 -2.846104279E-02  6.561999675E-03  1.137617369E+00 
        12  3.500000015E-02 -2.831704356E-02  6.561999675E-03  1.187858213E+00 
        13  3.500000015E-02 -2.817304246E-02  6.561999675E-03  1.235761970E+00 
        14  3.500000015E-02 -2.802904323E-02  6.561999675E-03  1.281460464E+00 
        15  3.500000015E-02 -2.788504213E-02  6.561999675E-03  1.325102417E+00 
        16  3.500000015E-02 -2.774104290E-02  6.561999675E-03  1.366794347E+00 
        17  3.500000015E-02 -2.759704180E-02  6.561999675E-03  1.406549951E+00 
        18  3.500000015E-02 -2.745304257E-02  6.561999675E-03  1.444288489E+00 
        19  3.500000015E-02 -2.730904333E-02  6.561999675E-03  1.479864600E+00 
        20  3.500000015E-02 -2.716504224E-02  6.561999675E-03  1.513104501E+00 
        21  3.500000015E-02 -2.702104300E-02  6.561999675E-03  1.543843207E+00 
        22  3.500000015E-02 -2.687704191E-02  6.561999675E-03  1.571960390E+00 
        23  3.500000015E-02 -2.673304267E-02  6.561999675E-03  1.597421422E+00 
        24  3.500000015E-02 -2.658904344E-02  6.561999675E-03  1.620269185E+00 
        25  3.500000015E-02 -2.644504234E-02  6.561999675E-03  1.640620861E+00 
        26  3.500000015E-02 -2.630104311E-02  6.561999675E-03  1.658664504E+00 
        27  3.500000015E-02 -2.615704201E-02  6.562000141E-03  1.674607813E+00 
        28  3.500000015E-02 -2.601304278E-02  6.561999675E-03  1.688655579E+00 
        29  3.500000015E-02 -2.586904354E-02  6.561999675E-03  1.700946008E+00 
        30  3.500000015E-02 -2.572504245E-02  6.561999675E-03  1.711765544E+00 
        31  3.500000015E-02 -2.558104321E-02  6.562000141E-03  1.721408256E+00 
        32  3.500000015E-02 -2.543704212E-02  6.561999675E-03  1.730110556E+00 
        33  3.500000015E-02 -2.529304288E-02  6.562000141E-03  1.738081365E+00 
        34  3.500000015E-02 -2.514904365E-02  6.561999675E-03  1.745474923E+00 
        35  3.500000015E-02 -2.500504255E-02  6.561999675E-03  1.752381708E+00 
        36  3.500000015E-02 -2.486104332E-02  6.561999675E-03  1.758841140E+00 
        37  3.500000015E-02 -2.471704222E-02  6.562000141E-03  1.764822671E+00 
        38  3.500000015E-02 -2.457304299E-02  6.562000141E-03  1.770210459E+00 
        39  3.500000015E-02 -2.442904375E-02  6.561999675E-03  1.774958187E+00 
        40  3.500000015E-02 -2.310776524E-02  6.562000141E-03  9.147590108E-01 
        41  3.500000015E-02 -2.307719551E-02  6.561999675E-03  7.565131093E-01 
        42  3.500000015E-02 -2.296095528E-02  6.562000141E-03  2.340055265E-02 
        43  3.500000015E-02 -2.296585403E-02  6.562000141E-03  7.074030131E-02 
        44  3.500000015E-02 -2.297452837E-02  6.562000141E-03  1.276534046E-01 
        45  3.499999642E-02 -2.298492752E-02  6.562000141E-03  1.957358931E-01 
        46  3.499999642E-02 -2.299739420E-02  6.562000141E-03  2.766508272E-01 
        47  3.500000015E-02 -2.301233448E-02  6.562000141E-03  3.720437644E-01 
        48  3.500000015E-02 -2.303021587E-02  6.562000141E-03  4.833285853E-01 
        49  3.500000015E-02 -2.305160835E-02  6.562000141E-03  6.115050970E-01 
        50  3.500000015E-02 -2.314046025E-02  6.562000141E-03  1.101137684E+00 
        51  3.500000015E-02 -2.320699580E-02  6.562000141E-03  1.263201733E+00 
        52  3.500000015E-02 -2.332915738E-02  6.562000141E-03  1.493111771E+00 
        53  3.500000015E-02 -2.344694175E-02  6.562000141E-03  1.653189911E+00 
        54  3.500000015E-02 -2.356504276E-02  6.561999675E-03  1.734061450E+00 
        55  3.500000015E-02 -2.370904200E-02  6.561999675E-03  1.765127914E+00 
        56  3.500000015E-02 -2.385304309E-02  6.562000141E-03  1.777864222E+00 
        57  3.500000015E-02 -2.399704233E-02  6.561999675E-03  1.781773279E+00 
        58  3.500000015E-02 -2.414104342E-02  6.562000141E-03  1.781488199E+00 
        59  3.500000015E-02 -2.428504266E-02  6.562000141E-03  1.778875468E+00 
        60  3.500000015E-02 -3.232943267E-02  6.562000141E-03  5.352864547E+00 
        61  3.500000015E-02 -3.219095245E-02  6.562000141E-03  5.937389860E+00 
        62  3.500000015E-02 -3.206104040E-02  6.561999675E-03  6.173994051E+00 
        63  3.500000015E-02 -3.191704303E-02  6.561999675E-03  6.220568013E+00 
        64  3.500000015E-02 -3.177304193E-02  6.561999675E-03  6.071107315E+00 
        65  3.500000015E-02 -3.162904084E-02  6.561999675E-03  5.709730163E+00 
        66  3.500000015E-02 -3.148504347E-02  6.562000141E-03  5.197574394E+00 
        67  3.500000015E-02 -3.134104237E-02  6.561999675E-03  4.604676448E+00 
        68  3.500000015E-02 -3.119704314E-02  6.561999675E-03  3.991796028E+00 
        69  3.500000015E-02 -3.105304204E-02  6.561999675E-03  3.389412211E+00 
        70  3.500000015E-02 -3.090904281E-02  6.561999675E-03  2.817187567E+00 
        71  3.500000015E-02 -3.076504171E-02  6.561999675E-03  2.293093017E+00 
        72  3.500000015E-02 -3.062104248E-02  6.561999675E-03  1.833301358E+00 
        73  3.500000015E-02 -3.047704324E-02  6.561999675E-03  1.448746674E+00 
        74  3.500000015E-02 -3.033304214E-02  6.561999675E-03  1.140933104E+00 
        75  3.500000015E-02 -3.018904291E-02  6.561999675E-03  9.078404378E-01 
        76  3.500000015E-02 -3.004504181E-02  6.561999675E-03  7.496798301E-01 
