cellnumber     x-coordinate     y-coordinate     z-coordinate velocity-magnitude 
         1  3.500000015E-02 -2.990104258E-02  6.561999675E-03  2.048629866E+00 
         2  3.500000015E-02 -2.975704335E-02  6.561999675E-03  1.776111862E+00 
         3  3.500000015E-02 -2.961304225E-02  6.562000141E-03  1.560875560E+00 
         4  3.500000015E-02 -2.946904302E-02  6.561999675E-03  1.389510064E+00 
         5  3.500000015E-02 -2.932504192E-02  6.562000141E-03  1.249636060E+00 
         6  3.500000015E-02 -2.918104269E-02  6.561999675E-03  1.132197720E+00 
         7  3.500000015E-02 -2.903704345E-02  6.561999675E-03  1.030395696E+00 
         8  3.500000015E-02 -2.889304236E-02  6.561999675E-03  9.400170812E-01 
         9  3.500000015E-02 -2.874904312E-02  6.561999675E-03  8.580925543E-01 
        10  3.500000015E-02 -2.860504203E-02  6.561999675E-03  7.834041651E-01 
        11  3.500000015E-02 -2.846104279E-02  6.561999675E-03  7.179538462E-01 
        12  3.500000015E-02 -2.831704356E-02  6.561999675E-03  6.619599276E-01 
        13  3.500000015E-02 -2.817304246E-02  6.561999675E-03  6.149824751E-01 
        14  3.500000015E-02 -2.802904323E-02  6.561999675E-03  5.779627754E-01 
        15  3.500000015E-02 -2.788504213E-02  6.561999675E-03  5.530733225E-01 
        16  3.500000015E-02 -2.774104290E-02  6.561999675E-03  5.435447642E-01 
        17  3.500000015E-02 -2.759704180E-02  6.561999675E-03  5.527874786E-01 
        18  3.500000015E-02 -2.745304257E-02  6.561999675E-03  5.830962607E-01 
        19  3.500000015E-02 -2.730904333E-02  6.561999675E-03  6.346613364E-01 
        20  3.500000015E-02 -2.716504224E-02  6.561999675E-03  7.055581354E-01 
        21  3.500000015E-02 -2.702104300E-02  6.561999675E-03  7.924897021E-01 
        22  3.500000015E-02 -2.687704191E-02  6.561999675E-03  8.915637825E-01 
        23  3.500000015E-02 -2.673304267E-02  6.561999675E-03  9.987943699E-01 
        24  3.500000015E-02 -2.658904344E-02  6.561999675E-03  1.110189256E+00 
        25  3.500000015E-02 -2.644504234E-02  6.561999675E-03  1.221943626E+00 
        26  3.500000015E-02 -2.630104311E-02  6.561999675E-03  1.330496091E+00 
        27  3.500000015E-02 -2.615704201E-02  6.562000141E-03  1.432727022E+00 
        28  3.500000015E-02 -2.601304278E-02  6.561999675E-03  1.526244276E+00 
        29  3.500000015E-02 -2.586904354E-02  6.561999675E-03  1.609643038E+00 
        30  3.500000015E-02 -2.572504245E-02  6.561999675E-03  1.682600547E+00 
        31  3.500000015E-02 -2.558104321E-02  6.562000141E-03  1.745710903E+00 
        32  3.500000015E-02 -2.543704212E-02  6.561999675E-03  1.800109963E+00 
        33  3.500000015E-02 -2.529304288E-02  6.562000141E-03  1.847080042E+00 
        34  3.500000015E-02 -2.514904365E-02  6.561999675E-03  1.887776377E+00 
        35  3.500000015E-02 -2.500504255E-02  6.561999675E-03  1.923127224E+00 
        36  3.500000015E-02 -2.486104332E-02  6.561999675E-03  1.953906140E+00 
        37  3.500000015E-02 -2.471704222E-02  6.562000141E-03  1.980693358E+00 
        38  3.500000015E-02 -2.457304299E-02  6.562000141E-03  2.003735856E+00 
        39  3.500000015E-02 -2.442904375E-02  6.561999675E-03  2.022970647E+00 
        40  3.500000015E-02 -2.310776524E-02  6.562000141E-03  1.013192798E+00 
        41  3.500000015E-02 -2.307719551E-02  6.561999675E-03  8.137736382E-01 
        42  3.500000015E-02 -2.296095528E-02  6.562000141E-03  2.033495000E-02 
        43  3.500000015E-02 -2.296585403E-02  6.562000141E-03  6.246412154E-02 
        44  3.500000015E-02 -2.297452837E-02  6.562000141E-03  1.146469100E-01 
        45  3.499999642E-02 -2.298492752E-02  6.562000141E-03  1.794040382E-01 
        46  3.499999642E-02 -2.299739420E-02  6.562000141E-03  2.598746197E-01 
        47  3.500000015E-02 -2.301233448E-02  6.562000141E-03  3.598904470E-01 
        48  3.500000015E-02 -2.303021587E-02  6.562000141E-03  4.836890266E-01 
        49  3.500000015E-02 -2.305160835E-02  6.562000141E-03  6.348684912E-01 
        50  3.500000015E-02 -2.314046025E-02  6.562000141E-03  1.246254583E+00 
        51  3.500000015E-02 -2.320699580E-02  6.562000141E-03  1.451496587E+00 
        52  3.500000015E-02 -2.332915738E-02  6.562000141E-03  1.720036913E+00 
        53  3.500000015E-02 -2.344694175E-02  6.562000141E-03  1.905106251E+00 
        54  3.500000015E-02 -2.356504276E-02  6.561999675E-03  1.998277676E+00 
        55  3.500000015E-02 -2.370904200E-02  6.561999675E-03  2.035771626E+00 
        56  3.500000015E-02 -2.385304309E-02  6.562000141E-03  2.050628668E+00 
        57  3.500000015E-02 -2.399704233E-02  6.561999675E-03  2.053423741E+00 
        58  3.500000015E-02 -2.414104342E-02  6.562000141E-03  2.048601697E+00 
        59  3.500000015E-02 -2.428504266E-02  6.562000141E-03  2.038105498E+00 
        60  3.500000015E-02 -3.232943267E-02  6.562000141E-03  3.581334738E+00 
        61  3.500000015E-02 -3.219095245E-02  6.562000141E-03  4.169273923E+00 
        62  3.500000015E-02 -3.206104040E-02  6.561999675E-03  4.741443440E+00 
        63  3.500000015E-02 -3.191704303E-02  6.561999675E-03  5.325509673E+00 
        64  3.500000015E-02 -3.177304193E-02  6.561999675E-03  5.804693460E+00 
        65  3.500000015E-02 -3.162904084E-02  6.561999675E-03  6.109878129E+00 
        66  3.500000015E-02 -3.148504347E-02  6.562000141E-03  6.242200435E+00 
        67  3.500000015E-02 -3.134104237E-02  6.561999675E-03  6.210117815E+00 
        68  3.500000015E-02 -3.119704314E-02  6.561999675E-03  6.024987013E+00 
        69  3.500000015E-02 -3.105304204E-02  6.561999675E-03  5.708070655E+00 
        70  3.500000015E-02 -3.090904281E-02  6.561999675E-03  5.287877039E+00 
        71  3.500000015E-02 -3.076504171E-02  6.561999675E-03  4.811345694E+00 
        72  3.500000015E-02 -3.062104248E-02  6.561999675E-03  4.305884134E+00 
        73  3.500000015E-02 -3.047704324E-02  6.561999675E-03  3.785745513E+00 
        74  3.500000015E-02 -3.033304214E-02  6.561999675E-03  3.274351348E+00 
        75  3.500000015E-02 -3.018904291E-02  6.561999675E-03  2.801441880E+00 
        76  3.500000015E-02 -3.004504181E-02  6.561999675E-03  2.389492684E+00 
