cellnumber     x-coordinate     y-coordinate     z-coordinate velocity-magnitude 
         1 -1.668750681E-02 -1.668750122E-02  6.562000141E-03  5.220936872E+00 
         2 -1.681250706E-02 -1.681250148E-02  6.562000141E-03  5.249550408E+00 
         3 -1.693750732E-02 -1.693749987E-02  6.562000141E-03  5.247895660E+00 
         4 -1.706250571E-02 -1.706250012E-02  6.562000141E-03  5.264013236E+00 
         5 -1.718750596E-02 -1.718750037E-02  6.562000141E-03  5.296791565E+00 
         6 -1.731250621E-02 -1.731250063E-02  6.562000141E-03  5.289981335E+00 
         7 -1.743750647E-02 -1.743750088E-02  6.562000141E-03  5.267386493E+00 
         8 -1.756250672E-02 -1.756250113E-02  6.562000141E-03  5.303242355E+00 
         9 -1.768750697E-02 -1.768750139E-02  6.562000141E-03  5.466831069E+00 
        10 -1.781250723E-02 -1.781249978E-02  6.562000141E-03  5.782393114E+00 
        11 -1.793750748E-02 -1.793750003E-02  6.562000141E-03  5.892483848E+00 
        12 -1.806250587E-02 -1.806250028E-02  6.562000141E-03  5.834517163E+00 
        13 -1.818750612E-02 -1.818750054E-02  6.562000141E-03  5.623758097E+00 
        14 -1.831250638E-02 -1.831250079E-02  6.562000141E-03  5.347609877E+00 
        15 -1.843750663E-02 -1.843750104E-02  6.562000141E-03  5.162111520E+00 
        16 -1.856250688E-02 -1.856250130E-02  6.562000141E-03  5.237476231E+00 
        17 -1.868750714E-02 -1.868749969E-02  6.562000141E-03  5.470349980E+00 
        18 -1.206250675E-02 -1.206250116E-02  6.562000141E-03  4.387374904E+00 
        19 -1.193750650E-02 -1.193750091E-02  6.562000141E-03  4.297854969E+00 
        20 -1.181250624E-02 -1.181250159E-02  6.562000141E-03  4.229115232E+00 
        21 -1.168750599E-02 -1.168750133E-02  6.562000141E-03  4.180464579E+00 
        22 -1.156250667E-02 -1.156250108E-02  6.562000141E-03  4.147522087E+00 
        23 -1.143750641E-02 -1.143750176E-02  6.562000141E-03  4.123475430E+00 
        24 -1.131250616E-02 -1.131250151E-02  6.562000141E-03  4.102783285E+00 
        25 -1.118750591E-02 -1.118750125E-02  6.562000141E-03  4.082396320E+00 
        26 -1.106250659E-02 -1.106250100E-02  6.562000141E-03  4.059704805E+00 
        27 -1.093750633E-02 -1.093750168E-02  6.562000141E-03  4.030364618E+00 
        28 -1.656250656E-02 -1.656250097E-02  6.562000141E-03  5.066216444E+00 
        29 -1.643750630E-02 -1.643750072E-02  6.562000141E-03  4.989814884E+00 
        30 -1.631250605E-02 -1.631250046E-02  6.562000141E-03  5.143124792E+00 
        31 -1.618750580E-02 -1.618750021E-02  6.562000141E-03  5.430926494E+00 
        32 -1.606250554E-02 -1.606249996E-02  6.562000141E-03  5.770235181E+00 
        33 -1.593750715E-02 -1.593750156E-02  6.562000141E-03  5.800901877E+00 
        34 -1.581250690E-02 -1.581250131E-02  6.562000141E-03  5.610294040E+00 
        35 -1.568750665E-02 -1.568750106E-02  6.562000141E-03  5.446660504E+00 
        36 -1.556250639E-02 -1.556250080E-02  6.562000141E-03  5.434172572E+00 
        37 -1.543750707E-02 -1.543750148E-02  6.562000141E-03  5.540787637E+00 
        38 -1.531250682E-02 -1.531250123E-02  6.562000141E-03  5.504197311E+00 
        39 -1.518750656E-02 -1.518750098E-02  6.562000141E-03  5.410097054E+00 
        40 -1.506250631E-02 -1.506250072E-02  6.562000141E-03  5.391446405E+00 
        41 -1.493750699E-02 -1.493750140E-02  6.562000141E-03  5.363747838E+00 
        42 -1.481250674E-02 -1.481250115E-02  6.562000141E-03  5.403663731E+00 
        43 -1.468750648E-02 -1.468750089E-02  6.562000141E-03  5.458506297E+00 
        44 -1.456250623E-02 -1.456250157E-02  6.562000141E-03  5.475124611E+00 
        45 -1.443750691E-02 -1.443750132E-02  6.562000141E-03  5.572008450E+00 
        46 -1.431250665E-02 -1.431250107E-02  6.562000141E-03  5.540978347E+00 
        47 -1.418750640E-02 -1.418750081E-02  6.562000141E-03  5.742952812E+00 
        48 -1.406250615E-02 -1.406250149E-02  6.562000141E-03  5.807481138E+00 
        49 -1.393750682E-02 -1.393750124E-02  6.562000141E-03  5.779873999E+00 
        50 -1.381250657E-02 -1.381250098E-02  6.562000141E-03  5.579046359E+00 
        51 -1.368750632E-02 -1.368750073E-02  6.562000141E-03  5.474715110E+00 
        52 -1.356250606E-02 -1.356250141E-02  6.562000141E-03  5.424095396E+00 
        53 -1.343750674E-02 -1.343750115E-02  6.562000141E-03  5.330498196E+00 
        54 -1.331250649E-02 -1.331250090E-02  6.562000141E-03  5.216299320E+00 
        55 -1.318750624E-02 -1.318750158E-02  6.562000141E-03  5.142641397E+00 
        56 -1.306250691E-02 -1.306250133E-02  6.562000141E-03  5.067597076E+00 
        57 -1.293750666E-02 -1.293750107E-02  6.562000141E-03  4.986762062E+00 
        58 -1.281250641E-02 -1.281250082E-02  6.562000141E-03  4.922425748E+00 
        59 -1.268750615E-02 -1.268750150E-02  6.562000141E-03  4.859709865E+00 
        60 -1.256250683E-02 -1.256250124E-02  6.562000141E-03  4.787826510E+00 
        61 -1.243750658E-02 -1.243750099E-02  6.562000141E-03  4.700219924E+00 
        62 -1.231250633E-02 -1.231250167E-02  6.562000141E-03  4.597876607E+00 
        63 -1.218750607E-02 -1.218750142E-02  6.562000141E-03  4.490267523E+00 
        64 -1.081250608E-02 -1.081250142E-02  6.562000141E-03  3.989117692E+00 
        65 -1.068750583E-02 -1.068750117E-02  6.562000141E-03  3.933691922E+00 
        66 -1.056250650E-02 -1.056250185E-02  6.562000141E-03  3.868323778E+00 
        67 -1.043750625E-02 -1.043750159E-02  6.562000141E-03  3.802535339E+00 
        68 -1.031250600E-02 -1.031250134E-02  6.562000141E-03  3.738702681E+00 
        69 -1.018750668E-02 -1.018750109E-02  6.562000141E-03  3.675802843E+00 
        70 -1.006250642E-02 -1.006250177E-02  6.562000141E-03  3.617826133E+00 
        71 -9.937506169E-03 -9.937501512E-03  6.562000141E-03  3.565666271E+00 
        72 -9.812505916E-03 -9.812501259E-03  6.562000141E-03  3.518066323E+00 
        73 -9.687506594E-03 -9.687501937E-03  6.562000141E-03  3.469415749E+00 
        74 -9.562506340E-03 -9.562501684E-03  6.562000141E-03  3.410310584E+00 
        75 -9.437506087E-03 -9.437501431E-03  6.562000141E-03  3.328114814E+00 
        76 -9.312505834E-03 -9.312501177E-03  6.562000141E-03  3.238958879E+00 
        77 -9.187506512E-03 -9.187501855E-03  6.562000141E-03  3.177541673E+00 
        78 -9.062506258E-03 -9.062501602E-03  6.562000141E-03  3.142650730E+00 
        79 -8.937506005E-03 -8.937501349E-03  6.562000141E-03  3.109750478E+00 
        80 -8.812505752E-03 -8.812502027E-03  6.562000141E-03  3.072157411E+00 
        81 -8.687506430E-03 -8.687501773E-03  6.562000141E-03  3.037424050E+00 
        82 -8.562506177E-03 -8.562501520E-03  6.562000141E-03  3.002456258E+00 
        83 -8.437505923E-03 -8.437501267E-03  6.562000141E-03  2.941191230E+00 
        84 -8.312505670E-03 -8.312501945E-03  6.562000141E-03  2.842476558E+00 
        85 -8.187506348E-03 -8.187501691E-03  6.562000141E-03  2.711095420E+00 
        86 -8.062506095E-03 -8.062501438E-03  6.562000141E-03  2.606081486E+00 
        87 -7.937505841E-03 -7.937502116E-03  6.562000141E-03  2.532116462E+00 
        88 -7.812505588E-03 -7.812501863E-03  6.562000141E-03  2.472672960E+00 
        89 -7.687505800E-03 -7.687501609E-03  6.562000141E-03  2.498109937E+00 
        90 -7.562506013E-03 -7.562501822E-03  6.562000141E-03  2.745553845E+00 
        91 -7.437505759E-03 -7.437501568E-03  6.562000141E-03  2.645229505E+00 
        92 -7.312505972E-03 -7.312501781E-03  6.562000141E-03  2.005256109E+00 
        93 -7.187506184E-03 -7.187501527E-03  6.562000141E-03  1.833854457E+00 
        94 -7.062505931E-03 -7.062501740E-03  6.562000141E-03  1.897699101E+00 
        95 -6.937506143E-03 -6.937501486E-03  6.562000141E-03  2.006415803E+00 
        96 -6.812505890E-03 -6.812501699E-03  6.562000141E-03  1.921966783E+00 
        97 -6.687506102E-03 -6.687501911E-03  6.562000141E-03  1.910582061E+00 
        98 -6.562505849E-03 -6.562501658E-03  6.562000141E-03  1.997397854E+00 
        99 -6.437506061E-03 -6.437501870E-03  6.562000141E-03  2.161217918E+00 
       100 -6.312505808E-03 -6.312501617E-03  6.562000141E-03  1.827970249E+00 
       101 -6.187506020E-03 -6.187501829E-03  6.562000141E-03  1.549276417E+00 
       102 -6.062505767E-03 -6.062501576E-03  6.562000141E-03  1.038787430E+00 
       103 -5.937505979E-03 -5.937501788E-03  6.562000141E-03  6.735316452E-01 
       104 -5.812505726E-03 -5.812502000E-03  6.562000141E-03  6.627642784E-01 
       105 -5.687505938E-03 -5.687501747E-03  6.562000141E-03  6.525261093E-01 
       106 -5.562505685E-03 -5.562501960E-03  6.562000141E-03  6.252647629E-01 
       107 -5.437505897E-03 -5.437501706E-03  6.562000141E-03  5.787333082E-01 
       108 -5.312505644E-03 -5.312501919E-03  6.562000141E-03  5.550405902E-01 
       109 -5.187505856E-03 -5.187501665E-03  6.562000141E-03  5.771800601E-01 
       110 -5.062505603E-03 -5.062501878E-03  6.562000141E-03  5.984279642E-01 
       111 -4.937505815E-03 -4.937502090E-03  6.562000141E-03  5.832847359E-01 
       112 -4.812505562E-03 -4.812501837E-03  6.562000141E-03  5.614973902E-01 
       113 -4.687505774E-03 -4.687502049E-03  6.562000141E-03  5.339264370E-01 
       114 -4.562505987E-03 -4.562501796E-03  6.562000141E-03  5.209763324E-01 
       115 -4.437505733E-03 -4.437502008E-03  6.562000141E-03  5.214518851E-01 
       116 -4.312505946E-03 -4.312501755E-03  6.562000141E-03  5.402679794E-01 
       117 -4.187505692E-03 -4.187501967E-03  6.562000141E-03  5.497693403E-01 
       118 -4.062505905E-03 -4.062501714E-03  6.562000141E-03  5.254645275E-01 
       119 -3.937505651E-03 -3.937501926E-03  6.562000141E-03  4.967577591E-01 
       120 -3.812505631E-03 -3.812501905E-03  6.562000141E-03  4.742753942E-01 
       121 -3.687505610E-03 -3.687501885E-03  6.562000141E-03  4.587714939E-01 
       122 -3.562505590E-03 -3.562501865E-03  6.562000141E-03  4.366192014E-01 
       123 -3.437505569E-03 -3.437501844E-03  6.562000141E-03  4.179354064E-01 
       124 -3.312505549E-03 -3.312501824E-03  6.562000141E-03  3.962718415E-01 
       125 -3.195534460E-03 -3.195532598E-03  6.562000606E-03  3.705838108E-01 
       126 -3.099788679E-03 -3.099788679E-03  6.562000141E-03  3.729286555E-01 
       127 -3.022594145E-03 -3.022594145E-03  6.562000141E-03  4.463753582E-01 
       128 -2.967901761E-03 -2.967901761E-03  6.562000606E-03  5.316428015E-01 
       129 -2.937011421E-03 -2.937011421E-03  6.562000606E-03  6.365883420E-01 
       130 -2.914825454E-03 -2.914825454E-03  6.562000606E-03  7.062175969E-01 
       131 -2.896386897E-03 -2.896386897E-03  6.562000606E-03  7.702471141E-01 
       132 -2.881055698E-03 -2.881055698E-03  6.562000606E-03  8.255671093E-01 
       133 -2.868303331E-03 -2.868303331E-03  6.562000141E-03  8.730511810E-01 
       134 -2.857688349E-03 -2.857688349E-03  6.562000141E-03  9.137833930E-01 
       135 -2.848849166E-03 -2.848849166E-03  6.562000141E-03  9.492953154E-01 
       136 -2.841493115E-03 -2.841493115E-03  6.562000606E-03  9.806100473E-01 
       137 -2.835373860E-03 -2.835373860E-03  6.562000606E-03  1.008427407E+00 
       138 -2.830280224E-03 -2.830280224E-03  6.562000141E-03  1.033131556E+00 
       139 -1.880351454E-02 -1.880351081E-02  6.562000141E-03  5.580975041E+00 
       140 -1.890108548E-02 -1.890108548E-02  6.562000141E-03  5.499625407E+00 
       141 -1.895662583E-02 -1.895662583E-02  6.562000141E-03  5.414538380E+00 
       142 -2.121081017E-02 -2.121081017E-02  6.562000141E-03  1.603078676E-01 
       143 -2.120563947E-02 -2.120563947E-02  6.562000141E-03  4.819032670E-01 
       144 -2.119943500E-02 -2.119943500E-02  6.562000141E-03  8.548941303E-01 
       145 -2.119199000E-02 -2.119199000E-02  6.562000141E-03  1.270195931E+00 
       146 -2.118305862E-02 -2.118305862E-02  6.562000141E-03  1.706503461E+00 
       147 -2.117234282E-02 -2.117234282E-02  6.562000141E-03  2.131167445E+00 
       148 -2.115948685E-02 -2.115948685E-02  6.562000606E-03  2.508907608E+00 
       149 -2.114406601E-02 -2.114406601E-02  6.562000606E-03  2.822418402E+00 
       150 -2.112556621E-02 -2.112556621E-02  6.562000606E-03  3.072897488E+00 
       151 -2.110337466E-02 -2.110337466E-02  6.562000606E-03  3.299902292E+00 
       152 -2.106651478E-02 -2.106651478E-02  6.562000606E-03  3.642996759E+00 
       153 -2.102797665E-02 -2.102797665E-02  6.562000141E-03  3.982225249E+00 
       154 -2.100796066E-02 -2.100796066E-02  6.562000141E-03  3.952597690E+00 
       155 -2.095155232E-02 -2.095155232E-02  6.562000141E-03  4.027451180E+00 
       156 -2.089514025E-02 -2.089514025E-02  6.562000141E-03  4.109124568E+00 
       157 -2.082296833E-02 -2.082296833E-02  6.562000141E-03  4.141893718E+00 
       158 -2.075096965E-02 -2.075096965E-02  6.562000606E-03  4.217033239E+00 
       159 -2.067896910E-02 -2.067896910E-02  6.562000141E-03  4.544761924E+00 
       160 -2.060696855E-02 -2.060696855E-02  6.562000606E-03  4.952083972E+00 
       161 -2.053496987E-02 -2.053496987E-02  6.562000141E-03  5.271250785E+00 
       162 -2.046296932E-02 -2.046296932E-02  6.562000606E-03  5.235315167E+00 
       163 -2.039096877E-02 -2.039096877E-02  6.562000141E-03  5.248216072E+00 
       164 -2.031897008E-02 -2.031897008E-02  6.562000141E-03  5.026776740E+00 
       165 -2.024696954E-02 -2.024696954E-02  6.562000141E-03  4.729798929E+00 
       166 -2.017496899E-02 -2.017496899E-02  6.562000606E-03  4.436407355E+00 
       167 -2.010297030E-02 -2.010297030E-02  6.562000141E-03  4.343775612E+00 
       168 -2.003096975E-02 -2.003096975E-02  6.562000606E-03  4.398309525E+00 
       169 -1.995896921E-02 -1.995896921E-02  6.562000141E-03  4.392418966E+00 
       170 -1.988696866E-02 -1.988696866E-02  6.562000606E-03  4.519908494E+00 
       171 -1.981496997E-02 -1.981496997E-02  6.562000141E-03  4.556389395E+00 
       172 -1.974296942E-02 -1.974296942E-02  6.562000606E-03  4.656597979E+00 
       173 -1.967096888E-02 -1.967096888E-02  6.562000141E-03  4.635554680E+00 
       174 -1.959896833E-02 -1.959896833E-02  6.562000606E-03  4.665545304E+00 
       175 -1.952696964E-02 -1.952696964E-02  6.562000141E-03  4.658514276E+00 
       176 -1.945496909E-02 -1.945496909E-02  6.562000606E-03  4.752760888E+00 
       177 -1.938296854E-02 -1.938296854E-02  6.562000141E-03  4.827022603E+00 
       178 -1.931096986E-02 -1.931096986E-02  6.562000606E-03  4.968098762E+00 
       179 -1.923896931E-02 -1.923896931E-02  6.562000141E-03  4.973214302E+00 
       180 -1.916676201E-02 -1.916676201E-02  6.562000606E-03  5.121137062E+00 
       181 -1.912219636E-02 -1.912219636E-02  6.562000606E-03  5.184419031E+00 
       182 -1.904013008E-02 -1.904013008E-02  6.562000606E-03  5.400636155E+00 
       183 -1.898222044E-02 -1.898222044E-02  6.562000606E-03  5.455757333E+00 
