cellnumber     x-coordinate     y-coordinate     z-coordinate velocity-magnitude 
         1 -1.656250656E-02 -1.656250097E-02  6.562000141E-03  5.682821083E+00 
         2 -1.643750630E-02 -1.643750072E-02  6.562000141E-03  5.795081622E+00 
         3 -1.631250605E-02 -1.631250046E-02  6.562000141E-03  6.029790586E+00 
         4 -1.618750580E-02 -1.618750021E-02  6.562000141E-03  6.148946920E+00 
         5 -1.606250554E-02 -1.606249996E-02  6.562000141E-03  6.089000649E+00 
         6 -1.593750715E-02 -1.593750156E-02  6.562000141E-03  5.979860245E+00 
         7 -1.581250690E-02 -1.581250131E-02  6.562000141E-03  5.944597602E+00 
         8 -1.568750665E-02 -1.568750106E-02  6.562000141E-03  5.856737033E+00 
         9 -1.556250639E-02 -1.556250080E-02  6.562000141E-03  5.724497333E+00 
        10 -1.543750614E-02 -1.543750148E-02  6.562000141E-03  5.633102906E+00 
        11 -1.531250682E-02 -1.531250123E-02  6.562000141E-03  5.612902454E+00 
        12 -1.518750656E-02 -1.518750098E-02  6.562000141E-03  5.642155319E+00 
        13 -1.506250631E-02 -1.506250072E-02  6.562000141E-03  5.675107742E+00 
        14 -1.493750606E-02 -1.493750140E-02  6.562000141E-03  5.698838541E+00 
        15 -1.481250674E-02 -1.481250115E-02  6.562000141E-03  5.697571522E+00 
        16 -1.468750648E-02 -1.468750089E-02  6.562000141E-03  5.630691603E+00 
        17 -1.456250623E-02 -1.456250157E-02  6.562000141E-03  5.518558813E+00 
        18 -1.443750691E-02 -1.443750132E-02  6.562000141E-03  5.400995889E+00 
        19 -1.431250665E-02 -1.431250107E-02  6.562000141E-03  5.321793132E+00 
        20 -1.418750640E-02 -1.418750081E-02  6.562000141E-03  5.314737175E+00 
        21 -1.406250615E-02 -1.406250149E-02  6.562000141E-03  5.324696769E+00 
        22 -1.393750682E-02 -1.393750124E-02  6.562000141E-03  5.305287645E+00 
        23 -1.381250657E-02 -1.381250098E-02  6.562000141E-03  5.267014077E+00 
        24 -1.368750632E-02 -1.368750166E-02  6.562000141E-03  5.220449092E+00 
        25 -1.356250606E-02 -1.356250141E-02  6.562000141E-03  5.169428252E+00 
        26 -1.343750674E-02 -1.343750115E-02  6.562000141E-03  5.115118557E+00 
        27 -1.331250649E-02 -1.331250090E-02  6.562000141E-03  5.058562180E+00 
        28 -1.318750624E-02 -1.318750158E-02  6.562000141E-03  5.000416762E+00 
        29 -1.306250598E-02 -1.306250133E-02  6.562000141E-03  4.940865306E+00 
        30 -1.293750666E-02 -1.293750107E-02  6.562000141E-03  4.878874033E+00 
        31 -1.281250641E-02 -1.281250175E-02  6.562000141E-03  4.813356596E+00 
        32 -1.268750615E-02 -1.268750150E-02  6.562000141E-03  4.744824686E+00 
        33 -1.256250590E-02 -1.256250124E-02  6.562000141E-03  4.675371586E+00 
        34 -1.243750658E-02 -1.243750099E-02  6.562000141E-03  4.607962085E+00 
        35 -1.231250633E-02 -1.231250167E-02  6.562000141E-03  4.547602146E+00 
        36 -1.218750607E-02 -1.218750142E-02  6.562000141E-03  4.499420755E+00 
        37 -1.668750681E-02 -1.668750122E-02  6.562000141E-03  5.695068447E+00 
        38 -1.681250706E-02 -1.681250148E-02  6.562000141E-03  5.706388879E+00 
        39 -1.693750732E-02 -1.693749987E-02  6.562000141E-03  5.772623253E+00 
        40 -1.706250571E-02 -1.706250012E-02  6.562000141E-03  5.816397299E+00 
        41 -1.718750596E-02 -1.718750037E-02  6.562000141E-03  5.750186936E+00 
        42 -1.731250621E-02 -1.731250063E-02  6.562000141E-03  5.603946627E+00 
        43 -1.743750647E-02 -1.743750088E-02  6.562000141E-03  5.566188614E+00 
        44 -1.756250672E-02 -1.756250113E-02  6.562000141E-03  5.418695857E+00 
        45 -1.768750697E-02 -1.768750139E-02  6.562000141E-03  5.119670328E+00 
        46 -1.781250723E-02 -1.781250164E-02  6.562000141E-03  4.962538366E+00 
        47 -1.793750562E-02 -1.793750003E-02  6.562000141E-03  5.062298849E+00 
        48 -1.806250587E-02 -1.806250028E-02  6.562000141E-03  4.856197291E+00 
        49 -1.818750612E-02 -1.818750054E-02  6.562000141E-03  4.718666084E+00 
        50 -1.831250638E-02 -1.831250079E-02  6.562000141E-03  4.962463149E+00 
        51 -1.843750663E-02 -1.843750104E-02  6.562000141E-03  5.011646873E+00 
        52 -1.856250688E-02 -1.856250130E-02  6.562000141E-03  4.567935771E+00 
        53 -1.868750714E-02 -1.868750155E-02  6.562000141E-03  4.402125764E+00 
        54 -1.880351454E-02 -1.880351081E-02  6.562000141E-03  4.352980484E+00 
        55 -1.890108548E-02 -1.890108548E-02  6.562000606E-03  4.505384876E+00 
        56 -1.895662583E-02 -1.895662583E-02  6.562000141E-03  4.489965805E+00 
        57 -1.206250675E-02 -1.206250116E-02  6.562000141E-03  4.463266022E+00 
        58 -1.193750650E-02 -1.193750184E-02  6.562000141E-03  4.431907853E+00 
        59 -1.181250624E-02 -1.181250159E-02  6.562000141E-03  4.396121530E+00 
        60 -1.168750599E-02 -1.168750133E-02  6.562000141E-03  4.350314667E+00 
        61 -1.156250667E-02 -1.156250108E-02  6.562000141E-03  4.295101233E+00 
        62 -1.143750641E-02 -1.143750176E-02  6.562000141E-03  4.230560122E+00 
        63 -1.131250616E-02 -1.131250151E-02  6.562000141E-03  4.156217535E+00 
        64 -1.118750591E-02 -1.118750125E-02  6.562000141E-03  4.075441025E+00 
        65 -1.106250659E-02 -1.106250193E-02  6.562000141E-03  3.996147766E+00 
        66 -1.093750633E-02 -1.093750168E-02  6.562000141E-03  3.924791316E+00 
        67 -1.081250608E-02 -1.081250142E-02  6.562000141E-03  3.870721541E+00 
        68 -1.068750583E-02 -1.068750117E-02  6.562000141E-03  3.837462764E+00 
        69 -1.056250650E-02 -1.056250185E-02  6.562000141E-03  3.801656675E+00 
        70 -1.043750625E-02 -1.043750159E-02  6.562000141E-03  3.760396776E+00 
        71 -1.031250600E-02 -1.031250134E-02  6.562000141E-03  3.718922403E+00 
        72 -1.018750574E-02 -1.018750109E-02  6.562000141E-03  3.669130743E+00 
        73 -1.006250642E-02 -1.006250177E-02  6.562000141E-03  3.607802154E+00 
        74 -9.937506169E-03 -9.937501512E-03  6.562000141E-03  3.522188324E+00 
        75 -9.812505916E-03 -9.812501259E-03  6.562000141E-03  3.429709329E+00 
        76 -9.687505662E-03 -9.687501937E-03  6.562000141E-03  3.358114740E+00 
        77 -9.562506340E-03 -9.562501684E-03  6.562000141E-03  3.297769986E+00 
        78 -9.437506087E-03 -9.437501431E-03  6.562000141E-03  3.221449757E+00 
        79 -9.312505834E-03 -9.312501177E-03  6.562000141E-03  3.134269984E+00 
        80 -9.187506512E-03 -9.187501855E-03  6.562000141E-03  3.073984901E+00 
        81 -9.062506258E-03 -9.062501602E-03  6.562000141E-03  3.055023638E+00 
        82 -8.937506005E-03 -8.937501349E-03  6.562000141E-03  3.003439402E+00 
        83 -8.812505752E-03 -8.812502027E-03  6.562000141E-03  2.926952550E+00 
        84 -8.687506430E-03 -8.687501773E-03  6.562000141E-03  2.905141510E+00 
        85 -8.562506177E-03 -8.562501520E-03  6.562000141E-03  2.840231416E+00 
        86 -8.437505923E-03 -8.437501267E-03  6.562000141E-03  2.716734976E+00 
        87 -8.312505670E-03 -8.312501945E-03  6.562000141E-03  2.607175909E+00 
        88 -8.187506348E-03 -8.187501691E-03  6.562000141E-03  2.542440911E+00 
        89 -8.062506095E-03 -8.062501438E-03  6.562000141E-03  2.536338507E+00 
        90 -7.937505841E-03 -7.937502116E-03  6.562000141E-03  2.534255647E+00 
        91 -7.812505588E-03 -7.812501863E-03  6.562000141E-03  2.554451707E+00 
        92 -7.687505800E-03 -7.687501609E-03  6.562000141E-03  2.574146683E+00 
        93 -7.562506013E-03 -7.562501822E-03  6.562000141E-03  2.542083062E+00 
        94 -7.437505759E-03 -7.437501568E-03  6.562000141E-03  2.456956979E+00 
        95 -7.312505972E-03 -7.312501781E-03  6.562000141E-03  2.339375680E+00 
        96 -7.187505718E-03 -7.187501527E-03  6.562000141E-03  2.107916720E+00 
        97 -7.062505931E-03 -7.062501740E-03  6.562000141E-03  2.019402126E+00 
        98 -6.937505677E-03 -6.937501952E-03  6.562000141E-03  1.949624965E+00 
        99 -6.812505890E-03 -6.812501699E-03  6.562000141E-03  1.784946198E+00 
       100 -6.687506102E-03 -6.687501911E-03  6.562000141E-03  1.738448156E+00 
       101 -6.562505849E-03 -6.562501658E-03  6.562000141E-03  1.625239059E+00 
       102 -6.437506061E-03 -6.437501870E-03  6.562000141E-03  1.402111104E+00 
       103 -6.312505808E-03 -6.312501617E-03  6.562000141E-03  1.268165216E+00 
       104 -6.187506020E-03 -6.187501829E-03  6.562000141E-03  1.193353495E+00 
       105 -6.062505767E-03 -6.062502041E-03  6.562000141E-03  1.083101860E+00 
       106 -5.937505979E-03 -5.937501788E-03  6.562000141E-03  9.665518792E-01 
       107 -5.812505726E-03 -5.812502000E-03  6.562000141E-03  8.746837148E-01 
       108 -5.687505938E-03 -5.687501747E-03  6.562000141E-03  7.981165769E-01 
       109 -5.562505685E-03 -5.562501960E-03  6.562000141E-03  7.136395801E-01 
       110 -5.437505897E-03 -5.437501706E-03  6.562000141E-03  6.680654096E-01 
       111 -5.312505644E-03 -5.312501919E-03  6.562000141E-03  6.397221988E-01 
       112 -5.187505856E-03 -5.187501665E-03  6.562000141E-03  6.405701593E-01 
       113 -5.062505603E-03 -5.062501878E-03  6.562000141E-03  6.264622306E-01 
       114 -4.937505815E-03 -4.937502090E-03  6.562000141E-03  6.121420154E-01 
       115 -4.812505562E-03 -4.812501837E-03  6.562000141E-03  5.820726024E-01 
       116 -4.687505774E-03 -4.687502049E-03  6.562000141E-03  5.417111023E-01 
       117 -4.562505521E-03 -4.562501796E-03  6.562000141E-03  4.872071151E-01 
       118 -4.437505733E-03 -4.437502008E-03  6.562000141E-03  4.456625236E-01 
       119 -4.312505480E-03 -4.312501755E-03  6.562000141E-03  4.313295854E-01 
       120 -4.187505692E-03 -4.187501967E-03  6.562000141E-03  4.269136595E-01 
       121 -4.062505905E-03 -4.062502179E-03  6.562000141E-03  4.309169654E-01 
       122 -3.937505651E-03 -3.937501926E-03  6.562000141E-03  4.284324013E-01 
       123 -3.812505631E-03 -3.812501905E-03  6.562000141E-03  4.183187715E-01 
       124 -3.687505610E-03 -3.687501885E-03  6.562000141E-03  3.960224511E-01 
       125 -3.562505590E-03 -3.562501865E-03  6.562000141E-03  3.660323807E-01 
       126 -3.437505569E-03 -3.437501844E-03  6.562000141E-03  3.341508828E-01 
       127 -3.312505549E-03 -3.312501824E-03  6.562000141E-03  3.126388187E-01 
       128 -3.195534227E-03 -3.195532598E-03  6.562000606E-03  3.431006428E-01 
       129 -3.099788679E-03 -3.099788679E-03  6.562000606E-03  4.078766539E-01 
       130 -3.022594377E-03 -3.022594377E-03  6.562000606E-03  4.772950736E-01 
       131 -2.967901994E-03 -2.967901994E-03  6.562000606E-03  5.447360754E-01 
       132 -2.937011421E-03 -2.937011421E-03  6.562000606E-03  6.248219170E-01 
       133 -2.914825454E-03 -2.914825454E-03  6.562000141E-03  6.872605839E-01 
       134 -2.896386664E-03 -2.896386664E-03  6.562000606E-03  7.530151286E-01 
       135 -2.881055698E-03 -2.881055698E-03  6.562000606E-03  8.149849281E-01 
       136 -2.868303098E-03 -2.868303098E-03  6.562000141E-03  8.701926917E-01 
       137 -2.857688349E-03 -2.857688349E-03  6.562000141E-03  9.173394032E-01 
       138 -2.848849166E-03 -2.848849166E-03  6.562000141E-03  9.566194013E-01 
       139 -2.841493115E-03 -2.841493115E-03  6.562000141E-03  9.887968969E-01 
       140 -2.835373627E-03 -2.835373627E-03  6.562000141E-03  1.014910688E+00 
       141 -2.830280224E-03 -2.830280224E-03  6.562000606E-03  1.036000757E+00 
       142 -2.121081017E-02 -2.121081017E-02  6.562000141E-03  9.363330529E-02 
       143 -2.120563947E-02 -2.120563947E-02  6.562000141E-03  2.821767003E-01 
       144 -2.119943500E-02 -2.119943500E-02  6.562000141E-03  5.060868060E-01 
       145 -2.119199000E-02 -2.119199000E-02  6.562000141E-03  7.707791970E-01 
       146 -2.118305862E-02 -2.118305862E-02  6.562000141E-03  1.083732409E+00 
       147 -2.117234282E-02 -2.117234282E-02  6.562000141E-03  1.454348479E+00 
       148 -2.115948685E-02 -2.115948685E-02  6.562000606E-03  1.888882102E+00 
       149 -2.114406601E-02 -2.114406601E-02  6.562000606E-03  2.389818070E+00 
       150 -2.112556621E-02 -2.112556621E-02  6.562000606E-03  2.935820494E+00 
       151 -2.110337466E-02 -2.110337466E-02  6.562000606E-03  3.493444185E+00 
       152 -2.106651478E-02 -2.106651478E-02  6.562000606E-03  4.127619222E+00 
       153 -2.102797665E-02 -2.102797665E-02  6.562000141E-03  4.740033574E+00 
       154 -2.100796066E-02 -2.100796066E-02  6.562000141E-03  4.738871626E+00 
       155 -2.095155232E-02 -2.095155232E-02  6.562000141E-03  5.002912942E+00 
       156 -2.089514025E-02 -2.089514025E-02  6.562000141E-03  5.232992565E+00 
       157 -2.082296833E-02 -2.082296833E-02  6.562000141E-03  5.341069101E+00 
       158 -2.075096965E-02 -2.075096965E-02  6.562000606E-03  5.271050860E+00 
       159 -2.067896910E-02 -2.067896910E-02  6.562000141E-03  5.048672742E+00 
       160 -2.060696855E-02 -2.060696855E-02  6.562000606E-03  4.837961863E+00 
       161 -2.053496987E-02 -2.053496987E-02  6.562000141E-03  4.632367596E+00 
       162 -2.046296932E-02 -2.046296932E-02  6.562000606E-03  4.406544537E+00 
       163 -2.039096877E-02 -2.039096877E-02  6.562000141E-03  4.271196725E+00 
       164 -2.031897008E-02 -2.031897008E-02  6.562000141E-03  4.143860108E+00 
       165 -2.024696954E-02 -2.024696954E-02  6.562000141E-03  4.091875517E+00 
       166 -2.017496899E-02 -2.017496899E-02  6.562000606E-03  4.062569875E+00 
       167 -2.010297030E-02 -2.010297030E-02  6.562000141E-03  4.041094715E+00 
       168 -2.003096975E-02 -2.003096975E-02  6.562000606E-03  4.075322602E+00 
       169 -1.995896921E-02 -1.995896921E-02  6.562000141E-03  4.025432351E+00 
       170 -1.988696866E-02 -1.988696866E-02  6.562000606E-03  4.066222871E+00 
       171 -1.981496997E-02 -1.981496997E-02  6.562000141E-03  4.004001997E+00 
       172 -1.974296942E-02 -1.974296942E-02  6.562000606E-03  4.099578894E+00 
       173 -1.967096888E-02 -1.967096888E-02  6.562000141E-03  4.020549578E+00 
       174 -1.959896833E-02 -1.959896833E-02  6.562000606E-03  4.147026997E+00 
       175 -1.952696964E-02 -1.952696964E-02  6.562000141E-03  4.085611629E+00 
       176 -1.945496909E-02 -1.945496909E-02  6.562000606E-03  4.198432246E+00 
       177 -1.938296854E-02 -1.938296854E-02  6.562000141E-03  4.175663473E+00 
       178 -1.931096986E-02 -1.931096986E-02  6.562000606E-03  4.286398252E+00 
       179 -1.923896931E-02 -1.923896931E-02  6.562000141E-03  4.303920541E+00 
       180 -1.916676201E-02 -1.916676201E-02  6.562000606E-03  4.389036248E+00 
       181 -1.912219636E-02 -1.912219636E-02  6.562000606E-03  4.407801754E+00 
       182 -1.904013008E-02 -1.904013008E-02  6.562000606E-03  4.517710335E+00 
       183 -1.898222044E-02 -1.898222044E-02  6.562000606E-03  4.607302450E+00 
