cellnumber     x-coordinate     y-coordinate     z-coordinate velocity-magnitude 
         1 -1.895638742E-02 -1.895638742E-02  6.562000141E-03  5.003964975E+00 
         2 -1.889957115E-02 -1.889957115E-02  6.562000141E-03  4.946004225E+00 
         3 -1.880222373E-02 -1.880222000E-02  6.562000141E-03  4.983772606E+00 
         4 -1.868750341E-02 -1.868749410E-02  6.562000141E-03  5.043881518E+00 
         5 -1.856250316E-02 -1.856249385E-02  6.562000141E-03  5.069093907E+00 
         6 -1.843750291E-02 -1.843749359E-02  6.562000141E-03  5.255876829E+00 
         7 -1.831250265E-02 -1.831249334E-02  6.562000141E-03  5.670467602E+00 
         8 -1.818750240E-02 -1.818749309E-02  6.562000141E-03  6.039221809E+00 
         9 -1.806250401E-02 -1.806249283E-02  6.562000141E-03  6.165458246E+00 
        10 -1.793750376E-02 -1.793749444E-02  6.562000141E-03  6.097772868E+00 
        11 -1.781250350E-02 -1.781249419E-02  6.562000141E-03  5.848822677E+00 
        12 -1.768750325E-02 -1.768749394E-02  6.562000141E-03  5.497286728E+00 
        13 -2.121081017E-02 -2.121081017E-02  6.562000141E-03  8.514448691E-02 
        14 -2.120563947E-02 -2.120563947E-02  6.562000141E-03  2.602130923E-01 
        15 -2.119943500E-02 -2.119943500E-02  6.562000141E-03  4.741889642E-01 
        16 -2.119199000E-02 -2.119199000E-02  6.562000141E-03  7.342373151E-01 
        17 -2.118305862E-02 -2.118305862E-02  6.562000141E-03  1.047779030E+00 
        18 -2.117234282E-02 -2.117234282E-02  6.562000141E-03  1.424114316E+00 
        19 -2.115948685E-02 -2.115948685E-02  6.562000606E-03  1.873258820E+00 
        20 -2.114406601E-02 -2.114406601E-02  6.562000606E-03  2.409210789E+00 
        21 -2.112556621E-02 -2.112556621E-02  6.562000606E-03  3.026944641E+00 
        22 -2.110337466E-02 -2.110337466E-02  6.562000606E-03  3.624068939E+00 
        23 -2.106651478E-02 -2.106651478E-02  6.562000606E-03  4.085698936E+00 
        24 -2.102797665E-02 -2.102797665E-02  6.562000141E-03  4.339014560E+00 
        25 -2.100796066E-02 -2.100796066E-02  6.562000141E-03  4.309669327E+00 
        26 -2.095155232E-02 -2.095155232E-02  6.562000141E-03  4.351891374E+00 
        27 -2.089514025E-02 -2.089514025E-02  6.562000141E-03  4.361535843E+00 
        28 -2.082296833E-02 -2.082296833E-02  6.562000141E-03  4.557073075E+00 
        29 -2.075096965E-02 -2.075096965E-02  6.562000606E-03  4.576012089E+00 
        30 -2.067896910E-02 -2.067896910E-02  6.562000141E-03  4.744541636E+00 
        31 -2.060696855E-02 -2.060696855E-02  6.562000606E-03  4.556260435E+00 
        32 -2.053496987E-02 -2.053496987E-02  6.562000141E-03  4.691355606E+00 
        33 -2.046296932E-02 -2.046296932E-02  6.562000606E-03  4.428652374E+00 
        34 -2.039096877E-02 -2.039096877E-02  6.562000141E-03  4.599545080E+00 
        35 -2.031897008E-02 -2.031897008E-02  6.562000141E-03  4.464852476E+00 
        36 -2.024696954E-02 -2.024696954E-02  6.562000141E-03  4.566841742E+00 
        37 -2.017496899E-02 -2.017496899E-02  6.562000606E-03  4.466645480E+00 
        38 -2.010297030E-02 -2.010297030E-02  6.562000141E-03  4.270612181E+00 
        39 -2.003096975E-02 -2.003096975E-02  6.562000606E-03  4.135678678E+00 
        40 -1.995896921E-02 -1.995896921E-02  6.562000141E-03  4.002867758E+00 
        41 -1.988696866E-02 -1.988696866E-02  6.562000606E-03  4.083289507E+00 
        42 -1.981496997E-02 -1.981496997E-02  6.562000141E-03  4.035307350E+00 
        43 -1.974296942E-02 -1.974296942E-02  6.562000606E-03  4.250243483E+00 
        44 -1.967096888E-02 -1.967096888E-02  6.562000141E-03  4.243426900E+00 
        45 -1.959896833E-02 -1.959896833E-02  6.562000606E-03  4.396478017E+00 
        46 -1.952696964E-02 -1.952696964E-02  6.562000141E-03  4.214716503E+00 
        47 -1.945496909E-02 -1.945496909E-02  6.562000606E-03  4.228559153E+00 
        48 -1.938296854E-02 -1.938296854E-02  6.562000141E-03  4.154701235E+00 
        49 -1.931096986E-02 -1.931096986E-02  6.562000606E-03  4.103600473E+00 
        50 -1.923896931E-02 -1.923896931E-02  6.562000141E-03  4.095048632E+00 
        51 -1.916676201E-02 -1.916676201E-02  6.562000606E-03  4.190649382E+00 
        52 -1.912219636E-02 -1.912219636E-02  6.562000606E-03  4.374724376E+00 
        53 -1.904013008E-02 -1.904013008E-02  6.562000606E-03  4.567955810E+00 
        54 -1.898222044E-02 -1.898222044E-02  6.562000606E-03  4.690912211E+00 
        55 -1.756250300E-02 -1.756249368E-02  6.562000141E-03  5.488658177E+00 
        56 -1.743750274E-02 -1.743749343E-02  6.562000141E-03  5.522988654E+00 
        57 -1.731250249E-02 -1.731249318E-02  6.562000141E-03  5.623571215E+00 
        58 -1.718750224E-02 -1.718749292E-02  6.562000141E-03  5.895116313E+00 
        59 -1.706250384E-02 -1.706249453E-02  6.562000141E-03  6.284288292E+00 
        60 -1.693750359E-02 -1.693749428E-02  6.562000141E-03  6.629912817E+00 
        61 -1.681250334E-02 -1.681249402E-02  6.562000141E-03  6.150526521E+00 
        62 -1.668750308E-02 -1.668749377E-02  6.562000141E-03  5.185963546E+00 
        63 -1.656250283E-02 -1.656249352E-02  6.562000141E-03  4.637975757E+00 
        64 -1.643750258E-02 -1.643749326E-02  6.562000141E-03  4.655818844E+00 
        65 -1.631250232E-02 -1.631249301E-02  6.562000141E-03  4.796144795E+00 
        66 -1.618750207E-02 -1.618749276E-02  6.562000141E-03  4.923460619E+00 
        67 -1.606250368E-02 -1.606249437E-02  6.562000141E-03  4.950884693E+00 
        68 -1.593750343E-02 -1.593749411E-02  6.562000141E-03  5.047480110E+00 
        69 -1.581250317E-02 -1.581249386E-02  6.562000141E-03  5.094961944E+00 
        70 -1.568750292E-02 -1.568749361E-02  6.562000141E-03  5.114721648E+00 
        71 -1.556250360E-02 -1.556249429E-02  6.562000141E-03  5.337607032E+00 
        72 -1.543750335E-02 -1.543749403E-02  6.562000141E-03  5.594636295E+00 
        73 -1.531250309E-02 -1.531249378E-02  6.562000141E-03  5.720379797E+00 
        74 -1.518750284E-02 -1.518749353E-02  6.562000141E-03  6.077206790E+00 
        75 -1.506250352E-02 -1.506249420E-02  6.562000141E-03  6.243793242E+00 
        76 -1.493750326E-02 -1.493749395E-02  6.562000141E-03  6.222620433E+00 
        77 -1.481250301E-02 -1.481249370E-02  6.562000141E-03  6.197490184E+00 
        78 -1.468750276E-02 -1.468749437E-02  6.562000141E-03  6.013179576E+00 
        79 -1.456250343E-02 -1.456249412E-02  6.562000141E-03  5.825300962E+00 
        80 -1.443750318E-02 -1.443749387E-02  6.562000141E-03  5.591876674E+00 
        81 -1.431250293E-02 -1.431249361E-02  6.562000141E-03  5.392974758E+00 
        82 -1.418750267E-02 -1.418749429E-02  6.562000141E-03  5.424450653E+00 
        83 -1.206250302E-02 -1.206249371E-02  6.562000141E-03  4.468294922E+00 
        84 -1.218750328E-02 -1.218749397E-02  6.562000141E-03  4.525017837E+00 
        85 -1.231250260E-02 -1.231249422E-02  6.562000141E-03  4.589143198E+00 
        86 -1.243750285E-02 -1.243749447E-02  6.562000141E-03  4.658618878E+00 
        87 -1.256250311E-02 -1.256249379E-02  6.562000141E-03  4.729529074E+00 
        88 -1.268750336E-02 -1.268749405E-02  6.562000141E-03  4.801295719E+00 
        89 -1.281250268E-02 -1.281249430E-02  6.562000141E-03  4.878697324E+00 
        90 -1.293750294E-02 -1.293749455E-02  6.562000141E-03  4.968067472E+00 
        91 -1.306250319E-02 -1.306249388E-02  6.562000141E-03  5.063165851E+00 
        92 -1.318750344E-02 -1.318749413E-02  6.562000141E-03  5.146359482E+00 
        93 -1.331250276E-02 -1.331249438E-02  6.562000141E-03  5.226329240E+00 
        94 -1.343750302E-02 -1.343749370E-02  6.562000141E-03  5.327773497E+00 
        95 -1.356250327E-02 -1.356249396E-02  6.562000141E-03  5.438179634E+00 
        96 -1.368750352E-02 -1.368749421E-02  6.562000141E-03  5.551740514E+00 
        97 -1.381250285E-02 -1.381249446E-02  6.562000141E-03  5.684738424E+00 
        98 -1.393750310E-02 -1.393749379E-02  6.562000141E-03  5.811904362E+00 
        99 -1.406250335E-02 -1.406249404E-02  6.562000141E-03  5.808262306E+00 
       100 -1.168750320E-02 -1.168749388E-02  6.562000141E-03  4.334530324E+00 
       101 -1.156250294E-02 -1.156249456E-02  6.562000141E-03  4.292679356E+00 
       102 -1.143750269E-02 -1.143749431E-02  6.562000141E-03  4.245424232E+00 
       103 -1.131250337E-02 -1.131249405E-02  6.562000141E-03  4.191185480E+00 
       104 -1.118750311E-02 -1.118749380E-02  6.562000141E-03  4.128328218E+00 
       105 -2.830386627E-03 -2.830386627E-03  6.562000141E-03  1.045428244E+00 
       106 -2.835483057E-03 -2.835483057E-03  6.562000141E-03  1.041857279E+00 
       107 -2.841603942E-03 -2.841603942E-03  6.562000606E-03  1.034393412E+00 
       108 -2.848957200E-03 -2.848957200E-03  6.562000606E-03  1.021176667E+00 
       109 -2.857792191E-03 -2.857792191E-03  6.562000606E-03  9.999109893E-01 
       110 -2.868410433E-03 -2.868410433E-03  6.562000141E-03  9.682379138E-01 
       111 -2.881176071E-03 -2.881176071E-03  6.562000141E-03  9.245850356E-01 
       112 -2.896528924E-03 -2.896528924E-03  6.562000141E-03  8.687234111E-01 
       113 -2.915001474E-03 -2.915001474E-03  6.562000141E-03  8.054708480E-01 
       114 -2.937239595E-03 -2.937239595E-03  6.562000141E-03  7.372048434E-01 
       115 -2.974424278E-03 -2.974424278E-03  6.562000141E-03  6.609017784E-01 
       116 -3.062231001E-03 -3.062227042E-03  6.562000141E-03  6.072763498E-01 
       117 -3.187502269E-03 -3.187494585E-03  6.562000141E-03  6.142182558E-01 
       118 -3.312502289E-03 -3.312494606E-03  6.562000141E-03  6.298758593E-01 
       119 -3.437502310E-03 -3.437494626E-03  6.562000141E-03  6.876342095E-01 
       120 -3.562502330E-03 -3.562494414E-03  6.562000141E-03  7.820081457E-01 
       121 -3.687502351E-03 -3.687494434E-03  6.562000141E-03  8.480447625E-01 
       122 -3.812502371E-03 -3.812494455E-03  6.562000141E-03  8.864967096E-01 
       123 -3.937502392E-03 -3.937494475E-03  6.562000141E-03  9.072885785E-01 
       124 -4.062502645E-03 -4.062494729E-03  6.562000141E-03  9.117589207E-01 
       125 -1.193750277E-02 -1.193749439E-02  6.562000141E-03  4.418490459E+00 
       126 -1.181250252E-02 -1.181249414E-02  6.562000141E-03  4.374841349E+00 
       127 -1.106250286E-02 -1.106249448E-02  6.562000141E-03  4.056740726E+00 
       128 -1.093750261E-02 -1.093749423E-02  6.562000141E-03  3.978425929E+00 
       129 -1.081250329E-02 -1.081249397E-02  6.562000141E-03  3.895263721E+00 
       130 -1.068750303E-02 -1.068749465E-02  6.562000141E-03  3.808894120E+00 
       131 -1.056250278E-02 -1.056249440E-02  6.562000141E-03  3.720808462E+00 
       132 -1.043750253E-02 -1.043749414E-02  6.562000141E-03  3.632985803E+00 
       133 -1.031250320E-02 -1.031249389E-02  6.562000141E-03  3.547769931E+00 
       134 -1.018750295E-02 -1.018749457E-02  6.562000141E-03  3.468112606E+00 
       135 -1.006250270E-02 -1.006249432E-02  6.562000141E-03  3.395992185E+00 
       136 -9.937502444E-03 -9.937494062E-03  6.562000141E-03  3.332218420E+00 
       137 -9.812503122E-03 -9.812494740E-03  6.562000141E-03  3.276010582E+00 
       138 -9.687502868E-03 -9.687494487E-03  6.562000141E-03  3.230251846E+00 
       139 -9.562502615E-03 -9.562494233E-03  6.562000141E-03  3.198217340E+00 
       140 -9.437503293E-03 -9.437493980E-03  6.562000141E-03  3.167061014E+00 
       141 -9.312503040E-03 -9.312494658E-03  6.562000141E-03  3.133313786E+00 
       142 -9.187502787E-03 -9.187494405E-03  6.562000141E-03  3.091371000E+00 
       143 -9.062502533E-03 -9.062494151E-03  6.562000141E-03  3.032152313E+00 
       144 -8.937503211E-03 -8.937493898E-03  6.562000141E-03  2.854683532E+00 
       145 -8.812502958E-03 -8.812494576E-03  6.562000141E-03  2.791272335E+00 
       146 -8.687502705E-03 -8.687494323E-03  6.562000141E-03  2.788747945E+00 
       147 -8.562502451E-03 -8.562494069E-03  6.562000141E-03  2.771064526E+00 
       148 -8.437503129E-03 -8.437494747E-03  6.562000141E-03  2.779966102E+00 
       149 -8.312502876E-03 -8.312494494E-03  6.562000141E-03  2.838463593E+00 
       150 -8.187502623E-03 -8.187494241E-03  6.562000141E-03  2.841488494E+00 
       151 -8.062502369E-03 -8.062493987E-03  6.562000141E-03  2.748945511E+00 
       152 -7.937503047E-03 -7.937494665E-03  6.562000141E-03  2.635802497E+00 
       153 -7.812502794E-03 -7.812494412E-03  6.562000141E-03  2.521301145E+00 
       154 -7.687502541E-03 -7.687494159E-03  6.562000141E-03  2.408412711E+00 
       155 -7.562502753E-03 -7.562494371E-03  6.562000141E-03  2.350561225E+00 
       156 -7.437502500E-03 -7.437494583E-03  6.562000141E-03  2.367941395E+00 
       157 -7.312502712E-03 -7.312494330E-03  6.562000141E-03  2.210597366E+00 
       158 -7.187502459E-03 -7.187494542E-03  6.562000141E-03  1.945780033E+00 
       159 -7.062502671E-03 -7.062494289E-03  6.562000141E-03  1.790321326E+00 
       160 -6.937502883E-03 -6.937494501E-03  6.562000141E-03  1.636279989E+00 
       161 -6.812502630E-03 -6.812494248E-03  6.562000141E-03  1.690734214E+00 
       162 -6.687502842E-03 -6.687494460E-03  6.562000141E-03  1.894464291E+00 
       163 -6.562502589E-03 -6.562494673E-03  6.562000141E-03  1.767510032E+00 
       164 -6.437502801E-03 -6.437494420E-03  6.562000141E-03  1.336978789E+00 
       165 -6.312502548E-03 -6.312494632E-03  6.562000141E-03  1.048674353E+00 
       166 -6.187502760E-03 -6.187494379E-03  6.562000141E-03  9.630711570E-01 
       167 -4.187502433E-03 -4.187494516E-03  6.562000141E-03  8.987747843E-01 
       168 -4.312502686E-03 -4.312494770E-03  6.562000141E-03  8.625995155E-01 
       169 -4.437502474E-03 -4.437494557E-03  6.562000141E-03  8.074473054E-01 
       170 -4.562502727E-03 -4.562494345E-03  6.562000141E-03  7.412977846E-01 
       171 -4.687502515E-03 -4.687494598E-03  6.562000141E-03  6.708893386E-01 
       172 -4.812502768E-03 -4.812494386E-03  6.562000141E-03  5.979245644E-01 
       173 -4.937502556E-03 -4.937494639E-03  6.562000141E-03  5.152994831E-01 
       174 -5.062502343E-03 -5.062494427E-03  6.562000141E-03  4.564079829E-01 
       175 -5.187502597E-03 -5.187494680E-03  6.562000141E-03  4.709684417E-01 
       176 -5.312502384E-03 -5.312494468E-03  6.562000141E-03  5.548353565E-01 
       177 -5.437502638E-03 -5.437494721E-03  6.562000141E-03  6.679674349E-01 
       178 -5.562502425E-03 -5.562494509E-03  6.562000141E-03  7.384723325E-01 
       179 -5.687502678E-03 -5.687494297E-03  6.562000141E-03  7.147796615E-01 
       180 -5.812502466E-03 -5.812494550E-03  6.562000141E-03  6.921873651E-01 
       181 -5.937502719E-03 -5.937494338E-03  6.562000141E-03  7.602386061E-01 
       182 -6.062502507E-03 -6.062494591E-03  6.562000141E-03  8.670702951E-01 
