cellnumber     x-coordinate     y-coordinate     z-coordinate velocity-magnitude 
         1 -1.895486377E-02 -1.895486377E-02  6.562000141E-03  4.849850959E+00 
         2 -1.889866963E-02 -1.889866963E-02  6.562000141E-03  4.749871258E+00 
         3 -1.880285330E-02 -1.880285516E-02  6.562000141E-03  4.769929533E+00 
         4 -1.868749969E-02 -1.868750341E-02  6.562000141E-03  4.753598921E+00 
         5 -1.856249943E-02 -1.856250316E-02  6.562000141E-03  4.758549556E+00 
         6 -1.843749918E-02 -1.843750477E-02  6.562000141E-03  4.878918949E+00 
         7 -1.831249893E-02 -1.831250452E-02  6.562000141E-03  5.021992969E+00 
         8 -1.818749867E-02 -1.818750426E-02  6.562000141E-03  5.106967382E+00 
         9 -1.806249842E-02 -1.806250401E-02  6.562000141E-03  5.215125569E+00 
        10 -1.793749817E-02 -1.793750376E-02  6.562000141E-03  5.353257639E+00 
        11 -1.681249961E-02 -1.681250334E-02  6.562000141E-03  5.508176921E+00 
        12 -1.693749800E-02 -1.693750359E-02  6.562000141E-03  5.560924374E+00 
        13 -1.143749896E-02 -1.143750455E-02  6.562000141E-03  4.091695621E+00 
        14 -1.156249829E-02 -1.156250481E-02  6.562000141E-03  4.135795857E+00 
        15 -1.168749854E-02 -1.168750506E-02  6.562000141E-03  4.181762225E+00 
        16 -1.181249879E-02 -1.181250438E-02  6.562000141E-03  4.231796916E+00 
        17 -1.193749905E-02 -1.193750463E-02  6.562000141E-03  4.287569452E+00 
        18 -1.206249837E-02 -1.206250489E-02  6.562000141E-03  4.349630856E+00 
        19 -1.218749862E-02 -1.218750421E-02  6.562000141E-03  4.417262716E+00 
        20 -1.231249887E-02 -1.231250446E-02  6.562000141E-03  4.488395520E+00 
        21 -1.243749913E-02 -1.243750472E-02  6.562000141E-03  4.559952209E+00 
        22 -1.256249845E-02 -1.256250497E-02  6.562000141E-03  4.629762520E+00 
        23 -1.268749870E-02 -1.268750429E-02  6.562000141E-03  4.696935420E+00 
        24 -1.281249896E-02 -1.281250454E-02  6.562000141E-03  4.761570768E+00 
        25 -1.293749921E-02 -1.293750480E-02  6.562000141E-03  4.825842038E+00 
        26 -1.306249853E-02 -1.306250412E-02  6.562000141E-03  4.892684117E+00 
        27 -1.318749879E-02 -1.318750437E-02  6.562000141E-03  4.964827670E+00 
        28 -1.331249904E-02 -1.331250463E-02  6.562000141E-03  5.041695564E+00 
        29 -1.343749929E-02 -1.343750488E-02  6.562000141E-03  5.117849594E+00 
        30 -1.356249861E-02 -1.356250420E-02  6.562000141E-03  5.186254895E+00 
        31 -1.368749887E-02 -1.368750446E-02  6.562000141E-03  5.242760662E+00 
        32 -1.381249912E-02 -1.381250471E-02  6.562000141E-03  5.289539072E+00 
        33 -1.393749844E-02 -1.393750403E-02  6.562000141E-03  5.331347482E+00 
        34 -1.406249870E-02 -1.406250428E-02  6.562000141E-03  5.376137384E+00 
        35 -1.418749895E-02 -1.418750454E-02  6.562000141E-03  5.429798156E+00 
        36 -1.431249920E-02 -1.431250479E-02  6.562000141E-03  5.490885263E+00 
        37 -1.443749852E-02 -1.443750411E-02  6.562000141E-03  5.550645008E+00 
        38 -1.456249878E-02 -1.456250437E-02  6.562000141E-03  5.600566357E+00 
        39 -1.468749903E-02 -1.468750462E-02  6.562000141E-03  5.635077123E+00 
        40 -1.481249928E-02 -1.481250394E-02  6.562000141E-03  5.655255649E+00 
        41 -1.493749861E-02 -1.493750419E-02  6.562000141E-03  5.671161319E+00 
        42 -1.506249886E-02 -1.506250445E-02  6.562000141E-03  5.695478423E+00 
        43 -1.518749911E-02 -1.518750470E-02  6.562000141E-03  5.719727493E+00 
        44 -1.531249937E-02 -1.531250402E-02  6.562000141E-03  5.759896500E+00 
        45 -1.543749869E-02 -1.543750428E-02  6.562000141E-03  5.799651309E+00 
        46 -1.556249894E-02 -1.556250453E-02  6.562000141E-03  5.835333878E+00 
        47 -1.568749920E-02 -1.568750478E-02  6.562000141E-03  5.854202177E+00 
        48 -1.581249945E-02 -1.581250317E-02  6.562000141E-03  5.870537892E+00 
        49 -1.593749970E-02 -1.593750343E-02  6.562000141E-03  5.809082974E+00 
        50 -1.606249809E-02 -1.606250368E-02  6.562000141E-03  5.795047252E+00 
        51 -1.618749835E-02 -1.618750393E-02  6.562000141E-03  5.603843461E+00 
        52 -1.631249860E-02 -1.631250419E-02  6.562000141E-03  5.800372812E+00 
        53 -1.643749885E-02 -1.643750444E-02  6.562000141E-03  5.974257133E+00 
        54 -1.656249911E-02 -1.656250469E-02  6.562000141E-03  5.966721943E+00 
        55 -1.668749936E-02 -1.668750308E-02  6.562000141E-03  5.829551067E+00 
        56 -1.706249826E-02 -1.706250384E-02  6.562000141E-03  5.636188078E+00 
        57 -1.781249978E-02 -1.781250350E-02  6.562000141E-03  5.551039751E+00 
        58 -1.768749952E-02 -1.768750325E-02  6.562000141E-03  5.561270031E+00 
        59 -1.756249927E-02 -1.756250486E-02  6.562000141E-03  5.353791333E+00 
        60 -1.743749902E-02 -1.743750460E-02  6.562000141E-03  5.302222777E+00 
        61 -1.731249876E-02 -1.731250435E-02  6.562000141E-03  5.375930721E+00 
        62 -1.718749851E-02 -1.718750410E-02  6.562000141E-03  5.494872814E+00 
        63 -2.121081017E-02 -2.121081017E-02  6.562000141E-03  1.875897449E-01 
        64 -2.120563947E-02 -2.120563947E-02  6.562000141E-03  5.645588974E-01 
        65 -2.119943500E-02 -2.119943500E-02  6.562000141E-03  1.012439745E+00 
        66 -2.119199000E-02 -2.119199000E-02  6.562000141E-03  1.536044488E+00 
        67 -2.118305862E-02 -2.118305862E-02  6.562000141E-03  2.126414692E+00 
        68 -2.117234282E-02 -2.117234282E-02  6.562000141E-03  2.746993798E+00 
        69 -2.115948685E-02 -2.115948685E-02  6.562000606E-03  3.339269795E+00 
        70 -2.114406601E-02 -2.114406601E-02  6.562000606E-03  3.835685263E+00 
        71 -2.112556621E-02 -2.112556621E-02  6.562000606E-03  4.166930210E+00 
        72 -2.110337466E-02 -2.110337466E-02  6.562000606E-03  4.354207203E+00 
        73 -2.106651478E-02 -2.106651478E-02  6.562000606E-03  4.471503715E+00 
        74 -2.102797665E-02 -2.102797665E-02  6.562000141E-03  4.648812360E+00 
        75 -2.100796066E-02 -2.100796066E-02  6.562000141E-03  4.610287542E+00 
        76 -2.095155232E-02 -2.095155232E-02  6.562000141E-03  4.671699703E+00 
        77 -2.089514025E-02 -2.089514025E-02  6.562000141E-03  4.790276921E+00 
        78 -2.082296833E-02 -2.082296833E-02  6.562000141E-03  4.968411462E+00 
        79 -2.075096965E-02 -2.075096965E-02  6.562000606E-03  5.044922713E+00 
        80 -2.067896910E-02 -2.067896910E-02  6.562000141E-03  5.083286767E+00 
        81 -2.060696855E-02 -2.060696855E-02  6.562000606E-03  5.035849642E+00 
        82 -2.053496987E-02 -2.053496987E-02  6.562000141E-03  4.901585911E+00 
        83 -2.046296932E-02 -2.046296932E-02  6.562000606E-03  4.681044388E+00 
        84 -2.039096877E-02 -2.039096877E-02  6.562000141E-03  4.495969236E+00 
        85 -2.031897008E-02 -2.031897008E-02  6.562000141E-03  4.068983944E+00 
        86 -2.024696954E-02 -2.024696954E-02  6.562000141E-03  3.933593069E+00 
        87 -2.017496899E-02 -2.017496899E-02  6.562000606E-03  3.862478112E+00 
        88 -2.010297030E-02 -2.010297030E-02  6.562000141E-03  3.892979254E+00 
        89 -2.003096975E-02 -2.003096975E-02  6.562000606E-03  4.123975197E+00 
        90 -1.995896921E-02 -1.995896921E-02  6.562000141E-03  4.346983950E+00 
        91 -1.988696866E-02 -1.988696866E-02  6.562000606E-03  4.700733008E+00 
        92 -1.981496997E-02 -1.981496997E-02  6.562000141E-03  4.773712169E+00 
        93 -1.974296942E-02 -1.974296942E-02  6.562000606E-03  4.713720498E+00 
        94 -1.967096888E-02 -1.967096888E-02  6.562000141E-03  4.688282235E+00 
        95 -1.959896833E-02 -1.959896833E-02  6.562000606E-03  4.605688221E+00 
        96 -1.952696964E-02 -1.952696964E-02  6.562000141E-03  4.707207051E+00 
        97 -1.945496909E-02 -1.945496909E-02  6.562000606E-03  4.825274601E+00 
        98 -1.938296854E-02 -1.938296854E-02  6.562000141E-03  4.992854283E+00 
        99 -1.931096986E-02 -1.931096986E-02  6.562000606E-03  5.152263962E+00 
       100 -1.923896931E-02 -1.923896931E-02  6.562000141E-03  5.185193904E+00 
       101 -1.916676201E-02 -1.916676201E-02  6.562000606E-03  5.111583777E+00 
       102 -1.912219636E-02 -1.912219636E-02  6.562000606E-03  4.967664061E+00 
       103 -1.904013008E-02 -1.904013008E-02  6.562000606E-03  4.955391714E+00 
       104 -1.898222044E-02 -1.898222044E-02  6.562000606E-03  4.931881571E+00 
       105 -1.131249871E-02 -1.131250430E-02  6.562000141E-03  4.047920029E+00 
       106 -1.118749846E-02 -1.118750498E-02  6.562000141E-03  4.004019241E+00 
       107 -1.106249914E-02 -1.106250472E-02  6.562000141E-03  3.960093817E+00 
       108 -1.093749888E-02 -1.093750447E-02  6.562000141E-03  3.915683113E+00 
       109 -1.081249863E-02 -1.081250422E-02  6.562000141E-03  3.870178640E+00 
       110 -1.068749838E-02 -1.068750490E-02  6.562000141E-03  3.823198337E+00 
       111 -1.056249905E-02 -1.056250464E-02  6.562000141E-03  3.773907272E+00 
       112 -1.043749880E-02 -1.043750439E-02  6.562000141E-03  3.722895197E+00 
       113 -1.031249855E-02 -1.031250507E-02  6.562000141E-03  3.665496288E+00 
       114 -1.018749829E-02 -1.018750481E-02  6.562000141E-03  3.592568884E+00 
       115 -1.006249897E-02 -1.006250456E-02  6.562000141E-03  3.507256822E+00 
       116 -9.937498719E-03 -9.937504306E-03  6.562000141E-03  3.444182549E+00 
       117 -9.812498465E-03 -9.812504984E-03  6.562000141E-03  3.405612898E+00 
       118 -9.687498212E-03 -9.687504731E-03  6.562000141E-03  3.351854091E+00 
       119 -9.562498890E-03 -9.562504478E-03  6.562000141E-03  3.281140679E+00 
       120 -9.437498637E-03 -9.437505156E-03  6.562000141E-03  3.227761021E+00 
       121 -9.312498383E-03 -9.312504902E-03  6.562000141E-03  3.255765833E+00 
       122 -9.187498130E-03 -9.187504649E-03  6.562000141E-03  3.288334409E+00 
       123 -9.062498808E-03 -9.062504396E-03  6.562000141E-03  3.234322179E+00 
       124 -8.937498555E-03 -8.937505074E-03  6.562000141E-03  3.113486167E+00 
       125 -8.812498301E-03 -8.812504821E-03  6.562000141E-03  3.030569458E+00 
       126 -8.687498979E-03 -8.687504567E-03  6.562000141E-03  2.966658404E+00 
       127 -2.830355195E-03 -2.830355195E-03  6.562000141E-03  1.044792801E+00 
       128 -2.835455118E-03 -2.835455118E-03  6.562000141E-03  1.041852681E+00 
       129 -2.841580659E-03 -2.841580659E-03  6.562000606E-03  1.037900044E+00 
       130 -2.848939039E-03 -2.848939039E-03  6.562000606E-03  1.032398020E+00 
       131 -2.857780783E-03 -2.857780783E-03  6.562000606E-03  1.024510636E+00 
       132 -2.868407406E-03 -2.868407406E-03  6.562000606E-03  1.012989631E+00 
       133 -2.881182823E-03 -2.881182823E-03  6.562000141E-03  9.958994416E-01 
       134 -2.896548016E-03 -2.896548016E-03  6.562000141E-03  9.710940196E-01 
       135 -2.915036166E-03 -2.915036166E-03  6.562000606E-03  9.352487339E-01 
       136 -2.937293379E-03 -2.937293379E-03  6.562000606E-03  8.872325003E-01 
       137 -2.975319512E-03 -2.975319512E-03  6.562000606E-03  8.028655041E-01 
       138 -3.059382550E-03 -3.059382550E-03  6.562000141E-03  6.391474726E-01 
       139 -3.123705974E-03 -3.123705974E-03  6.562000141E-03  5.688928174E-01 
       140 -3.189915325E-03 -3.189918818E-03  6.562000141E-03  5.163488008E-01 
       141 -3.312498098E-03 -3.312505083E-03  6.562000141E-03  4.741306093E-01 
       142 -3.437498119E-03 -3.437505104E-03  6.562000141E-03  4.488662054E-01 
       143 -3.562498139E-03 -3.562505124E-03  6.562000141E-03  3.973919075E-01 
       144 -3.687498160E-03 -3.687504912E-03  6.562000141E-03  3.487759572E-01 
       145 -3.812498180E-03 -3.812504932E-03  6.562000141E-03  3.571738855E-01 
       146 -3.937498201E-03 -3.937505186E-03  6.562000141E-03  4.066466183E-01 
       147 -4.062498454E-03 -4.062504973E-03  6.562000141E-03  4.864842626E-01 
       148 -4.187498242E-03 -4.187505227E-03  6.562000141E-03  5.325499230E-01 
       149 -4.312498029E-03 -4.312505014E-03  6.562000141E-03  5.157720610E-01 
       150 -4.437498283E-03 -4.437505268E-03  6.562000141E-03  4.693639191E-01 
       151 -4.562498070E-03 -4.562505055E-03  6.562000141E-03  4.554012504E-01 
       152 -4.687498324E-03 -4.687504843E-03  6.562000141E-03  4.898782234E-01 
       153 -4.812498111E-03 -4.812505096E-03  6.562000141E-03  5.441783296E-01 
       154 -4.937498365E-03 -4.937504884E-03  6.562000141E-03  5.864522116E-01 
       155 -5.062498152E-03 -5.062505137E-03  6.562000141E-03  6.273535704E-01 
       156 -7.062498480E-03 -7.062504999E-03  6.562000141E-03  2.380756723E+00 
       157 -6.937498227E-03 -6.937504746E-03  6.562000141E-03  2.332164630E+00 
       158 -6.812498439E-03 -6.812504958E-03  6.562000141E-03  2.113781866E+00 
       159 -6.687498186E-03 -6.687504705E-03  6.562000141E-03  1.860459824E+00 
       160 -6.562498398E-03 -6.562504917E-03  6.562000141E-03  1.623879312E+00 
       161 -6.437498610E-03 -6.437505130E-03  6.562000141E-03  1.462778261E+00 
       162 -6.312498357E-03 -6.312504876E-03  6.562000141E-03  1.464238876E+00 
       163 -6.187498569E-03 -6.187505089E-03  6.562000141E-03  1.359035424E+00 
       164 -6.062498316E-03 -6.062504835E-03  6.562000141E-03  1.177722299E+00 
       165 -5.937498529E-03 -5.937505048E-03  6.562000141E-03  1.000273862E+00 
       166 -5.812498275E-03 -5.812504794E-03  6.562000141E-03  7.636809780E-01 
       167 -5.687498488E-03 -5.687505007E-03  6.562000141E-03  6.807486736E-01 
       168 -5.562498234E-03 -5.562505219E-03  6.562000141E-03  7.076369267E-01 
       169 -5.437498447E-03 -5.437504966E-03  6.562000141E-03  6.897554968E-01 
       170 -5.312498193E-03 -5.312505178E-03  6.562000141E-03  6.741884718E-01 
       171 -5.187498406E-03 -5.187504925E-03  6.562000141E-03  6.631935846E-01 
       172 -8.562498726E-03 -8.562505245E-03  6.562000141E-03  2.927137685E+00 
       173 -8.437498473E-03 -8.437504992E-03  6.562000141E-03  2.891077266E+00 
       174 -8.312498219E-03 -8.312504739E-03  6.562000141E-03  2.817609872E+00 
       175 -8.187498897E-03 -8.187504485E-03  6.562000141E-03  2.731125560E+00 
       176 -8.062498644E-03 -8.062505163E-03  6.562000141E-03  2.590565154E+00 
       177 -7.937498391E-03 -7.937504910E-03  6.562000141E-03  2.472824915E+00 
       178 -7.812498603E-03 -7.812504657E-03  6.562000141E-03  2.391543480E+00 
       179 -7.687498350E-03 -7.687504869E-03  6.562000141E-03  2.337084233E+00 
       180 -7.562498562E-03 -7.562505081E-03  6.562000141E-03  2.310594392E+00 
       181 -7.437498309E-03 -7.437504828E-03  6.562000141E-03  2.339111558E+00 
       182 -7.312498521E-03 -7.312505040E-03  6.562000141E-03  2.175488822E+00 
       183 -7.187498268E-03 -7.187504787E-03  6.562000141E-03  2.311549033E+00 
