cellnumber     x-coordinate     y-coordinate     z-coordinate velocity-magnitude 
         1 -8.562495001E-03 -8.562497795E-03  6.562000141E-03  3.217230524E+00 
         2 -8.687495254E-03 -8.687497117E-03  6.562000141E-03  3.240337559E+00 
         3 -8.812495507E-03 -8.812497370E-03  6.562000141E-03  3.239078704E+00 
         4 -8.937494829E-03 -8.937497623E-03  6.562000141E-03  3.210480802E+00 
         5 -9.062495083E-03 -9.062497877E-03  6.562000141E-03  3.192341923E+00 
         6 -9.187495336E-03 -9.187497199E-03  6.562000141E-03  3.199043118E+00 
         7 -9.312495589E-03 -9.312497452E-03  6.562000141E-03  3.233225308E+00 
         8 -9.437494911E-03 -9.437497705E-03  6.562000141E-03  3.330410980E+00 
         9 -9.562495165E-03 -9.562497959E-03  6.562000141E-03  3.430406142E+00 
        10 -9.687495418E-03 -9.687497281E-03  6.562000141E-03  3.464673186E+00 
        11 -9.812495671E-03 -9.812497534E-03  6.562000141E-03  3.521089635E+00 
        12 -9.937494993E-03 -9.937497787E-03  6.562000141E-03  3.652295217E+00 
        13 -1.006249525E-02 -1.006249711E-02  6.562000141E-03  3.823285696E+00 
        14 -1.018749550E-02 -1.018749736E-02  6.562000141E-03  3.877235568E+00 
        15 -1.031249575E-02 -1.031249762E-02  6.562000141E-03  3.944630956E+00 
        16 -1.043749508E-02 -1.043749787E-02  6.562000141E-03  3.985653796E+00 
        17 -1.056249533E-02 -1.056249719E-02  6.562000141E-03  3.996740971E+00 
        18 -1.068749558E-02 -1.068749744E-02  6.562000141E-03  4.035143526E+00 
        19 -1.081249490E-02 -1.081249770E-02  6.562000141E-03  4.077169671E+00 
        20 -1.093749516E-02 -1.093749702E-02  6.562000141E-03  4.114447778E+00 
        21 -1.106249541E-02 -1.106249727E-02  6.562000141E-03  4.152408402E+00 
        22 -1.118749566E-02 -1.118749753E-02  6.562000141E-03  4.192872983E+00 
        23 -1.131249499E-02 -1.131249778E-02  6.562000141E-03  4.235635098E+00 
        24 -1.143749524E-02 -1.143749710E-02  6.562000141E-03  4.281366598E+00 
        25 -1.156249549E-02 -1.156249736E-02  6.562000141E-03  4.330455862E+00 
        26 -1.168749575E-02 -1.168749761E-02  6.562000141E-03  4.381883374E+00 
        27 -1.181249507E-02 -1.181249693E-02  6.562000141E-03  4.436113295E+00 
        28 -1.193749532E-02 -1.193749718E-02  6.562000141E-03  4.494947253E+00 
        29 -1.206249557E-02 -1.206249744E-02  6.562000141E-03  4.559732365E+00 
        30 -1.218749583E-02 -1.218749769E-02  6.562000141E-03  4.629718693E+00 
        31 -1.231249515E-02 -1.231249701E-02  6.562000141E-03  4.703211908E+00 
        32 -1.243749540E-02 -1.243749727E-02  6.562000141E-03  4.776211554E+00 
        33 -1.256249566E-02 -1.256249752E-02  6.562000141E-03  4.843372885E+00 
        34 -1.268749591E-02 -1.268749777E-02  6.562000141E-03  4.900962425E+00 
        35 -1.281249523E-02 -1.281249709E-02  6.562000141E-03  4.948553859E+00 
        36 -1.293749548E-02 -1.293749735E-02  6.562000141E-03  4.989664795E+00 
        37 -1.306249574E-02 -1.306249760E-02  6.562000141E-03  5.028823486E+00 
        38 -1.318749506E-02 -1.318749692E-02  6.562000141E-03  5.074646891E+00 
        39 -1.331249531E-02 -1.331249718E-02  6.562000141E-03  5.128162697E+00 
        40 -1.343749557E-02 -1.343749743E-02  6.562000141E-03  5.180370441E+00 
        41 -1.356249582E-02 -1.356249768E-02  6.562000141E-03  5.229342433E+00 
        42 -1.368749514E-02 -1.368749700E-02  6.562000141E-03  5.237372469E+00 
        43 -1.381249540E-02 -1.381249726E-02  6.562000141E-03  5.211330810E+00 
        44 -1.393749565E-02 -1.393749751E-02  6.562000141E-03  5.255235603E+00 
        45 -1.406249590E-02 -1.406249683E-02  6.562000141E-03  5.321432320E+00 
        46 -1.418749522E-02 -1.418749709E-02  6.562000141E-03  5.302975136E+00 
        47 -1.431249548E-02 -1.431249734E-02  6.562000141E-03  5.304589041E+00 
        48 -1.443749573E-02 -1.443749759E-02  6.562000141E-03  5.244862487E+00 
        49 -1.456249598E-02 -1.456249692E-02  6.562000141E-03  5.447191980E+00 
        50 -1.468749531E-02 -1.468749717E-02  6.562000141E-03  5.774821859E+00 
        51 -1.481249556E-02 -1.481249742E-02  6.562000141E-03  5.957304569E+00 
        52 -1.493749581E-02 -1.493749768E-02  6.562000141E-03  6.143806587E+00 
        53 -1.506249513E-02 -1.506249700E-02  6.562000141E-03  6.312426250E+00 
        54 -1.518749539E-02 -1.518749725E-02  6.562000141E-03  6.142065306E+00 
        55 -1.531249564E-02 -1.531249750E-02  6.562000141E-03  5.977364508E+00 
        56 -1.543749589E-02 -1.543749683E-02  6.562000141E-03  6.027425603E+00 
        57 -1.556249522E-02 -1.556249708E-02  6.562000141E-03  5.940077575E+00 
        58 -1.568749547E-02 -1.568749733E-02  6.562000141E-03  5.866719854E+00 
        59 -1.581249572E-02 -1.581249759E-02  6.562000141E-03  5.745653152E+00 
        60 -5.062494893E-03 -5.062497687E-03  6.562000141E-03  7.559766115E-01 
        61 -5.187495146E-03 -5.187497474E-03  6.562000141E-03  7.433014761E-01 
        62 -5.312494934E-03 -5.312497728E-03  6.562000141E-03  6.739874862E-01 
        63 -5.437495187E-03 -5.437497515E-03  6.562000141E-03  6.019875678E-01 
        64 -5.562494975E-03 -5.562497769E-03  6.562000141E-03  6.309730447E-01 
        65 -5.687495228E-03 -5.687497556E-03  6.562000141E-03  8.308063875E-01 
        66 -5.812495016E-03 -5.812497810E-03  6.562000141E-03  1.005606214E+00 
        67 -5.937495269E-03 -5.937497597E-03  6.562000141E-03  8.226655857E-01 
        68 -6.062495057E-03 -6.062497851E-03  6.562000141E-03  8.176337077E-01 
        69 -6.187495310E-03 -6.187497638E-03  6.562000141E-03  1.345709711E+00 
        70 -6.312495098E-03 -6.312497426E-03  6.562000141E-03  1.617606483E+00 
        71 -6.437495351E-03 -6.437497679E-03  6.562000141E-03  1.612582047E+00 
        72 -6.562495138E-03 -6.562497467E-03  6.562000141E-03  1.435197624E+00 
        73 -6.687494926E-03 -6.687497720E-03  6.562000141E-03  1.322653043E+00 
        74 -6.812495179E-03 -6.812497508E-03  6.562000141E-03  1.387480277E+00 
        75 -6.937494967E-03 -6.937497761E-03  6.562000141E-03  1.408606430E+00 
        76 -7.062495220E-03 -7.062497549E-03  6.562000141E-03  1.674667497E+00 
        77 -7.187495008E-03 -7.187497802E-03  6.562000141E-03  1.972526718E+00 
        78 -7.312495261E-03 -7.312497590E-03  6.562000141E-03  2.127552653E+00 
        79 -7.437495049E-03 -7.437497377E-03  6.562000141E-03  2.089166761E+00 
        80 -7.562495302E-03 -7.562497631E-03  6.562000141E-03  2.233044013E+00 
        81 -7.687495090E-03 -7.687497418E-03  6.562000141E-03  2.493996318E+00 
        82 -7.812495343E-03 -7.812497672E-03  6.562000141E-03  2.584991648E+00 
        83 -7.937495597E-03 -7.937497459E-03  6.562000141E-03  2.627667121E+00 
        84 -8.062494919E-03 -8.062497713E-03  6.562000141E-03  2.615390282E+00 
        85 -8.187495172E-03 -8.187497966E-03  6.562000141E-03  2.569781587E+00 
        86 -8.312495425E-03 -8.312497288E-03  6.562000141E-03  2.603149892E+00 
        87 -8.437495679E-03 -8.437497541E-03  6.562000141E-03  3.011155394E+00 
        88 -2.830350772E-03 -2.830350772E-03  6.562000141E-03  1.034982674E+00 
        89 -2.835454186E-03 -2.835454186E-03  6.562000606E-03  1.012697757E+00 
        90 -2.841583686E-03 -2.841583686E-03  6.562000141E-03  9.860403905E-01 
        91 -2.848947421E-03 -2.848947421E-03  6.562000141E-03  9.540083768E-01 
        92 -2.857794985E-03 -2.857794985E-03  6.562000141E-03  9.153194678E-01 
        93 -2.868429292E-03 -2.868429292E-03  6.562000141E-03  8.685253344E-01 
        94 -2.881214023E-03 -2.881214023E-03  6.562000606E-03  8.123027794E-01 
        95 -2.896590624E-03 -2.896590624E-03  6.562000606E-03  7.464981661E-01 
        96 -2.915092511E-03 -2.915092511E-03  6.562000141E-03  6.731465813E-01 
        97 -2.937367652E-03 -2.937367652E-03  6.562000141E-03  5.989126218E-01 
        98 -2.973292721E-03 -2.973292721E-03  6.561999675E-03  5.078494360E-01 
        99 -3.061021678E-03 -3.061023075E-03  6.562000141E-03  4.360090048E-01 
       100 -3.187494818E-03 -3.187497612E-03  6.562000141E-03  4.176997520E-01 
       101 -3.312494839E-03 -3.312497633E-03  6.562000141E-03  3.984312008E-01 
       102 -3.437494859E-03 -3.437497653E-03  6.562000141E-03  3.983016537E-01 
       103 -3.562494880E-03 -3.562497674E-03  6.562000141E-03  4.040491174E-01 
       104 -3.687494900E-03 -3.687497694E-03  6.562000141E-03  4.289512453E-01 
       105 -3.812494921E-03 -3.812497715E-03  6.562000141E-03  4.415062760E-01 
       106 -3.937494941E-03 -3.937497735E-03  6.562000141E-03  4.496829975E-01 
       107 -4.062495194E-03 -4.062497523E-03  6.562000141E-03  4.789123276E-01 
       108 -4.937495105E-03 -4.937497899E-03  6.562000141E-03  7.380040618E-01 
       109 -4.812494852E-03 -4.812497646E-03  6.562000141E-03  7.015323219E-01 
       110 -4.687495064E-03 -4.687497858E-03  6.562000141E-03  6.713822501E-01 
       111 -4.562495276E-03 -4.562497605E-03  6.562000141E-03  6.381158720E-01 
       112 -4.437495023E-03 -4.437497817E-03  6.562000141E-03  6.052562660E-01 
       113 -4.312495235E-03 -4.312497564E-03  6.562000141E-03  5.693142606E-01 
       114 -4.187494982E-03 -4.187497776E-03  6.562000141E-03  5.240597547E-01 
       115 -1.631249487E-02 -1.631249674E-02  6.562000141E-03  5.709683038E+00 
       116 -1.618749462E-02 -1.618749648E-02  6.562000141E-03  5.533289790E+00 
       117 -1.606249623E-02 -1.606249623E-02  6.562000141E-03  5.501261919E+00 
       118 -1.593749598E-02 -1.593749784E-02  6.562000141E-03  5.629524690E+00 
       119 -1.643749513E-02 -1.643749699E-02  6.562000141E-03  5.879028798E+00 
       120 -1.656249538E-02 -1.656249724E-02  6.562000141E-03  5.930546639E+00 
       121 -1.668749563E-02 -1.668749750E-02  6.562000141E-03  5.833863638E+00 
       122 -1.681249589E-02 -1.681249775E-02  6.562000141E-03  5.715490595E+00 
       123 -1.693749614E-02 -1.693749614E-02  6.562000141E-03  5.581992311E+00 
       124 -1.706249453E-02 -1.706249639E-02  6.562000141E-03  5.468935778E+00 
       125 -1.718749478E-02 -1.718749665E-02  6.562000141E-03  5.373718366E+00 
       126 -1.731249504E-02 -1.731249690E-02  6.562000141E-03  5.254104845E+00 
       127 -1.743749529E-02 -1.743749715E-02  6.562000141E-03  5.132780904E+00 
       128 -1.756249554E-02 -1.756249741E-02  6.562000141E-03  5.042658022E+00 
       129 -1.768749580E-02 -1.768749766E-02  6.562000141E-03  5.018883471E+00 
       130 -1.781249605E-02 -1.781249605E-02  6.562000141E-03  5.071595403E+00 
       131 -1.793749630E-02 -1.793749630E-02  6.562000141E-03  5.232128964E+00 
       132 -1.806249470E-02 -1.806249656E-02  6.562000141E-03  5.434576133E+00 
       133 -1.818749495E-02 -1.818749681E-02  6.562000141E-03  5.242467946E+00 
       134 -1.831249520E-02 -1.831249706E-02  6.562000141E-03  5.063781813E+00 
       135 -1.843749546E-02 -1.843749732E-02  6.562000141E-03  5.334761024E+00 
       136 -1.856249571E-02 -1.856249757E-02  6.562000141E-03  5.573938898E+00 
       137 -1.868749596E-02 -1.868749596E-02  6.562000141E-03  5.809458500E+00 
       138 -1.880909875E-02 -1.880909875E-02  6.562000141E-03  5.730670734E+00 
       139 -1.890101843E-02 -1.890101843E-02  6.562000141E-03  5.374770637E+00 
       140 -1.895096339E-02 -1.895096339E-02  6.562000141E-03  5.286916801E+00 
       141 -2.121081017E-02 -2.121081017E-02  6.562000141E-03  1.322149070E-01 
       142 -2.120563947E-02 -2.120563947E-02  6.562000141E-03  3.982019519E-01 
       143 -2.119943500E-02 -2.119943500E-02  6.562000141E-03  7.143434280E-01 
       144 -2.119199000E-02 -2.119199000E-02  6.562000141E-03  1.084599401E+00 
       145 -2.118305862E-02 -2.118305862E-02  6.562000141E-03  1.505602947E+00 
       146 -2.117234282E-02 -2.117234282E-02  6.562000141E-03  1.959723195E+00 
       147 -2.115948685E-02 -2.115948685E-02  6.562000606E-03  2.406703105E+00 
       148 -2.114406601E-02 -2.114406601E-02  6.562000606E-03  2.796923664E+00 
       149 -2.112556621E-02 -2.112556621E-02  6.562000606E-03  3.074363556E+00 
       150 -2.110337466E-02 -2.110337466E-02  6.562000606E-03  3.217573334E+00 
       151 -2.106651478E-02 -2.106651478E-02  6.562000606E-03  3.166195967E+00 
       152 -2.102797665E-02 -2.102797665E-02  6.562000141E-03  3.156191767E+00 
       153 -2.100796066E-02 -2.100796066E-02  6.562000141E-03  3.166023535E+00 
       154 -2.095155232E-02 -2.095155232E-02  6.562000141E-03  3.098282082E+00 
       155 -2.089514025E-02 -2.089514025E-02  6.562000141E-03  3.254974437E+00 
       156 -2.082296833E-02 -2.082296833E-02  6.562000141E-03  3.837861505E+00 
       157 -2.075096965E-02 -2.075096965E-02  6.562000606E-03  3.996212087E+00 
       158 -2.067896910E-02 -2.067896910E-02  6.562000141E-03  4.148828322E+00 
       159 -2.060696855E-02 -2.060696855E-02  6.562000606E-03  4.139057334E+00 
       160 -2.053496987E-02 -2.053496987E-02  6.562000141E-03  4.160791187E+00 
       161 -2.046296932E-02 -2.046296932E-02  6.562000606E-03  4.113482941E+00 
       162 -2.039096877E-02 -2.039096877E-02  6.562000141E-03  4.153661488E+00 
       163 -2.031897008E-02 -2.031897008E-02  6.562000141E-03  4.219051719E+00 
       164 -2.024696954E-02 -2.024696954E-02  6.562000141E-03  4.260880574E+00 
       165 -2.017496899E-02 -2.017496899E-02  6.562000606E-03  4.289838133E+00 
       166 -2.010297030E-02 -2.010297030E-02  6.562000141E-03  4.267391677E+00 
       167 -2.003096975E-02 -2.003096975E-02  6.562000606E-03  4.213889777E+00 
       168 -1.995896921E-02 -1.995896921E-02  6.562000141E-03  4.076232466E+00 
       169 -1.988696866E-02 -1.988696866E-02  6.562000606E-03  4.148639912E+00 
       170 -1.981496997E-02 -1.981496997E-02  6.562000141E-03  4.136695095E+00 
       171 -1.974296942E-02 -1.974296942E-02  6.562000606E-03  4.284890618E+00 
       172 -1.967096888E-02 -1.967096888E-02  6.562000141E-03  4.376435188E+00 
       173 -1.959896833E-02 -1.959896833E-02  6.562000606E-03  4.695326788E+00 
       174 -1.952696964E-02 -1.952696964E-02  6.562000141E-03  4.935704319E+00 
       175 -1.945496909E-02 -1.945496909E-02  6.562000606E-03  4.897249105E+00 
       176 -1.938296854E-02 -1.938296854E-02  6.562000141E-03  4.724193657E+00 
       177 -1.931096986E-02 -1.931096986E-02  6.562000606E-03  4.495596095E+00 
       178 -1.923896931E-02 -1.923896931E-02  6.562000141E-03  4.402819536E+00 
       179 -1.916676201E-02 -1.916676201E-02  6.562000606E-03  4.532572898E+00 
       180 -1.912219636E-02 -1.912219636E-02  6.562000606E-03  4.672628013E+00 
       181 -1.904013008E-02 -1.904013008E-02  6.562000606E-03  4.999591469E+00 
       182 -1.898222044E-02 -1.898222044E-02  6.562000606E-03  5.370020689E+00 
