cellnumber     x-coordinate     y-coordinate     z-coordinate velocity-magnitude 
         1 -1.643749513E-02 -1.643749699E-02  6.562000141E-03  5.602479260E+00 
         2 -1.656249538E-02 -1.656249724E-02  6.562000141E-03  5.607701305E+00 
         3 -1.668749563E-02 -1.668749563E-02  6.562000141E-03  5.540899810E+00 
         4 -1.681249589E-02 -1.681249589E-02  6.562000141E-03  5.432815709E+00 
         5 -1.693749614E-02 -1.693749614E-02  6.562000141E-03  5.321153387E+00 
         6 -1.706249639E-02 -1.706249639E-02  6.562000141E-03  5.273256380E+00 
         7 -1.718749665E-02 -1.718749665E-02  6.562000141E-03  5.262831887E+00 
         8 -1.731249504E-02 -1.731249690E-02  6.562000141E-03  5.194508698E+00 
         9 -1.743749529E-02 -1.743749715E-02  6.562000141E-03  5.304826027E+00 
        10 -1.756249554E-02 -1.756249554E-02  6.562000141E-03  5.490278009E+00 
        11 -1.768749580E-02 -1.768749580E-02  6.562000141E-03  5.621854613E+00 
        12 -1.781249605E-02 -1.781249605E-02  6.562000141E-03  5.696256299E+00 
        13 -1.793749630E-02 -1.793749630E-02  6.562000141E-03  5.937322685E+00 
        14 -1.806249656E-02 -1.806249656E-02  6.562000141E-03  5.646755575E+00 
        15 -1.818749495E-02 -1.818749681E-02  6.562000141E-03  5.392864634E+00 
        16 -1.831249520E-02 -1.831249706E-02  6.562000141E-03  5.505908247E+00 
        17 -1.843749546E-02 -1.843749732E-02  6.562000141E-03  5.459659382E+00 
        18 -1.856249571E-02 -1.856249571E-02  6.562000141E-03  5.115392313E+00 
        19 -1.868749596E-02 -1.868749596E-02  6.562000141E-03  4.876278435E+00 
        20 -1.880909875E-02 -1.880909875E-02  6.562000141E-03  4.577471008E+00 
        21 -1.890101843E-02 -1.890101843E-02  6.562000606E-03  4.412853405E+00 
        22 -1.895096339E-02 -1.895096339E-02  6.562000606E-03  4.352717759E+00 
        23 -1.631249487E-02 -1.631249674E-02  6.562000141E-03  5.564130745E+00 
        24 -1.618749648E-02 -1.618749648E-02  6.562000141E-03  5.557271489E+00 
        25 -1.606249623E-02 -1.606249623E-02  6.562000141E-03  5.653077253E+00 
        26 -1.593749598E-02 -1.593749598E-02  6.562000141E-03  5.803019828E+00 
        27 -2.121081017E-02 -2.121081017E-02  6.562000141E-03  8.419624193E-02 
        28 -2.120563947E-02 -2.120563947E-02  6.562000141E-03  2.496169606E-01 
        29 -2.119943500E-02 -2.119943500E-02  6.562000141E-03  4.425305238E-01 
        30 -2.119199000E-02 -2.119199000E-02  6.562000141E-03  6.667218088E-01 
        31 -2.118305862E-02 -2.118305862E-02  6.562000141E-03  9.258948815E-01 
        32 -2.117234282E-02 -2.117234282E-02  6.562000141E-03  1.223391784E+00 
        33 -2.115948685E-02 -2.115948685E-02  6.562000606E-03  1.561108155E+00 
        34 -2.114406601E-02 -2.114406601E-02  6.562000606E-03  1.938678955E+00 
        35 -2.112556621E-02 -2.112556621E-02  6.562000606E-03  2.353804040E+00 
        36 -2.110337466E-02 -2.110337466E-02  6.562000606E-03  2.803341239E+00 
        37 -2.106651478E-02 -2.106651478E-02  6.562000606E-03  3.398843163E+00 
        38 -2.102797665E-02 -2.102797665E-02  6.562000141E-03  3.924751719E+00 
        39 -2.100796066E-02 -2.100796066E-02  6.562000141E-03  4.034641147E+00 
        40 -2.095155232E-02 -2.095155232E-02  6.562000141E-03  4.189700189E+00 
        41 -2.089514025E-02 -2.089514025E-02  6.562000141E-03  4.490649409E+00 
        42 -2.082296833E-02 -2.082296833E-02  6.562000141E-03  4.602040938E+00 
        43 -2.075096965E-02 -2.075096965E-02  6.562000606E-03  4.757997510E+00 
        44 -2.067896910E-02 -2.067896910E-02  6.562000141E-03  4.774327920E+00 
        45 -2.060696855E-02 -2.060696855E-02  6.562000606E-03  4.868961073E+00 
        46 -2.053496987E-02 -2.053496987E-02  6.562000141E-03  4.841480686E+00 
        47 -2.046296932E-02 -2.046296932E-02  6.562000606E-03  4.871731334E+00 
        48 -2.039096877E-02 -2.039096877E-02  6.562000141E-03  4.850939107E+00 
        49 -2.031897008E-02 -2.031897008E-02  6.562000141E-03  4.838696819E+00 
        50 -2.024696954E-02 -2.024696954E-02  6.562000141E-03  4.806079874E+00 
        51 -2.017496899E-02 -2.017496899E-02  6.562000606E-03  4.712608442E+00 
        52 -2.010297030E-02 -2.010297030E-02  6.562000141E-03  4.657960656E+00 
        53 -2.003096975E-02 -2.003096975E-02  6.562000606E-03  4.493326108E+00 
        54 -1.995896921E-02 -1.995896921E-02  6.562000141E-03  4.386958740E+00 
        55 -1.988696866E-02 -1.988696866E-02  6.562000606E-03  4.145388291E+00 
        56 -1.981496997E-02 -1.981496997E-02  6.562000141E-03  4.010873561E+00 
        57 -1.974296942E-02 -1.974296942E-02  6.562000606E-03  3.867375555E+00 
        58 -1.967096888E-02 -1.967096888E-02  6.562000141E-03  3.790417462E+00 
        59 -1.959896833E-02 -1.959896833E-02  6.562000606E-03  3.770565913E+00 
        60 -1.952696964E-02 -1.952696964E-02  6.562000141E-03  3.755938799E+00 
        61 -1.945496909E-02 -1.945496909E-02  6.562000606E-03  3.816209130E+00 
        62 -1.938296854E-02 -1.938296854E-02  6.562000141E-03  3.819083296E+00 
        63 -1.931096986E-02 -1.931096986E-02  6.562000606E-03  3.920626353E+00 
        64 -1.923896931E-02 -1.923896931E-02  6.562000141E-03  3.965580263E+00 
        65 -1.916676201E-02 -1.916676201E-02  6.562000606E-03  4.064783529E+00 
        66 -1.912219636E-02 -1.912219636E-02  6.562000606E-03  4.071325781E+00 
        67 -1.904013008E-02 -1.904013008E-02  6.562000606E-03  4.204900673E+00 
        68 -1.898222044E-02 -1.898222044E-02  6.562000606E-03  4.261931412E+00 
        69 -8.562495001E-03 -8.562497795E-03  6.562000141E-03  2.813982984E+00 
        70 -8.687495254E-03 -8.687497117E-03  6.562000141E-03  2.861162358E+00 
        71 -8.812495507E-03 -8.812497370E-03  6.562000141E-03  2.885622812E+00 
        72 -8.937495761E-03 -8.937497623E-03  6.562000141E-03  2.897839123E+00 
        73 -9.062495083E-03 -9.062496945E-03  6.562000141E-03  2.919961608E+00 
        74 -9.187495336E-03 -9.187497199E-03  6.562000141E-03  2.956484283E+00 
        75 -9.312495589E-03 -9.312497452E-03  6.562000141E-03  2.986135144E+00 
        76 -9.437495843E-03 -9.437497705E-03  6.562000141E-03  3.000490106E+00 
        77 -9.562495165E-03 -9.562497027E-03  6.562000141E-03  3.019521030E+00 
        78 -9.687495418E-03 -9.687497281E-03  6.562000141E-03  3.064004006E+00 
        79 -9.812495671E-03 -9.812497534E-03  6.562000141E-03  3.141392720E+00 
        80 -9.937495925E-03 -9.937496856E-03  6.562000141E-03  3.261987915E+00 
        81 -1.006249525E-02 -1.006249711E-02  6.562000141E-03  3.386718552E+00 
        82 -1.018749550E-02 -1.018749736E-02  6.562000141E-03  3.495791523E+00 
        83 -1.031249575E-02 -1.031249762E-02  6.562000141E-03  3.589905683E+00 
        84 -1.043749601E-02 -1.043749694E-02  6.562000141E-03  3.673414874E+00 
        85 -1.056249533E-02 -1.056249719E-02  6.562000141E-03  3.744738511E+00 
        86 -1.068749558E-02 -1.068749744E-02  6.562000141E-03  3.804184934E+00 
        87 -1.081249584E-02 -1.081249677E-02  6.562000141E-03  3.858030831E+00 
        88 -1.093749516E-02 -1.093749702E-02  6.562000141E-03  3.915257126E+00 
        89 -1.106249541E-02 -1.106249727E-02  6.562000141E-03  3.979534986E+00 
        90 -1.118749566E-02 -1.118749753E-02  6.562000141E-03  4.050547394E+00 
        91 -1.131249592E-02 -1.131249685E-02  6.562000141E-03  4.121981411E+00 
        92 -1.143749524E-02 -1.143749710E-02  6.562000141E-03  4.184464802E+00 
        93 -1.156249549E-02 -1.156249736E-02  6.562000141E-03  4.234709222E+00 
        94 -1.168749575E-02 -1.168749761E-02  6.562000141E-03  4.283692560E+00 
        95 -1.181249600E-02 -1.181249693E-02  6.562000141E-03  4.343554604E+00 
        96 -1.193749532E-02 -1.193749718E-02  6.562000141E-03  4.416839083E+00 
        97 -1.206249557E-02 -1.206249744E-02  6.562000141E-03  4.501843013E+00 
        98 -1.218749583E-02 -1.218749676E-02  6.562000141E-03  4.594274798E+00 
        99 -1.231249608E-02 -1.231249701E-02  6.562000141E-03  4.687553588E+00 
       100 -1.243749540E-02 -1.243749727E-02  6.562000141E-03  4.774306576E+00 
       101 -1.256249566E-02 -1.256249752E-02  6.562000141E-03  4.849855471E+00 
       102 -1.268749591E-02 -1.268749684E-02  6.562000141E-03  4.913378973E+00 
       103 -1.281249616E-02 -1.281249709E-02  6.562000141E-03  4.966831036E+00 
       104 -1.293749548E-02 -1.293749735E-02  6.562000141E-03  5.013417310E+00 
       105 -1.306249574E-02 -1.306249667E-02  6.562000141E-03  5.055084368E+00 
       106 -1.318749599E-02 -1.318749692E-02  6.562000141E-03  5.093217367E+00 
       107 -1.331249531E-02 -1.331249718E-02  6.562000141E-03  5.128677534E+00 
       108 -1.343749557E-02 -1.343749743E-02  6.562000141E-03  5.163375390E+00 
       109 -1.356249582E-02 -1.356249675E-02  6.562000141E-03  5.199402625E+00 
       110 -1.368749607E-02 -1.368749700E-02  6.562000141E-03  5.239786208E+00 
       111 -1.381249540E-02 -1.381249726E-02  6.562000141E-03  5.288166129E+00 
       112 -1.393749565E-02 -1.393749658E-02  6.562000141E-03  5.338566868E+00 
       113 -1.406249590E-02 -1.406249683E-02  6.562000141E-03  5.383458475E+00 
       114 -1.418749616E-02 -1.418749709E-02  6.562000141E-03  5.407924759E+00 
       115 -1.431249548E-02 -1.431249734E-02  6.562000141E-03  5.410376890E+00 
       116 -1.443749573E-02 -1.443749666E-02  6.562000141E-03  5.403594520E+00 
       117 -1.456249598E-02 -1.456249692E-02  6.562000141E-03  5.398933474E+00 
       118 -1.468749624E-02 -1.468749717E-02  6.562000141E-03  5.402603743E+00 
       119 -1.481249556E-02 -1.481249649E-02  6.562000141E-03  5.423400293E+00 
       120 -1.493749581E-02 -1.493749674E-02  6.562000141E-03  5.454350995E+00 
       121 -1.506249607E-02 -1.506249700E-02  6.562000141E-03  5.488514599E+00 
       122 -1.518749632E-02 -1.518749725E-02  6.562000141E-03  5.527876956E+00 
       123 -1.531249564E-02 -1.531249657E-02  6.562000141E-03  5.572200488E+00 
       124 -1.543749589E-02 -1.543749683E-02  6.562000141E-03  5.765265547E+00 
       125 -1.556249615E-02 -1.556249708E-02  6.562000141E-03  5.956606054E+00 
       126 -1.568749547E-02 -1.568749733E-02  6.562000141E-03  5.909540274E+00 
       127 -1.581249572E-02 -1.581249572E-02  6.562000141E-03  5.850391944E+00 
       128 -2.830350772E-03 -2.830350772E-03  6.562000141E-03  1.038071035E+00 
       129 -2.835453954E-03 -2.835453954E-03  6.562000141E-03  1.022328171E+00 
       130 -2.841583686E-03 -2.841583686E-03  6.562000141E-03  1.004147464E+00 
       131 -2.848947188E-03 -2.848947188E-03  6.562000141E-03  9.832843688E-01 
       132 -2.857794985E-03 -2.857794985E-03  6.562000606E-03  9.595196572E-01 
       133 -2.868429059E-03 -2.868429059E-03  6.562000141E-03  9.327457817E-01 
       134 -2.881213790E-03 -2.881213790E-03  6.562000141E-03  9.032025166E-01 
       135 -2.896590624E-03 -2.896590624E-03  6.562000606E-03  8.717593918E-01 
       136 -2.915092744E-03 -2.915092744E-03  6.562000606E-03  8.403687794E-01 
       137 -2.937367652E-03 -2.937367652E-03  6.562000141E-03  8.119008015E-01 
       138 -2.973292721E-03 -2.973292721E-03  6.562000606E-03  7.836585600E-01 
       139 -3.061021678E-03 -3.061023075E-03  6.562000141E-03  7.411975168E-01 
       140 -3.187495051E-03 -3.187497612E-03  6.562000141E-03  6.502119572E-01 
       141 -3.312494839E-03 -3.312497633E-03  6.562000141E-03  6.366772997E-01 
       142 -3.437494859E-03 -3.437497653E-03  6.562000141E-03  7.044835420E-01 
       143 -3.562494880E-03 -3.562497674E-03  6.562000141E-03  7.457680786E-01 
       144 -3.687494900E-03 -3.687497461E-03  6.562000141E-03  7.727686261E-01 
       145 -3.812494921E-03 -3.812497482E-03  6.562000141E-03  7.715954829E-01 
       146 -3.937494941E-03 -3.937497735E-03  6.562000141E-03  7.610935043E-01 
       147 -4.062495194E-03 -4.062497523E-03  6.562000141E-03  7.631355435E-01 
       148 -4.937495105E-03 -4.937497433E-03  6.562000141E-03  8.587715136E-01 
       149 -4.812495317E-03 -4.812497646E-03  6.562000141E-03  8.307721193E-01 
       150 -4.687495064E-03 -4.687497392E-03  6.562000141E-03  8.316977843E-01 
       151 -4.562495276E-03 -4.562497605E-03  6.562000141E-03  8.239636337E-01 
       152 -4.437495023E-03 -4.437497817E-03  6.562000141E-03  7.978519779E-01 
       153 -4.312495235E-03 -4.312497564E-03  6.562000141E-03  7.882393621E-01 
       154 -4.187494982E-03 -4.187497776E-03  6.562000141E-03  7.766941141E-01 
       155 -5.062495358E-03 -5.062497687E-03  6.562000141E-03  9.269927365E-01 
       156 -5.187495146E-03 -5.187497474E-03  6.562000141E-03  9.978832033E-01 
       157 -5.312495399E-03 -5.312497728E-03  6.562000141E-03  9.957050347E-01 
       158 -5.437495187E-03 -5.437497515E-03  6.562000141E-03  1.042579998E+00 
       159 -5.562495440E-03 -5.562497769E-03  6.562000141E-03  1.207880852E+00 
       160 -5.687495228E-03 -5.687497556E-03  6.562000141E-03  1.393012435E+00 
       161 -5.812495016E-03 -5.812497344E-03  6.562000141E-03  1.518343009E+00 
       162 -5.937495269E-03 -5.937497597E-03  6.562000141E-03  1.561069580E+00 
       163 -6.062495057E-03 -6.062497385E-03  6.562000141E-03  1.488343844E+00 
       164 -6.187495310E-03 -6.187497638E-03  6.562000141E-03  1.319619384E+00 
       165 -6.312495098E-03 -6.312497426E-03  6.562000141E-03  1.223681951E+00 
       166 -6.437495351E-03 -6.437497679E-03  6.562000141E-03  1.312525508E+00 
       167 -6.562495138E-03 -6.562497467E-03  6.562000141E-03  1.539791750E+00 
       168 -6.687495392E-03 -6.687497254E-03  6.562000141E-03  1.844694068E+00 
       169 -6.812495179E-03 -6.812497508E-03  6.562000141E-03  2.120418947E+00 
       170 -6.937495433E-03 -6.937497295E-03  6.562000141E-03  2.568417867E+00 
       171 -7.062495220E-03 -7.062497549E-03  6.562000141E-03  2.896168924E+00 
       172 -7.187495474E-03 -7.187497336E-03  6.562000141E-03  2.765861446E+00 
       173 -7.312495261E-03 -7.312497590E-03  6.562000141E-03  2.682277500E+00 
       174 -7.437495515E-03 -7.437497377E-03  6.562000141E-03  2.702468181E+00 
       175 -7.562495302E-03 -7.562497631E-03  6.562000141E-03  2.744864210E+00 
       176 -7.687495556E-03 -7.687497418E-03  6.562000141E-03  2.803336886E+00 
       177 -7.812495343E-03 -7.812497206E-03  6.562000141E-03  2.864308276E+00 
       178 -7.937495597E-03 -7.937497459E-03  6.562000141E-03  2.913340239E+00 
       179 -8.062495850E-03 -8.062497713E-03  6.562000141E-03  2.910101007E+00 
       180 -8.187495172E-03 -8.187497035E-03  6.562000141E-03  2.859843745E+00 
       181 -8.312495425E-03 -8.312497288E-03  6.562000141E-03  2.806915257E+00 
       182 -8.437495679E-03 -8.437497541E-03  6.562000141E-03  2.788751021E+00 
