cellnumber     x-coordinate     y-coordinate     z-coordinate velocity-magnitude 
         1 -1.631250232E-02 -1.631249487E-02  6.562000141E-03  5.589677171E+00 
         2 -1.606250182E-02 -1.606249437E-02  6.562000141E-03  5.119364157E+00 
         3 -1.593750156E-02 -1.593749411E-02  6.562000141E-03  5.457175758E+00 
         4 -1.581250131E-02 -1.581249386E-02  6.562000141E-03  5.319551362E+00 
         5 -1.568750292E-02 -1.568749361E-02  6.562000141E-03  5.250808746E+00 
         6 -1.556250267E-02 -1.556249429E-02  6.562000141E-03  5.252421915E+00 
         7 -8.937502280E-03 -8.937494829E-03  6.562000141E-03  2.984080964E+00 
         8 -8.812502027E-03 -8.812494576E-03  6.562000141E-03  2.886788344E+00 
         9 -8.687502705E-03 -8.687494323E-03  6.562000141E-03  2.790881024E+00 
        10 -8.562502451E-03 -8.562495001E-03  6.562000141E-03  2.685264641E+00 
        11 -8.437502198E-03 -8.437494747E-03  6.562000141E-03  2.558841513E+00 
        12 -8.312501945E-03 -8.312494494E-03  6.562000141E-03  2.397546437E+00 
        13 -8.187502623E-03 -8.187495172E-03  6.562000141E-03  2.224770316E+00 
        14 -8.062502369E-03 -8.062494919E-03  6.562000141E-03  2.098195757E+00 
        15 -7.937502116E-03 -7.937494665E-03  6.562000141E-03  2.096657535E+00 
        16 -7.812501863E-03 -7.812494878E-03  6.562000141E-03  2.211791119E+00 
        17 -7.687502541E-03 -7.687494624E-03  6.562000141E-03  2.412749773E+00 
        18 -7.562502287E-03 -7.562494837E-03  6.562000141E-03  2.427195988E+00 
        19 -7.437502500E-03 -7.437494583E-03  6.562000141E-03  2.354889540E+00 
        20 -7.312502246E-03 -7.312494796E-03  6.562000141E-03  2.284707011E+00 
        21 -7.187502459E-03 -7.187495008E-03  6.562000141E-03  2.241159545E+00 
        22 -7.062502205E-03 -7.062494755E-03  6.562000141E-03  2.160400073E+00 
        23 -6.937502418E-03 -6.937494967E-03  6.562000141E-03  2.007210756E+00 
        24 -6.812502164E-03 -6.812494714E-03  6.562000141E-03  1.833944845E+00 
        25 -6.687502377E-03 -6.687494926E-03  6.562000141E-03  1.695058835E+00 
        26 -9.062502533E-03 -9.062495083E-03  6.562000141E-03  3.070587269E+00 
        27 -9.187502787E-03 -9.187494405E-03  6.562000141E-03  3.134705226E+00 
        28 -9.312502109E-03 -9.312494658E-03  6.562000141E-03  3.191532217E+00 
        29 -9.437502362E-03 -9.437494911E-03  6.562000141E-03  3.255944905E+00 
        30 -9.562502615E-03 -9.562495165E-03  6.562000141E-03  3.315789479E+00 
        31 -9.687501937E-03 -9.687494487E-03  6.562000141E-03  3.362041605E+00 
        32 -9.812502190E-03 -9.812494740E-03  6.562000141E-03  3.397089912E+00 
        33 -9.937502444E-03 -9.937494993E-03  6.562000141E-03  3.431055441E+00 
        34 -1.006250270E-02 -1.006249432E-02  6.562000141E-03  3.468377988E+00 
        35 -1.018750202E-02 -1.018749457E-02  6.562000141E-03  3.511945937E+00 
        36 -1.031250227E-02 -1.031249482E-02  6.562000141E-03  3.555511908E+00 
        37 -1.043750253E-02 -1.043749508E-02  6.562000141E-03  3.583590101E+00 
        38 -1.056250278E-02 -1.056249440E-02  6.562000141E-03  3.607410585E+00 
        39 -1.068750210E-02 -1.068749465E-02  6.562000141E-03  3.641637411E+00 
        40 -1.081250235E-02 -1.081249490E-02  6.562000141E-03  3.684995282E+00 
        41 -1.093750261E-02 -1.093749516E-02  6.562000141E-03  3.732385510E+00 
        42 -1.106250193E-02 -1.106249448E-02  6.562000141E-03  3.778314813E+00 
        43 -1.118750218E-02 -1.118749473E-02  6.562000141E-03  3.824504727E+00 
        44 -1.131250244E-02 -1.131249499E-02  6.562000141E-03  3.887863646E+00 
        45 -1.143750269E-02 -1.143749431E-02  6.562000141E-03  3.936631117E+00 
        46 -1.156250201E-02 -1.156249456E-02  6.562000141E-03  3.912219934E+00 
        47 -1.168750226E-02 -1.168749481E-02  6.562000141E-03  3.943910360E+00 
        48 -1.181250252E-02 -1.181249507E-02  6.562000141E-03  4.104724331E+00 
        49 -1.193750277E-02 -1.193749439E-02  6.562000141E-03  4.212630013E+00 
        50 -1.206250209E-02 -1.206249464E-02  6.562000141E-03  4.264390808E+00 
        51 -1.218750235E-02 -1.218749490E-02  6.562000141E-03  4.335213859E+00 
        52 -1.231250260E-02 -1.231249515E-02  6.562000141E-03  4.408644634E+00 
        53 -1.243750192E-02 -1.243749447E-02  6.562000141E-03  4.458577448E+00 
        54 -1.256250218E-02 -1.256249472E-02  6.562000141E-03  4.506025339E+00 
        55 -1.268750243E-02 -1.268749498E-02  6.562000141E-03  4.556715417E+00 
        56 -1.281250268E-02 -1.281249430E-02  6.562000141E-03  4.609388579E+00 
        57 -1.293750200E-02 -1.293749455E-02  6.562000141E-03  4.644091592E+00 
        58 -1.306250226E-02 -1.306249481E-02  6.562000141E-03  4.655104470E+00 
        59 -1.318750251E-02 -1.318749506E-02  6.562000141E-03  4.706922206E+00 
        60 -1.331250276E-02 -1.331249438E-02  6.562000141E-03  4.770698340E+00 
        61 -1.343750209E-02 -1.343749464E-02  6.562000141E-03  4.792022202E+00 
        62 -1.356250234E-02 -1.356249489E-02  6.562000141E-03  4.790096463E+00 
        63 -1.368750259E-02 -1.368749514E-02  6.562000141E-03  4.770830867E+00 
        64 -1.381250285E-02 -1.381249446E-02  6.562000141E-03  4.743041286E+00 
        65 -1.393750217E-02 -1.393749472E-02  6.562000141E-03  4.735991838E+00 
        66 -1.406250242E-02 -1.406249497E-02  6.562000141E-03  4.786549457E+00 
        67 -1.418750267E-02 -1.418749429E-02  6.562000141E-03  4.852179582E+00 
        68 -1.431250200E-02 -1.431249455E-02  6.562000141E-03  4.822410680E+00 
        69 -1.443750225E-02 -1.443749480E-02  6.562000141E-03  4.828393916E+00 
        70 -1.456250250E-02 -1.456249505E-02  6.562000141E-03  5.014614090E+00 
        71 -1.468750276E-02 -1.468749437E-02  6.562000141E-03  5.266941042E+00 
        72 -1.481250208E-02 -1.481249463E-02  6.562000141E-03  5.427426324E+00 
        73 -1.493750233E-02 -1.493749488E-02  6.562000141E-03  5.461821845E+00 
        74 -1.506250259E-02 -1.506249513E-02  6.562000141E-03  5.389578846E+00 
        75 -1.518750284E-02 -1.518749446E-02  6.562000141E-03  5.281276906E+00 
        76 -1.531250216E-02 -1.531249471E-02  6.562000141E-03  5.192679375E+00 
        77 -1.543750241E-02 -1.543749496E-02  6.562000141E-03  5.234265155E+00 
        78 -1.743750274E-02 -1.743749529E-02  6.562000141E-03  5.136155378E+00 
        79 -1.731250249E-02 -1.731249504E-02  6.562000141E-03  4.889651269E+00 
        80 -1.718750224E-02 -1.718749478E-02  6.562000141E-03  5.114165851E+00 
        81 -1.706250198E-02 -1.706249453E-02  6.562000141E-03  5.158833931E+00 
        82 -1.693750173E-02 -1.693749428E-02  6.562000141E-03  5.021207832E+00 
        83 -1.681250148E-02 -1.681249402E-02  6.562000141E-03  5.643877568E+00 
        84 -1.668750308E-02 -1.668749377E-02  6.562000141E-03  6.028700037E+00 
        85 -1.656250283E-02 -1.656249538E-02  6.562000141E-03  5.882351861E+00 
        86 -1.643750258E-02 -1.643749513E-02  6.562000141E-03  5.921418980E+00 
        87 -1.618750207E-02 -1.618749462E-02  6.562000141E-03  5.274809547E+00 
        88 -1.868750155E-02 -1.868749410E-02  6.562000141E-03  4.073796530E+00 
        89 -1.856250130E-02 -1.856249385E-02  6.562000141E-03  4.235437304E+00 
        90 -1.843750291E-02 -1.843749359E-02  6.562000141E-03  4.365259200E+00 
        91 -1.831250265E-02 -1.831249520E-02  6.562000141E-03  4.451041151E+00 
        92 -1.818750240E-02 -1.818749495E-02  6.562000141E-03  4.521338012E+00 
        93 -1.806250215E-02 -1.806249470E-02  6.562000141E-03  4.510341521E+00 
        94 -1.793750189E-02 -1.793749444E-02  6.562000141E-03  4.617074685E+00 
        95 -1.898222044E-02 -1.898222044E-02  6.562000606E-03  3.749996296E+00 
        96 -1.895638928E-02 -1.895638928E-02  6.562000141E-03  3.833066992E+00 
        97 -1.889957115E-02 -1.889957115E-02  6.562000141E-03  3.844796518E+00 
        98 -1.880222373E-02 -1.880222000E-02  6.562000141E-03  3.940673920E+00 
        99 -1.781250164E-02 -1.781249419E-02  6.562000141E-03  5.121785272E+00 
       100 -1.768750139E-02 -1.768749394E-02  6.562000141E-03  5.687068603E+00 
       101 -1.756250300E-02 -1.756249368E-02  6.562000141E-03  5.695574372E+00 
       102 -1.904013008E-02 -1.904013008E-02  6.562000606E-03  3.752154403E+00 
       103 -1.912219450E-02 -1.912219450E-02  6.562000606E-03  3.719675144E+00 
       104 -1.916676201E-02 -1.916676201E-02  6.562000141E-03  3.703873078E+00 
       105 -1.923896931E-02 -1.923896931E-02  6.562000141E-03  3.702521210E+00 
       106 -1.931096986E-02 -1.931096986E-02  6.562000141E-03  3.642475130E+00 
       107 -1.938296854E-02 -1.938296854E-02  6.562000141E-03  3.595655560E+00 
       108 -1.945496909E-02 -1.945496909E-02  6.562000606E-03  3.491163866E+00 
       109 -1.952696964E-02 -1.952696964E-02  6.562000141E-03  3.399935309E+00 
       110 -1.959896833E-02 -1.959896833E-02  6.562000141E-03  3.322410913E+00 
       111 -1.967096888E-02 -1.967096888E-02  6.562000141E-03  3.248345466E+00 
       112 -1.974296942E-02 -1.974296942E-02  6.562000606E-03  3.242485329E+00 
       113 -1.981496997E-02 -1.981496997E-02  6.562000141E-03  3.243245653E+00 
       114 -1.988696866E-02 -1.988696866E-02  6.562000606E-03  3.365755710E+00 
       115 -1.995896921E-02 -1.995896921E-02  6.562000141E-03  3.480698677E+00 
       116 -2.003096975E-02 -2.003096975E-02  6.562000606E-03  3.673590389E+00 
       117 -2.010297030E-02 -2.010297030E-02  6.562000141E-03  3.790525363E+00 
       118 -2.017496899E-02 -2.017496899E-02  6.562000606E-03  4.016563713E+00 
       119 -2.024696954E-02 -2.024696954E-02  6.562000141E-03  4.091703675E+00 
       120 -2.031897008E-02 -2.031897008E-02  6.562000141E-03  4.304742022E+00 
       121 -2.039096877E-02 -2.039096877E-02  6.562000141E-03  4.359634140E+00 
       122 -2.046296932E-02 -2.046296932E-02  6.562000141E-03  4.485101223E+00 
       123 -2.053496987E-02 -2.053496987E-02  6.562000141E-03  4.553753693E+00 
       124 -2.060697041E-02 -2.060697041E-02  6.562000606E-03  4.601549988E+00 
       125 -2.067896910E-02 -2.067896910E-02  6.562000141E-03  4.623601252E+00 
       126 -2.075096965E-02 -2.075096965E-02  6.562000606E-03  4.679053487E+00 
       127 -2.082296833E-02 -2.082296833E-02  6.562000141E-03  4.719044959E+00 
       128 -2.089514025E-02 -2.089514025E-02  6.562000141E-03  4.716507533E+00 
       129 -2.095155232E-02 -2.095155232E-02  6.562000141E-03  4.607614657E+00 
       130 -2.100796066E-02 -2.100796066E-02  6.562000141E-03  4.425690227E+00 
       131 -2.102797665E-02 -2.102797665E-02  6.562000141E-03  4.569061766E+00 
       132 -2.106651478E-02 -2.106651478E-02  6.562000606E-03  4.278519638E+00 
       133 -2.110337466E-02 -2.110337466E-02  6.562000606E-03  4.171253945E+00 
       134 -2.112556435E-02 -2.112556435E-02  6.562000141E-03  3.994593018E+00 
       135 -2.114406601E-02 -2.114406601E-02  6.562000141E-03  3.570995927E+00 
       136 -2.115948685E-02 -2.115948685E-02  6.562000606E-03  2.946315402E+00 
       137 -2.117234282E-02 -2.117234282E-02  6.562000606E-03  2.289263542E+00 
       138 -2.118305862E-02 -2.118305862E-02  6.562000141E-03  1.696823065E+00 
       139 -2.119199000E-02 -2.119199000E-02  6.562000141E-03  1.193028269E+00 
       140 -2.119943500E-02 -2.119943500E-02  6.562000141E-03  7.733530116E-01 
       141 -2.120563947E-02 -2.120563947E-02  6.562000141E-03  4.258621856E-01 
       142 -2.121081017E-02 -2.121081017E-02  6.562000141E-03  1.394459618E-01 
       143 -2.830386627E-03 -2.830386627E-03  6.562000141E-03  1.033549569E+00 
       144 -2.835483057E-03 -2.835483057E-03  6.562000606E-03  1.009320032E+00 
       145 -2.841603942E-03 -2.841603942E-03  6.562000606E-03  9.815500995E-01 
       146 -2.848957200E-03 -2.848957200E-03  6.562000606E-03  9.500136966E-01 
       147 -2.857792191E-03 -2.857792191E-03  6.562000606E-03  9.145983554E-01 
       148 -2.868410433E-03 -2.868410433E-03  6.562000141E-03  8.754881301E-01 
       149 -2.881176071E-03 -2.881176071E-03  6.562000606E-03  8.334038783E-01 
       150 -2.896528924E-03 -2.896528924E-03  6.562000141E-03  7.899173573E-01 
       151 -2.915001474E-03 -2.915001474E-03  6.562000141E-03  7.481118321E-01 
       152 -2.937239595E-03 -2.937239595E-03  6.562000141E-03  7.122294075E-01 
       153 -2.974424278E-03 -2.974424278E-03  6.562000141E-03  6.849191959E-01 
       154 -3.062231001E-03 -3.062227275E-03  6.562000141E-03  7.223435453E-01 
       155 -3.187502269E-03 -3.187494585E-03  6.562000141E-03  8.991469009E-01 
       156 -3.312502289E-03 -3.312494606E-03  6.562000141E-03  1.061739966E+00 
       157 -3.437502077E-03 -3.437494626E-03  6.562000141E-03  1.126763430E+00 
       158 -3.562502097E-03 -3.562494647E-03  6.562000141E-03  1.087389341E+00 
       159 -3.687502118E-03 -3.687494667E-03  6.562000141E-03  1.046596121E+00 
       160 -3.812502138E-03 -3.812494688E-03  6.562000141E-03  1.043596097E+00 
       161 -3.937502392E-03 -3.937494475E-03  6.562000141E-03  1.064230743E+00 
       162 -4.062502179E-03 -4.062494729E-03  6.562000141E-03  1.073887073E+00 
       163 -4.187502433E-03 -4.187494982E-03  6.562000141E-03  1.041883007E+00 
       164 -4.312502220E-03 -4.312494770E-03  6.562000141E-03  9.776440370E-01 
       165 -4.437502474E-03 -4.437495023E-03  6.562000141E-03  9.071937292E-01 
       166 -4.562502261E-03 -4.562494811E-03  6.562000141E-03  8.469382502E-01 
       167 -4.687502515E-03 -4.687494598E-03  6.562000141E-03  8.001641473E-01 
       168 -4.812502302E-03 -4.812494852E-03  6.562000141E-03  7.719703874E-01 
       169 -4.937502090E-03 -4.937494639E-03  6.562000141E-03  7.662832840E-01 
       170 -5.062502343E-03 -5.062494893E-03  6.562000141E-03  8.017563326E-01 
       171 -5.187502131E-03 -5.187494680E-03  6.562000141E-03  8.612771016E-01 
       172 -5.312502384E-03 -5.312494934E-03  6.562000141E-03  8.820092673E-01 
       173 -5.437502172E-03 -5.437494721E-03  6.562000141E-03  9.099971109E-01 
       174 -5.562502425E-03 -5.562494975E-03  6.562000141E-03  1.004857862E+00 
       175 -5.687502213E-03 -5.687494762E-03  6.562000141E-03  1.000845857E+00 
       176 -5.812502466E-03 -5.812495016E-03  6.562000141E-03  1.117734637E+00 
       177 -5.937502254E-03 -5.937494803E-03  6.562000141E-03  1.163285828E+00 
       178 -6.062502507E-03 -6.062494591E-03  6.562000141E-03  1.303244627E+00 
       179 -6.187502295E-03 -6.187494844E-03  6.562000141E-03  1.557716498E+00 
       180 -6.312502548E-03 -6.312494632E-03  6.562000141E-03  1.680155995E+00 
       181 -6.437502336E-03 -6.437494885E-03  6.562000141E-03  1.652922084E+00 
       182 -6.562502123E-03 -6.562494673E-03  6.562000141E-03  1.630112574E+00 
