cellnumber     x-coordinate     y-coordinate     z-coordinate velocity-magnitude 
         1 -1.081250608E-02 -1.081250142E-02  6.562000141E-03  3.929491725E+00 
         2 -1.068750583E-02 -1.068750117E-02  6.562000141E-03  3.893041587E+00 
         3 -1.056250650E-02 -1.056250185E-02  6.562000141E-03  3.755339719E+00 
         4 -1.043750625E-02 -1.043750159E-02  6.562000141E-03  3.589349598E+00 
         5 -1.031250600E-02 -1.031250134E-02  6.562000141E-03  3.527665129E+00 
         6 -1.018750574E-02 -1.018750202E-02  6.562000141E-03  3.471778468E+00 
         7 -1.006250642E-02 -1.006250177E-02  6.562000141E-03  3.423610737E+00 
         8 -9.937506169E-03 -9.937501512E-03  6.562000141E-03  3.386469074E+00 
         9 -9.812505916E-03 -9.812501259E-03  6.562000141E-03  3.362264316E+00 
        10 -9.687505662E-03 -9.687501937E-03  6.562000141E-03  3.343079560E+00 
        11 -9.562506340E-03 -9.562501684E-03  6.562000141E-03  3.323287429E+00 
        12 -9.437506087E-03 -9.437501431E-03  6.562000141E-03  3.294087604E+00 
        13 -9.312505834E-03 -9.312502109E-03  6.562000141E-03  3.250914229E+00 
        14 -9.187505580E-03 -9.187501855E-03  6.562000141E-03  3.197646171E+00 
        15 -9.062506258E-03 -9.062501602E-03  6.562000141E-03  3.120098332E+00 
        16 -8.937506005E-03 -8.937501349E-03  6.562000141E-03  3.056315256E+00 
        17 -8.812505752E-03 -8.812502027E-03  6.562000141E-03  3.024334077E+00 
        18 -8.687506430E-03 -8.687501773E-03  6.562000141E-03  3.034578355E+00 
        19 -8.562506177E-03 -8.562501520E-03  6.562000141E-03  3.007646052E+00 
        20 -8.437505923E-03 -8.437502198E-03  6.562000141E-03  2.996815098E+00 
        21 -8.312505670E-03 -8.312501945E-03  6.562000141E-03  3.038338181E+00 
        22 -8.187506348E-03 -8.187501691E-03  6.562000141E-03  3.061460019E+00 
        23 -8.062506095E-03 -8.062501438E-03  6.562000141E-03  3.028455483E+00 
        24 -7.937505841E-03 -7.937502116E-03  6.562000141E-03  2.940065567E+00 
        25 -7.812505588E-03 -7.812501863E-03  6.562000141E-03  2.849875107E+00 
        26 -7.687505800E-03 -7.687501609E-03  6.562000141E-03  2.741500423E+00 
        27 -7.562506013E-03 -7.562501822E-03  6.562000141E-03  2.633851575E+00 
        28 -7.437505759E-03 -7.437501568E-03  6.562000141E-03  2.555431674E+00 
        29 -7.312505972E-03 -7.312501781E-03  6.562000141E-03  2.532297722E+00 
        30 -7.187505718E-03 -7.187501993E-03  6.562000141E-03  2.543574684E+00 
        31 -7.062505931E-03 -7.062501740E-03  6.562000141E-03  2.566440043E+00 
        32 -6.937505677E-03 -6.937501952E-03  6.562000141E-03  2.583584404E+00 
        33 -6.812505890E-03 -6.812501699E-03  6.562000141E-03  2.575453041E+00 
        34 -6.687505636E-03 -6.687501911E-03  6.562000141E-03  2.512849330E+00 
        35 -6.562505849E-03 -6.562501658E-03  6.562000141E-03  2.297888061E+00 
        36 -6.437505595E-03 -6.437501870E-03  6.562000141E-03  2.317999383E+00 
        37 -6.312505808E-03 -6.312501617E-03  6.562000141E-03  2.429587307E+00 
        38 -6.187506020E-03 -6.187501829E-03  6.562000141E-03  2.356667573E+00 
        39 -6.062505767E-03 -6.062502041E-03  6.562000141E-03  2.025428372E+00 
        40 -5.937505979E-03 -5.937501788E-03  6.562000141E-03  1.730868873E+00 
        41 -5.812505726E-03 -5.812502000E-03  6.562000141E-03  1.389009030E+00 
        42 -5.687505938E-03 -5.687501747E-03  6.562000141E-03  8.709121394E-01 
        43 -5.562505685E-03 -5.562501960E-03  6.562000141E-03  5.719752874E-01 
        44 -1.656250656E-02 -1.656250097E-02  6.562000141E-03  5.426968187E+00 
        45 -1.643750630E-02 -1.643750072E-02  6.562000141E-03  5.317978536E+00 
        46 -1.631250605E-02 -1.631250046E-02  6.562000141E-03  5.188180314E+00 
        47 -1.618750580E-02 -1.618750021E-02  6.562000141E-03  5.130212767E+00 
        48 -1.606250554E-02 -1.606250182E-02  6.562000141E-03  5.221678862E+00 
        49 -1.593750529E-02 -1.593750156E-02  6.562000141E-03  5.364104584E+00 
        50 -1.581250690E-02 -1.581250131E-02  6.562000141E-03  5.689495609E+00 
        51 -1.568750665E-02 -1.568750106E-02  6.562000141E-03  6.009137371E+00 
        52 -1.556250639E-02 -1.556250080E-02  6.562000141E-03  6.001703622E+00 
        53 -1.543750614E-02 -1.543750148E-02  6.562000141E-03  5.822980995E+00 
        54 -1.531250682E-02 -1.531250123E-02  6.562000141E-03  5.718439727E+00 
        55 -1.518750656E-02 -1.518750098E-02  6.562000141E-03  5.658284293E+00 
        56 -1.506250631E-02 -1.506250165E-02  6.562000141E-03  5.654589675E+00 
        57 -1.493750606E-02 -1.493750140E-02  6.562000141E-03  5.640593249E+00 
        58 -1.481250674E-02 -1.481250115E-02  6.562000141E-03  5.618504417E+00 
        59 -1.468750648E-02 -1.468750089E-02  6.562000141E-03  5.594668196E+00 
        60 -1.456250623E-02 -1.456250157E-02  6.562000141E-03  5.570692065E+00 
        61 -1.443750598E-02 -1.443750132E-02  6.562000141E-03  5.544991742E+00 
        62 -1.431250665E-02 -1.431250107E-02  6.562000141E-03  5.514914936E+00 
        63 -1.418750640E-02 -1.418750174E-02  6.562000141E-03  5.471177358E+00 
        64 -1.406250615E-02 -1.406250149E-02  6.562000141E-03  5.415975611E+00 
        65 -1.393750589E-02 -1.393750124E-02  6.562000141E-03  5.348558761E+00 
        66 -1.381250657E-02 -1.381250098E-02  6.562000141E-03  5.276605928E+00 
        67 -1.368750632E-02 -1.368750166E-02  6.562000141E-03  5.204810505E+00 
        68 -1.356250606E-02 -1.356250141E-02  6.562000141E-03  5.143186712E+00 
        69 -1.343750674E-02 -1.343750115E-02  6.562000141E-03  5.088634819E+00 
        70 -1.331250649E-02 -1.331250183E-02  6.562000141E-03  5.033155648E+00 
        71 -1.318750624E-02 -1.318750158E-02  6.562000141E-03  4.973072270E+00 
        72 -1.306250598E-02 -1.306250133E-02  6.562000141E-03  4.905370380E+00 
        73 -1.293750666E-02 -1.293750107E-02  6.562000141E-03  4.828873336E+00 
        74 -1.281250641E-02 -1.281250175E-02  6.562000141E-03  4.749034399E+00 
        75 -1.268750615E-02 -1.268750150E-02  6.562000141E-03  4.679059964E+00 
        76 -1.256250590E-02 -1.256250124E-02  6.562000141E-03  4.624638856E+00 
        77 -1.243750658E-02 -1.243750192E-02  6.562000141E-03  4.580236600E+00 
        78 -1.231250633E-02 -1.231250167E-02  6.562000141E-03  4.541164224E+00 
        79 -1.218750607E-02 -1.218750142E-02  6.562000141E-03  4.503974251E+00 
        80 -1.206250582E-02 -1.206250116E-02  6.562000141E-03  4.466741460E+00 
        81 -1.193750650E-02 -1.193750184E-02  6.562000141E-03  4.427849971E+00 
        82 -1.181250624E-02 -1.181250159E-02  6.562000141E-03  4.385375220E+00 
        83 -1.168750599E-02 -1.168750133E-02  6.562000141E-03  4.336947916E+00 
        84 -1.156250574E-02 -1.156250108E-02  6.562000141E-03  4.279661762E+00 
        85 -1.143750641E-02 -1.143750176E-02  6.562000141E-03  4.212710189E+00 
        86 -1.131250616E-02 -1.131250151E-02  6.562000141E-03  4.139349818E+00 
        87 -1.118750591E-02 -1.118750125E-02  6.562000141E-03  4.067662955E+00 
        88 -1.106250659E-02 -1.106250193E-02  6.562000141E-03  4.006700508E+00 
        89 -1.093750633E-02 -1.093750168E-02  6.562000141E-03  3.961053286E+00 
        90 -5.437505897E-03 -5.437501706E-03  6.562000141E-03  6.531251867E-01 
        91 -5.312505644E-03 -5.312501919E-03  6.562000141E-03  6.223581306E-01 
        92 -5.187505856E-03 -5.187502131E-03  6.562000141E-03  6.166519480E-01 
        93 -5.062505603E-03 -5.062501878E-03  6.562000141E-03  5.923740962E-01 
        94 -4.937505815E-03 -4.937502090E-03  6.562000141E-03  5.322912661E-01 
        95 -4.812505562E-03 -4.812501837E-03  6.562000141E-03  4.788098499E-01 
        96 -4.687505774E-03 -4.687502049E-03  6.562000141E-03  4.611580286E-01 
        97 -4.562505521E-03 -4.562501796E-03  6.562000141E-03  4.947019135E-01 
        98 -4.437505733E-03 -4.437502008E-03  6.562000141E-03  5.013576402E-01 
        99 -4.312505480E-03 -4.312501755E-03  6.562000141E-03  5.127444120E-01 
       100 -4.187505692E-03 -4.187501967E-03  6.562000141E-03  5.489733073E-01 
       101 -4.062505439E-03 -4.062502179E-03  6.562000141E-03  5.626910786E-01 
       102 -3.937505651E-03 -3.937501926E-03  6.562000141E-03  5.288496777E-01 
       103 -3.812505631E-03 -3.812501905E-03  6.562000141E-03  4.825033266E-01 
       104 -3.687505610E-03 -3.687501885E-03  6.562000141E-03  4.562952929E-01 
       105 -3.562505590E-03 -3.562501865E-03  6.562000141E-03  5.086646612E-01 
       106 -3.437505569E-03 -3.437501844E-03  6.562000141E-03  5.593943383E-01 
       107 -3.312505549E-03 -3.312501824E-03  6.562000141E-03  5.254542181E-01 
       108 -3.195534227E-03 -3.195532598E-03  6.562000606E-03  4.544747048E-01 
       109 -3.099788679E-03 -3.099788679E-03  6.562000606E-03  4.567604353E-01 
       110 -3.022594145E-03 -3.022594145E-03  6.562000141E-03  5.753832707E-01 
       111 -2.967901761E-03 -2.967901761E-03  6.562000606E-03  6.735127203E-01 
       112 -2.937011421E-03 -2.937011421E-03  6.562000606E-03  7.723866717E-01 
       113 -2.914825687E-03 -2.914825687E-03  6.562000606E-03  8.287665447E-01 
       114 -2.896386897E-03 -2.896386897E-03  6.562000606E-03  8.712557605E-01 
       115 -2.881055698E-03 -2.881055698E-03  6.562000606E-03  9.056237762E-01 
       116 -2.868303098E-03 -2.868303098E-03  6.562000606E-03  9.339108260E-01 
       117 -2.857688349E-03 -2.857688349E-03  6.562000606E-03  9.586437191E-01 
       118 -2.848849166E-03 -2.848849166E-03  6.562000606E-03  9.809092737E-01 
       119 -2.841493115E-03 -2.841493115E-03  6.562000606E-03  1.001288377E+00 
       120 -2.835373627E-03 -2.835373627E-03  6.562000141E-03  1.019959134E+00 
       121 -2.830280224E-03 -2.830280224E-03  6.562000606E-03  1.036957553E+00 
       122 -1.668750681E-02 -1.668750122E-02  6.562000141E-03  5.475911129E+00 
       123 -1.681250706E-02 -1.681250148E-02  6.562000141E-03  5.470660814E+00 
       124 -1.693750545E-02 -1.693750173E-02  6.562000141E-03  5.538238756E+00 
       125 -1.706250571E-02 -1.706250012E-02  6.562000141E-03  5.540824500E+00 
       126 -1.718750596E-02 -1.718750037E-02  6.562000141E-03  5.525116023E+00 
       127 -1.731250621E-02 -1.731250063E-02  6.562000141E-03  5.573952961E+00 
       128 -1.743750647E-02 -1.743750088E-02  6.562000141E-03  5.588288277E+00 
       129 -1.756250672E-02 -1.756250113E-02  6.562000141E-03  5.588592732E+00 
       130 -1.768750697E-02 -1.768750139E-02  6.562000141E-03  5.720453663E+00 
       131 -1.781250723E-02 -1.781250164E-02  6.562000141E-03  5.825722628E+00 
       132 -1.793750562E-02 -1.793750003E-02  6.562000141E-03  5.629269997E+00 
       133 -1.806250587E-02 -1.806250028E-02  6.562000141E-03  5.311267962E+00 
       134 -1.818750612E-02 -1.818750054E-02  6.562000141E-03  5.183216073E+00 
       135 -1.831250638E-02 -1.831250079E-02  6.562000141E-03  5.222655733E+00 
       136 -1.843750663E-02 -1.843750104E-02  6.562000141E-03  5.315002643E+00 
       137 -1.856250688E-02 -1.856250130E-02  6.562000141E-03  5.198468922E+00 
       138 -1.868750714E-02 -1.868750155E-02  6.562000141E-03  5.072352020E+00 
       139 -1.880351454E-02 -1.880351081E-02  6.562000141E-03  4.895785734E+00 
       140 -1.890108548E-02 -1.890108548E-02  6.561999675E-03  4.873681950E+00 
       141 -1.895662397E-02 -1.895662397E-02  6.561999675E-03  4.852723572E+00 
       142 -2.121081017E-02 -2.121081017E-02  6.562000141E-03  1.335554844E-01 
       143 -2.120563947E-02 -2.120563947E-02  6.562000141E-03  4.006852932E-01 
       144 -2.119943500E-02 -2.119943500E-02  6.562000141E-03  7.187205837E-01 
       145 -2.119199000E-02 -2.119199000E-02  6.562000141E-03  1.096986242E+00 
       146 -2.118305862E-02 -2.118305862E-02  6.562000141E-03  1.542451596E+00 
       147 -2.117234282E-02 -2.117234282E-02  6.562000141E-03  2.050803910E+00 
       148 -2.115948685E-02 -2.115948685E-02  6.562000606E-03  2.596308475E+00 
       149 -2.114406601E-02 -2.114406601E-02  6.562000606E-03  3.132195051E+00 
       150 -2.112556621E-02 -2.112556621E-02  6.562000606E-03  3.594724785E+00 
       151 -2.110337466E-02 -2.110337466E-02  6.562000606E-03  3.950544100E+00 
       152 -2.106651478E-02 -2.106651478E-02  6.562000606E-03  4.267753043E+00 
       153 -2.102797665E-02 -2.102797665E-02  6.562000141E-03  4.551365276E+00 
       154 -2.100796066E-02 -2.100796066E-02  6.562000141E-03  4.534747524E+00 
       155 -2.095155232E-02 -2.095155232E-02  6.562000141E-03  4.653799903E+00 
       156 -2.089514025E-02 -2.089514025E-02  6.562000141E-03  4.745794276E+00 
       157 -2.082296833E-02 -2.082296833E-02  6.562000141E-03  4.826966516E+00 
       158 -2.075096965E-02 -2.075096965E-02  6.562000606E-03  4.831011225E+00 
       159 -2.067896910E-02 -2.067896910E-02  6.562000141E-03  4.791190538E+00 
       160 -2.060696855E-02 -2.060696855E-02  6.562000606E-03  4.764456026E+00 
       161 -2.053496987E-02 -2.053496987E-02  6.562000141E-03  4.718064429E+00 
       162 -2.046296932E-02 -2.046296932E-02  6.562000606E-03  4.809803885E+00 
       163 -2.039096877E-02 -2.039096877E-02  6.562000141E-03  4.837800273E+00 
       164 -2.031897008E-02 -2.031897008E-02  6.562000141E-03  4.901945734E+00 
       165 -2.024696954E-02 -2.024696954E-02  6.562000141E-03  4.909694784E+00 
       166 -2.017496899E-02 -2.017496899E-02  6.562000606E-03  4.844250694E+00 
       167 -2.010297030E-02 -2.010297030E-02  6.562000141E-03  4.806640123E+00 
       168 -2.003096975E-02 -2.003096975E-02  6.562000606E-03  4.786109283E+00 
       169 -1.995896921E-02 -1.995896921E-02  6.562000141E-03  4.654827318E+00 
       170 -1.988696866E-02 -1.988696866E-02  6.562000606E-03  4.730695567E+00 
       171 -1.981496997E-02 -1.981496997E-02  6.562000141E-03  4.605949475E+00 
       172 -1.974296942E-02 -1.974296942E-02  6.562000606E-03  4.728649214E+00 
       173 -1.967096888E-02 -1.967096888E-02  6.562000141E-03  4.588592456E+00 
       174 -1.959896833E-02 -1.959896833E-02  6.562000606E-03  4.624370589E+00 
       175 -1.952696964E-02 -1.952696964E-02  6.562000141E-03  4.524504692E+00 
       176 -1.945496909E-02 -1.945496909E-02  6.562000606E-03  4.592736517E+00 
       177 -1.938296854E-02 -1.938296854E-02  6.562000141E-03  4.602189062E+00 
       178 -1.931096986E-02 -1.931096986E-02  6.562000606E-03  4.649817067E+00 
       179 -1.923896931E-02 -1.923896931E-02  6.562000141E-03  4.656265659E+00 
       180 -1.916676201E-02 -1.916676201E-02  6.562000606E-03  4.783384920E+00 
       181 -1.912219636E-02 -1.912219636E-02  6.562000606E-03  4.835642160E+00 
       182 -1.904013008E-02 -1.904013008E-02  6.562000606E-03  4.927664392E+00 
       183 -1.898222044E-02 -1.898222044E-02  6.562000606E-03  4.972551801E+00 
