cellnumber     x-coordinate     y-coordinate     z-coordinate velocity-magnitude 
         1 -6.812505424E-03 -6.812502164E-03  6.562000141E-03  2.016414252E+00 
         2 -6.687505636E-03 -6.687502377E-03  6.562000141E-03  1.896071410E+00 
         3 -6.562505383E-03 -6.562502123E-03  6.562000141E-03  1.830342904E+00 
         4 -6.437505595E-03 -6.437502336E-03  6.562000141E-03  1.723819023E+00 
         5 -6.312505342E-03 -6.312502082E-03  6.562000141E-03  1.493740529E+00 
         6 -6.187505554E-03 -6.187502295E-03  6.562000141E-03  1.387943386E+00 
         7 -6.062505301E-03 -6.062502041E-03  6.562000141E-03  1.345957009E+00 
         8 -5.937505513E-03 -5.937502254E-03  6.562000141E-03  1.372224356E+00 
         9 -5.812505260E-03 -5.812502000E-03  6.562000141E-03  1.446505498E+00 
        10 -5.687505472E-03 -5.687502213E-03  6.562000141E-03  1.408942634E+00 
        11 -5.562505219E-03 -5.562502425E-03  6.562000141E-03  1.331871340E+00 
        12 -8.437505923E-03 -8.437502198E-03  6.562000141E-03  2.920308442E+00 
        13 -8.312505670E-03 -8.312501945E-03  6.562000141E-03  2.909953667E+00 
        14 -8.187505417E-03 -8.187502623E-03  6.562000141E-03  2.892593403E+00 
        15 -8.062505163E-03 -8.062502369E-03  6.562000141E-03  2.808444403E+00 
        16 -7.937505841E-03 -7.937502116E-03  6.562000141E-03  2.722870602E+00 
        17 -7.812505588E-03 -7.812501863E-03  6.562000141E-03  2.700632098E+00 
        18 -7.687505335E-03 -7.687502075E-03  6.562000141E-03  2.726610053E+00 
        19 -7.562505547E-03 -7.562502287E-03  6.562000141E-03  2.735331824E+00 
        20 -7.437505294E-03 -7.437502034E-03  6.562000141E-03  2.697988819E+00 
        21 -7.312505506E-03 -7.312502246E-03  6.562000141E-03  2.656099461E+00 
        22 -7.187505253E-03 -7.187501993E-03  6.562000141E-03  2.621957031E+00 
        23 -7.062505465E-03 -7.062502205E-03  6.562000141E-03  2.533167547E+00 
        24 -6.937505677E-03 -6.937502418E-03  6.562000141E-03  2.345183329E+00 
        25 -1.406250522E-02 -1.406250242E-02  6.562000141E-03  5.729976768E+00 
        26 -1.418750547E-02 -1.418750174E-02  6.562000141E-03  5.814705761E+00 
        27 -1.431250572E-02 -1.431250200E-02  6.562000141E-03  5.798629275E+00 
        28 -1.443750598E-02 -1.443750225E-02  6.562000141E-03  5.809486376E+00 
        29 -1.456250530E-02 -1.456250250E-02  6.562000141E-03  5.835672920E+00 
        30 -1.468750555E-02 -1.468750183E-02  6.562000141E-03  5.733527106E+00 
        31 -1.481250580E-02 -1.481250208E-02  6.562000141E-03  5.598445814E+00 
        32 -1.493750513E-02 -1.493750233E-02  6.562000141E-03  5.703501013E+00 
        33 -1.506250538E-02 -1.506250259E-02  6.562000141E-03  5.715153905E+00 
        34 -1.518750563E-02 -1.518750191E-02  6.562000141E-03  5.532856129E+00 
        35 -1.531250589E-02 -1.531250216E-02  6.562000141E-03  5.307363775E+00 
        36 -1.543750521E-02 -1.543750241E-02  6.562000141E-03  5.067222894E+00 
        37 -1.556250546E-02 -1.556250174E-02  6.562000141E-03  4.819679000E+00 
        38 -1.568750478E-02 -1.568750106E-02  6.562000141E-03  4.745456253E+00 
        39 -1.581250504E-02 -1.581250131E-02  6.562000141E-03  4.815804421E+00 
        40 -1.593750529E-02 -1.593750156E-02  6.562000141E-03  5.142088588E+00 
        41 -1.606250554E-02 -1.606250182E-02  6.562000141E-03  5.583657854E+00 
        42 -1.618750580E-02 -1.618750207E-02  6.562000141E-03  5.892963329E+00 
        43 -1.631250605E-02 -1.631250232E-02  6.562000141E-03  6.042110597E+00 
        44 -1.643750444E-02 -1.643750258E-02  6.562000141E-03  6.192783570E+00 
        45 -1.656250469E-02 -1.656250097E-02  6.562000141E-03  6.264830056E+00 
        46 -1.668750495E-02 -1.668750122E-02  6.562000141E-03  6.180308318E+00 
        47 -1.681250520E-02 -1.681250148E-02  6.562000141E-03  6.219500196E+00 
        48 -1.693750545E-02 -1.693750173E-02  6.562000141E-03  6.377892239E+00 
        49 -1.706250571E-02 -1.706250198E-02  6.562000141E-03  6.416735149E+00 
        50 -8.562505245E-03 -8.562502451E-03  6.562000141E-03  2.973559360E+00 
        51 -8.687505499E-03 -8.687501773E-03  6.562000141E-03  3.038223498E+00 
        52 -8.812505752E-03 -8.812502027E-03  6.562000141E-03  3.096626631E+00 
        53 -8.937505074E-03 -8.937502280E-03  6.562000141E-03  3.128608575E+00 
        54 -9.062505327E-03 -9.062502533E-03  6.562000141E-03  3.144673284E+00 
        55 -9.187505580E-03 -9.187501855E-03  6.562000141E-03  3.178684945E+00 
        56 -9.312505834E-03 -9.312502109E-03  6.562000141E-03  3.234480384E+00 
        57 -1.718750596E-02 -1.718750224E-02  6.562000141E-03  6.271684431E+00 
        58 -1.731250621E-02 -1.731250249E-02  6.562000141E-03  5.940082795E+00 
        59 -1.743750460E-02 -1.743750274E-02  6.562000141E-03  5.680455825E+00 
        60 -1.756250486E-02 -1.756250113E-02  6.562000141E-03  5.470049922E+00 
        61 -1.768750511E-02 -1.768750139E-02  6.562000141E-03  5.368909112E+00 
        62 -1.781250536E-02 -1.781250164E-02  6.562000141E-03  5.323269686E+00 
        63 -1.793750562E-02 -1.793750189E-02  6.562000141E-03  5.330930451E+00 
        64 -1.806250587E-02 -1.806250215E-02  6.562000141E-03  5.411639671E+00 
        65 -1.818750612E-02 -1.818750240E-02  6.562000141E-03  5.643520425E+00 
        66 -1.831250452E-02 -1.831250265E-02  6.562000141E-03  5.767966695E+00 
        67 -1.843750477E-02 -1.843750104E-02  6.562000141E-03  5.141914511E+00 
        68 -1.856250502E-02 -1.856250130E-02  6.562000141E-03  4.686685583E+00 
        69 -1.868750528E-02 -1.868750155E-02  6.562000141E-03  4.706903819E+00 
        70 -1.880351454E-02 -1.880351268E-02  6.562000141E-03  4.777914288E+00 
        71 -1.890108548E-02 -1.890108548E-02  6.562000606E-03  4.760680510E+00 
        72 -1.895662583E-02 -1.895662583E-02  6.562000141E-03  4.719300060E+00 
        73 -1.898222044E-02 -1.898222044E-02  6.562000606E-03  4.659043657E+00 
        74 -1.904012822E-02 -1.904012822E-02  6.562000606E-03  4.657709066E+00 
        75 -1.912219636E-02 -1.912219636E-02  6.562000606E-03  4.645893078E+00 
        76 -1.916676201E-02 -1.916676201E-02  6.562000141E-03  4.580118395E+00 
        77 -1.923896931E-02 -1.923896931E-02  6.562000141E-03  4.532057678E+00 
        78 -1.931096986E-02 -1.931096986E-02  6.562000606E-03  4.205612249E+00 
        79 -1.938296854E-02 -1.938296854E-02  6.562000141E-03  4.123822876E+00 
        80 -1.945496909E-02 -1.945496909E-02  6.562000606E-03  4.218433972E+00 
        81 -1.952696964E-02 -1.952696964E-02  6.562000141E-03  4.252043384E+00 
        82 -1.959897019E-02 -1.959897019E-02  6.562000606E-03  4.207640452E+00 
        83 -1.967096888E-02 -1.967096888E-02  6.562000141E-03  4.233946474E+00 
        84 -1.974296942E-02 -1.974296942E-02  6.562000606E-03  4.210440534E+00 
        85 -1.981496997E-02 -1.981496997E-02  6.562000141E-03  4.311202315E+00 
        86 -1.988696866E-02 -1.988696866E-02  6.562000606E-03  4.406328119E+00 
        87 -1.995896921E-02 -1.995896921E-02  6.562000141E-03  4.439574959E+00 
        88 -9.437505156E-03 -9.437502362E-03  6.562000141E-03  3.323743794E+00 
        89 -9.562505409E-03 -9.562502615E-03  6.562000141E-03  3.434487537E+00 
        90 -9.687505662E-03 -9.687501937E-03  6.562000141E-03  3.534528946E+00 
        91 -9.812505916E-03 -9.812502190E-03  6.562000141E-03  3.609022656E+00 
        92 -9.937505238E-03 -9.937502444E-03  6.562000141E-03  3.656087361E+00 
        93 -1.006250549E-02 -1.006250177E-02  6.562000141E-03  3.675190751E+00 
        94 -1.018750574E-02 -1.018750202E-02  6.562000141E-03  3.680423068E+00 
        95 -1.031250507E-02 -1.031250227E-02  6.562000141E-03  3.676996924E+00 
        96 -1.043750532E-02 -1.043750253E-02  6.562000141E-03  3.669391418E+00 
        97 -1.056250557E-02 -1.056250185E-02  6.562000141E-03  3.683544827E+00 
        98 -1.068750583E-02 -1.068750210E-02  6.562000141E-03  3.721841156E+00 
        99 -1.081250515E-02 -1.081250235E-02  6.562000141E-03  3.807238080E+00 
       100 -1.093750540E-02 -1.093750261E-02  6.562000141E-03  3.950128173E+00 
       101 -1.106250565E-02 -1.106250193E-02  6.562000141E-03  4.070319202E+00 
       102 -1.118750591E-02 -1.118750218E-02  6.562000141E-03  4.163190519E+00 
       103 -1.131250523E-02 -1.131250244E-02  6.562000141E-03  4.263952407E+00 
       104 -1.143750548E-02 -1.143750176E-02  6.562000141E-03  4.374496670E+00 
       105 -1.156250574E-02 -1.156250201E-02  6.562000141E-03  4.500365906E+00 
       106 -1.168750506E-02 -1.168750226E-02  6.562000141E-03  4.637432143E+00 
       107 -1.181250531E-02 -1.181250252E-02  6.562000141E-03  4.766759481E+00 
       108 -1.193750557E-02 -1.193750184E-02  6.562000141E-03  4.865940668E+00 
       109 -1.206250582E-02 -1.206250209E-02  6.562000141E-03  4.933517119E+00 
       110 -1.218750514E-02 -1.218750235E-02  6.562000141E-03  4.970245090E+00 
       111 -1.231250539E-02 -1.231250260E-02  6.562000141E-03  4.977616922E+00 
       112 -1.243750565E-02 -1.243750192E-02  6.562000141E-03  4.977335570E+00 
       113 -1.256250590E-02 -1.256250218E-02  6.562000141E-03  4.986124461E+00 
       114 -1.268750522E-02 -1.268750243E-02  6.562000141E-03  5.022282824E+00 
       115 -1.281250548E-02 -1.281250175E-02  6.562000141E-03  5.123950659E+00 
       116 -1.293750573E-02 -1.293750200E-02  6.562000141E-03  5.266051768E+00 
       117 -1.306250598E-02 -1.306250226E-02  6.562000141E-03  5.358404066E+00 
       118 -1.318750530E-02 -1.318750251E-02  6.562000141E-03  5.384783969E+00 
       119 -1.331250556E-02 -1.331250183E-02  6.562000141E-03  5.357447640E+00 
       120 -1.343750581E-02 -1.343750209E-02  6.562000141E-03  5.295711682E+00 
       121 -1.356250513E-02 -1.356250234E-02  6.562000141E-03  5.279246165E+00 
       122 -1.368750539E-02 -1.368750259E-02  6.562000141E-03  5.292648991E+00 
       123 -1.381250564E-02 -1.381250191E-02  6.562000141E-03  5.381346392E+00 
       124 -1.393750589E-02 -1.393750217E-02  6.562000141E-03  5.542587967E+00 
       125 -5.437505431E-03 -5.437502172E-03  6.562000141E-03  1.243707054E+00 
       126 -5.312505644E-03 -5.312502384E-03  6.562000141E-03  1.119734463E+00 
       127 -5.187505390E-03 -5.187502131E-03  6.562000141E-03  9.753236221E-01 
       128 -5.062505603E-03 -5.062502343E-03  6.562000141E-03  8.406848625E-01 
       129 -4.937505350E-03 -4.937502090E-03  6.562000141E-03  7.690228377E-01 
       130 -4.812505562E-03 -4.812502302E-03  6.562000141E-03  7.973292641E-01 
       131 -4.687505309E-03 -4.687502049E-03  6.562000141E-03  8.584632802E-01 
       132 -4.562505521E-03 -4.562502261E-03  6.562000141E-03  9.345197414E-01 
       133 -4.437505268E-03 -4.437502008E-03  6.562000141E-03  9.888519461E-01 
       134 -4.312505480E-03 -4.312502220E-03  6.562000141E-03  9.677937495E-01 
       135 -4.187505227E-03 -4.187502433E-03  6.562000141E-03  8.709682546E-01 
       136 -4.062505439E-03 -4.062502179E-03  6.562000141E-03  7.394491569E-01 
       137 -3.937505186E-03 -3.937501926E-03  6.562000141E-03  6.259065143E-01 
       138 -3.812505398E-03 -3.812502138E-03  6.562000141E-03  5.631988221E-01 
       139 -3.687505377E-03 -3.687502118E-03  6.562000141E-03  5.567222435E-01 
       140 -3.562505357E-03 -3.562502097E-03  6.562000141E-03  6.386435053E-01 
       141 -3.437505336E-03 -3.437502077E-03  6.562000141E-03  6.425936952E-01 
       142 -3.312505316E-03 -3.312502056E-03  6.562000141E-03  6.445399294E-01 
       143 -3.195534227E-03 -3.195532598E-03  6.562000606E-03  6.948847870E-01 
       144 -3.099788679E-03 -3.099788679E-03  6.562000141E-03  8.128136378E-01 
       145 -3.022594145E-03 -3.022594145E-03  6.562000141E-03  9.769996959E-01 
       146 -2.967901761E-03 -2.967901761E-03  6.562000606E-03  1.087918519E+00 
       147 -2.937011421E-03 -2.937011421E-03  6.562000606E-03  1.138121443E+00 
       148 -2.914825454E-03 -2.914825454E-03  6.562000141E-03  1.155512311E+00 
       149 -2.896386664E-03 -2.896386664E-03  6.562000141E-03  1.156028695E+00 
       150 -2.881055698E-03 -2.881055698E-03  6.562000141E-03  1.147356042E+00 
       151 -2.868303098E-03 -2.868303098E-03  6.562000141E-03  1.132988137E+00 
       152 -2.857688349E-03 -2.857688349E-03  6.562000141E-03  1.116177605E+00 
       153 -2.848849166E-03 -2.848849166E-03  6.562000141E-03  1.098822848E+00 
       154 -2.841493115E-03 -2.841493115E-03  6.562000141E-03  1.082173503E+00 
       155 -2.835373860E-03 -2.835373860E-03  6.562000606E-03  1.066881207E+00 
       156 -2.830279991E-03 -2.830279991E-03  6.562000606E-03  1.053232580E+00 
       157 -2.121081017E-02 -2.121081017E-02  6.562000141E-03  1.017055808E-01 
       158 -2.120563947E-02 -2.120563947E-02  6.562000141E-03  2.880472112E-01 
       159 -2.119943500E-02 -2.119943500E-02  6.562000141E-03  4.884499866E-01 
       160 -2.119199000E-02 -2.119199000E-02  6.562000141E-03  7.024035399E-01 
       161 -2.118305862E-02 -2.118305862E-02  6.562000141E-03  9.311741895E-01 
       162 -2.117234282E-02 -2.117234282E-02  6.562000606E-03  1.177452177E+00 
       163 -2.115948685E-02 -2.115948685E-02  6.562000606E-03  1.445543418E+00 
       164 -2.114406601E-02 -2.114406601E-02  6.562000606E-03  1.734317497E+00 
       165 -2.112556621E-02 -2.112556621E-02  6.562000606E-03  2.037886010E+00 
       166 -2.110337466E-02 -2.110337466E-02  6.562000606E-03  2.335860829E+00 
       167 -2.106651478E-02 -2.106651478E-02  6.562000606E-03  2.773548157E+00 
       168 -2.102797665E-02 -2.102797665E-02  6.562000141E-03  3.131076694E+00 
       169 -2.100796066E-02 -2.100796066E-02  6.562000141E-03  3.142898582E+00 
       170 -2.095155232E-02 -2.095155232E-02  6.562000141E-03  3.343122752E+00 
       171 -2.089514025E-02 -2.089514025E-02  6.562000141E-03  3.549002971E+00 
       172 -2.082296833E-02 -2.082296833E-02  6.562000141E-03  3.638018737E+00 
       173 -2.075096965E-02 -2.075096965E-02  6.562000606E-03  3.742528300E+00 
       174 -2.067896910E-02 -2.067896910E-02  6.562000141E-03  3.894000005E+00 
       175 -2.060696855E-02 -2.060696855E-02  6.562000606E-03  4.279616714E+00 
       176 -2.053496987E-02 -2.053496987E-02  6.562000141E-03  4.455328327E+00 
       177 -2.046296932E-02 -2.046296932E-02  6.562000606E-03  4.236468502E+00 
       178 -2.039096877E-02 -2.039096877E-02  6.562000141E-03  3.926553241E+00 
       179 -2.031897008E-02 -2.031897008E-02  6.562000141E-03  3.879322223E+00 
       180 -2.024696954E-02 -2.024696954E-02  6.562000141E-03  4.059686465E+00 
       181 -2.017496899E-02 -2.017496899E-02  6.562000606E-03  4.264080181E+00 
       182 -2.010297030E-02 -2.010297030E-02  6.562000141E-03  4.305367361E+00 
       183 -2.003096975E-02 -2.003096975E-02  6.562000141E-03  4.424435827E+00 
