cellnumber     x-coordinate     y-coordinate     z-coordinate velocity-magnitude 
         1 -1.895486377E-02 -1.895486377E-02  6.562000141E-03  4.876742621E+00 
         2 -1.889866963E-02 -1.889866963E-02  6.562000606E-03  5.060534950E+00 
         3 -1.880285144E-02 -1.880285516E-02  6.562000141E-03  5.167293314E+00 
         4 -1.868749969E-02 -1.868750341E-02  6.562000141E-03  5.439212269E+00 
         5 -1.856249943E-02 -1.856250316E-02  6.562000141E-03  5.434749108E+00 
         6 -1.843749918E-02 -1.843750291E-02  6.562000141E-03  5.475944934E+00 
         7 -1.831249893E-02 -1.831250265E-02  6.562000141E-03  5.509850912E+00 
         8 -1.818749867E-02 -1.818750426E-02  6.562000141E-03  5.207955168E+00 
         9 -1.806249842E-02 -1.806250401E-02  6.562000141E-03  5.165573467E+00 
        10 -1.793750003E-02 -1.793750376E-02  6.562000141E-03  5.287362319E+00 
        11 -1.781249978E-02 -1.781250350E-02  6.562000141E-03  5.346703263E+00 
        12 -1.768749952E-02 -1.768750325E-02  6.562000141E-03  5.378145243E+00 
        13 -1.756249927E-02 -1.756250300E-02  6.562000141E-03  5.384844234E+00 
        14 -1.743749902E-02 -1.743750274E-02  6.562000141E-03  5.382241125E+00 
        15 -1.731249876E-02 -1.731250435E-02  6.562000141E-03  5.384039655E+00 
        16 -1.718749851E-02 -1.718750410E-02  6.562000141E-03  5.366453303E+00 
        17 -2.121081017E-02 -2.121081017E-02  6.562000141E-03  1.579435542E-01 
        18 -2.120563947E-02 -2.120563947E-02  6.562000141E-03  4.755384403E-01 
        19 -2.119943500E-02 -2.119943500E-02  6.562000141E-03  8.574871187E-01 
        20 -2.119199000E-02 -2.119199000E-02  6.562000141E-03  1.316857029E+00 
        21 -2.118305862E-02 -2.118305862E-02  6.562000141E-03  1.860033497E+00 
        22 -2.117234282E-02 -2.117234282E-02  6.562000141E-03  2.469813298E+00 
        23 -2.115948685E-02 -2.115948685E-02  6.562000606E-03  3.092962877E+00 
        24 -2.114406601E-02 -2.114406601E-02  6.562000606E-03  3.642492412E+00 
        25 -2.112556621E-02 -2.112556621E-02  6.562000606E-03  4.009626330E+00 
        26 -2.110337466E-02 -2.110337466E-02  6.562000606E-03  4.182359466E+00 
        27 -2.106651478E-02 -2.106651478E-02  6.562000606E-03  4.215290716E+00 
        28 -2.102797665E-02 -2.102797665E-02  6.562000141E-03  4.221336278E+00 
        29 -2.100796066E-02 -2.100796066E-02  6.562000141E-03  4.237477584E+00 
        30 -2.095155232E-02 -2.095155232E-02  6.562000141E-03  4.415222394E+00 
        31 -2.089514025E-02 -2.089514025E-02  6.562000141E-03  4.621743209E+00 
        32 -2.082296833E-02 -2.082296833E-02  6.562000141E-03  4.700105575E+00 
        33 -2.075096965E-02 -2.075096965E-02  6.562000606E-03  4.654869253E+00 
        34 -2.067896910E-02 -2.067896910E-02  6.562000141E-03  4.599995106E+00 
        35 -2.060696855E-02 -2.060696855E-02  6.562000606E-03  4.484661114E+00 
        36 -2.053496987E-02 -2.053496987E-02  6.562000141E-03  4.472511166E+00 
        37 -2.046296932E-02 -2.046296932E-02  6.562000606E-03  4.445886968E+00 
        38 -2.039096877E-02 -2.039096877E-02  6.562000141E-03  4.487635365E+00 
        39 -2.031897008E-02 -2.031897008E-02  6.562000141E-03  4.462529402E+00 
        40 -2.024696954E-02 -2.024696954E-02  6.562000141E-03  4.239205839E+00 
        41 -2.017496899E-02 -2.017496899E-02  6.562000606E-03  4.123175300E+00 
        42 -2.010297030E-02 -2.010297030E-02  6.562000141E-03  3.964621452E+00 
        43 -2.003096975E-02 -2.003096975E-02  6.562000606E-03  3.971594066E+00 
        44 -1.995896921E-02 -1.995896921E-02  6.562000141E-03  3.957770062E+00 
        45 -1.988696866E-02 -1.988696866E-02  6.562000606E-03  4.043845873E+00 
        46 -1.981496997E-02 -1.981496997E-02  6.562000141E-03  4.082405849E+00 
        47 -1.974296942E-02 -1.974296942E-02  6.562000606E-03  4.154320156E+00 
        48 -1.967096888E-02 -1.967096888E-02  6.562000141E-03  4.382012759E+00 
        49 -1.959896833E-02 -1.959896833E-02  6.562000606E-03  4.549050511E+00 
        50 -1.952696964E-02 -1.952696964E-02  6.562000141E-03  4.951700316E+00 
        51 -1.945496909E-02 -1.945496909E-02  6.562000606E-03  4.999135888E+00 
        52 -1.938296854E-02 -1.938296854E-02  6.562000141E-03  5.107165969E+00 
        53 -1.931096986E-02 -1.931096986E-02  6.562000606E-03  5.006590354E+00 
        54 -1.923896931E-02 -1.923896931E-02  6.562000141E-03  5.063582440E+00 
        55 -1.916676201E-02 -1.916676201E-02  6.562000606E-03  5.013152307E+00 
        56 -1.912219636E-02 -1.912219636E-02  6.562000606E-03  5.155333985E+00 
        57 -1.904013008E-02 -1.904013008E-02  6.562000606E-03  5.024718435E+00 
        58 -1.898222044E-02 -1.898222044E-02  6.562000606E-03  5.008235691E+00 
        59 -2.830355195E-03 -2.830355195E-03  6.562000141E-03  1.031681736E+00 
        60 -2.835455118E-03 -2.835455118E-03  6.562000141E-03  1.003290754E+00 
        61 -2.841580659E-03 -2.841580659E-03  6.562000141E-03  9.701803363E-01 
        62 -2.848939272E-03 -2.848939272E-03  6.562000141E-03  9.318445123E-01 
        63 -2.857780783E-03 -2.857780783E-03  6.562000606E-03  8.878596690E-01 
        64 -2.868407406E-03 -2.868407406E-03  6.562000141E-03  8.379054281E-01 
        65 -2.881182823E-03 -2.881182823E-03  6.562000141E-03  7.817913606E-01 
        66 -2.896548249E-03 -2.896548249E-03  6.562000606E-03  7.196479823E-01 
        67 -2.915036166E-03 -2.915036166E-03  6.562000606E-03  6.517157096E-01 
        68 -2.937293379E-03 -2.937293379E-03  6.562000606E-03  5.804138032E-01 
        69 -2.975319512E-03 -2.975319512E-03  6.562000606E-03  4.826978364E-01 
        70 -3.059382550E-03 -3.059382550E-03  6.562000141E-03  3.639358760E-01 
        71 -3.123705974E-03 -3.123705974E-03  6.562000606E-03  3.533254039E-01 
        72 -3.189915558E-03 -3.189918818E-03  6.562000141E-03  3.644754124E-01 
        73 -3.312498098E-03 -3.312504850E-03  6.562000141E-03  3.924615988E-01 
        74 -3.437498119E-03 -3.437504871E-03  6.562000141E-03  4.201756493E-01 
        75 -3.562498139E-03 -3.562504891E-03  6.562000141E-03  4.668799125E-01 
        76 -3.687498160E-03 -3.687504912E-03  6.562000141E-03  5.171212197E-01 
        77 -3.812498180E-03 -3.812504932E-03  6.562000141E-03  5.455090070E-01 
        78 -3.937498201E-03 -3.937504720E-03  6.562000141E-03  5.647336362E-01 
        79 -4.062498454E-03 -4.062504973E-03  6.562000141E-03  4.496486860E-01 
        80 -4.187498242E-03 -4.187505227E-03  6.562000141E-03  3.447174012E-01 
        81 -4.312498495E-03 -4.312505014E-03  6.562000141E-03  2.242921830E-01 
        82 -4.437498283E-03 -4.437504802E-03  6.562000141E-03  1.705069734E-01 
        83 -4.562498536E-03 -4.562505055E-03  6.562000141E-03  1.896189581E-01 
        84 -4.687498324E-03 -4.687504843E-03  6.562000141E-03  2.861156836E-01 
        85 -4.812498577E-03 -4.812505096E-03  6.562000141E-03  4.055171787E-01 
        86 -4.937498365E-03 -4.937504884E-03  6.562000141E-03  5.643837402E-01 
        87 -5.062498618E-03 -5.062505137E-03  6.562000141E-03  7.559890334E-01 
        88 -1.681249961E-02 -1.681250334E-02  6.562000141E-03  5.368614126E+00 
        89 -1.693749987E-02 -1.693750359E-02  6.562000141E-03  5.313957038E+00 
        90 -1.143749896E-02 -1.143750455E-02  6.562000141E-03  4.394374971E+00 
        91 -1.156249922E-02 -1.156250481E-02  6.562000141E-03  4.444082794E+00 
        92 -1.168749854E-02 -1.168750413E-02  6.562000141E-03  4.482366213E+00 
        93 -1.181249879E-02 -1.181250438E-02  6.562000141E-03  4.513224479E+00 
        94 -1.193749905E-02 -1.193750463E-02  6.562000141E-03  4.536021920E+00 
        95 -1.206249930E-02 -1.206250396E-02  6.562000141E-03  4.552724693E+00 
        96 -1.218749862E-02 -1.218750421E-02  6.562000141E-03  4.571293784E+00 
        97 -1.231249887E-02 -1.231250446E-02  6.562000141E-03  4.587768920E+00 
        98 -1.243749913E-02 -1.243750472E-02  6.562000141E-03  4.600970518E+00 
        99 -1.256249938E-02 -1.256250404E-02  6.562000141E-03  4.624097390E+00 
       100 -1.268749870E-02 -1.268750429E-02  6.562000141E-03  4.657794977E+00 
       101 -1.281249896E-02 -1.281250454E-02  6.562000141E-03  4.697802262E+00 
       102 -1.293749921E-02 -1.293750387E-02  6.562000141E-03  4.741452234E+00 
       103 -1.306249946E-02 -1.306250412E-02  6.562000141E-03  4.791029450E+00 
       104 -1.318749879E-02 -1.318750437E-02  6.562000141E-03  4.845569903E+00 
       105 -1.331249904E-02 -1.331250463E-02  6.562000141E-03  4.905563161E+00 
       106 -1.343749929E-02 -1.343750395E-02  6.562000141E-03  4.968021637E+00 
       107 -1.356249955E-02 -1.356250420E-02  6.562000141E-03  5.028116046E+00 
       108 -1.368749887E-02 -1.368750446E-02  6.562000141E-03  5.086461904E+00 
       109 -1.381249912E-02 -1.381250378E-02  6.562000141E-03  5.141103180E+00 
       110 -1.393749937E-02 -1.393750403E-02  6.562000141E-03  5.201740793E+00 
       111 -1.406249963E-02 -1.406250428E-02  6.562000141E-03  5.283851262E+00 
       112 -1.418749895E-02 -1.418750454E-02  6.562000141E-03  5.413112173E+00 
       113 -1.431249920E-02 -1.431250386E-02  6.562000141E-03  5.587093272E+00 
       114 -1.443749946E-02 -1.443750411E-02  6.562000141E-03  5.666682797E+00 
       115 -1.456249971E-02 -1.456250437E-02  6.562000141E-03  5.675276267E+00 
       116 -1.468749903E-02 -1.468750369E-02  6.562000141E-03  5.660984383E+00 
       117 -1.481249928E-02 -1.481250394E-02  6.562000141E-03  5.682751117E+00 
       118 -1.493749954E-02 -1.493750419E-02  6.562000141E-03  5.753149944E+00 
       119 -1.506249886E-02 -1.506250445E-02  6.562000141E-03  5.862749900E+00 
       120 -1.518749911E-02 -1.518750377E-02  6.562000141E-03  5.843163093E+00 
       121 -1.531249937E-02 -1.531250402E-02  6.562000141E-03  5.823968910E+00 
       122 -1.543749962E-02 -1.543750428E-02  6.562000141E-03  5.794764143E+00 
       123 -1.556249894E-02 -1.556250360E-02  6.562000141E-03  5.733799526E+00 
       124 -1.568749920E-02 -1.568750292E-02  6.562000141E-03  5.558239200E+00 
       125 -1.581249945E-02 -1.581250317E-02  6.562000141E-03  5.442606481E+00 
       126 -1.593749970E-02 -1.593750343E-02  6.562000141E-03  5.389241360E+00 
       127 -1.606249996E-02 -1.606250368E-02  6.562000141E-03  5.424445815E+00 
       128 -1.618749835E-02 -1.618750393E-02  6.562000141E-03  5.510905526E+00 
       129 -1.631249860E-02 -1.631250419E-02  6.562000141E-03  5.582982058E+00 
       130 -1.643749885E-02 -1.643750444E-02  6.562000141E-03  5.607578175E+00 
       131 -1.656249911E-02 -1.656250283E-02  6.562000141E-03  5.573910442E+00 
       132 -1.668749936E-02 -1.668750308E-02  6.562000141E-03  5.477505180E+00 
       133 -1.706250012E-02 -1.706250384E-02  6.562000141E-03  5.330879111E+00 
       134 -8.562498726E-03 -8.562504314E-03  6.562000141E-03  2.874838930E+00 
       135 -8.437498473E-03 -8.437504992E-03  6.562000141E-03  2.776498811E+00 
       136 -8.312499151E-03 -8.312504739E-03  6.562000141E-03  2.685327578E+00 
       137 -8.187498897E-03 -8.187504485E-03  6.562000141E-03  2.633270456E+00 
       138 -8.062498644E-03 -8.062504232E-03  6.562000141E-03  2.640833041E+00 
       139 -7.937498391E-03 -7.937504910E-03  6.562000141E-03  2.675544915E+00 
       140 -7.812498603E-03 -7.812504657E-03  6.562000141E-03  2.701091711E+00 
       141 -7.687498815E-03 -7.687504869E-03  6.562000141E-03  2.700236307E+00 
       142 -7.562498562E-03 -7.562504616E-03  6.562000141E-03  2.668754750E+00 
       143 -7.437498774E-03 -7.437504828E-03  6.562000141E-03  2.548965727E+00 
       144 -7.312498521E-03 -7.312504575E-03  6.562000141E-03  2.364801112E+00 
       145 -7.187498733E-03 -7.187504787E-03  6.562000141E-03  2.267895081E+00 
       146 -1.131249871E-02 -1.131250430E-02  6.562000141E-03  4.329322129E+00 
       147 -1.118749939E-02 -1.118750405E-02  6.562000141E-03  4.248628483E+00 
       148 -1.106249914E-02 -1.106250472E-02  6.562000141E-03  4.156218012E+00 
       149 -1.093749888E-02 -1.093750447E-02  6.562000141E-03  4.053517975E+00 
       150 -1.081249863E-02 -1.081250422E-02  6.562000141E-03  3.934500871E+00 
       151 -1.068749931E-02 -1.068750490E-02  6.562000141E-03  3.799478521E+00 
       152 -1.056249905E-02 -1.056250464E-02  6.562000141E-03  3.672175917E+00 
       153 -1.043749880E-02 -1.043750439E-02  6.562000141E-03  3.597030993E+00 
       154 -1.031249855E-02 -1.031250414E-02  6.562000141E-03  3.575156031E+00 
       155 -1.018749923E-02 -1.018750481E-02  6.562000141E-03  3.494543616E+00 
       156 -1.006249897E-02 -1.006250456E-02  6.562000141E-03  3.335061498E+00 
       157 -9.937498719E-03 -9.937504306E-03  6.562000141E-03  3.229151804E+00 
       158 -9.812498465E-03 -9.812504984E-03  6.562000141E-03  3.195560908E+00 
       159 -9.687499143E-03 -9.687504731E-03  6.562000141E-03  3.151490798E+00 
       160 -9.562498890E-03 -9.562504478E-03  6.562000141E-03  3.078726022E+00 
       161 -9.437498637E-03 -9.437504224E-03  6.562000141E-03  2.981044601E+00 
       162 -9.312498383E-03 -9.312504902E-03  6.562000141E-03  2.944767442E+00 
       163 -9.187499061E-03 -9.187504649E-03  6.562000141E-03  2.922941436E+00 
       164 -9.062498808E-03 -9.062504396E-03  6.562000141E-03  2.962190541E+00 
       165 -8.937498555E-03 -8.937505074E-03  6.562000141E-03  2.987817883E+00 
       166 -8.812498301E-03 -8.812504821E-03  6.562000141E-03  2.995391792E+00 
       167 -8.687498979E-03 -8.687504567E-03  6.562000141E-03  2.964722355E+00 
       168 -7.062498480E-03 -7.062504534E-03  6.562000141E-03  2.364568897E+00 
       169 -6.937498692E-03 -6.937504746E-03  6.562000141E-03  2.503636195E+00 
       170 -6.812498439E-03 -6.812504958E-03  6.562000141E-03  2.611272134E+00 
       171 -6.687498651E-03 -6.687504705E-03  6.562000141E-03  2.624341559E+00 
       172 -6.562498398E-03 -6.562504917E-03  6.562000141E-03  2.247554589E+00 
       173 -6.437498610E-03 -6.437504664E-03  6.562000141E-03  2.060240407E+00 
       174 -6.312498357E-03 -6.312504876E-03  6.562000141E-03  2.058921613E+00 
       175 -6.187498569E-03 -6.187504623E-03  6.562000141E-03  2.143370015E+00 
       176 -6.062498316E-03 -6.062504835E-03  6.562000141E-03  2.140410764E+00 
       177 -5.937498529E-03 -5.937505048E-03  6.562000141E-03  2.056535511E+00 
       178 -5.812498275E-03 -5.812504794E-03  6.562000141E-03  1.945175759E+00 
       179 -5.687498488E-03 -5.687505007E-03  6.562000141E-03  1.767646639E+00 
       180 -5.562498234E-03 -5.562504753E-03  6.562000141E-03  1.374826151E+00 
       181 -5.437498447E-03 -5.437504966E-03  6.562000141E-03  1.010515602E+00 
       182 -5.312498193E-03 -5.312504712E-03  6.562000141E-03  4.005986278E-01 
       183 -5.187498406E-03 -5.187504925E-03  6.562000141E-03  6.446232993E-01 
