cellnumber     x-coordinate     y-coordinate     z-coordinate velocity-magnitude 
         1 -1.193749532E-02 -1.193749718E-02  6.562000141E-03  4.510488819E+00 
         2 -1.206249557E-02 -1.206249744E-02  6.562000141E-03  4.555345141E+00 
         3 -1.218749490E-02 -1.218749769E-02  6.562000141E-03  4.624601236E+00 
         4 -1.231249515E-02 -1.231249794E-02  6.562000141E-03  4.692310560E+00 
         5 -1.243749540E-02 -1.243749727E-02  6.562000141E-03  4.746966363E+00 
         6 -1.256249566E-02 -1.256249752E-02  6.562000141E-03  4.802102677E+00 
         7 -1.268749498E-02 -1.268749777E-02  6.562000141E-03  4.860593340E+00 
         8 -1.281249523E-02 -1.281249709E-02  6.562000141E-03  4.921216761E+00 
         9 -1.293749548E-02 -1.293749735E-02  6.562000141E-03  4.974872573E+00 
        10 -1.306249574E-02 -1.306249760E-02  6.562000141E-03  5.016451126E+00 
        11 -1.318749506E-02 -1.318749785E-02  6.562000141E-03  5.053185530E+00 
        12 -1.331249531E-02 -1.331249718E-02  6.562000141E-03  5.110872006E+00 
        13 -1.343749557E-02 -1.343749743E-02  6.562000141E-03  5.198379638E+00 
        14 -1.356249489E-02 -1.356249768E-02  6.562000141E-03  5.292585651E+00 
        15 -1.418749522E-02 -1.418749709E-02  6.562000141E-03  5.674851559E+00 
        16 -1.181249507E-02 -1.181249786E-02  6.562000141E-03  4.458054230E+00 
        17 -1.168749481E-02 -1.168749761E-02  6.562000141E-03  4.394419744E+00 
        18 -1.156249549E-02 -1.156249736E-02  6.562000141E-03  4.330886192E+00 
        19 -1.143749524E-02 -1.143749803E-02  6.562000141E-03  4.271825366E+00 
        20 -1.131249499E-02 -1.131249778E-02  6.562000141E-03  4.217369940E+00 
        21 -1.118749566E-02 -1.118749753E-02  6.562000141E-03  4.164423220E+00 
        22 -1.106249541E-02 -1.106249727E-02  6.562000141E-03  4.108646426E+00 
        23 -1.093749516E-02 -1.093749795E-02  6.562000141E-03  4.046243329E+00 
        24 -1.081249490E-02 -1.081249770E-02  6.562000141E-03  3.981853557E+00 
        25 -1.068749558E-02 -1.068749744E-02  6.562000141E-03  3.921676119E+00 
        26 -1.056249533E-02 -1.056249719E-02  6.562000141E-03  3.866633785E+00 
        27 -1.043749508E-02 -1.043749787E-02  6.562000141E-03  3.811736863E+00 
        28 -1.031249482E-02 -1.031249762E-02  6.562000141E-03  3.748582270E+00 
        29 -1.018749550E-02 -1.018749736E-02  6.562000141E-03  3.664639315E+00 
        30 -1.006249525E-02 -1.006249804E-02  6.562000141E-03  3.549812380E+00 
        31 -9.937494993E-03 -9.937497787E-03  6.562000141E-03  3.425854376E+00 
        32 -9.812494740E-03 -9.812497534E-03  6.562000141E-03  3.349457646E+00 
        33 -9.687495418E-03 -9.687497281E-03  6.562000141E-03  3.332762301E+00 
        34 -9.562495165E-03 -9.562497959E-03  6.562000141E-03  3.300293624E+00 
        35 -9.437494911E-03 -9.437497705E-03  6.562000141E-03  3.215868874E+00 
        36 -9.312495589E-03 -9.312497452E-03  6.562000141E-03  3.069792518E+00 
        37 -9.187495336E-03 -9.187497199E-03  6.562000141E-03  2.988665523E+00 
        38 -9.062495083E-03 -9.062497877E-03  6.562000141E-03  2.933437647E+00 
        39 -8.937494829E-03 -8.937497623E-03  6.562000141E-03  2.884841739E+00 
        40 -8.812495507E-03 -8.812497370E-03  6.562000141E-03  2.851775352E+00 
        41 -8.687495254E-03 -8.687498048E-03  6.562000141E-03  2.794109663E+00 
        42 -8.562495001E-03 -8.562497795E-03  6.562000141E-03  2.705550091E+00 
        43 -8.437494747E-03 -8.437497541E-03  6.562000141E-03  2.635084405E+00 
        44 -8.312495425E-03 -8.312497288E-03  6.562000141E-03  2.705240157E+00 
        45 -8.187495172E-03 -8.187497966E-03  6.562000141E-03  2.795777751E+00 
        46 -8.062494919E-03 -8.062497713E-03  6.562000141E-03  2.804794242E+00 
        47 -5.937494803E-03 -5.937497597E-03  6.562000141E-03  6.995007758E-01 
        48 -5.812495016E-03 -5.812497810E-03  6.562000141E-03  5.432544750E-01 
        49 -5.687495228E-03 -5.687497556E-03  6.562000141E-03  5.056874839E-01 
        50 -5.562494975E-03 -5.562497769E-03  6.562000141E-03  4.856693339E-01 
        51 -5.437495187E-03 -5.437497981E-03  6.562000141E-03  4.915828587E-01 
        52 -5.312494934E-03 -5.312497728E-03  6.562000141E-03  4.937246666E-01 
        53 -5.187495146E-03 -5.187497940E-03  6.562000141E-03  5.255923239E-01 
        54 -5.062494893E-03 -5.062497687E-03  6.562000141E-03  5.398584977E-01 
        55 -4.937495105E-03 -4.937497899E-03  6.562000141E-03  5.392202805E-01 
        56 -4.812494852E-03 -4.812497646E-03  6.562000141E-03  5.392338388E-01 
        57 -7.937494665E-03 -7.937497459E-03  6.562000141E-03  2.668386573E+00 
        58 -7.812494878E-03 -7.812497672E-03  6.562000141E-03  2.532435345E+00 
        59 -7.687495090E-03 -7.687497884E-03  6.562000141E-03  2.701265319E+00 
        60 -7.562495302E-03 -7.562497631E-03  6.562000141E-03  2.644435269E+00 
        61 -7.437495049E-03 -7.437497843E-03  6.562000141E-03  2.415767333E+00 
        62 -7.312495261E-03 -7.312497590E-03  6.562000141E-03  2.334761659E+00 
        63 -7.187495008E-03 -7.187497802E-03  6.562000141E-03  2.276495496E+00 
        64 -7.062495220E-03 -7.062497549E-03  6.562000141E-03  2.304226519E+00 
        65 -6.937494967E-03 -6.937497761E-03  6.562000141E-03  2.240100826E+00 
        66 -6.812495179E-03 -6.812497508E-03  6.562000141E-03  2.050477577E+00 
        67 -6.687494926E-03 -6.687497720E-03  6.562000141E-03  1.918004387E+00 
        68 -6.562495138E-03 -6.562497932E-03  6.562000141E-03  1.798436300E+00 
        69 -6.437494885E-03 -6.437497679E-03  6.562000141E-03  1.617942361E+00 
        70 -6.312495098E-03 -6.312497891E-03  6.562000141E-03  1.392470585E+00 
        71 -6.187494844E-03 -6.187497638E-03  6.562000141E-03  1.171764277E+00 
        72 -6.062495057E-03 -6.062497851E-03  6.562000141E-03  9.458583905E-01 
        73 -1.606249437E-02 -1.606249623E-02  6.562000141E-03  5.274583299E+00 
        74 -1.368749514E-02 -1.368749794E-02  6.562000141E-03  5.366612045E+00 
        75 -1.381249540E-02 -1.381249726E-02  6.562000141E-03  5.430290535E+00 
        76 -1.393749565E-02 -1.393749751E-02  6.562000141E-03  5.490120286E+00 
        77 -1.406249497E-02 -1.406249776E-02  6.562000141E-03  5.601441453E+00 
        78 -1.431249548E-02 -1.431249734E-02  6.562000141E-03  5.593936784E+00 
        79 -1.443749573E-02 -1.443749759E-02  6.562000141E-03  5.487612123E+00 
        80 -1.456249505E-02 -1.456249785E-02  6.562000141E-03  5.634197288E+00 
        81 -1.468749531E-02 -1.468749717E-02  6.562000141E-03  5.539974672E+00 
        82 -1.481249556E-02 -1.481249742E-02  6.562000141E-03  5.395700898E+00 
        83 -1.493749581E-02 -1.493749768E-02  6.562000141E-03  5.390389907E+00 
        84 -1.506249513E-02 -1.506249700E-02  6.562000141E-03  5.448020117E+00 
        85 -1.518749539E-02 -1.518749725E-02  6.562000141E-03  5.524705160E+00 
        86 -1.531249564E-02 -1.531249750E-02  6.562000141E-03  5.556622657E+00 
        87 -1.543749496E-02 -1.543749776E-02  6.562000141E-03  5.539093640E+00 
        88 -1.556249522E-02 -1.556249708E-02  6.562000141E-03  5.445027286E+00 
        89 -1.568749547E-02 -1.568749733E-02  6.562000141E-03  5.296921326E+00 
        90 -1.581249572E-02 -1.581249759E-02  6.562000141E-03  5.271191484E+00 
        91 -1.593749598E-02 -1.593749784E-02  6.562000141E-03  5.273253668E+00 
        92 -1.880909875E-02 -1.880909875E-02  6.562000606E-03  5.366795792E+00 
        93 -1.868749596E-02 -1.868749782E-02  6.562000141E-03  5.663070365E+00 
        94 -1.856249571E-02 -1.856249757E-02  6.562000141E-03  5.741808090E+00 
        95 -1.843749546E-02 -1.843749732E-02  6.562000141E-03  5.745501834E+00 
        96 -1.831249520E-02 -1.831249706E-02  6.562000141E-03  5.639680144E+00 
        97 -1.818749495E-02 -1.818749681E-02  6.562000141E-03  5.445053360E+00 
        98 -1.806249470E-02 -1.806249656E-02  6.562000141E-03  5.221148593E+00 
        99 -1.793749444E-02 -1.793749630E-02  6.562000141E-03  5.140300030E+00 
       100 -1.781249605E-02 -1.781249791E-02  6.562000141E-03  5.228915057E+00 
       101 -1.768749580E-02 -1.768749766E-02  6.562000141E-03  5.438603091E+00 
       102 -1.756249554E-02 -1.756249741E-02  6.562000141E-03  5.583573762E+00 
       103 -1.743749529E-02 -1.743749715E-02  6.562000141E-03  5.577580923E+00 
       104 -1.731249504E-02 -1.731249690E-02  6.562000141E-03  5.587854812E+00 
       105 -1.718749478E-02 -1.718749665E-02  6.562000141E-03  5.625758478E+00 
       106 -1.706249453E-02 -1.706249639E-02  6.562000141E-03  5.691807515E+00 
       107 -1.693749428E-02 -1.693749800E-02  6.562000141E-03  5.729971365E+00 
       108 -1.681249589E-02 -1.681249775E-02  6.562000141E-03  5.728625242E+00 
       109 -1.668749563E-02 -1.668749750E-02  6.562000141E-03  5.681919022E+00 
       110 -1.656249538E-02 -1.656249724E-02  6.562000141E-03  5.608385582E+00 
       111 -1.643749513E-02 -1.643749699E-02  6.562000141E-03  5.481800151E+00 
       112 -1.631249487E-02 -1.631249674E-02  6.562000141E-03  5.388053154E+00 
       113 -1.618749462E-02 -1.618749648E-02  6.562000141E-03  5.312671748E+00 
       114 -1.890101843E-02 -1.890101843E-02  6.562000606E-03  5.120005453E+00 
       115 -1.895096339E-02 -1.895096339E-02  6.562000141E-03  4.950826006E+00 
       116 -2.121081017E-02 -2.121081017E-02  6.562000141E-03  2.067792908E-01 
       117 -2.120563947E-02 -2.120563947E-02  6.562000141E-03  6.188690359E-01 
       118 -2.119943500E-02 -2.119943500E-02  6.562000141E-03  1.105312182E+00 
       119 -2.119199000E-02 -2.119199000E-02  6.562000141E-03  1.671955665E+00 
       120 -2.118305862E-02 -2.118305862E-02  6.562000141E-03  2.311199826E+00 
       121 -2.117234282E-02 -2.117234282E-02  6.562000606E-03  2.991435099E+00 
       122 -2.115948685E-02 -2.115948685E-02  6.562000606E-03  3.660640177E+00 
       123 -2.114406601E-02 -2.114406601E-02  6.562000606E-03  4.263185727E+00 
       124 -2.112556621E-02 -2.112556621E-02  6.562000606E-03  4.732059799E+00 
       125 -2.110337466E-02 -2.110337466E-02  6.562000606E-03  5.008797378E+00 
       126 -2.106651478E-02 -2.106651478E-02  6.562000606E-03  5.055685401E+00 
       127 -2.102797665E-02 -2.102797665E-02  6.562000141E-03  4.934015084E+00 
       128 -2.100796066E-02 -2.100796066E-02  6.562000141E-03  4.956263256E+00 
       129 -2.095155232E-02 -2.095155232E-02  6.562000141E-03  5.066528346E+00 
       130 -2.089514025E-02 -2.089514025E-02  6.562000606E-03  5.003613630E+00 
       131 -2.082296833E-02 -2.082296833E-02  6.562000141E-03  4.970874864E+00 
       132 -2.075096965E-02 -2.075096965E-02  6.562000141E-03  4.838157251E+00 
       133 -2.067896910E-02 -2.067896910E-02  6.562000141E-03  4.757473481E+00 
       134 -2.060696855E-02 -2.060696855E-02  6.562000141E-03  4.569166913E+00 
       135 -2.053496800E-02 -2.053496800E-02  6.562000141E-03  4.488988874E+00 
       136 -2.046296932E-02 -2.046296932E-02  6.562000141E-03  4.292632763E+00 
       137 -2.039096877E-02 -2.039096877E-02  6.562000141E-03  4.125193102E+00 
       138 -2.031897008E-02 -2.031897008E-02  6.562000141E-03  4.014656214E+00 
       139 -2.024696954E-02 -2.024696954E-02  6.562000141E-03  3.932134890E+00 
       140 -2.017496899E-02 -2.017496899E-02  6.562000141E-03  3.977909687E+00 
       141 -2.010296844E-02 -2.010296844E-02  6.562000141E-03  3.989931681E+00 
       142 -2.003096975E-02 -2.003096975E-02  6.562000141E-03  4.139280496E+00 
       143 -1.995896734E-02 -1.995896734E-02  6.562000141E-03  4.198086252E+00 
       144 -1.988696866E-02 -1.988696866E-02  6.562000141E-03  4.446517230E+00 
       145 -1.981496811E-02 -1.981496811E-02  6.562000141E-03  4.505103861E+00 
       146 -1.974296942E-02 -1.974296942E-02  6.562000141E-03  4.725573877E+00 
       147 -1.967096888E-02 -1.967096888E-02  6.562000141E-03  4.685599679E+00 
       148 -1.959896833E-02 -1.959896833E-02  6.562000141E-03  4.811490348E+00 
       149 -1.952696778E-02 -1.952696778E-02  6.562000141E-03  4.719815199E+00 
       150 -1.945496909E-02 -1.945496909E-02  6.562000141E-03  4.775788727E+00 
       151 -1.938296854E-02 -1.938296854E-02  6.562000141E-03  4.692071786E+00 
       152 -1.931096986E-02 -1.931096986E-02  6.562000606E-03  4.705242943E+00 
       153 -1.923896931E-02 -1.923896931E-02  6.562000141E-03  4.652524985E+00 
       154 -1.916676387E-02 -1.916676387E-02  6.562000606E-03  4.702800956E+00 
       155 -1.912219450E-02 -1.912219450E-02  6.562000606E-03  4.719139648E+00 
       156 -1.904012822E-02 -1.904012822E-02  6.562000141E-03  4.911008372E+00 
       157 -1.898222044E-02 -1.898222044E-02  6.562000606E-03  5.010471331E+00 
       158 -2.830350772E-03 -2.830350772E-03  6.561999675E-03  1.038134938E+00 
       159 -2.835454186E-03 -2.835454186E-03  6.562000606E-03  1.022818068E+00 
       160 -2.841583686E-03 -2.841583686E-03  6.562000141E-03  1.005403683E+00 
       161 -2.848947188E-03 -2.848947188E-03  6.562000141E-03  9.855679049E-01 
       162 -2.857794985E-03 -2.857794985E-03  6.562000141E-03  9.627496985E-01 
       163 -2.868429059E-03 -2.868429059E-03  6.562000141E-03  9.360890418E-01 
       164 -2.881214023E-03 -2.881214023E-03  6.562000141E-03  9.045152173E-01 
       165 -2.896590624E-03 -2.896590624E-03  6.562000606E-03  8.671652758E-01 
       166 -2.915092744E-03 -2.915092744E-03  6.562000606E-03  8.244690722E-01 
       167 -2.937367884E-03 -2.937367884E-03  6.562000141E-03  7.793484278E-01 
       168 -2.973292721E-03 -2.973292721E-03  6.561999675E-03  7.198573873E-01 
       169 -3.061021678E-03 -3.061023075E-03  6.562000141E-03  6.461597462E-01 
       170 -3.187494818E-03 -3.187497612E-03  6.562000141E-03  6.472694687E-01 
       171 -3.312494839E-03 -3.312497633E-03  6.562000141E-03  7.153925834E-01 
       172 -3.437494859E-03 -3.437497653E-03  6.562000141E-03  7.530913248E-01 
       173 -3.562494880E-03 -3.562497674E-03  6.562000141E-03  7.384790715E-01 
       174 -3.687494900E-03 -3.687497694E-03  6.562000141E-03  7.091271981E-01 
       175 -3.812494921E-03 -3.812497715E-03  6.562000141E-03  6.626668339E-01 
       176 -3.937494941E-03 -3.937497735E-03  6.562000141E-03  6.148460814E-01 
       177 -4.062495194E-03 -4.062497988E-03  6.562000141E-03  5.598183809E-01 
       178 -4.187494982E-03 -4.187497776E-03  6.562000141E-03  5.021928055E-01 
       179 -4.312494770E-03 -4.312497564E-03  6.562000141E-03  4.807069123E-01 
       180 -4.437495023E-03 -4.437497817E-03  6.562000141E-03  4.867768897E-01 
       181 -4.562494811E-03 -4.562497605E-03  6.562000141E-03  5.044515204E-01 
       182 -4.687495064E-03 -4.687497858E-03  6.562000141E-03  5.231225188E-01 
