cellnumber     x-coordinate     y-coordinate     z-coordinate velocity-magnitude 
         1 -8.437498473E-03 -8.437504992E-03  6.562000141E-03  3.104855672E+00 
         2 -8.562497795E-03 -8.562505245E-03  6.562000141E-03  3.110184942E+00 
         3 -8.687498048E-03 -8.687505499E-03  6.562000141E-03  3.142292628E+00 
         4 -8.812498301E-03 -8.812504821E-03  6.562000141E-03  3.192664291E+00 
         5 -8.937498555E-03 -8.937505074E-03  6.562000141E-03  3.243884347E+00 
         6 -9.062497877E-03 -9.062505327E-03  6.562000141E-03  3.282462201E+00 
         7 -9.187498130E-03 -9.187504649E-03  6.562000141E-03  3.324964607E+00 
         8 -9.312498383E-03 -9.312504902E-03  6.562000141E-03  3.355818867E+00 
         9 -9.437498637E-03 -9.437505156E-03  6.562000141E-03  3.383748821E+00 
        10 -9.562497959E-03 -9.562505409E-03  6.562000141E-03  3.411439714E+00 
        11 -9.687498212E-03 -9.687504731E-03  6.562000141E-03  3.443699608E+00 
        12 -9.812498465E-03 -9.812504984E-03  6.562000141E-03  3.474301224E+00 
        13 -9.937498719E-03 -9.937505238E-03  6.562000141E-03  3.489371631E+00 
        14 -1.006249804E-02 -1.006250549E-02  6.562000141E-03  3.490599476E+00 
        15 -1.018749829E-02 -1.018750481E-02  6.562000141E-03  3.534352544E+00 
        16 -1.031249855E-02 -1.031250507E-02  6.562000141E-03  3.582182598E+00 
        17 -1.043749787E-02 -1.043750532E-02  6.562000141E-03  3.652447587E+00 
        18 -1.056249812E-02 -1.056250464E-02  6.562000141E-03  3.664717433E+00 
        19 -1.068749838E-02 -1.068750490E-02  6.562000141E-03  3.601738130E+00 
        20 -1.081249863E-02 -1.081250515E-02  6.562000141E-03  3.566448242E+00 
        21 -1.093749795E-02 -1.093750540E-02  6.562000141E-03  3.599580074E+00 
        22 -1.106249820E-02 -1.106250472E-02  6.562000141E-03  3.712329662E+00 
        23 -1.118749846E-02 -1.118750498E-02  6.562000141E-03  3.860397045E+00 
        24 -1.131249871E-02 -1.131250523E-02  6.562000141E-03  4.002446520E+00 
        25 -1.143749803E-02 -1.143750548E-02  6.562000141E-03  4.123687383E+00 
        26 -1.156249829E-02 -1.156250481E-02  6.562000141E-03  4.225614016E+00 
        27 -1.168749854E-02 -1.168750506E-02  6.562000141E-03  4.310662331E+00 
        28 -1.181249879E-02 -1.181250531E-02  6.562000141E-03  4.383172371E+00 
        29 -1.806249842E-02 -1.806250401E-02  6.562000141E-03  5.610852233E+00 
        30 -1.793749817E-02 -1.793750376E-02  6.562000141E-03  5.506827258E+00 
        31 -1.781249791E-02 -1.781250536E-02  6.562000141E-03  5.476141043E+00 
        32 -1.768749766E-02 -1.768750511E-02  6.562000141E-03  5.424888745E+00 
        33 -1.756249741E-02 -1.756250486E-02  6.562000141E-03  5.387678926E+00 
        34 -1.743749902E-02 -1.743750460E-02  6.562000141E-03  5.374352136E+00 
        35 -1.731249876E-02 -1.731250435E-02  6.562000141E-03  5.358200871E+00 
        36 -1.718749851E-02 -1.718750410E-02  6.562000141E-03  5.337744657E+00 
        37 -1.706249826E-02 -1.706250384E-02  6.562000141E-03  5.318157795E+00 
        38 -1.693749800E-02 -1.693750545E-02  6.562000141E-03  5.158169405E+00 
        39 -1.681249775E-02 -1.681250520E-02  6.562000141E-03  5.052697460E+00 
        40 -1.668749750E-02 -1.668750495E-02  6.562000141E-03  5.107232002E+00 
        41 -1.656249911E-02 -1.656250469E-02  6.562000141E-03  5.163251402E+00 
        42 -1.643749885E-02 -1.643750444E-02  6.562000141E-03  5.225153526E+00 
        43 -1.631249860E-02 -1.631250419E-02  6.562000141E-03  5.398770495E+00 
        44 -1.618749835E-02 -1.618750393E-02  6.562000141E-03  5.472881448E+00 
        45 -1.606249809E-02 -1.606250554E-02  6.562000141E-03  5.445429362E+00 
        46 -1.593749784E-02 -1.593750529E-02  6.562000141E-03  5.467477248E+00 
        47 -1.581249759E-02 -1.581250504E-02  6.562000141E-03  5.444629959E+00 
        48 -1.568749733E-02 -1.568750478E-02  6.562000141E-03  5.342624949E+00 
        49 -1.556249801E-02 -1.556250453E-02  6.562000141E-03  5.427150937E+00 
        50 -1.543749869E-02 -1.543750521E-02  6.562000141E-03  5.561617837E+00 
        51 -1.531249844E-02 -1.531250495E-02  6.562000141E-03  5.610153322E+00 
        52 -1.518749818E-02 -1.518750470E-02  6.562000141E-03  5.562158235E+00 
        53 -1.506249886E-02 -1.506250538E-02  6.562000141E-03  5.618506256E+00 
        54 -1.493749861E-02 -1.493750513E-02  6.562000141E-03  5.920017600E+00 
        55 -1.481249835E-02 -1.481250487E-02  6.562000141E-03  5.811698147E+00 
        56 -1.468749810E-02 -1.468750462E-02  6.562000141E-03  5.853691163E+00 
        57 -1.456249878E-02 -1.456250530E-02  6.562000141E-03  5.839272655E+00 
        58 -4.812498111E-03 -4.812505096E-03  6.562000141E-03  3.793359763E-01 
        59 -4.937497899E-03 -4.937505350E-03  6.562000141E-03  5.093586221E-01 
        60 -5.062498152E-03 -5.062505137E-03  6.562000141E-03  5.969419261E-01 
        61 -5.187497940E-03 -5.187505390E-03  6.562000141E-03  6.378746443E-01 
        62 -5.312498193E-03 -5.312505178E-03  6.562000141E-03  6.210198537E-01 
        63 -5.437497981E-03 -5.437505431E-03  6.562000141E-03  6.102458452E-01 
        64 -5.562498234E-03 -5.562505219E-03  6.562000141E-03  6.069756445E-01 
        65 -5.687498022E-03 -5.687505007E-03  6.562000141E-03  5.558804803E-01 
        66 -5.812498275E-03 -5.812505260E-03  6.562000141E-03  7.256676213E-01 
        67 -5.937498063E-03 -5.937505048E-03  6.562000141E-03  1.011061671E+00 
        68 -6.062498316E-03 -6.062505301E-03  6.562000141E-03  1.237775633E+00 
        69 -6.187498104E-03 -6.187505089E-03  6.562000141E-03  1.290337844E+00 
        70 -6.312498357E-03 -6.312505342E-03  6.562000141E-03  1.203358831E+00 
        71 -6.437498145E-03 -6.437505130E-03  6.562000141E-03  1.316413974E+00 
        72 -6.562497932E-03 -6.562505383E-03  6.562000141E-03  1.506534546E+00 
        73 -6.687498186E-03 -6.687505171E-03  6.562000141E-03  1.728547218E+00 
        74 -6.812497973E-03 -6.812504958E-03  6.562000141E-03  1.936498283E+00 
        75 -6.937498227E-03 -6.937505212E-03  6.562000141E-03  2.123834704E+00 
        76 -7.062498014E-03 -7.062504999E-03  6.562000141E-03  2.294096478E+00 
        77 -7.187498268E-03 -7.187505253E-03  6.562000141E-03  2.420104067E+00 
        78 -7.312498055E-03 -7.312505040E-03  6.562000141E-03  2.550399183E+00 
        79 -7.437498309E-03 -7.437505294E-03  6.562000141E-03  2.609215895E+00 
        80 -7.562498096E-03 -7.562505081E-03  6.562000141E-03  2.662915859E+00 
        81 -7.687498350E-03 -7.687505335E-03  6.562000141E-03  2.728337578E+00 
        82 -7.812498137E-03 -7.812504657E-03  6.562000141E-03  2.841515570E+00 
        83 -7.937498391E-03 -7.937504910E-03  6.562000141E-03  2.979698230E+00 
        84 -8.062498644E-03 -8.062505163E-03  6.562000141E-03  3.075981595E+00 
        85 -8.187497966E-03 -8.187505417E-03  6.562000141E-03  3.121800130E+00 
        86 -8.312498219E-03 -8.312504739E-03  6.562000141E-03  3.115446122E+00 
        87 -4.687498324E-03 -4.687505309E-03  6.562000141E-03  2.630552790E-01 
        88 -4.562498070E-03 -4.562505055E-03  6.562000141E-03  3.165538663E-01 
        89 -4.437498283E-03 -4.437505268E-03  6.562000141E-03  4.345791564E-01 
        90 -4.312498029E-03 -4.312505014E-03  6.562000141E-03  4.941582646E-01 
        91 -4.187498242E-03 -4.187505227E-03  6.562000141E-03  4.871650828E-01 
        92 -4.062497988E-03 -4.062505439E-03  6.562000141E-03  4.543954162E-01 
        93 -3.937498201E-03 -3.937505186E-03  6.562000141E-03  4.337724429E-01 
        94 -3.812497947E-03 -3.812505165E-03  6.562000141E-03  4.159427503E-01 
        95 -3.687497927E-03 -3.687505145E-03  6.562000141E-03  3.655940954E-01 
        96 -3.562497906E-03 -3.562505124E-03  6.562000141E-03  3.212288209E-01 
        97 -3.437497886E-03 -3.437505104E-03  6.562000141E-03  3.691109293E-01 
        98 -3.312497865E-03 -3.312505083E-03  6.562000141E-03  4.571506176E-01 
        99 -3.189915325E-03 -3.189919051E-03  6.562000141E-03  4.863693951E-01 
       100 -3.123705974E-03 -3.123705974E-03  6.562000141E-03  4.721987394E-01 
       101 -3.059382550E-03 -3.059382550E-03  6.562000141E-03  4.969764466E-01 
       102 -2.975319745E-03 -2.975319512E-03  6.562000606E-03  5.653789603E-01 
       103 -2.937293379E-03 -2.937293379E-03  6.562000606E-03  6.588156513E-01 
       104 -2.915035933E-03 -2.915035933E-03  6.562000606E-03  7.264233674E-01 
       105 -2.896548016E-03 -2.896548016E-03  6.562000141E-03  7.927707877E-01 
       106 -2.881182823E-03 -2.881182823E-03  6.562000141E-03  8.491283087E-01 
       107 -2.868407173E-03 -2.868407173E-03  6.562000141E-03  8.971264519E-01 
       108 -2.857780783E-03 -2.857780783E-03  6.562000141E-03  9.368215023E-01 
       109 -2.848939039E-03 -2.848939039E-03  6.562000606E-03  9.695460686E-01 
       110 -2.841580659E-03 -2.841580659E-03  6.562000606E-03  9.964640634E-01 
       111 -2.835455118E-03 -2.835455118E-03  6.562000141E-03  1.018656841E+00 
       112 -2.830355195E-03 -2.830355195E-03  6.562000606E-03  1.037021087E+00 
       113 -1.193749812E-02 -1.193750463E-02  6.562000141E-03  4.448564075E+00 
       114 -1.206249837E-02 -1.206250489E-02  6.562000141E-03  4.510904241E+00 
       115 -1.218749862E-02 -1.218750514E-02  6.562000141E-03  4.573134129E+00 
       116 -1.231249794E-02 -1.231250539E-02  6.562000141E-03  4.636544802E+00 
       117 -1.243749820E-02 -1.243750472E-02  6.562000141E-03  4.700308342E+00 
       118 -1.256249845E-02 -1.256250497E-02  6.562000141E-03  4.761596862E+00 
       119 -1.268749870E-02 -1.268750522E-02  6.562000141E-03  4.818484658E+00 
       120 -1.281249803E-02 -1.281250454E-02  6.562000141E-03  4.873153474E+00 
       121 -1.293749828E-02 -1.293750480E-02  6.562000141E-03  4.933966750E+00 
       122 -1.306249853E-02 -1.306250505E-02  6.562000141E-03  5.007423570E+00 
       123 -1.318749879E-02 -1.318750530E-02  6.562000141E-03  5.098352756E+00 
       124 -1.331249811E-02 -1.331250463E-02  6.562000141E-03  5.205332275E+00 
       125 -1.343749836E-02 -1.343750488E-02  6.562000141E-03  5.314532444E+00 
       126 -1.356249861E-02 -1.356250513E-02  6.562000141E-03  5.405348593E+00 
       127 -1.368749887E-02 -1.368750539E-02  6.562000141E-03  5.469154974E+00 
       128 -1.381249819E-02 -1.381250471E-02  6.562000141E-03  5.523152351E+00 
       129 -1.393749844E-02 -1.393750496E-02  6.562000141E-03  5.572574034E+00 
       130 -1.406249870E-02 -1.406250522E-02  6.562000141E-03  5.620928676E+00 
       131 -1.418749802E-02 -1.418750454E-02  6.562000141E-03  5.676829014E+00 
       132 -1.431249827E-02 -1.431250479E-02  6.562000141E-03  5.745063755E+00 
       133 -1.443749852E-02 -1.443750504E-02  6.562000141E-03  5.811417072E+00 
       134 -2.121081017E-02 -2.121081017E-02  6.562000141E-03  1.055623334E-01 
       135 -2.120563947E-02 -2.120563947E-02  6.562000141E-03  3.091965426E-01 
       136 -2.119943500E-02 -2.119943500E-02  6.562000141E-03  5.439570119E-01 
       137 -2.119199000E-02 -2.119199000E-02  6.562000141E-03  8.177452337E-01 
       138 -2.118305862E-02 -2.118305862E-02  6.562000141E-03  1.143161696E+00 
       139 -2.117234282E-02 -2.117234282E-02  6.562000606E-03  1.537848905E+00 
       140 -2.115948685E-02 -2.115948685E-02  6.562000606E-03  2.019894744E+00 
       141 -2.114406601E-02 -2.114406601E-02  6.562000141E-03  2.605096370E+00 
       142 -2.112556435E-02 -2.112556435E-02  6.562000141E-03  3.283506892E+00 
       143 -2.110337466E-02 -2.110337466E-02  6.562001072E-03  3.981527827E+00 
       144 -2.106651478E-02 -2.106651478E-02  6.562000606E-03  4.626265306E+00 
       145 -2.102797665E-02 -2.102797665E-02  6.562000141E-03  4.895505406E+00 
       146 -2.100796066E-02 -2.100796066E-02  6.562000141E-03  4.934417719E+00 
       147 -2.095155232E-02 -2.095155232E-02  6.562000141E-03  4.940264723E+00 
       148 -2.089514025E-02 -2.089514025E-02  6.562000141E-03  4.839802030E+00 
       149 -2.082297020E-02 -2.082297020E-02  6.562000606E-03  4.664188245E+00 
       150 -2.075096965E-02 -2.075096965E-02  6.562000141E-03  4.467044692E+00 
       151 -2.067896910E-02 -2.067896910E-02  6.562000606E-03  4.374821316E+00 
       152 -2.060697041E-02 -2.060697041E-02  6.562000141E-03  4.331258250E+00 
       153 -2.053496987E-02 -2.053496987E-02  6.562000606E-03  4.252686769E+00 
       154 -2.046296932E-02 -2.046296932E-02  6.562000141E-03  4.190416143E+00 
       155 -2.039097063E-02 -2.039097063E-02  6.562000606E-03  4.126844606E+00 
       156 -2.031897008E-02 -2.031897008E-02  6.562000141E-03  3.974104740E+00 
       157 -1.818749867E-02 -1.818750426E-02  6.562000141E-03  5.789012921E+00 
       158 -1.831249893E-02 -1.831250452E-02  6.562000141E-03  5.832801349E+00 
       159 -1.843749918E-02 -1.843750477E-02  6.562000141E-03  5.504121818E+00 
       160 -1.856249757E-02 -1.856250502E-02  6.562000141E-03  5.229012799E+00 
       161 -1.868749782E-02 -1.868750528E-02  6.562000141E-03  4.910080199E+00 
       162 -1.880285330E-02 -1.880285516E-02  6.562000141E-03  4.641649549E+00 
       163 -1.889866963E-02 -1.889866963E-02  6.562000606E-03  4.454482340E+00 
       164 -1.895486563E-02 -1.895486563E-02  6.562000606E-03  4.325011918E+00 
       165 -2.024696954E-02 -2.024696954E-02  6.562000141E-03  3.838737189E+00 
       166 -2.017496899E-02 -2.017496899E-02  6.562000141E-03  3.602813022E+00 
       167 -2.010297030E-02 -2.010297030E-02  6.562000606E-03  3.646762183E+00 
       168 -2.003096975E-02 -2.003096975E-02  6.562000141E-03  3.778402527E+00 
       169 -1.995896921E-02 -1.995896921E-02  6.562000141E-03  3.943256170E+00 
       170 -1.988696866E-02 -1.988696866E-02  6.562000141E-03  3.971884856E+00 
       171 -1.981496811E-02 -1.981496811E-02  6.562000141E-03  4.016093303E+00 
       172 -1.974296942E-02 -1.974296942E-02  6.562000141E-03  3.958625832E+00 
       173 -1.967096888E-02 -1.967096888E-02  6.562000141E-03  4.053503612E+00 
       174 -1.959896833E-02 -1.959896833E-02  6.562000141E-03  4.000975146E+00 
       175 -1.952696964E-02 -1.952696964E-02  6.562000141E-03  4.142964595E+00 
       176 -1.945496909E-02 -1.945496909E-02  6.562000141E-03  4.163668858E+00 
       177 -1.938296854E-02 -1.938296854E-02  6.562000141E-03  4.223909804E+00 
       178 -1.931096986E-02 -1.931096986E-02  6.562000141E-03  3.968375233E+00 
       179 -1.923896931E-02 -1.923896931E-02  6.562000141E-03  3.929186549E+00 
       180 -1.916676201E-02 -1.916676201E-02  6.562000141E-03  3.819143769E+00 
       181 -1.912219450E-02 -1.912219450E-02  6.562000141E-03  3.876456760E+00 
       182 -1.904012822E-02 -1.904012822E-02  6.562000141E-03  3.991807225E+00 
       183 -1.898222044E-02 -1.898222044E-02  6.562000606E-03  4.130982203E+00 
