cellnumber     x-coordinate     y-coordinate     z-coordinate velocity-magnitude 
         1 -2.830386627E-03 -2.830386627E-03  6.562000606E-03  1.032126326E+00 
         2 -2.835483057E-03 -2.835483057E-03  6.562001072E-03  1.004715967E+00 
         3 -2.841603942E-03 -2.841603942E-03  6.562000141E-03  9.731248379E-01 
         4 -2.848957200E-03 -2.848957200E-03  6.562000141E-03  9.369257932E-01 
         5 -2.857792191E-03 -2.857792191E-03  6.562000606E-03  8.957631254E-01 
         6 -2.868410433E-03 -2.868410433E-03  6.562000141E-03  8.495201857E-01 
         7 -2.881176071E-03 -2.881176071E-03  6.562000606E-03  7.986061176E-01 
         8 -2.896528924E-03 -2.896528924E-03  6.562000606E-03  7.449858031E-01 
         9 -2.915001474E-03 -2.915001474E-03  6.562000141E-03  6.925570095E-01 
        10 -2.937239828E-03 -2.937239828E-03  6.562000141E-03  6.453474080E-01 
        11 -2.974424278E-03 -2.974424278E-03  6.562000606E-03  5.997276578E-01 
        12 -3.062231001E-03 -3.062227042E-03  6.562000141E-03  5.510882719E-01 
        13 -3.187502269E-03 -3.187494585E-03  6.562000141E-03  4.657475466E-01 
        14 -3.312502289E-03 -3.312494606E-03  6.562000141E-03  4.304013637E-01 
        15 -3.437502310E-03 -3.437494626E-03  6.562000141E-03  4.621279485E-01 
        16 -3.562502330E-03 -3.562494647E-03  6.562000141E-03  4.471340054E-01 
        17 -3.687502351E-03 -3.687494667E-03  6.562000141E-03  3.872464120E-01 
        18 -3.812502371E-03 -3.812494688E-03  6.562000141E-03  3.629151842E-01 
        19 -3.937502392E-03 -3.937494475E-03  6.562000141E-03  3.902598519E-01 
        20 -4.062502645E-03 -4.062494729E-03  6.562000141E-03  4.636332630E-01 
        21 -1.406250242E-02 -1.406249404E-02  6.562000141E-03  5.501855686E+00 
        22 -1.393750310E-02 -1.393749472E-02  6.562000141E-03  5.457515048E+00 
        23 -1.381250285E-02 -1.381249446E-02  6.562000141E-03  5.406946230E+00 
        24 -1.368750259E-02 -1.368749421E-02  6.562000141E-03  5.346673270E+00 
        25 -1.356250234E-02 -1.356249396E-02  6.562000141E-03  5.270619578E+00 
        26 -1.343750302E-02 -1.343749464E-02  6.562000141E-03  5.181880403E+00 
        27 -1.331250276E-02 -1.331249438E-02  6.562000141E-03  5.096359389E+00 
        28 -1.318750251E-02 -1.318749413E-02  6.562000141E-03  5.011602397E+00 
        29 -1.306250319E-02 -1.306249481E-02  6.562000141E-03  4.913282155E+00 
        30 -1.293750294E-02 -1.293749455E-02  6.562000141E-03  4.821490644E+00 
        31 -1.281250268E-02 -1.281249430E-02  6.562000141E-03  4.746461689E+00 
        32 -1.268750243E-02 -1.268749405E-02  6.562000141E-03  4.672596941E+00 
        33 -1.256250311E-02 -1.256249472E-02  6.562000141E-03  4.594914324E+00 
        34 -1.243750285E-02 -1.243749447E-02  6.562000141E-03  4.514688451E+00 
        35 -1.231250260E-02 -1.231249422E-02  6.562000141E-03  4.443876143E+00 
        36 -1.218750235E-02 -1.218749397E-02  6.562000141E-03  4.393364125E+00 
        37 -1.206250302E-02 -1.206249464E-02  6.562000141E-03  4.357077047E+00 
        38 -1.895638928E-02 -1.895638928E-02  6.562000141E-03  4.723866163E+00 
        39 -1.889957115E-02 -1.889957115E-02  6.562000141E-03  4.745607774E+00 
        40 -1.880222373E-02 -1.880222000E-02  6.562000141E-03  4.834058741E+00 
        41 -1.868750341E-02 -1.868749410E-02  6.562000141E-03  4.930521575E+00 
        42 -1.856250316E-02 -1.856249385E-02  6.562000141E-03  5.100553528E+00 
        43 -1.843750291E-02 -1.843749359E-02  6.562000141E-03  5.800002757E+00 
        44 -1.831250265E-02 -1.831249334E-02  6.562000141E-03  6.256151950E+00 
        45 -1.818750240E-02 -1.818749309E-02  6.562000141E-03  6.333573118E+00 
        46 -1.806250215E-02 -1.806249470E-02  6.562000141E-03  6.288415774E+00 
        47 -1.793750189E-02 -1.793749444E-02  6.562000141E-03  6.005628592E+00 
        48 -1.781250350E-02 -1.781249419E-02  6.562000141E-03  5.444961271E+00 
        49 -1.768750325E-02 -1.768749394E-02  6.562000141E-03  5.118021615E+00 
        50 -2.121081017E-02 -2.121081017E-02  6.562000141E-03  1.741286652E-01 
        51 -2.120563947E-02 -2.120563947E-02  6.562000141E-03  5.073230199E-01 
        52 -2.119943500E-02 -2.119943500E-02  6.562000606E-03  8.901377385E-01 
        53 -2.119199000E-02 -2.119199000E-02  6.562000141E-03  1.337195229E+00 
        54 -2.118305862E-02 -2.118305862E-02  6.562000141E-03  1.868303162E+00 
        55 -2.117234282E-02 -2.117234282E-02  6.562000606E-03  2.500125065E+00 
        56 -2.115948685E-02 -2.115948685E-02  6.562000606E-03  3.228288404E+00 
        57 -2.114406601E-02 -2.114406601E-02  6.562000606E-03  3.996939402E+00 
        58 -2.112556621E-02 -2.112556621E-02  6.562000606E-03  4.678145413E+00 
        59 -2.110337466E-02 -2.110337466E-02  6.562000606E-03  5.120936976E+00 
        60 -2.106651478E-02 -2.106651478E-02  6.562000606E-03  5.426356316E+00 
        61 -2.102797665E-02 -2.102797665E-02  6.562000141E-03  5.599368595E+00 
        62 -2.100796066E-02 -2.100796066E-02  6.562000141E-03  5.493593268E+00 
        63 -2.095155232E-02 -2.095155232E-02  6.562000141E-03  5.479249515E+00 
        64 -2.089514025E-02 -2.089514025E-02  6.562000141E-03  5.265234966E+00 
        65 -2.082296833E-02 -2.082296833E-02  6.562000141E-03  5.150406941E+00 
        66 -2.075096965E-02 -2.075096965E-02  6.562000606E-03  4.803904351E+00 
        67 -2.067896910E-02 -2.067896910E-02  6.562000141E-03  4.564414771E+00 
        68 -2.060696855E-02 -2.060696855E-02  6.562000606E-03  4.340486347E+00 
        69 -2.053496987E-02 -2.053496987E-02  6.562000606E-03  4.129289340E+00 
        70 -2.046296932E-02 -2.046296932E-02  6.562000141E-03  3.862541344E+00 
        71 -2.039096877E-02 -2.039096877E-02  6.562000141E-03  3.747482980E+00 
        72 -2.031897008E-02 -2.031897008E-02  6.562000606E-03  3.701684749E+00 
        73 -2.024696954E-02 -2.024696954E-02  6.562000141E-03  3.760000579E+00 
        74 -2.017496899E-02 -2.017496899E-02  6.562000606E-03  3.830559259E+00 
        75 -2.010296844E-02 -2.010296844E-02  6.562000141E-03  3.898306953E+00 
        76 -2.003096975E-02 -2.003096975E-02  6.562000606E-03  4.092149390E+00 
        77 -1.995896921E-02 -1.995896921E-02  6.562000141E-03  4.192479000E+00 
        78 -1.988696866E-02 -1.988696866E-02  6.562000606E-03  4.355497018E+00 
        79 -1.981496997E-02 -1.981496997E-02  6.562000141E-03  4.395281276E+00 
        80 -1.974296942E-02 -1.974296942E-02  6.562000606E-03  4.452670178E+00 
        81 -1.967096888E-02 -1.967096888E-02  6.562000141E-03  4.431766752E+00 
        82 -1.959896833E-02 -1.959896833E-02  6.562000606E-03  4.483102469E+00 
        83 -1.952696964E-02 -1.952696964E-02  6.562000141E-03  4.491580869E+00 
        84 -1.945496909E-02 -1.945496909E-02  6.562000606E-03  4.478873203E+00 
        85 -1.938296854E-02 -1.938296854E-02  6.562000141E-03  4.504149637E+00 
        86 -1.931096986E-02 -1.931096986E-02  6.562000606E-03  4.397448856E+00 
        87 -1.923896931E-02 -1.923896931E-02  6.562000141E-03  4.526345197E+00 
        88 -1.916676387E-02 -1.916676387E-02  6.562000141E-03  4.427908557E+00 
        89 -1.912219450E-02 -1.912219450E-02  6.562000606E-03  4.634451783E+00 
        90 -1.904012822E-02 -1.904012822E-02  6.562000141E-03  4.733992296E+00 
        91 -1.898222044E-02 -1.898222044E-02  6.562000606E-03  4.909470592E+00 
        92 -1.168750226E-02 -1.168749481E-02  6.562000141E-03  4.239333309E+00 
        93 -1.156250294E-02 -1.156249456E-02  6.562000141E-03  4.181088530E+00 
        94 -1.143750269E-02 -1.143749431E-02  6.562000141E-03  4.134377340E+00 
        95 -1.131250244E-02 -1.131249405E-02  6.562000141E-03  4.093819302E+00 
        96 -1.118750311E-02 -1.118749473E-02  6.562000141E-03  4.023862033E+00 
        97 -6.187502295E-03 -6.187494379E-03  6.562000141E-03  1.323878996E+00 
        98 -6.312502548E-03 -6.312494632E-03  6.562000141E-03  1.408119904E+00 
        99 -6.437502336E-03 -6.437494420E-03  6.562000141E-03  1.464165746E+00 
       100 -6.562502589E-03 -6.562494673E-03  6.562000141E-03  1.587153502E+00 
       101 -6.687502377E-03 -6.687494460E-03  6.562000141E-03  1.667850236E+00 
       102 -6.812502630E-03 -6.812494714E-03  6.562000141E-03  1.786088247E+00 
       103 -6.937502418E-03 -6.937494501E-03  6.562000141E-03  2.009921051E+00 
       104 -7.062502671E-03 -7.062494755E-03  6.562000141E-03  2.158565128E+00 
       105 -7.187502459E-03 -7.187494542E-03  6.562000141E-03  2.163832219E+00 
       106 -7.312502712E-03 -7.312494796E-03  6.562000141E-03  2.171160367E+00 
       107 -7.437502500E-03 -7.437494583E-03  6.562000141E-03  2.171675279E+00 
       108 -7.562502753E-03 -7.562494371E-03  6.562000141E-03  2.215889466E+00 
       109 -7.687502541E-03 -7.687494624E-03  6.562000141E-03  2.377115426E+00 
       110 -7.812502794E-03 -7.812494412E-03  6.562000141E-03  2.572703536E+00 
       111 -7.937502116E-03 -7.937494665E-03  6.562000141E-03  2.682546836E+00 
       112 -8.062502369E-03 -8.062494919E-03  6.562000141E-03  2.734915344E+00 
       113 -8.187502623E-03 -8.187494241E-03  6.562000141E-03  2.777146346E+00 
       114 -8.312502876E-03 -8.312494494E-03  6.562000141E-03  2.831212720E+00 
       115 -8.437502198E-03 -8.437494747E-03  6.562000141E-03  2.871123874E+00 
       116 -8.562502451E-03 -8.562495001E-03  6.562000141E-03  2.920216417E+00 
       117 -8.687502705E-03 -8.687494323E-03  6.562000141E-03  2.960013622E+00 
       118 -8.812502958E-03 -8.812494576E-03  6.562000141E-03  2.999895429E+00 
       119 -8.937502280E-03 -8.937494829E-03  6.562000141E-03  3.102589201E+00 
       120 -9.062502533E-03 -9.062494151E-03  6.562000141E-03  3.154010577E+00 
       121 -9.187502787E-03 -9.187494405E-03  6.562000141E-03  3.244350436E+00 
       122 -9.312503040E-03 -9.312494658E-03  6.562000141E-03  3.356623076E+00 
       123 -9.437502362E-03 -9.437494911E-03  6.562000141E-03  3.409757554E+00 
       124 -9.562502615E-03 -9.562494233E-03  6.562000141E-03  3.422384200E+00 
       125 -9.687502868E-03 -9.687494487E-03  6.562000141E-03  3.419052218E+00 
       126 -9.812502190E-03 -9.812494740E-03  6.562000141E-03  3.420624436E+00 
       127 -9.937502444E-03 -9.937494062E-03  6.562000141E-03  3.434909799E+00 
       128 -1.006250270E-02 -1.006249432E-02  6.562000141E-03  3.460691579E+00 
       129 -1.018750295E-02 -1.018749457E-02  6.562000141E-03  3.501478302E+00 
       130 -1.031250227E-02 -1.031249482E-02  6.562000141E-03  3.554555055E+00 
       131 -1.043750253E-02 -1.043749414E-02  6.562000141E-03  3.624378569E+00 
       132 -1.056250278E-02 -1.056249440E-02  6.562000141E-03  3.709996633E+00 
       133 -1.068750303E-02 -1.068749465E-02  6.562000141E-03  3.787005449E+00 
       134 -1.081250235E-02 -1.081249490E-02  6.562000141E-03  3.844628473E+00 
       135 -1.093750261E-02 -1.093749423E-02  6.562000141E-03  3.892134523E+00 
       136 -1.106250286E-02 -1.106249448E-02  6.562000141E-03  3.948649023E+00 
       137 -1.181250252E-02 -1.181249414E-02  6.562000141E-03  4.298060398E+00 
       138 -1.193750277E-02 -1.193749439E-02  6.562000141E-03  4.333390854E+00 
       139 -1.756250300E-02 -1.756249368E-02  6.562000141E-03  5.176722396E+00 
       140 -1.743750274E-02 -1.743749343E-02  6.562000141E-03  5.439234778E+00 
       141 -1.731250249E-02 -1.731249318E-02  6.562000141E-03  5.389473287E+00 
       142 -1.718750224E-02 -1.718749478E-02  6.562000141E-03  5.733706546E+00 
       143 -1.706250198E-02 -1.706249453E-02  6.562000141E-03  5.710330512E+00 
       144 -1.693750173E-02 -1.693749428E-02  6.562000141E-03  5.633808842E+00 
       145 -1.681250334E-02 -1.681249402E-02  6.562000141E-03  5.591010355E+00 
       146 -1.668750308E-02 -1.668749377E-02  6.562000141E-03  5.622301927E+00 
       147 -1.656250283E-02 -1.656249352E-02  6.562000141E-03  5.589218414E+00 
       148 -1.643750258E-02 -1.643749326E-02  6.562000141E-03  5.499302278E+00 
       149 -1.631250232E-02 -1.631249487E-02  6.562000141E-03  5.464972647E+00 
       150 -1.618750207E-02 -1.618749462E-02  6.562000141E-03  5.652207763E+00 
       151 -1.606250182E-02 -1.606249437E-02  6.562000141E-03  5.910468350E+00 
       152 -1.593750343E-02 -1.593749411E-02  6.562000141E-03  5.989611287E+00 
       153 -1.581250317E-02 -1.581249386E-02  6.562000141E-03  5.930062378E+00 
       154 -1.568750292E-02 -1.568749361E-02  6.562000141E-03  5.966355977E+00 
       155 -1.556250267E-02 -1.556249429E-02  6.562000141E-03  5.888337669E+00 
       156 -1.543750241E-02 -1.543749403E-02  6.562000141E-03  5.819396364E+00 
       157 -1.531250309E-02 -1.531249471E-02  6.562000141E-03  5.772264405E+00 
       158 -1.518750284E-02 -1.518749446E-02  6.562000141E-03  5.672010050E+00 
       159 -1.506250259E-02 -1.506249420E-02  6.562000141E-03  5.576539155E+00 
       160 -1.493750326E-02 -1.493749395E-02  6.562000141E-03  5.570635064E+00 
       161 -1.481250301E-02 -1.481249463E-02  6.562000141E-03  5.627380617E+00 
       162 -1.468750276E-02 -1.468749437E-02  6.562000141E-03  5.650551150E+00 
       163 -1.456250250E-02 -1.456249412E-02  6.562000141E-03  5.644211855E+00 
       164 -1.443750318E-02 -1.443749387E-02  6.562000141E-03  5.612970368E+00 
       165 -1.431250293E-02 -1.431249455E-02  6.562000141E-03  5.575137751E+00 
       166 -1.418750267E-02 -1.418749429E-02  6.562000141E-03  5.541736560E+00 
       167 -4.187502433E-03 -4.187494516E-03  6.562000141E-03  5.529131730E-01 
       168 -4.312502220E-03 -4.312494770E-03  6.562000141E-03  5.850076368E-01 
       169 -4.437502474E-03 -4.437494557E-03  6.562000141E-03  5.912134997E-01 
       170 -4.562502261E-03 -4.562494811E-03  6.562000141E-03  6.221575874E-01 
       171 -4.687502515E-03 -4.687494598E-03  6.562000141E-03  6.365948399E-01 
       172 -4.812502302E-03 -4.812494852E-03  6.562000141E-03  5.747103320E-01 
       173 -4.937502556E-03 -4.937494639E-03  6.562000141E-03  5.135391297E-01 
       174 -5.062502343E-03 -5.062494427E-03  6.562000141E-03  5.496430832E-01 
       175 -5.187502597E-03 -5.187494680E-03  6.562000141E-03  6.419366044E-01 
       176 -5.312502384E-03 -5.312494468E-03  6.562000141E-03  7.452604843E-01 
       177 -5.437502638E-03 -5.437494721E-03  6.562000141E-03  8.152774804E-01 
       178 -5.562502425E-03 -5.562494509E-03  6.562000141E-03  8.348178592E-01 
       179 -5.687502678E-03 -5.687494762E-03  6.562000141E-03  9.282214240E-01 
       180 -5.812502466E-03 -5.812494550E-03  6.562000141E-03  1.000229792E+00 
       181 -5.937502254E-03 -5.937494803E-03  6.562000141E-03  9.281497425E-01 
       182 -6.062502507E-03 -6.062494591E-03  6.562000141E-03  1.066061180E+00 
