cellnumber     x-coordinate     y-coordinate     z-coordinate velocity-magnitude 
         1 -1.895638742E-02 -1.895638742E-02  6.562000606E-03  4.239034508E+00 
         2 -1.889957115E-02 -1.889957115E-02  6.562000606E-03  4.343812827E+00 
         3 -1.880222373E-02 -1.880222000E-02  6.562000141E-03  4.403639339E+00 
         4 -1.868750341E-02 -1.868749410E-02  6.562000141E-03  4.564530515E+00 
         5 -1.856250316E-02 -1.856249385E-02  6.562000141E-03  4.705883430E+00 
         6 -1.843750291E-02 -1.843749359E-02  6.562000141E-03  4.794979738E+00 
         7 -1.831250265E-02 -1.831249334E-02  6.562000141E-03  4.983503264E+00 
         8 -1.818750240E-02 -1.818749309E-02  6.562000141E-03  5.209858567E+00 
         9 -1.806250215E-02 -1.806249470E-02  6.562000141E-03  5.318830029E+00 
        10 -1.793750189E-02 -1.793749444E-02  6.562000141E-03  5.177846729E+00 
        11 -1.781250350E-02 -1.781249419E-02  6.562000141E-03  5.081815375E+00 
        12 -1.768750325E-02 -1.768749394E-02  6.562000141E-03  5.120365862E+00 
        13 -2.121081017E-02 -2.121081017E-02  6.562000141E-03  1.196733239E-01 
        14 -2.120563947E-02 -2.120563947E-02  6.562000141E-03  3.607961537E-01 
        15 -2.119943500E-02 -2.119943500E-02  6.562000141E-03  6.498645245E-01 
        16 -2.119199000E-02 -2.119199000E-02  6.562000141E-03  9.957776747E-01 
        17 -2.118305862E-02 -2.118305862E-02  6.562000141E-03  1.405509726E+00 
        18 -2.117234282E-02 -2.117234282E-02  6.562000141E-03  1.877218840E+00 
        19 -2.115948685E-02 -2.115948685E-02  6.562000606E-03  2.392841402E+00 
        20 -2.114406601E-02 -2.114406601E-02  6.562000606E-03  2.925816525E+00 
        21 -2.112556621E-02 -2.112556621E-02  6.562000606E-03  3.455278551E+00 
        22 -2.110337466E-02 -2.110337466E-02  6.562000606E-03  3.990363126E+00 
        23 -2.106651478E-02 -2.106651478E-02  6.562000606E-03  4.689464415E+00 
        24 -2.102797665E-02 -2.102797665E-02  6.562000141E-03  5.023550683E+00 
        25 -2.100796066E-02 -2.100796066E-02  6.562000141E-03  5.194731294E+00 
        26 -2.095155232E-02 -2.095155232E-02  6.562000141E-03  5.108534502E+00 
        27 -2.089514025E-02 -2.089514025E-02  6.562000141E-03  5.172576476E+00 
        28 -2.082296833E-02 -2.082296833E-02  6.562000141E-03  5.053921486E+00 
        29 -2.075096965E-02 -2.075096965E-02  6.562000606E-03  5.012891449E+00 
        30 -2.067896910E-02 -2.067896910E-02  6.562000141E-03  4.966634385E+00 
        31 -2.060696855E-02 -2.060696855E-02  6.562000606E-03  4.946110187E+00 
        32 -2.053496987E-02 -2.053496987E-02  6.562000141E-03  4.900490488E+00 
        33 -2.046296932E-02 -2.046296932E-02  6.562000606E-03  4.844128979E+00 
        34 -2.039096877E-02 -2.039096877E-02  6.562000141E-03  4.821897835E+00 
        35 -2.031897008E-02 -2.031897008E-02  6.562000141E-03  4.567402181E+00 
        36 -2.024696954E-02 -2.024696954E-02  6.562000141E-03  4.143592584E+00 
        37 -2.017496899E-02 -2.017496899E-02  6.562000606E-03  3.652688027E+00 
        38 -2.010297030E-02 -2.010297030E-02  6.562000141E-03  3.683004490E+00 
        39 -2.003096975E-02 -2.003096975E-02  6.562000606E-03  4.015678137E+00 
        40 -1.995896921E-02 -1.995896921E-02  6.562000141E-03  4.431166862E+00 
        41 -1.988696866E-02 -1.988696866E-02  6.562000606E-03  4.502634399E+00 
        42 -1.981496997E-02 -1.981496997E-02  6.562000141E-03  4.521052323E+00 
        43 -1.974296942E-02 -1.974296942E-02  6.562000606E-03  4.401267535E+00 
        44 -1.967096888E-02 -1.967096888E-02  6.562000141E-03  4.313588047E+00 
        45 -1.959896833E-02 -1.959896833E-02  6.562000606E-03  4.289271810E+00 
        46 -1.952696964E-02 -1.952696964E-02  6.562000141E-03  4.178958505E+00 
        47 -1.945496909E-02 -1.945496909E-02  6.562000606E-03  4.193110774E+00 
        48 -1.938296854E-02 -1.938296854E-02  6.562000141E-03  4.139550772E+00 
        49 -1.931096986E-02 -1.931096986E-02  6.562000606E-03  4.258459699E+00 
        50 -1.923896931E-02 -1.923896931E-02  6.562000141E-03  4.213610557E+00 
        51 -1.916676201E-02 -1.916676201E-02  6.562000606E-03  4.330383583E+00 
        52 -1.912219636E-02 -1.912219636E-02  6.562000606E-03  4.234019984E+00 
        53 -1.904013008E-02 -1.904013008E-02  6.562000606E-03  4.362691871E+00 
        54 -1.898222044E-02 -1.898222044E-02  6.562000606E-03  4.326099576E+00 
        55 -1.756250300E-02 -1.756249368E-02  6.562000141E-03  5.127469283E+00 
        56 -1.743750274E-02 -1.743749343E-02  6.562000141E-03  4.970011268E+00 
        57 -1.731250249E-02 -1.731249318E-02  6.562000141E-03  5.469670248E+00 
        58 -1.718750224E-02 -1.718749292E-02  6.562000141E-03  5.436461867E+00 
        59 -1.706250198E-02 -1.706249453E-02  6.562000141E-03  5.695243271E+00 
        60 -1.693750359E-02 -1.693749428E-02  6.562000141E-03  6.073403188E+00 
        61 -1.681250334E-02 -1.681249402E-02  6.562000141E-03  6.049124713E+00 
        62 -1.668750308E-02 -1.668749377E-02  6.562000141E-03  5.941049771E+00 
        63 -1.656250283E-02 -1.656249352E-02  6.562000141E-03  5.850461733E+00 
        64 -1.643750258E-02 -1.643749326E-02  6.562000141E-03  5.781535958E+00 
        65 -1.631250232E-02 -1.631249301E-02  6.562000141E-03  5.830248811E+00 
        66 -1.618750207E-02 -1.618749462E-02  6.562000141E-03  6.010248886E+00 
        67 -1.606250182E-02 -1.606249437E-02  6.562000141E-03  6.081346224E+00 
        68 -1.593750343E-02 -1.593749411E-02  6.562000141E-03  6.055393890E+00 
        69 -1.581250317E-02 -1.581249386E-02  6.562000141E-03  5.869593565E+00 
        70 -1.568750292E-02 -1.568749361E-02  6.562000141E-03  5.705566492E+00 
        71 -1.556250267E-02 -1.556249429E-02  6.562000141E-03  5.705192179E+00 
        72 -1.543750335E-02 -1.543749403E-02  6.562000141E-03  5.803183871E+00 
        73 -1.531250309E-02 -1.531249378E-02  6.562000141E-03  5.926638161E+00 
        74 -1.518750284E-02 -1.518749446E-02  6.562000141E-03  5.998672575E+00 
        75 -1.506250259E-02 -1.506249420E-02  6.562000141E-03  5.986561879E+00 
        76 -1.493750326E-02 -1.493749395E-02  6.562000141E-03  5.930207314E+00 
        77 -1.481250301E-02 -1.481249463E-02  6.562000141E-03  5.865492554E+00 
        78 -1.468750276E-02 -1.468749437E-02  6.562000141E-03  5.795230038E+00 
        79 -1.456250250E-02 -1.456249412E-02  6.562000141E-03  5.701617046E+00 
        80 -1.443750318E-02 -1.443749387E-02  6.562000141E-03  5.595845868E+00 
        81 -1.431250293E-02 -1.431249455E-02  6.562000141E-03  5.488143868E+00 
        82 -1.418750267E-02 -1.418749429E-02  6.562000141E-03  5.433511735E+00 
        83 -1.206250302E-02 -1.206249464E-02  6.562000141E-03  4.230850933E+00 
        84 -1.218750328E-02 -1.218749397E-02  6.562000141E-03  4.267105096E+00 
        85 -1.231250260E-02 -1.231249422E-02  6.562000141E-03  4.312415437E+00 
        86 -1.243750285E-02 -1.243749447E-02  6.562000141E-03  4.413921451E+00 
        87 -1.256250311E-02 -1.256249472E-02  6.562000141E-03  4.582011441E+00 
        88 -1.268750243E-02 -1.268749405E-02  6.562000141E-03  4.771192735E+00 
        89 -1.281250268E-02 -1.281249430E-02  6.562000141E-03  4.912185818E+00 
        90 -1.293750294E-02 -1.293749455E-02  6.562000141E-03  4.985558887E+00 
        91 -1.306250319E-02 -1.306249388E-02  6.562000141E-03  5.027153467E+00 
        92 -1.318750251E-02 -1.318749413E-02  6.562000141E-03  5.083398181E+00 
        93 -1.331250276E-02 -1.331249438E-02  6.562000141E-03  5.145825581E+00 
        94 -1.343750302E-02 -1.343749464E-02  6.562000141E-03  5.136399104E+00 
        95 -1.356250327E-02 -1.356249396E-02  6.562000141E-03  5.188034599E+00 
        96 -1.368750259E-02 -1.368749421E-02  6.562000141E-03  5.291382577E+00 
        97 -1.381250285E-02 -1.381249446E-02  6.562000141E-03  5.370074830E+00 
        98 -1.393750310E-02 -1.393749379E-02  6.562000141E-03  5.414327157E+00 
        99 -1.406250335E-02 -1.406249404E-02  6.562000141E-03  5.425726583E+00 
       100 -1.168750320E-02 -1.168749388E-02  6.562000141E-03  4.243947782E+00 
       101 -1.156250294E-02 -1.156249456E-02  6.562000141E-03  4.245619720E+00 
       102 -1.143750269E-02 -1.143749431E-02  6.562000141E-03  4.228822073E+00 
       103 -1.131250244E-02 -1.131249405E-02  6.562000141E-03  4.184812611E+00 
       104 -1.118750311E-02 -1.118749473E-02  6.562000141E-03  4.121998199E+00 
       105 -2.830386860E-03 -2.830386860E-03  6.562000606E-03  1.038783933E+00 
       106 -2.835483057E-03 -2.835483057E-03  6.562000606E-03  1.023868378E+00 
       107 -2.841603942E-03 -2.841603942E-03  6.562000141E-03  1.005781489E+00 
       108 -2.848957200E-03 -2.848957200E-03  6.562000141E-03  9.839138521E-01 
       109 -2.857792191E-03 -2.857792191E-03  6.562000141E-03  9.576662690E-01 
       110 -2.868410433E-03 -2.868410433E-03  6.562000141E-03  9.264593486E-01 
       111 -2.881176071E-03 -2.881176071E-03  6.562000141E-03  8.899952162E-01 
       112 -2.896528924E-03 -2.896528924E-03  6.562000606E-03  8.479964656E-01 
       113 -2.915001474E-03 -2.915001474E-03  6.562000141E-03  8.017193170E-01 
       114 -2.937239828E-03 -2.937239828E-03  6.562000141E-03  7.504648066E-01 
       115 -2.974424278E-03 -2.974424278E-03  6.562000141E-03  6.875054935E-01 
       116 -3.062231001E-03 -3.062227275E-03  6.562000141E-03  5.855343127E-01 
       117 -3.187502269E-03 -3.187494585E-03  6.562000141E-03  5.487622361E-01 
       118 -3.312502289E-03 -3.312494606E-03  6.562000141E-03  5.168083220E-01 
       119 -3.437502310E-03 -3.437494626E-03  6.562000141E-03  5.433510294E-01 
       120 -3.562502330E-03 -3.562494647E-03  6.562000141E-03  5.920402082E-01 
       121 -3.687502351E-03 -3.687494434E-03  6.562000141E-03  6.171581121E-01 
       122 -3.812502371E-03 -3.812494455E-03  6.562000141E-03  6.194428805E-01 
       123 -3.937502392E-03 -3.937494475E-03  6.562000141E-03  6.280126416E-01 
       124 -4.062502645E-03 -4.062494729E-03  6.562000141E-03  6.423477002E-01 
       125 -1.193750277E-02 -1.193749439E-02  6.562000141E-03  4.220574914E+00 
       126 -1.181250252E-02 -1.181249414E-02  6.562000141E-03  4.234972736E+00 
       127 -1.106250286E-02 -1.106249448E-02  6.562000141E-03  4.033048178E+00 
       128 -1.093750261E-02 -1.093749423E-02  6.562000141E-03  3.939857030E+00 
       129 -1.081250235E-02 -1.081249397E-02  6.562000141E-03  3.843119527E+00 
       130 -1.068750303E-02 -1.068749465E-02  6.562000141E-03  3.784920573E+00 
       131 -1.056250278E-02 -1.056249440E-02  6.562000141E-03  3.749095907E+00 
       132 -1.043750253E-02 -1.043749414E-02  6.562000141E-03  3.709881170E+00 
       133 -1.031250227E-02 -1.031249482E-02  6.562000141E-03  3.659840494E+00 
       134 -1.018750295E-02 -1.018749457E-02  6.562000141E-03  3.602692161E+00 
       135 -1.006250270E-02 -1.006249432E-02  6.562000141E-03  3.553900733E+00 
       136 -9.937502444E-03 -9.937494062E-03  6.562000141E-03  3.596945124E+00 
       137 -9.812503122E-03 -9.812494740E-03  6.562000141E-03  3.681791577E+00 
       138 -9.687502868E-03 -9.687494487E-03  6.562000141E-03  3.625420274E+00 
       139 -9.562502615E-03 -9.562494233E-03  6.562000141E-03  3.453966099E+00 
       140 -9.437502362E-03 -9.437493980E-03  6.562000141E-03  3.235363347E+00 
       141 -9.312503040E-03 -9.312494658E-03  6.562000141E-03  3.034156565E+00 
       142 -9.187502787E-03 -9.187494405E-03  6.562000141E-03  2.862825407E+00 
       143 -9.062502533E-03 -9.062494151E-03  6.562000141E-03  2.734241693E+00 
       144 -8.937502280E-03 -8.937494829E-03  6.562000141E-03  2.729716298E+00 
       145 -8.812502958E-03 -8.812494576E-03  6.562000141E-03  2.790620348E+00 
       146 -8.687502705E-03 -8.687494323E-03  6.562000141E-03  2.858725921E+00 
       147 -8.562502451E-03 -8.562494069E-03  6.562000141E-03  2.919422295E+00 
       148 -8.437502198E-03 -8.437494747E-03  6.562000141E-03  2.966144973E+00 
       149 -8.312502876E-03 -8.312494494E-03  6.562000141E-03  2.983785753E+00 
       150 -8.187502623E-03 -8.187494241E-03  6.562000141E-03  2.967712082E+00 
       151 -8.062502369E-03 -8.062494919E-03  6.562000141E-03  2.954204128E+00 
       152 -7.937503047E-03 -7.937494665E-03  6.562000141E-03  2.961186606E+00 
       153 -7.812502794E-03 -7.812494412E-03  6.562000141E-03  2.982806750E+00 
       154 -7.687502541E-03 -7.687494624E-03  6.562000141E-03  2.963127284E+00 
       155 -7.562502753E-03 -7.562494371E-03  6.562000141E-03  2.913982940E+00 
       156 -7.437502500E-03 -7.437494583E-03  6.562000141E-03  2.865179249E+00 
       157 -7.312502712E-03 -7.312494330E-03  6.562000141E-03  2.679544267E+00 
       158 -7.187502459E-03 -7.187494542E-03  6.562000141E-03  2.415507990E+00 
       159 -7.062502671E-03 -7.062494289E-03  6.562000141E-03  2.056692697E+00 
       160 -6.937502418E-03 -6.937494501E-03  6.562000141E-03  1.857569329E+00 
       161 -6.812502630E-03 -6.812494714E-03  6.562000141E-03  1.727167313E+00 
       162 -6.687502377E-03 -6.687494460E-03  6.562000141E-03  1.722179643E+00 
       163 -6.562502589E-03 -6.562494673E-03  6.562000141E-03  1.779265245E+00 
       164 -6.437502336E-03 -6.437494420E-03  6.562000141E-03  1.961608281E+00 
       165 -6.312502548E-03 -6.312494632E-03  6.562000141E-03  2.133959766E+00 
       166 -6.187502760E-03 -6.187494379E-03  6.562000141E-03  2.178773431E+00 
       167 -4.187502433E-03 -4.187494516E-03  6.562000141E-03  6.597306213E-01 
       168 -4.312502686E-03 -4.312494770E-03  6.562000141E-03  6.764709799E-01 
       169 -4.437502474E-03 -4.437494557E-03  6.562000141E-03  6.703222534E-01 
       170 -4.562502261E-03 -4.562494811E-03  6.562000141E-03  6.552095247E-01 
       171 -4.687502515E-03 -4.687494598E-03  6.562000141E-03  6.538419177E-01 
       172 -4.812502302E-03 -4.812494386E-03  6.562000141E-03  6.256689282E-01 
       173 -4.937502556E-03 -4.937494639E-03  6.562000141E-03  5.961450595E-01 
       174 -5.062502343E-03 -5.062494427E-03  6.562000141E-03  6.039099900E-01 
       175 -5.187502597E-03 -5.187494680E-03  6.562000141E-03  6.539156501E-01 
       176 -5.312502384E-03 -5.312494468E-03  6.562000141E-03  7.299368361E-01 
       177 -5.437502638E-03 -5.437494721E-03  6.562000141E-03  6.889868567E-01 
       178 -5.562502425E-03 -5.562494509E-03  6.562000141E-03  7.567983542E-01 
       179 -5.687502678E-03 -5.687494762E-03  6.562000141E-03  1.062791413E+00 
       180 -5.812502466E-03 -5.812494550E-03  6.562000141E-03  1.446141154E+00 
       181 -5.937502719E-03 -5.937494338E-03  6.562000141E-03  1.699786853E+00 
       182 -6.062502507E-03 -6.062494591E-03  6.562000141E-03  1.869930560E+00 
