cellnumber     x-coordinate     y-coordinate     z-coordinate velocity-magnitude 
         1  1.999999955E-02 -2.583321184E-02  6.562000141E-03  6.352359488E+00 
         2  1.999994740E-02 -2.602700889E-02  6.562000141E-03  6.655513609E+00 
         3  1.999998651E-02 -2.607314475E-02  6.562000141E-03  6.402477587E+00 
         4  1.999999955E-02 -2.615704387E-02  6.562000141E-03  6.524922359E+00 
         5  1.999999955E-02 -2.630104311E-02  6.562000141E-03  6.647125129E+00 
         6  1.999999955E-02 -2.644504420E-02  6.562000141E-03  6.712666981E+00 
         7  1.999999955E-02 -2.658904344E-02  6.562000141E-03  6.759857408E+00 
         8  1.999999955E-02 -2.673304267E-02  6.562000141E-03  6.810144186E+00 
         9  1.999999955E-02 -2.687704377E-02  6.562000141E-03  6.872474722E+00 
        10  1.999999955E-02 -2.702104300E-02  6.562000141E-03  6.945549739E+00 
        11  1.999999955E-02 -2.716504410E-02  6.562000141E-03  7.025884338E+00 
        12  1.999999955E-02 -2.730904333E-02  6.562000141E-03  7.108951640E+00 
        13  1.999999955E-02 -2.745304257E-02  6.562000141E-03  7.191678816E+00 
        14  1.999999955E-02 -2.759704366E-02  6.562000141E-03  7.271763049E+00 
        15  1.999999955E-02 -2.774104290E-02  6.562000141E-03  7.347422396E+00 
        16  1.999999955E-02 -2.788504399E-02  6.562000141E-03  7.416912951E+00 
        17  1.999999955E-02 -2.802904323E-02  6.562000141E-03  7.478843100E+00 
        18  1.999999955E-02 -2.817304432E-02  6.562000141E-03  7.532738170E+00 
        19  1.999999955E-02 -2.831704356E-02  6.562000141E-03  7.579560264E+00 
        20  1.999999955E-02 -2.846104279E-02  6.562000141E-03  7.621507873E+00 
        21  1.999999955E-02 -2.860504389E-02  6.562000141E-03  7.661261234E+00 
        22  1.999999955E-02 -2.874904312E-02  6.562000141E-03  7.699865244E+00 
        23  1.999999955E-02 -2.889304422E-02  6.562000141E-03  7.735645879E+00 
        24  1.999999955E-02 -2.903704345E-02  6.562000141E-03  7.762302332E+00 
        25  1.999999955E-02 -2.918104269E-02  6.562000141E-03  7.766559905E+00 
        26  1.999999955E-02 -2.932504378E-02  6.562000141E-03  7.720769545E+00 
        27  1.999999955E-02 -2.946904302E-02  6.562000141E-03  7.581987463E+00 
        28  1.999999955E-02 -2.959104441E-02  6.562000141E-03  7.252841082E+00 
        29  1.999999955E-02 -2.971169166E-02  6.562000606E-03  6.719530413E+00 
        30  1.999999955E-02 -2.980891429E-02  6.562000141E-03  6.115128136E+00 
        31  1.999999955E-02 -2.984774485E-02  6.562000141E-03  5.618002753E+00 
        32  1.999996044E-02 -2.592459694E-02  6.562000141E-03  6.469017087E+00 
