cellnumber     x-coordinate     y-coordinate     z-coordinate velocity-magnitude 
         1  1.999999955E-02 -2.583321184E-02  6.562000141E-03  4.483129673E+00 
         2  1.999994740E-02 -2.602700889E-02  6.562000141E-03  5.934696036E+00 
         3  1.999998651E-02 -2.607314475E-02  6.562000141E-03  6.300484367E+00 
         4  1.999999955E-02 -2.615704387E-02  6.562000141E-03  6.766560665E+00 
         5  1.999999955E-02 -2.630104311E-02  6.562000141E-03  6.910889312E+00 
         6  1.999999955E-02 -2.644504420E-02  6.562000141E-03  6.940763030E+00 
         7  1.999999955E-02 -2.658904344E-02  6.562000141E-03  6.943331128E+00 
         8  1.999999955E-02 -2.673304267E-02  6.562000141E-03  6.943726324E+00 
         9  1.999999955E-02 -2.687704377E-02  6.562000141E-03  6.948011659E+00 
        10  1.999999955E-02 -2.702104300E-02  6.562000141E-03  6.958730117E+00 
        11  1.999999955E-02 -2.716504410E-02  6.562000141E-03  6.975983719E+00 
        12  1.999999955E-02 -2.730904333E-02  6.562000141E-03  7.000723907E+00 
        13  1.999999955E-02 -2.745304257E-02  6.562000141E-03  7.033355085E+00 
        14  1.999999955E-02 -2.759704366E-02  6.562000141E-03  7.074023432E+00 
        15  1.999999955E-02 -2.774104290E-02  6.562000141E-03  7.122664822E+00 
        16  1.999999955E-02 -2.788504399E-02  6.562000141E-03  7.179005969E+00 
        17  1.999999955E-02 -2.802904323E-02  6.562000141E-03  7.242097533E+00 
        18  1.999999955E-02 -2.817304432E-02  6.562000141E-03  7.309969915E+00 
        19  1.999999955E-02 -2.831704356E-02  6.562000141E-03  7.379883511E+00 
        20  1.999999955E-02 -2.846104279E-02  6.562000141E-03  7.448601970E+00 
        21  1.999999955E-02 -2.860504389E-02  6.562000141E-03  7.512458894E+00 
        22  1.999999955E-02 -2.874904312E-02  6.562000141E-03  7.568097473E+00 
        23  1.999999955E-02 -2.889304422E-02  6.562000141E-03  7.613027337E+00 
        24  1.999999955E-02 -2.903704345E-02  6.562000141E-03  7.641968133E+00 
        25  1.999999955E-02 -2.918104269E-02  6.562000141E-03  7.645932896E+00 
        26  1.999999955E-02 -2.932504378E-02  6.562000141E-03  7.609254318E+00 
        27  1.999999955E-02 -2.946904302E-02  6.562000141E-03  7.497826671E+00 
        28  1.999999955E-02 -2.959104441E-02  6.562000141E-03  7.233296104E+00 
        29  1.999999955E-02 -2.971169166E-02  6.562000606E-03  6.770052516E+00 
        30  1.999999955E-02 -2.980891429E-02  6.562000141E-03  6.221103275E+00 
        31  1.999999955E-02 -2.984774485E-02  6.562000141E-03  5.760291761E+00 
        32  1.999996044E-02 -2.592459694E-02  6.562000141E-03  5.489720918E+00 
