cellnumber     x-coordinate     y-coordinate     z-coordinate velocity-magnitude 
         1  1.999999955E-02 -2.583321184E-02  6.562000141E-03  5.296273703E+00 
         2  1.999994740E-02 -2.602700889E-02  6.562000141E-03  6.162016616E+00 
         3  1.999998651E-02 -2.607314475E-02  6.562000141E-03  6.134551160E+00 
         4  1.999999955E-02 -2.615704387E-02  6.562000141E-03  6.677490557E+00 
         5  1.999999955E-02 -2.630104311E-02  6.562000141E-03  6.883681475E+00 
         6  1.999999955E-02 -2.644504420E-02  6.562000141E-03  6.929518127E+00 
         7  1.999999955E-02 -2.658904344E-02  6.562000141E-03  6.924768507E+00 
         8  1.999999955E-02 -2.673304267E-02  6.562000141E-03  6.912964712E+00 
         9  1.999999955E-02 -2.687704377E-02  6.562000141E-03  6.907227807E+00 
        10  1.999999955E-02 -2.702104300E-02  6.562000141E-03  6.912668275E+00 
        11  1.999999955E-02 -2.716504410E-02  6.562000141E-03  6.930459592E+00 
        12  1.999999955E-02 -2.730904333E-02  6.562000141E-03  6.959062050E+00 
        13  1.999999955E-02 -2.745304257E-02  6.562000141E-03  6.996163920E+00 
        14  1.999999955E-02 -2.759704366E-02  6.562000141E-03  7.039607220E+00 
        15  1.999999955E-02 -2.774104290E-02  6.562000141E-03  7.087193588E+00 
        16  1.999999955E-02 -2.788504399E-02  6.562000141E-03  7.137602457E+00 
        17  1.999999955E-02 -2.802904323E-02  6.562000141E-03  7.189761909E+00 
        18  1.999999955E-02 -2.817304432E-02  6.562000141E-03  7.242182885E+00 
        19  1.999999955E-02 -2.831704356E-02  6.562000141E-03  7.293585200E+00 
        20  1.999999955E-02 -2.846104279E-02  6.562000141E-03  7.343484846E+00 
        21  1.999999955E-02 -2.860504389E-02  6.562000141E-03  7.392192230E+00 
        22  1.999999955E-02 -2.874904312E-02  6.562000141E-03  7.440393315E+00 
        23  1.999999955E-02 -2.889304422E-02  6.562000141E-03  7.487283160E+00 
        24  1.999999955E-02 -2.903704345E-02  6.562000141E-03  7.529095123E+00 
        25  1.999999955E-02 -2.918104269E-02  6.562000141E-03  7.556320856E+00 
        26  1.999999955E-02 -2.932504378E-02  6.562000141E-03  7.552387511E+00 
        27  1.999999955E-02 -2.946904302E-02  6.562000141E-03  7.480207786E+00 
        28  1.999999955E-02 -2.959104441E-02  6.562000141E-03  7.251957190E+00 
        29  1.999999955E-02 -2.971169166E-02  6.562000606E-03  6.791602061E+00 
        30  1.999999955E-02 -2.980891429E-02  6.562000141E-03  6.184653106E+00 
        31  1.999999955E-02 -2.984774485E-02  6.562000141E-03  5.650323146E+00 
        32  1.999996044E-02 -2.592459694E-02  6.562000141E-03  5.715492387E+00 
