cellnumber     x-coordinate     y-coordinate     z-coordinate velocity-magnitude 
         1 -1.356249768E-02 -1.356250513E-02  6.562000141E-03  4.843917062E+00 
         2 -1.343749836E-02 -1.343750581E-02  6.562000141E-03  4.791323127E+00 
         3 -1.331249811E-02 -1.331250556E-02  6.562000141E-03  4.738485346E+00 
         4 -1.318749785E-02 -1.318750530E-02  6.562000141E-03  4.683100010E+00 
         5 -1.306249760E-02 -1.306250505E-02  6.562000141E-03  4.628883221E+00 
         6 -1.293749828E-02 -1.293750573E-02  6.562000141E-03  4.580005322E+00 
         7 -1.281249803E-02 -1.281250548E-02  6.562000141E-03  4.531982683E+00 
         8 -1.268749777E-02 -1.268750522E-02  6.562000141E-03  4.482831574E+00 
         9 -9.812497534E-03 -9.812504984E-03  6.562000141E-03  3.206014469E+00 
        10 -9.937497787E-03 -9.937505238E-03  6.562000141E-03  3.259662202E+00 
        11 -1.006249804E-02 -1.006250549E-02  6.562000141E-03  3.308412432E+00 
        12 -1.018749829E-02 -1.018750574E-02  6.562000141E-03  3.356855232E+00 
        13 -1.031249762E-02 -1.031250507E-02  6.562000141E-03  3.406764204E+00 
        14 -1.043749787E-02 -1.043750532E-02  6.562000141E-03  3.459804371E+00 
        15 -1.056249812E-02 -1.056250557E-02  6.562000141E-03  3.515750499E+00 
        16 -1.068749838E-02 -1.068750583E-02  6.562000141E-03  3.574718578E+00 
        17 -1.081249770E-02 -1.081250515E-02  6.562000141E-03  3.635979298E+00 
        18 -1.093749795E-02 -1.093750540E-02  6.562000141E-03  3.698785673E+00 
        19 -1.106249820E-02 -1.106250565E-02  6.562000141E-03  3.762239056E+00 
        20 -1.118749846E-02 -1.118750498E-02  6.562000141E-03  3.825664223E+00 
        21 -1.131249778E-02 -1.131250523E-02  6.562000141E-03  3.888240975E+00 
        22 -1.143749803E-02 -1.143750548E-02  6.562000141E-03  3.949447013E+00 
        23 -1.156249829E-02 -1.156250574E-02  6.562000141E-03  4.008848142E+00 
        24 -1.168749761E-02 -1.168750506E-02  6.562000141E-03  4.066351218E+00 
        25 -1.181249786E-02 -1.181250531E-02  6.562000141E-03  4.122016896E+00 
        26 -1.193749812E-02 -1.193750557E-02  6.562000141E-03  4.176045327E+00 
        27 -1.206249837E-02 -1.206250582E-02  6.562000141E-03  4.228730409E+00 
        28 -1.218749769E-02 -1.218750514E-02  6.562000141E-03  4.280503292E+00 
        29 -1.231249794E-02 -1.231250539E-02  6.562000141E-03  4.331697154E+00 
        30 -1.243749820E-02 -1.243750565E-02  6.562000141E-03  4.382467089E+00 
        31 -1.256249845E-02 -1.256250497E-02  6.562000141E-03  4.432969610E+00 
        32 -9.687498212E-03 -9.687505662E-03  6.562000141E-03  3.169815705E+00 
        33 -9.562497959E-03 -9.562505409E-03  6.562000141E-03  3.132630981E+00 
        34 -9.437497705E-03 -9.437505156E-03  6.562000141E-03  3.057174428E+00 
        35 -9.312498383E-03 -9.312505834E-03  6.562000141E-03  2.876855989E+00 
        36 -9.187498130E-03 -9.187505580E-03  6.562000141E-03  2.496075034E+00 
        37 -9.062497877E-03 -9.062505327E-03  6.562000141E-03  2.093609897E+00 
        38 -8.937497623E-03 -8.937505074E-03  6.562000141E-03  1.873746946E+00 
        39 -8.812498301E-03 -8.812505752E-03  6.562000141E-03  2.097795274E+00 
        40 -8.687498048E-03 -8.687505499E-03  6.562000141E-03  2.385248521E+00 
        41 -8.562497795E-03 -8.562505245E-03  6.562000141E-03  2.492466522E+00 
        42 -2.830355195E-03 -2.830355195E-03  6.562000141E-03  1.071229457E+00 
        43 -2.835455118E-03 -2.835455118E-03  6.562000606E-03  1.121311159E+00 
        44 -2.841580659E-03 -2.841580659E-03  6.562000606E-03  1.180975333E+00 
        45 -2.848939039E-03 -2.848939039E-03  6.562000141E-03  1.253002702E+00 
        46 -2.857780783E-03 -2.857780783E-03  6.562000141E-03  1.341080517E+00 
        47 -2.868407406E-03 -2.868407406E-03  6.562000606E-03  1.449926798E+00 
        48 -2.881182823E-03 -2.881182823E-03  6.562000606E-03  1.583095111E+00 
        49 -2.896548016E-03 -2.896548016E-03  6.562000141E-03  1.739900224E+00 
        50 -2.915035933E-03 -2.915035933E-03  6.562000141E-03  1.902850495E+00 
        51 -2.937293379E-03 -2.937293379E-03  6.562000606E-03  2.020058256E+00 
        52 -2.975319745E-03 -2.975319745E-03  6.562000606E-03  2.035334901E+00 
        53 -3.059382550E-03 -3.059382550E-03  6.562000606E-03  1.832731410E+00 
        54 -3.123705741E-03 -3.123705741E-03  6.562000141E-03  1.534282583E+00 
        55 -3.189915325E-03 -3.189919051E-03  6.562000141E-03  1.303199121E+00 
        56 -3.312497865E-03 -3.312505316E-03  6.562000141E-03  1.004173438E+00 
        57 -3.437497886E-03 -3.437505336E-03  6.562000141E-03  1.203955271E+00 
        58 -3.562497906E-03 -3.562505357E-03  6.562000141E-03  1.077183402E+00 
        59 -3.687497927E-03 -3.687505145E-03  6.562000141E-03  8.702477033E-01 
        60 -3.812497947E-03 -3.812505165E-03  6.562000141E-03  7.692988246E-01 
        61 -3.937497735E-03 -3.937505186E-03  6.562000141E-03  6.692007781E-01 
        62 -1.368749794E-02 -1.368750539E-02  6.562000141E-03  4.900563775E+00 
        63 -1.381249819E-02 -1.381250564E-02  6.562000141E-03  4.962067337E+00 
        64 -1.393749844E-02 -1.393750496E-02  6.562000141E-03  5.024076642E+00 
        65 -1.406249776E-02 -1.406250522E-02  6.562000141E-03  5.084815648E+00 
        66 -1.418749802E-02 -1.418750547E-02  6.562000141E-03  5.147491044E+00 
        67 -1.431249827E-02 -1.431250572E-02  6.562000141E-03  5.209968114E+00 
        68 -1.443749759E-02 -1.443750504E-02  6.562000141E-03  5.261724411E+00 
        69 -1.456249785E-02 -1.456250530E-02  6.562000141E-03  5.303020871E+00 
        70 -1.468749810E-02 -1.468750555E-02  6.562000141E-03  5.337293175E+00 
        71 -1.481249835E-02 -1.481250580E-02  6.562000141E-03  5.364423226E+00 
        72 -1.493749768E-02 -1.493750513E-02  6.562000141E-03  5.384486106E+00 
        73 -1.506249793E-02 -1.506250538E-02  6.562000141E-03  5.399724474E+00 
        74 -1.518749818E-02 -1.518750563E-02  6.562000141E-03  5.413433229E+00 
        75 -1.531249844E-02 -1.531250495E-02  6.562000141E-03  5.423994188E+00 
        76 -1.543749776E-02 -1.543750521E-02  6.562000141E-03  5.425226390E+00 
        77 -1.556249801E-02 -1.556250546E-02  6.562000141E-03  5.418210128E+00 
        78 -1.568749733E-02 -1.568750478E-02  6.562000141E-03  5.428227093E+00 
        79 -1.581249759E-02 -1.581250504E-02  6.562000141E-03  5.446809567E+00 
        80 -1.593749784E-02 -1.593750529E-02  6.562000141E-03  5.454059888E+00 
        81 -1.606249809E-02 -1.606250554E-02  6.562000141E-03  5.442014720E+00 
        82 -1.618749835E-02 -1.618750580E-02  6.562000141E-03  5.410239371E+00 
        83 -1.631249860E-02 -1.631250419E-02  6.562000141E-03  5.402935954E+00 
        84 -1.643749699E-02 -1.643750444E-02  6.562000141E-03  5.394193904E+00 
        85 -1.656249724E-02 -1.656250469E-02  6.562000141E-03  5.386094862E+00 
        86 -1.668749750E-02 -1.668750495E-02  6.562000141E-03  5.378039309E+00 
        87 -1.681249775E-02 -1.681250520E-02  6.562000141E-03  5.379785926E+00 
        88 -8.437497541E-03 -8.437504992E-03  6.562000141E-03  2.426664769E+00 
        89 -8.312498219E-03 -8.312505670E-03  6.562000141E-03  3.295876529E+00 
        90 -8.187497966E-03 -8.187505417E-03  6.562000141E-03  3.607454871E+00 
        91 -8.062497713E-03 -8.062505163E-03  6.562000141E-03  3.712815125E+00 
        92 -7.937498391E-03 -7.937505841E-03  6.562000141E-03  3.548261943E+00 
        93 -7.812498137E-03 -7.812505588E-03  6.562000141E-03  3.408499604E+00 
        94 -7.687497884E-03 -7.687505335E-03  6.562000141E-03  3.207371667E+00 
        95 -7.562498096E-03 -7.562505547E-03  6.562000141E-03  2.644621966E+00 
        96 -7.437497843E-03 -7.437505294E-03  6.562000141E-03  2.022302405E+00 
        97 -7.312498055E-03 -7.312505506E-03  6.562000141E-03  1.783230651E+00 
        98 -7.187497802E-03 -7.187505253E-03  6.562000141E-03  8.082452053E-01 
        99 -7.062498014E-03 -7.062505465E-03  6.562000141E-03  5.449259901E-01 
       100 -6.937497761E-03 -6.937505212E-03  6.562000141E-03  6.118277212E-01 
       101 -6.812497973E-03 -6.812505424E-03  6.562000141E-03  3.666673824E-01 
       102 -6.687498186E-03 -6.687505171E-03  6.562000141E-03  4.838611809E-01 
       103 -6.562497932E-03 -6.562505383E-03  6.562000141E-03  6.462818018E-01 
       104 -6.437498145E-03 -6.437505130E-03  6.562000141E-03  8.154290457E-01 
       105 -6.312497891E-03 -6.312505342E-03  6.562000141E-03  9.462097156E-01 
       106 -6.187498104E-03 -6.187505554E-03  6.562000141E-03  1.069234486E+00 
       107 -6.062497851E-03 -6.062505301E-03  6.562000141E-03  1.514522663E+00 
       108 -5.937498063E-03 -5.937505513E-03  6.562000141E-03  1.687209465E+00 
       109 -5.812497810E-03 -5.812505260E-03  6.562000141E-03  1.642057415E+00 
       110 -5.687498022E-03 -5.687505472E-03  6.562000141E-03  1.558896464E+00 
       111 -5.562497769E-03 -5.562505219E-03  6.562000141E-03  1.442067303E+00 
       112 -5.437497981E-03 -5.437505431E-03  6.562000141E-03  1.383327537E+00 
       113 -5.312498193E-03 -5.312505178E-03  6.562000141E-03  1.268499700E+00 
       114 -5.187497940E-03 -5.187505390E-03  6.562000141E-03  1.059743933E+00 
       115 -5.062498152E-03 -5.062505137E-03  6.562000141E-03  8.725475685E-01 
       116 -4.937497899E-03 -4.937505350E-03  6.562000141E-03  7.158572777E-01 
       117 -4.812498111E-03 -4.812505562E-03  6.562000141E-03  6.028929009E-01 
       118 -4.687497858E-03 -4.687505309E-03  6.562000141E-03  5.450152438E-01 
       119 -4.562498070E-03 -4.562505521E-03  6.562000141E-03  5.365204424E-01 
       120 -4.437497817E-03 -4.437505268E-03  6.562000141E-03  5.268177013E-01 
       121 -4.312498029E-03 -4.312505480E-03  6.562000141E-03  4.837383242E-01 
       122 -4.187497776E-03 -4.187505227E-03  6.562000141E-03  4.959380035E-01 
       123 -4.062497988E-03 -4.062505439E-03  6.562000141E-03  5.787117709E-01 
       124 -2.121081017E-02 -2.121081017E-02  6.562000141E-03  1.244780855E-01 
       125 -2.120563947E-02 -2.120563947E-02  6.562000141E-03  3.756740746E-01 
       126 -2.119943500E-02 -2.119943500E-02  6.562000141E-03  6.777480049E-01 
       127 -2.119199000E-02 -2.119199000E-02  6.562000141E-03  1.041182480E+00 
       128 -2.118305862E-02 -2.118305862E-02  6.562000141E-03  1.476310488E+00 
       129 -2.117234282E-02 -2.117234282E-02  6.562000606E-03  1.988869276E+00 
       130 -2.115948685E-02 -2.115948685E-02  6.562000606E-03  2.570363317E+00 
       131 -2.114406601E-02 -2.114406601E-02  6.562000606E-03  3.197123372E+00 
       132 -2.112556621E-02 -2.112556621E-02  6.562000606E-03  3.802542581E+00 
       133 -2.110337466E-02 -2.110337466E-02  6.562000606E-03  4.269098931E+00 
       134 -2.106651478E-02 -2.106651478E-02  6.562000606E-03  4.488863332E+00 
       135 -2.102797665E-02 -2.102797665E-02  6.562000141E-03  4.557463172E+00 
       136 -2.100796066E-02 -2.100796066E-02  6.562000141E-03  4.541139886E+00 
       137 -2.095155232E-02 -2.095155232E-02  6.562000141E-03  4.409760901E+00 
       138 -2.089514025E-02 -2.089514025E-02  6.562000141E-03  4.237002082E+00 
       139 -2.082296833E-02 -2.082296833E-02  6.562000141E-03  4.414013182E+00 
       140 -2.075096965E-02 -2.075096965E-02  6.562000606E-03  4.752291132E+00 
       141 -2.067896910E-02 -2.067896910E-02  6.562000141E-03  5.285535739E+00 
       142 -2.060696855E-02 -2.060696855E-02  6.562000606E-03  5.574999289E+00 
       143 -2.053496987E-02 -2.053496987E-02  6.562000141E-03  5.566480487E+00 
       144 -2.046296932E-02 -2.046296932E-02  6.562000606E-03  5.351847883E+00 
       145 -2.039096877E-02 -2.039096877E-02  6.562000141E-03  4.657834709E+00 
       146 -2.031897008E-02 -2.031897008E-02  6.562000141E-03  4.110157577E+00 
       147 -2.024696954E-02 -2.024696954E-02  6.562000141E-03  3.772358632E+00 
       148 -2.017496899E-02 -2.017496899E-02  6.562000606E-03  3.677707889E+00 
       149 -2.010297030E-02 -2.010297030E-02  6.562000141E-03  3.742381787E+00 
       150 -2.003096975E-02 -2.003096975E-02  6.562000606E-03  3.890151198E+00 
       151 -1.995896921E-02 -1.995896921E-02  6.562000141E-03  4.192281718E+00 
       152 -1.988696866E-02 -1.988696866E-02  6.562000606E-03  4.307957873E+00 
       153 -1.981496997E-02 -1.981496997E-02  6.562000141E-03  4.467654621E+00 
       154 -1.974296942E-02 -1.974296942E-02  6.562000606E-03  4.656397246E+00 
       155 -1.967096888E-02 -1.967096888E-02  6.562000141E-03  4.815034717E+00 
       156 -1.959896833E-02 -1.959896833E-02  6.562000606E-03  5.061830520E+00 
       157 -1.952696964E-02 -1.952696964E-02  6.562000141E-03  5.233851929E+00 
       158 -1.945496909E-02 -1.945496909E-02  6.562000606E-03  5.426318044E+00 
       159 -1.938296854E-02 -1.938296854E-02  6.562000141E-03  5.515321467E+00 
       160 -1.931096986E-02 -1.931096986E-02  6.562000606E-03  5.647738709E+00 
       161 -1.895486377E-02 -1.895486377E-02  6.562000141E-03  5.631012294E+00 
       162 -1.889866963E-02 -1.889866963E-02  6.562000606E-03  5.901725430E+00 
       163 -1.880285144E-02 -1.880285516E-02  6.562000141E-03  5.837835607E+00 
       164 -1.868749782E-02 -1.868750528E-02  6.562000141E-03  5.756635229E+00 
       165 -1.856249757E-02 -1.856250502E-02  6.562000141E-03  5.655363824E+00 
       166 -1.843749732E-02 -1.843750477E-02  6.562000141E-03  5.536400182E+00 
       167 -1.831249706E-02 -1.831250452E-02  6.562000141E-03  5.471094009E+00 
       168 -1.818749867E-02 -1.818750426E-02  6.562000141E-03  5.495946196E+00 
       169 -1.806249842E-02 -1.806250587E-02  6.562000141E-03  5.527500244E+00 
       170 -1.793749817E-02 -1.793750562E-02  6.562000141E-03  5.542198981E+00 
       171 -1.781249791E-02 -1.781250536E-02  6.562000141E-03  5.483494112E+00 
       172 -1.768749766E-02 -1.768750511E-02  6.562000141E-03  5.418252056E+00 
       173 -1.756249741E-02 -1.756250486E-02  6.562000141E-03  5.416468162E+00 
       174 -1.743749715E-02 -1.743750460E-02  6.562000141E-03  5.415079552E+00 
       175 -1.731249690E-02 -1.731250435E-02  6.562000141E-03  5.402776800E+00 
       176 -1.718749851E-02 -1.718750596E-02  6.562000141E-03  5.392662919E+00 
       177 -1.706249826E-02 -1.706250571E-02  6.562000141E-03  5.388159345E+00 
       178 -1.693749800E-02 -1.693750545E-02  6.562000141E-03  5.384666295E+00 
       179 -1.923896931E-02 -1.923896931E-02  6.562000141E-03  5.705711127E+00 
       180 -1.916676387E-02 -1.916676387E-02  6.562000606E-03  5.739118072E+00 
       181 -1.912219636E-02 -1.912219636E-02  6.562000606E-03  5.815886318E+00 
       182 -1.904012822E-02 -1.904012822E-02  6.562000606E-03  5.757456499E+00 
       183 -1.898222044E-02 -1.898222044E-02  6.562000606E-03  5.633582712E+00 
