cellnumber     x-coordinate     y-coordinate     z-coordinate velocity-magnitude 
         1 -2.031896822E-02 -2.031896822E-02  6.562000141E-03  4.675222461E+00 
         2 -2.024696954E-02 -2.024696954E-02  6.562000141E-03  4.723377346E+00 
         3 -2.017496899E-02 -2.017496899E-02  6.562000141E-03  4.597850108E+00 
         4 -2.010296844E-02 -2.010296844E-02  6.562000141E-03  4.442482582E+00 
         5 -2.003096975E-02 -2.003096975E-02  6.562000141E-03  4.358153556E+00 
         6 -1.995896921E-02 -1.995896921E-02  6.562000141E-03  4.288048012E+00 
         7 -1.988696866E-02 -1.988696866E-02  6.562000141E-03  4.226028806E+00 
         8 -1.981496811E-02 -1.981496811E-02  6.562000141E-03  4.124927799E+00 
         9 -1.974296942E-02 -1.974296942E-02  6.562000141E-03  4.052133720E+00 
        10 -1.967096888E-02 -1.967096888E-02  6.562000141E-03  3.960455578E+00 
        11 -1.959896833E-02 -1.959896833E-02  6.562000141E-03  3.925274668E+00 
        12 -1.952696964E-02 -1.952696964E-02  6.562000141E-03  4.008291703E+00 
        13 -1.945496909E-02 -1.945496909E-02  6.562000606E-03  4.128731266E+00 
        14 -1.938296854E-02 -1.938296854E-02  6.562000141E-03  4.498573286E+00 
        15 -1.931096986E-02 -1.931096986E-02  6.562000606E-03  4.593459138E+00 
        16 -1.923896931E-02 -1.923896931E-02  6.562000141E-03  4.790253229E+00 
        17 -1.916676387E-02 -1.916676387E-02  6.562000606E-03  4.728830909E+00 
        18 -1.912219450E-02 -1.912219450E-02  6.562000606E-03  4.962855257E+00 
        19 -1.904012822E-02 -1.904012822E-02  6.562000141E-03  5.041658753E+00 
        20 -1.898222044E-02 -1.898222044E-02  6.562000606E-03  5.320639671E+00 
        21 -2.121081017E-02 -2.121081017E-02  6.562000141E-03  9.809523118E-02 
        22 -2.120563947E-02 -2.120563947E-02  6.562000141E-03  2.921809342E-01 
        23 -2.119943500E-02 -2.119943500E-02  6.562000141E-03  5.195481077E-01 
        24 -2.119199000E-02 -2.119199000E-02  6.562000141E-03  7.837665005E-01 
        25 -2.118305862E-02 -2.118305862E-02  6.562000141E-03  1.086214998E+00 
        26 -2.117234282E-02 -2.117234282E-02  6.562000606E-03  1.423317708E+00 
        27 -2.115948685E-02 -2.115948685E-02  6.562000606E-03  1.783761126E+00 
        28 -2.114406601E-02 -2.114406601E-02  6.562000141E-03  2.147908316E+00 
        29 -2.112556435E-02 -2.112556435E-02  6.562000141E-03  2.494223155E+00 
        30 -2.110337466E-02 -2.110337466E-02  6.562001072E-03  2.805180851E+00 
        31 -2.106651478E-02 -2.106651478E-02  6.562000606E-03  3.163961450E+00 
        32 -2.102797665E-02 -2.102797665E-02  6.562000141E-03  3.336925257E+00 
        33 -2.100796066E-02 -2.100796066E-02  6.562000141E-03  3.407837401E+00 
        34 -2.095155232E-02 -2.095155232E-02  6.562000141E-03  3.450208856E+00 
        35 -2.089514025E-02 -2.089514025E-02  6.562000141E-03  3.569647679E+00 
        36 -2.082296833E-02 -2.082296833E-02  6.562000141E-03  3.505274112E+00 
        37 -2.075096965E-02 -2.075096965E-02  6.562000141E-03  3.591259127E+00 
        38 -2.067896910E-02 -2.067896910E-02  6.562000141E-03  3.705019921E+00 
        39 -2.060696855E-02 -2.060696855E-02  6.562000141E-03  3.863153662E+00 
        40 -2.053496800E-02 -2.053496800E-02  6.562000141E-03  4.096229171E+00 
        41 -2.046296932E-02 -2.046296932E-02  6.562000606E-03  4.322447495E+00 
        42 -2.039096877E-02 -2.039096877E-02  6.562000141E-03  4.608191290E+00 
        43 -1.895486563E-02 -1.895486563E-02  6.562000606E-03  5.538075953E+00 
        44 -1.889866963E-02 -1.889866963E-02  6.562000141E-03  5.647522682E+00 
        45 -1.880285144E-02 -1.880285516E-02  6.562000141E-03  5.819427383E+00 
        46 -1.868749969E-02 -1.868750341E-02  6.562000141E-03  5.719454723E+00 
        47 -1.856249943E-02 -1.856250316E-02  6.562000141E-03  5.703561261E+00 
        48 -1.843749918E-02 -1.843750477E-02  6.562000141E-03  5.699589323E+00 
        49 -1.831249893E-02 -1.831250452E-02  6.562000141E-03  5.721004357E+00 
        50 -1.818749867E-02 -1.818750426E-02  6.562000141E-03  5.805555153E+00 
        51 -1.806249842E-02 -1.806250401E-02  6.562000141E-03  5.927451165E+00 
        52 -1.793749817E-02 -1.793750376E-02  6.562000141E-03  6.121508087E+00 
        53 -1.781249791E-02 -1.781250350E-02  6.562000141E-03  6.358590296E+00 
        54 -1.768749952E-02 -1.768750325E-02  6.562000141E-03  6.362402544E+00 
        55 -1.756249927E-02 -1.756250486E-02  6.562000141E-03  6.079847539E+00 
        56 -1.743749902E-02 -1.743750460E-02  6.562000141E-03  5.908299649E+00 
        57 -1.731249876E-02 -1.731250435E-02  6.562000141E-03  5.837669337E+00 
        58 -1.718749851E-02 -1.718750410E-02  6.562000141E-03  5.631082836E+00 
        59 -1.706249826E-02 -1.706250384E-02  6.562000141E-03  5.433267738E+00 
        60 -1.693749800E-02 -1.693750359E-02  6.562000141E-03  5.269285363E+00 
        61 -1.681249961E-02 -1.681250334E-02  6.562000141E-03  5.274066802E+00 
        62 -1.668749936E-02 -1.668750495E-02  6.562000141E-03  5.424708907E+00 
        63 -1.656249911E-02 -1.656250469E-02  6.562000141E-03  5.579649251E+00 
        64 -1.643749885E-02 -1.643750444E-02  6.562000141E-03  5.888964887E+00 
        65 -1.631249860E-02 -1.631250419E-02  6.562000141E-03  5.866205152E+00 
        66 -1.618749835E-02 -1.618750393E-02  6.562000141E-03  5.681656281E+00 
        67 -1.606249809E-02 -1.606250368E-02  6.562000141E-03  5.422156295E+00 
        68 -2.830355195E-03 -2.830355195E-03  6.562000606E-03  9.786868992E-01 
        69 -2.835455118E-03 -2.835455118E-03  6.562000606E-03  8.887624608E-01 
        70 -2.841580659E-03 -2.841580659E-03  6.562000606E-03  8.425013836E-01 
        71 -2.848939039E-03 -2.848939039E-03  6.562000606E-03  8.527272363E-01 
        72 -2.857780783E-03 -2.857780783E-03  6.562000141E-03  9.100737460E-01 
        73 -2.868407406E-03 -2.868407406E-03  6.562000141E-03  9.852717212E-01 
        74 -2.881182823E-03 -2.881182823E-03  6.562000141E-03  1.046888683E+00 
        75 -2.896548016E-03 -2.896548016E-03  6.562000141E-03  1.087760416E+00 
        76 -2.915035933E-03 -2.915035933E-03  6.562000141E-03  1.118954389E+00 
        77 -2.937293379E-03 -2.937293379E-03  6.562000606E-03  1.178502490E+00 
        78 -2.975319745E-03 -2.975319745E-03  6.562000606E-03  1.274473626E+00 
        79 -3.059382550E-03 -3.059382550E-03  6.562000606E-03  1.640066596E+00 
        80 -3.123705741E-03 -3.123705741E-03  6.562000141E-03  1.852447359E+00 
        81 -3.189915325E-03 -3.189919051E-03  6.562000141E-03  2.042722248E+00 
        82 -3.312498098E-03 -3.312505083E-03  6.562000141E-03  1.960586413E+00 
        83 -3.437498119E-03 -3.437505104E-03  6.562000141E-03  1.422576525E+00 
        84 -3.562498139E-03 -3.562505124E-03  6.562000141E-03  1.102209398E+00 
        85 -3.687498160E-03 -3.687505145E-03  6.562000141E-03  1.104928803E+00 
        86 -3.812497947E-03 -3.812504932E-03  6.562000141E-03  1.010662973E+00 
        87 -3.937498201E-03 -3.937505186E-03  6.562000141E-03  9.826767332E-01 
        88 -4.062497988E-03 -4.062504973E-03  6.562000141E-03  1.071231263E+00 
        89 -4.187498242E-03 -4.187505227E-03  6.562000141E-03  1.139639138E+00 
        90 -4.312498029E-03 -4.312505014E-03  6.562000141E-03  1.096473243E+00 
        91 -4.437498283E-03 -4.437505268E-03  6.562000141E-03  9.946762915E-01 
        92 -4.562498070E-03 -4.562505055E-03  6.562000141E-03  9.754553894E-01 
        93 -4.687498324E-03 -4.687505309E-03  6.562000141E-03  1.060167793E+00 
        94 -4.812498111E-03 -4.812505096E-03  6.562000141E-03  1.175074107E+00 
        95 -1.006249897E-02 -1.006250456E-02  6.562000141E-03  3.323903274E+00 
        96 -9.937498719E-03 -9.937505238E-03  6.562000141E-03  3.178446591E+00 
        97 -9.812498465E-03 -9.812504984E-03  6.562000141E-03  3.044224468E+00 
        98 -9.687498212E-03 -9.687504731E-03  6.562000141E-03  2.739011359E+00 
        99 -9.562498890E-03 -9.562504478E-03  6.562000141E-03  2.579818644E+00 
       100 -9.437498637E-03 -9.437505156E-03  6.562000141E-03  2.662471980E+00 
       101 -9.312498383E-03 -9.312504902E-03  6.562000141E-03  3.278425986E+00 
       102 -9.187498130E-03 -9.187504649E-03  6.562000141E-03  3.284612222E+00 
       103 -9.062498808E-03 -9.062504396E-03  6.562000141E-03  3.294760415E+00 
       104 -8.937498555E-03 -8.937505074E-03  6.562000141E-03  3.246395932E+00 
       105 -8.812498301E-03 -8.812504821E-03  6.562000141E-03  3.226423875E+00 
       106 -8.687498048E-03 -8.687504567E-03  6.562000141E-03  3.122797912E+00 
       107 -8.562498726E-03 -8.562505245E-03  6.562000141E-03  2.925318979E+00 
       108 -8.437498473E-03 -8.437504992E-03  6.562000141E-03  2.634780594E+00 
       109 -8.312498219E-03 -8.312504739E-03  6.562000141E-03  2.163738206E+00 
       110 -8.187498897E-03 -8.187504485E-03  6.562000141E-03  1.807613023E+00 
       111 -8.062498644E-03 -8.062505163E-03  6.562000141E-03  1.805555404E+00 
       112 -7.937498391E-03 -7.937504910E-03  6.562000141E-03  2.182675989E+00 
       113 -7.812498603E-03 -7.812504657E-03  6.562000141E-03  2.286909555E+00 
       114 -7.687498350E-03 -7.687504869E-03  6.562000141E-03  2.234467042E+00 
       115 -7.562498562E-03 -7.562505081E-03  6.562000141E-03  2.177284086E+00 
       116 -7.437498309E-03 -7.437504828E-03  6.562000141E-03  2.219146784E+00 
       117 -7.312498521E-03 -7.312505040E-03  6.562000141E-03  2.134957328E+00 
       118 -7.187498268E-03 -7.187504787E-03  6.562000141E-03  1.695095558E+00 
       119 -7.062498480E-03 -7.062504999E-03  6.562000141E-03  1.479039159E+00 
       120 -6.937498227E-03 -6.937504746E-03  6.562000141E-03  1.496900893E+00 
       121 -6.812498439E-03 -6.812504958E-03  6.562000141E-03  1.598870393E+00 
       122 -6.687498186E-03 -6.687505171E-03  6.562000141E-03  1.724131256E+00 
       123 -6.562498398E-03 -6.562504917E-03  6.562000141E-03  1.547059767E+00 
       124 -6.437498145E-03 -6.437505130E-03  6.562000141E-03  1.360808594E+00 
       125 -6.312498357E-03 -6.312504876E-03  6.562000141E-03  1.355626505E+00 
       126 -6.187498104E-03 -6.187505089E-03  6.562000141E-03  1.309600033E+00 
       127 -6.062498316E-03 -6.062504835E-03  6.562000141E-03  1.334566879E+00 
       128 -5.937498529E-03 -5.937505048E-03  6.562000141E-03  1.377622393E+00 
       129 -5.812498275E-03 -5.812504794E-03  6.562000141E-03  1.428126938E+00 
       130 -5.687498488E-03 -5.687505007E-03  6.562000141E-03  1.489836680E+00 
       131 -5.562498234E-03 -5.562505219E-03  6.562000141E-03  1.543876520E+00 
       132 -5.437498447E-03 -5.437504966E-03  6.562000141E-03  1.598983068E+00 
       133 -5.312498193E-03 -5.312505178E-03  6.562000141E-03  1.616688325E+00 
       134 -5.187498406E-03 -5.187504925E-03  6.562000141E-03  1.531293635E+00 
       135 -5.062498152E-03 -5.062505137E-03  6.562000141E-03  1.429683464E+00 
       136 -4.937498365E-03 -4.937504884E-03  6.562000141E-03  1.295650692E+00 
       137 -1.593749784E-02 -1.593750343E-02  6.562000141E-03  5.306377220E+00 
       138 -1.581249945E-02 -1.581250504E-02  6.562000141E-03  5.226185873E+00 
       139 -1.568749920E-02 -1.568750478E-02  6.562000141E-03  5.287508861E+00 
       140 -1.556249894E-02 -1.556250453E-02  6.562000141E-03  5.411980102E+00 
       141 -1.543749869E-02 -1.543750428E-02  6.562000141E-03  5.576278732E+00 
       142 -1.531249844E-02 -1.531250402E-02  6.562000141E-03  5.654459019E+00 
       143 -1.518749911E-02 -1.518750470E-02  6.562000141E-03  5.624225837E+00 
       144 -1.506249886E-02 -1.506250445E-02  6.562000141E-03  5.615749002E+00 
       145 -1.493749861E-02 -1.493750419E-02  6.562000141E-03  5.544895618E+00 
       146 -1.481249928E-02 -1.481250487E-02  6.562000141E-03  5.504459419E+00 
       147 -1.468749903E-02 -1.468750462E-02  6.562000141E-03  5.479120706E+00 
       148 -1.456249878E-02 -1.456250437E-02  6.562000141E-03  5.372890544E+00 
       149 -1.443749852E-02 -1.443750411E-02  6.562000141E-03  5.287366906E+00 
       150 -1.431249920E-02 -1.431250479E-02  6.562000141E-03  5.214501914E+00 
       151 -1.418749895E-02 -1.418750454E-02  6.562000141E-03  5.156382416E+00 
       152 -1.406249870E-02 -1.406250428E-02  6.562000141E-03  5.124110090E+00 
       153 -1.393749844E-02 -1.393750496E-02  6.562000141E-03  5.102276584E+00 
       154 -1.381249912E-02 -1.381250471E-02  6.562000141E-03  5.077409911E+00 
       155 -1.368749887E-02 -1.368750446E-02  6.562000141E-03  5.036243590E+00 
       156 -1.356249861E-02 -1.356250420E-02  6.562000141E-03  4.978122066E+00 
       157 -1.343749836E-02 -1.343750488E-02  6.562000141E-03  4.918824030E+00 
       158 -1.331249904E-02 -1.331250463E-02  6.562000141E-03  4.872412135E+00 
       159 -1.318749879E-02 -1.318750437E-02  6.562000141E-03  4.835583328E+00 
       160 -1.306249853E-02 -1.306250505E-02  6.562000141E-03  4.789360894E+00 
       161 -1.293749921E-02 -1.293750480E-02  6.562000141E-03  4.731459675E+00 
       162 -1.281249896E-02 -1.281250454E-02  6.562000141E-03  4.668156554E+00 
       163 -1.268749870E-02 -1.268750429E-02  6.562000141E-03  4.573583790E+00 
       164 -1.256249845E-02 -1.256250497E-02  6.562000141E-03  4.465175069E+00 
       165 -1.243749913E-02 -1.243750472E-02  6.562000141E-03  4.400821154E+00 
       166 -1.231249887E-02 -1.231250446E-02  6.562000141E-03  4.385178967E+00 
       167 -1.218749862E-02 -1.218750421E-02  6.562000141E-03  4.412035538E+00 
       168 -1.206249837E-02 -1.206250489E-02  6.562000141E-03  4.435373704E+00 
       169 -1.193749905E-02 -1.193750463E-02  6.562000141E-03  4.431439322E+00 
       170 -1.181249879E-02 -1.181250438E-02  6.562000141E-03  4.393326951E+00 
       171 -1.168749854E-02 -1.168750506E-02  6.562000141E-03  4.303066499E+00 
       172 -1.156249829E-02 -1.156250481E-02  6.562000141E-03  4.162839148E+00 
       173 -1.143749896E-02 -1.143750455E-02  6.562000141E-03  3.998853335E+00 
       174 -1.131249871E-02 -1.131250430E-02  6.562000141E-03  3.856377082E+00 
       175 -1.118749846E-02 -1.118750498E-02  6.562000141E-03  3.794762341E+00 
       176 -1.106249820E-02 -1.106250472E-02  6.562000141E-03  3.805220945E+00 
       177 -1.093749888E-02 -1.093750447E-02  6.562000141E-03  3.880127900E+00 
       178 -1.081249863E-02 -1.081250515E-02  6.562000141E-03  4.039572817E+00 
       179 -1.068749838E-02 -1.068750490E-02  6.562000141E-03  4.108632654E+00 
       180 -1.056249905E-02 -1.056250464E-02  6.562000141E-03  4.087352384E+00 
       181 -1.043749880E-02 -1.043750439E-02  6.562000141E-03  3.964478904E+00 
       182 -1.031249855E-02 -1.031250507E-02  6.562000141E-03  3.747139371E+00 
       183 -1.018749829E-02 -1.018750481E-02  6.562000141E-03  3.521723282E+00 
