cellnumber     x-coordinate     y-coordinate     z-coordinate velocity-magnitude 
         1 -2.830386627E-03 -2.830386627E-03  6.562000606E-03  1.031940983E+00 
         2 -2.835483057E-03 -2.835483057E-03  6.562000606E-03  1.016421515E+00 
         3 -2.841603942E-03 -2.841603942E-03  6.562000606E-03  1.016151274E+00 
         4 -2.848957200E-03 -2.848957200E-03  6.562000606E-03  1.032488158E+00 
         5 -2.857792191E-03 -2.857792191E-03  6.562000141E-03  1.062224424E+00 
         6 -2.868410433E-03 -2.868410433E-03  6.562000141E-03  1.097356962E+00 
         7 -2.881176071E-03 -2.881176071E-03  6.562000606E-03  1.126576130E+00 
         8 -2.896528924E-03 -2.896528924E-03  6.562000141E-03  1.140220661E+00 
         9 -2.915001474E-03 -2.915001474E-03  6.562000141E-03  1.137071121E+00 
        10 -2.937239595E-03 -2.937239595E-03  6.562000606E-03  1.125033757E+00 
        11 -2.974424278E-03 -2.974424278E-03  6.562000606E-03  1.118359186E+00 
        12 -3.062231001E-03 -3.062227042E-03  6.562000141E-03  1.189212439E+00 
        13 -3.187502502E-03 -3.187494352E-03  6.562000141E-03  1.283590267E+00 
        14 -3.312502522E-03 -3.312494373E-03  6.562000141E-03  1.459802250E+00 
        15 -3.437502543E-03 -3.437494393E-03  6.562000141E-03  1.595354383E+00 
        16 -3.562502563E-03 -3.562494414E-03  6.562000141E-03  1.703168878E+00 
        17 -3.687502583E-03 -3.687494434E-03  6.562000141E-03  1.573726816E+00 
        18 -3.812502604E-03 -3.812494455E-03  6.562000141E-03  1.567119394E+00 
        19 -3.937502392E-03 -3.937494475E-03  6.562000141E-03  1.799087184E+00 
        20 -4.062502645E-03 -4.062494263E-03  6.562000141E-03  1.797072735E+00 
        21 -8.937503211E-03 -8.937493898E-03  6.562000141E-03  2.796326224E+00 
        22 -8.437503129E-03 -8.437493816E-03  6.562000141E-03  2.273645914E+00 
        23 -8.312502876E-03 -8.312494494E-03  6.562000141E-03  1.666063841E+00 
        24 -8.187502623E-03 -8.187494241E-03  6.562000141E-03  1.919932928E+00 
        25 -8.062503301E-03 -8.062493987E-03  6.562000141E-03  2.228814858E+00 
        26 -7.937503047E-03 -7.937493734E-03  6.562000141E-03  2.260581459E+00 
        27 -7.812502794E-03 -7.812493946E-03  6.562000141E-03  2.859608602E+00 
        28 -7.687503006E-03 -7.687494159E-03  6.562000141E-03  3.209830920E+00 
        29 -7.562502753E-03 -7.562494371E-03  6.562000141E-03  3.252152544E+00 
        30 -7.437502965E-03 -7.437494118E-03  6.562000141E-03  2.764988209E+00 
        31 -7.312502712E-03 -7.312494330E-03  6.562000141E-03  2.447859911E+00 
        32 -7.187502924E-03 -7.187494077E-03  6.562000141E-03  2.101017617E+00 
        33 -7.062502671E-03 -7.062494289E-03  6.562000141E-03  1.893356170E+00 
        34 -6.937502883E-03 -6.937494036E-03  6.562000141E-03  1.661979253E+00 
        35 -6.812503096E-03 -6.812494248E-03  6.562000141E-03  1.632842877E+00 
        36 -6.687502842E-03 -6.687494460E-03  6.562000141E-03  1.602370972E+00 
        37 -6.562503055E-03 -6.562494207E-03  6.562000141E-03  1.450627375E+00 
        38 -6.437502801E-03 -6.437494420E-03  6.562000141E-03  1.307633180E+00 
        39 -6.312503014E-03 -6.312494166E-03  6.562000141E-03  1.158805289E+00 
        40 -5.687502678E-03 -5.687494297E-03  6.562000141E-03  1.049687405E+00 
        41 -5.562502891E-03 -5.562494509E-03  6.562000141E-03  1.029430986E+00 
        42 -5.437502638E-03 -5.437494256E-03  6.562000141E-03  1.041556737E+00 
        43 -5.312502850E-03 -5.312494468E-03  6.562000141E-03  1.119314371E+00 
        44 -5.187502597E-03 -5.187494215E-03  6.562000141E-03  1.367587335E+00 
        45 -5.062502809E-03 -5.062494427E-03  6.562000141E-03  1.918112325E+00 
        46 -4.937502556E-03 -4.937494174E-03  6.562000141E-03  2.333973945E+00 
        47 -4.812502768E-03 -4.812494386E-03  6.562000141E-03  2.415512476E+00 
        48 -4.687502515E-03 -4.687494598E-03  6.562000141E-03  2.070658919E+00 
        49 -4.562502727E-03 -4.562494345E-03  6.562000141E-03  1.671333750E+00 
        50 -4.437502474E-03 -4.437494557E-03  6.562000141E-03  1.547767109E+00 
        51 -4.312502686E-03 -4.312494304E-03  6.562000141E-03  1.488804866E+00 
        52 -4.187502433E-03 -4.187494516E-03  6.562000141E-03  1.690439287E+00 
        53 -1.895638742E-02 -1.895638742E-02  6.562000141E-03  4.672119349E+00 
        54 -1.889957115E-02 -1.889957115E-02  6.562000141E-03  4.730175430E+00 
        55 -1.880222559E-02 -1.880222000E-02  6.562000141E-03  4.823200929E+00 
        56 -1.868750341E-02 -1.868749224E-02  6.562000141E-03  4.858904348E+00 
        57 -1.856250316E-02 -1.856249385E-02  6.562000141E-03  4.722559899E+00 
        58 -1.843750291E-02 -1.843749359E-02  6.562000141E-03  4.523914461E+00 
        59 -1.831250452E-02 -1.831249334E-02  6.562000141E-03  4.906009496E+00 
        60 -1.818750426E-02 -1.818749309E-02  6.562000141E-03  5.521040263E+00 
        61 -1.806250401E-02 -1.806249283E-02  6.562000141E-03  5.767474943E+00 
        62 -1.793750376E-02 -1.793749258E-02  6.562000141E-03  5.566264188E+00 
        63 -1.781250350E-02 -1.781249233E-02  6.562000141E-03  5.416341954E+00 
        64 -2.031896822E-02 -2.031896822E-02  6.562000141E-03  5.138728117E+00 
        65 -2.024696954E-02 -2.024696954E-02  6.562000141E-03  4.975393442E+00 
        66 -2.017496899E-02 -2.017496899E-02  6.562000141E-03  4.884632989E+00 
        67 -2.010296844E-02 -2.010296844E-02  6.562000141E-03  4.527622186E+00 
        68 -2.003096975E-02 -2.003096975E-02  6.562000141E-03  4.544488102E+00 
        69 -1.995896921E-02 -1.995896921E-02  6.562000141E-03  4.312666848E+00 
        70 -1.988696866E-02 -1.988696866E-02  6.562000141E-03  4.284853764E+00 
        71 -1.981496811E-02 -1.981496811E-02  6.562000141E-03  4.195258262E+00 
        72 -1.974296942E-02 -1.974296942E-02  6.562000141E-03  4.157836723E+00 
        73 -1.967096888E-02 -1.967096888E-02  6.562000141E-03  4.175779135E+00 
        74 -1.959896833E-02 -1.959896833E-02  6.562000141E-03  4.137732190E+00 
        75 -1.952696964E-02 -1.952696964E-02  6.562000141E-03  4.238393776E+00 
        76 -1.945496909E-02 -1.945496909E-02  6.562000606E-03  4.238949332E+00 
        77 -1.938296854E-02 -1.938296854E-02  6.562000141E-03  4.332466283E+00 
        78 -1.931096986E-02 -1.931096986E-02  6.562000606E-03  4.374045336E+00 
        79 -1.923896931E-02 -1.923896931E-02  6.562000141E-03  4.417209422E+00 
        80 -1.916676387E-02 -1.916676387E-02  6.562000606E-03  4.486725089E+00 
        81 -1.912219450E-02 -1.912219450E-02  6.562000606E-03  4.509453682E+00 
        82 -1.904012822E-02 -1.904012822E-02  6.562000141E-03  4.604604120E+00 
        83 -1.898222044E-02 -1.898222044E-02  6.562000606E-03  4.639165649E+00 
        84 -1.768750325E-02 -1.768749394E-02  6.562000141E-03  5.348146657E+00 
        85 -1.756250300E-02 -1.756249368E-02  6.562000141E-03  5.465022275E+00 
        86 -1.743750274E-02 -1.743749343E-02  6.562000141E-03  5.704323326E+00 
        87 -1.731250435E-02 -1.731249318E-02  6.562000141E-03  6.004274031E+00 
        88 -1.718750410E-02 -1.718749292E-02  6.562000141E-03  6.054013894E+00 
        89 -1.706250384E-02 -1.706249267E-02  6.562000141E-03  5.846820546E+00 
        90 -1.693750359E-02 -1.693749242E-02  6.562000141E-03  5.666618355E+00 
        91 -1.681250334E-02 -1.681249402E-02  6.562000141E-03  5.536854125E+00 
        92 -1.668750308E-02 -1.668749377E-02  6.562000141E-03  5.559797185E+00 
        93 -1.656250283E-02 -1.656249352E-02  6.562000141E-03  5.643257264E+00 
        94 -1.643750258E-02 -1.643749326E-02  6.562000141E-03  5.702988445E+00 
        95 -1.631250419E-02 -1.631249301E-02  6.562000141E-03  5.714337933E+00 
        96 -1.618750393E-02 -1.618749276E-02  6.562000141E-03  5.682006303E+00 
        97 -1.606250368E-02 -1.606249250E-02  6.562000141E-03  5.624059158E+00 
        98 -1.593750343E-02 -1.593749411E-02  6.562000141E-03  5.567803910E+00 
        99 -1.581250317E-02 -1.581249386E-02  6.562000141E-03  5.493553353E+00 
       100 -1.568750292E-02 -1.568749361E-02  6.562000141E-03  5.421988391E+00 
       101 -1.556250360E-02 -1.556249335E-02  6.562000141E-03  5.337830304E+00 
       102 -1.543750335E-02 -1.543749310E-02  6.562000141E-03  5.227390909E+00 
       103 -1.531250402E-02 -1.531249378E-02  6.562000141E-03  5.138566908E+00 
       104 -1.518750377E-02 -1.518749353E-02  6.562000141E-03  5.091833283E+00 
       105 -1.506250352E-02 -1.506249327E-02  6.562000141E-03  5.067941362E+00 
       106 -1.493750326E-02 -1.493749395E-02  6.562000141E-03  5.061126730E+00 
       107 -1.481250394E-02 -1.481249370E-02  6.562000141E-03  5.063866763E+00 
       108 -1.468750369E-02 -1.468749344E-02  6.562000141E-03  5.061409008E+00 
       109 -1.456250343E-02 -1.456249319E-02  6.562000141E-03  5.035009782E+00 
       110 -1.443750318E-02 -1.443749387E-02  6.562000141E-03  4.992416775E+00 
       111 -1.431250386E-02 -1.431249361E-02  6.562000141E-03  4.936973825E+00 
       112 -1.418750361E-02 -1.418749336E-02  6.562000141E-03  4.877035574E+00 
       113 -1.406250335E-02 -1.406249404E-02  6.562000141E-03  4.839040274E+00 
       114 -1.393750310E-02 -1.393749379E-02  6.562000141E-03  4.830620543E+00 
       115 -1.381250378E-02 -1.381249353E-02  6.562000141E-03  4.831021313E+00 
       116 -1.368750352E-02 -1.368749328E-02  6.562000141E-03  4.819610503E+00 
       117 -1.356250327E-02 -1.356249396E-02  6.562000141E-03  4.808678676E+00 
       118 -1.343750302E-02 -1.343749370E-02  6.562000141E-03  4.810990308E+00 
       119 -1.331250370E-02 -1.331249345E-02  6.562000141E-03  4.816797770E+00 
       120 -1.318750344E-02 -1.318749413E-02  6.562000141E-03  4.816644103E+00 
       121 -2.121081017E-02 -2.121081017E-02  6.562000141E-03  1.338717483E-01 
       122 -2.120563947E-02 -2.120563947E-02  6.562000141E-03  4.054782168E-01 
       123 -2.119943500E-02 -2.119943500E-02  6.562000141E-03  7.299953231E-01 
       124 -2.119199000E-02 -2.119199000E-02  6.562000141E-03  1.112433950E+00 
       125 -2.118305862E-02 -2.118305862E-02  6.562000141E-03  1.553468024E+00 
       126 -2.117234282E-02 -2.117234282E-02  6.562000606E-03  2.043223405E+00 
       127 -2.115948685E-02 -2.115948685E-02  6.562000606E-03  2.553585725E+00 
       128 -2.114406601E-02 -2.114406601E-02  6.562000141E-03  3.036500304E+00 
       129 -2.112556435E-02 -2.112556435E-02  6.562000141E-03  3.428379549E+00 
       130 -2.110337466E-02 -2.110337466E-02  6.562001072E-03  3.702109124E+00 
       131 -2.106651478E-02 -2.106651478E-02  6.562000606E-03  3.964407702E+00 
       132 -2.102797665E-02 -2.102797665E-02  6.562000141E-03  4.238720223E+00 
       133 -2.100796066E-02 -2.100796066E-02  6.562000141E-03  4.209051335E+00 
       134 -2.095155232E-02 -2.095155232E-02  6.562000141E-03  4.304549423E+00 
       135 -2.089514025E-02 -2.089514025E-02  6.562000141E-03  4.463780523E+00 
       136 -2.082296833E-02 -2.082296833E-02  6.562000141E-03  4.440329186E+00 
       137 -2.075096965E-02 -2.075096965E-02  6.562000141E-03  4.628648471E+00 
       138 -2.067896910E-02 -2.067896910E-02  6.562000141E-03  4.608774944E+00 
       139 -2.060696855E-02 -2.060696855E-02  6.562000141E-03  4.878919888E+00 
       140 -2.053496800E-02 -2.053496800E-02  6.562000141E-03  4.993496533E+00 
       141 -2.046296932E-02 -2.046296932E-02  6.562000606E-03  5.124392803E+00 
       142 -2.039096877E-02 -2.039096877E-02  6.562000141E-03  5.151127385E+00 
       143 -9.062503465E-03 -9.062494151E-03  6.562000141E-03  3.039299489E+00 
       144 -9.187502787E-03 -9.187494405E-03  6.562000141E-03  3.150203160E+00 
       145 -9.312503040E-03 -9.312493727E-03  6.562000141E-03  3.113772610E+00 
       146 -9.437503293E-03 -9.437493980E-03  6.562000141E-03  3.071692472E+00 
       147 -9.562503546E-03 -9.562494233E-03  6.562000141E-03  3.070872794E+00 
       148 -9.687502868E-03 -9.687493555E-03  6.562000141E-03  3.102745694E+00 
       149 -9.812503122E-03 -9.812493809E-03  6.562000141E-03  3.352725036E+00 
       150 -9.937503375E-03 -9.937494062E-03  6.562000141E-03  3.651247715E+00 
       151 -1.006250270E-02 -1.006249432E-02  6.562000141E-03  3.789674028E+00 
       152 -1.018750295E-02 -1.018749364E-02  6.562000141E-03  3.825658565E+00 
       153 -1.031250320E-02 -1.031249389E-02  6.562000141E-03  3.818585093E+00 
       154 -1.043750346E-02 -1.043749414E-02  6.562000141E-03  3.777437499E+00 
       155 -1.056250278E-02 -1.056249440E-02  6.562000141E-03  3.754339176E+00 
       156 -1.068750303E-02 -1.068749372E-02  6.562000141E-03  3.762833881E+00 
       157 -1.081250329E-02 -1.081249397E-02  6.562000141E-03  3.798456968E+00 
       158 -1.093750354E-02 -1.093749423E-02  6.562000141E-03  3.872349647E+00 
       159 -1.106250286E-02 -1.106249355E-02  6.562000141E-03  3.964698156E+00 
       160 -1.118750311E-02 -1.118749380E-02  6.562000141E-03  4.013473766E+00 
       161 -1.131250337E-02 -1.131249405E-02  6.562000141E-03  4.039703240E+00 
       162 -1.143750362E-02 -1.143749431E-02  6.562000141E-03  4.061284477E+00 
       163 -1.156250294E-02 -1.156249363E-02  6.562000141E-03  4.083578670E+00 
       164 -1.168750320E-02 -1.168749388E-02  6.562000141E-03  4.100391888E+00 
       165 -1.181250345E-02 -1.181249414E-02  6.562000141E-03  4.312624385E+00 
       166 -1.193750370E-02 -1.193749346E-02  6.562000141E-03  4.441762683E+00 
       167 -1.206250302E-02 -1.206249371E-02  6.562000141E-03  4.444688573E+00 
       168 -1.218750328E-02 -1.218749397E-02  6.562000141E-03  4.389326687E+00 
       169 -1.231250353E-02 -1.231249422E-02  6.562000141E-03  4.318705170E+00 
       170 -1.243750378E-02 -1.243749354E-02  6.562000141E-03  4.294823922E+00 
       171 -1.256250311E-02 -1.256249379E-02  6.562000141E-03  4.308790896E+00 
       172 -1.268750336E-02 -1.268749405E-02  6.562000141E-03  4.317001525E+00 
       173 -1.281250361E-02 -1.281249337E-02  6.562000141E-03  4.313580283E+00 
       174 -1.293750294E-02 -1.293749362E-02  6.562000141E-03  4.495668724E+00 
       175 -1.306250319E-02 -1.306249388E-02  6.562000141E-03  4.771606162E+00 
       176 -8.812502958E-03 -8.812493645E-03  6.562000141E-03  2.536999665E+00 
       177 -8.687502705E-03 -8.687494323E-03  6.562000141E-03  2.702075908E+00 
       178 -8.562503383E-03 -8.562494069E-03  6.562000141E-03  2.787441005E+00 
       179 -5.812502932E-03 -5.812494550E-03  6.562000141E-03  1.084759750E+00 
       180 -5.937502719E-03 -5.937494338E-03  6.562000141E-03  1.095000839E+00 
       181 -6.062502973E-03 -6.062494125E-03  6.562000141E-03  1.101281808E+00 
       182 -6.187502760E-03 -6.187494379E-03  6.562000141E-03  1.123400936E+00 
