cellnumber     x-coordinate     y-coordinate     z-coordinate velocity-magnitude 
         1 -1.768750325E-02 -1.768749394E-02  6.562000141E-03  5.590485927E+00 
         2 -1.756250300E-02 -1.756249368E-02  6.562000141E-03  5.624754659E+00 
         3 -1.743750274E-02 -1.743749343E-02  6.562000141E-03  5.674140711E+00 
         4 -1.731250249E-02 -1.731249318E-02  6.562000141E-03  5.514763202E+00 
         5 -1.718750224E-02 -1.718749292E-02  6.562000141E-03  5.316245959E+00 
         6 -1.706250384E-02 -1.706249267E-02  6.562000141E-03  5.254121553E+00 
         7 -1.693750359E-02 -1.693749428E-02  6.562000141E-03  5.264944854E+00 
         8 -1.681250334E-02 -1.681249402E-02  6.562000141E-03  5.300074356E+00 
         9 -1.668750308E-02 -1.668749377E-02  6.562000141E-03  5.470570859E+00 
        10 -1.656250283E-02 -1.656249352E-02  6.562000141E-03  5.788722165E+00 
        11 -1.643750258E-02 -1.643749326E-02  6.562000141E-03  5.465487676E+00 
        12 -1.631250232E-02 -1.631249301E-02  6.562000141E-03  5.500269107E+00 
        13 -1.618750393E-02 -1.618749276E-02  6.562000141E-03  5.494759480E+00 
        14 -1.606250368E-02 -1.606249437E-02  6.562000141E-03  5.900138969E+00 
        15 -1.593750343E-02 -1.593749411E-02  6.562000141E-03  5.956904083E+00 
        16 -1.581250317E-02 -1.581249386E-02  6.562000141E-03  5.934335028E+00 
        17 -1.568750292E-02 -1.568749361E-02  6.562000141E-03  5.950773830E+00 
        18 -1.556250360E-02 -1.556249429E-02  6.562000141E-03  5.909585737E+00 
        19 -1.543750335E-02 -1.543749403E-02  6.562000141E-03  5.853648397E+00 
        20 -1.531250309E-02 -1.531249378E-02  6.562000141E-03  5.776346497E+00 
        21 -1.518750284E-02 -1.518749353E-02  6.562000141E-03  5.632953269E+00 
        22 -1.506250352E-02 -1.506249420E-02  6.562000141E-03  5.560307752E+00 
        23 -1.493750326E-02 -1.493749395E-02  6.562000141E-03  5.428056834E+00 
        24 -1.481250301E-02 -1.481249370E-02  6.562000141E-03  5.343193208E+00 
        25 -1.468750369E-02 -1.468749344E-02  6.562000141E-03  5.277320082E+00 
        26 -1.456250343E-02 -1.456249412E-02  6.562000141E-03  5.221648608E+00 
        27 -1.443750318E-02 -1.443749387E-02  6.562000141E-03  5.168087089E+00 
        28 -1.431250293E-02 -1.431249361E-02  6.562000141E-03  5.114721185E+00 
        29 -1.418750361E-02 -1.418749429E-02  6.562000141E-03  5.059296923E+00 
        30 -1.406250335E-02 -1.406249404E-02  6.562000141E-03  5.004789824E+00 
        31 -1.393750310E-02 -1.393749379E-02  6.562000141E-03  4.952112213E+00 
        32 -1.381250285E-02 -1.381249353E-02  6.562000141E-03  4.902740766E+00 
        33 -1.368750352E-02 -1.368749421E-02  6.562000141E-03  4.853998481E+00 
        34 -1.356250327E-02 -1.356249396E-02  6.562000141E-03  4.808126537E+00 
        35 -1.343750302E-02 -1.343749370E-02  6.562000141E-03  4.762977191E+00 
        36 -1.331250276E-02 -1.331249438E-02  6.562000141E-03  4.719489531E+00 
        37 -1.318750344E-02 -1.318749413E-02  6.562000141E-03  4.677758149E+00 
        38 -1.895638742E-02 -1.895638742E-02  6.562000606E-03  4.995154890E+00 
        39 -1.889957115E-02 -1.889957115E-02  6.562000141E-03  5.106919205E+00 
        40 -1.880222373E-02 -1.880222000E-02  6.562000141E-03  5.604986144E+00 
        41 -1.868750341E-02 -1.868749410E-02  6.562000141E-03  5.957624051E+00 
        42 -1.856250316E-02 -1.856249385E-02  6.562000141E-03  6.029277981E+00 
        43 -1.843750291E-02 -1.843749359E-02  6.562000141E-03  6.056844157E+00 
        44 -1.831250265E-02 -1.831249334E-02  6.562000141E-03  6.115284652E+00 
        45 -1.818750240E-02 -1.818749309E-02  6.562000141E-03  5.998567509E+00 
        46 -1.806250401E-02 -1.806249283E-02  6.562000141E-03  5.913066038E+00 
        47 -1.793750376E-02 -1.793749258E-02  6.562000141E-03  5.860114707E+00 
        48 -1.781250350E-02 -1.781249419E-02  6.562000141E-03  5.724968351E+00 
        49 -2.031896822E-02 -2.031896822E-02  6.562000141E-03  4.400323983E+00 
        50 -2.024696954E-02 -2.024696954E-02  6.562000141E-03  4.405455865E+00 
        51 -2.017496899E-02 -2.017496899E-02  6.562000141E-03  4.411654362E+00 
        52 -2.010296844E-02 -2.010296844E-02  6.562000141E-03  4.386982638E+00 
        53 -2.003096975E-02 -2.003096975E-02  6.562000141E-03  4.338541691E+00 
        54 -1.995896921E-02 -1.995896921E-02  6.562000141E-03  4.276800605E+00 
        55 -1.988696866E-02 -1.988696866E-02  6.562000141E-03  4.323125016E+00 
        56 -1.981496811E-02 -1.981496811E-02  6.562000141E-03  4.284472782E+00 
        57 -1.974296942E-02 -1.974296942E-02  6.562000141E-03  4.336295533E+00 
        58 -1.967096888E-02 -1.967096888E-02  6.562000141E-03  4.279717530E+00 
        59 -1.959896833E-02 -1.959896833E-02  6.562000141E-03  4.404950451E+00 
        60 -1.952696964E-02 -1.952696964E-02  6.562000141E-03  4.429212512E+00 
        61 -1.945496909E-02 -1.945496909E-02  6.562000606E-03  4.570131441E+00 
        62 -1.938296854E-02 -1.938296854E-02  6.562000141E-03  4.564308344E+00 
        63 -1.931096986E-02 -1.931096986E-02  6.562000606E-03  4.531734583E+00 
        64 -1.923896931E-02 -1.923896931E-02  6.562000141E-03  4.500259649E+00 
        65 -1.916676387E-02 -1.916676387E-02  6.562000606E-03  4.400840446E+00 
        66 -1.912219450E-02 -1.912219450E-02  6.562000606E-03  4.446384513E+00 
        67 -1.904012822E-02 -1.904012822E-02  6.562000141E-03  4.472548640E+00 
        68 -1.898222044E-02 -1.898222044E-02  6.562000606E-03  4.566770443E+00 
        69 -2.121081017E-02 -2.121081017E-02  6.562000141E-03  1.293482267E-01 
        70 -2.120563947E-02 -2.120563947E-02  6.562000141E-03  3.868942430E-01 
        71 -2.119943500E-02 -2.119943500E-02  6.562000141E-03  6.888926851E-01 
        72 -2.119199000E-02 -2.119199000E-02  6.562000141E-03  1.040228616E+00 
        73 -2.118305862E-02 -2.118305862E-02  6.562000141E-03  1.446532154E+00 
        74 -2.117234282E-02 -2.117234282E-02  6.562000606E-03  1.912863333E+00 
        75 -2.115948685E-02 -2.115948685E-02  6.562000606E-03  2.437146143E+00 
        76 -2.114406601E-02 -2.114406601E-02  6.562000141E-03  3.011615334E+00 
        77 -2.112556435E-02 -2.112556435E-02  6.562000141E-03  3.582040419E+00 
        78 -2.110337466E-02 -2.110337466E-02  6.562001072E-03  4.053246797E+00 
        79 -2.106651478E-02 -2.106651478E-02  6.562000606E-03  4.424241148E+00 
        80 -2.102797665E-02 -2.102797665E-02  6.562000141E-03  4.679436408E+00 
        81 -2.100796066E-02 -2.100796066E-02  6.562000141E-03  4.507252300E+00 
        82 -2.095155232E-02 -2.095155232E-02  6.562000141E-03  4.741920016E+00 
        83 -2.089514025E-02 -2.089514025E-02  6.562000141E-03  4.675178976E+00 
        84 -2.082296833E-02 -2.082296833E-02  6.562000141E-03  4.832715267E+00 
        85 -2.075096965E-02 -2.075096965E-02  6.562000141E-03  4.806845766E+00 
        86 -2.067896910E-02 -2.067896910E-02  6.562000141E-03  4.961355570E+00 
        87 -2.060696855E-02 -2.060696855E-02  6.562000141E-03  4.739059969E+00 
        88 -2.053496800E-02 -2.053496800E-02  6.562000141E-03  4.739908535E+00 
        89 -2.046296932E-02 -2.046296932E-02  6.562000606E-03  4.543622434E+00 
        90 -2.039096877E-02 -2.039096877E-02  6.562000141E-03  4.456298904E+00 
        91 -2.830386627E-03 -2.830386627E-03  6.562000606E-03  1.066673024E+00 
        92 -2.835483057E-03 -2.835483057E-03  6.562000606E-03  1.118582363E+00 
        93 -2.841603942E-03 -2.841603942E-03  6.562000141E-03  1.192653979E+00 
        94 -2.848957200E-03 -2.848957200E-03  6.562000141E-03  1.286896740E+00 
        95 -2.857792191E-03 -2.857792191E-03  6.562000141E-03  1.393927674E+00 
        96 -2.868410666E-03 -2.868410666E-03  6.562000606E-03  1.499608507E+00 
        97 -2.881176071E-03 -2.881176071E-03  6.562000606E-03  1.586234980E+00 
        98 -2.896528924E-03 -2.896528924E-03  6.562000141E-03  1.637763464E+00 
        99 -2.915001241E-03 -2.915001241E-03  6.562000141E-03  1.652475969E+00 
       100 -2.937239595E-03 -2.937239595E-03  6.562000606E-03  1.637406139E+00 
       101 -2.974424278E-03 -2.974424278E-03  6.562000606E-03  1.617580413E+00 
       102 -3.062231001E-03 -3.062227042E-03  6.562000141E-03  1.580587734E+00 
       103 -3.187502269E-03 -3.187494585E-03  6.562000141E-03  1.582613909E+00 
       104 -3.312502289E-03 -3.312494606E-03  6.562000141E-03  1.592639285E+00 
       105 -3.437502310E-03 -3.437494393E-03  6.562000141E-03  1.592388366E+00 
       106 -3.562502330E-03 -3.562494414E-03  6.562000141E-03  1.422007536E+00 
       107 -3.687502351E-03 -3.687494434E-03  6.562000141E-03  1.160225247E+00 
       108 -3.812502371E-03 -3.812494455E-03  6.562000141E-03  8.333162442E-01 
       109 -3.937502392E-03 -3.937494475E-03  6.562000141E-03  6.868864400E-01 
       110 -4.062502645E-03 -4.062494729E-03  6.562000141E-03  7.434192671E-01 
       111 -8.937503211E-03 -8.937493898E-03  6.562000141E-03  3.465000372E+00 
       112 -8.437503129E-03 -8.437494747E-03  6.562000141E-03  2.728827343E+00 
       113 -8.312502876E-03 -8.312494494E-03  6.562000141E-03  2.898157391E+00 
       114 -8.187502623E-03 -8.187494241E-03  6.562000141E-03  2.888268435E+00 
       115 -8.062502369E-03 -8.062493987E-03  6.562000141E-03  2.697016697E+00 
       116 -7.937503047E-03 -7.937494665E-03  6.562000141E-03  2.474809430E+00 
       117 -7.812502794E-03 -7.812494412E-03  6.562000141E-03  2.312208141E+00 
       118 -7.687502541E-03 -7.687494159E-03  6.562000141E-03  2.123637856E+00 
       119 -7.562502753E-03 -7.562494371E-03  6.562000141E-03  2.198784002E+00 
       120 -7.437502965E-03 -7.437494118E-03  6.562000141E-03  2.275138465E+00 
       121 -7.312502712E-03 -7.312494330E-03  6.562000141E-03  1.895407945E+00 
       122 -7.187502924E-03 -7.187494542E-03  6.562000141E-03  1.684964856E+00 
       123 -7.062502671E-03 -7.062494289E-03  6.562000141E-03  1.723652577E+00 
       124 -6.937502883E-03 -6.937494501E-03  6.562000141E-03  1.644747790E+00 
       125 -6.812502630E-03 -6.812494248E-03  6.562000141E-03  1.394353250E+00 
       126 -6.687502842E-03 -6.687494460E-03  6.562000141E-03  1.382296401E+00 
       127 -6.562502589E-03 -6.562494207E-03  6.562000141E-03  1.407307758E+00 
       128 -6.437502801E-03 -6.437494420E-03  6.562000141E-03  1.402198796E+00 
       129 -6.312502548E-03 -6.312494632E-03  6.562000141E-03  1.580530901E+00 
       130 -5.687502678E-03 -5.687494297E-03  6.562000141E-03  1.385881315E+00 
       131 -5.562502425E-03 -5.562494509E-03  6.562000141E-03  1.334805136E+00 
       132 -5.437502638E-03 -5.437494256E-03  6.562000141E-03  1.333109227E+00 
       133 -5.312502850E-03 -5.312494468E-03  6.562000141E-03  1.383710413E+00 
       134 -5.187502597E-03 -5.187494680E-03  6.562000141E-03  1.447638150E+00 
       135 -5.062502809E-03 -5.062494427E-03  6.562000141E-03  1.515989775E+00 
       136 -4.937502556E-03 -4.937494639E-03  6.562000141E-03  1.467540352E+00 
       137 -4.812502768E-03 -4.812494386E-03  6.562000141E-03  1.456648821E+00 
       138 -4.687502515E-03 -4.687494598E-03  6.562000141E-03  1.499424158E+00 
       139 -4.562502727E-03 -4.562494345E-03  6.562000141E-03  1.490717617E+00 
       140 -4.437502474E-03 -4.437494557E-03  6.562000141E-03  1.448105860E+00 
       141 -4.312502686E-03 -4.312494770E-03  6.562000141E-03  1.264803504E+00 
       142 -4.187502433E-03 -4.187494516E-03  6.562000141E-03  9.452752669E-01 
       143 -5.812502466E-03 -5.812494550E-03  6.562000141E-03  1.378732537E+00 
       144 -5.937502719E-03 -5.937494338E-03  6.562000141E-03  1.459028605E+00 
       145 -6.062502507E-03 -6.062494591E-03  6.562000141E-03  1.599909120E+00 
       146 -6.187502760E-03 -6.187494379E-03  6.562000141E-03  1.712616412E+00 
       147 -9.062502533E-03 -9.062494151E-03  6.562000141E-03  3.630941856E+00 
       148 -9.187502787E-03 -9.187494405E-03  6.562000141E-03  3.649131737E+00 
       149 -9.312503040E-03 -9.312494658E-03  6.562000141E-03  3.673190104E+00 
       150 -9.437503293E-03 -9.437493980E-03  6.562000141E-03  3.689535164E+00 
       151 -9.562502615E-03 -9.562494233E-03  6.562000141E-03  3.653720473E+00 
       152 -9.687502868E-03 -9.687494487E-03  6.562000141E-03  3.576402717E+00 
       153 -9.812503122E-03 -9.812493809E-03  6.562000141E-03  3.507811313E+00 
       154 -9.937503375E-03 -9.937494062E-03  6.562000141E-03  3.509130653E+00 
       155 -1.006250270E-02 -1.006249432E-02  6.562000141E-03  3.511650262E+00 
       156 -1.018750295E-02 -1.018749457E-02  6.562000141E-03  3.495924102E+00 
       157 -1.031250320E-02 -1.031249389E-02  6.562000141E-03  3.581147380E+00 
       158 -1.043750253E-02 -1.043749414E-02  6.562000141E-03  3.716924505E+00 
       159 -1.056250278E-02 -1.056249440E-02  6.562000141E-03  3.661022648E+00 
       160 -1.068750303E-02 -1.068749372E-02  6.562000141E-03  3.734678463E+00 
       161 -1.081250329E-02 -1.081249397E-02  6.562000141E-03  3.876475704E+00 
       162 -1.093750261E-02 -1.093749423E-02  6.562000141E-03  3.986517243E+00 
       163 -1.106250286E-02 -1.106249448E-02  6.562000141E-03  4.030847516E+00 
       164 -1.118750311E-02 -1.118749380E-02  6.562000141E-03  4.065164874E+00 
       165 -1.131250337E-02 -1.131249405E-02  6.562000141E-03  4.072277738E+00 
       166 -1.143750269E-02 -1.143749431E-02  6.562000141E-03  4.074163485E+00 
       167 -1.156250294E-02 -1.156249456E-02  6.562000141E-03  4.099076200E+00 
       168 -1.168750320E-02 -1.168749388E-02  6.562000141E-03  4.138362804E+00 
       169 -1.181250345E-02 -1.181249414E-02  6.562000141E-03  4.186905001E+00 
       170 -1.193750277E-02 -1.193749439E-02  6.562000141E-03  4.233940153E+00 
       171 -1.206250302E-02 -1.206249371E-02  6.562000141E-03  4.261871371E+00 
       172 -1.218750328E-02 -1.218749397E-02  6.562000141E-03  4.276462225E+00 
       173 -1.231250353E-02 -1.231249422E-02  6.562000141E-03  4.306074458E+00 
       174 -1.243750285E-02 -1.243749447E-02  6.562000141E-03  4.357182611E+00 
       175 -1.256250311E-02 -1.256249379E-02  6.562000141E-03  4.419882153E+00 
       176 -1.268750336E-02 -1.268749405E-02  6.562000141E-03  4.484384145E+00 
       177 -1.281250268E-02 -1.281249430E-02  6.562000141E-03  4.543857404E+00 
       178 -1.293750294E-02 -1.293749362E-02  6.562000141E-03  4.594486579E+00 
       179 -1.306250319E-02 -1.306249388E-02  6.562000141E-03  4.637484268E+00 
       180 -8.812502958E-03 -8.812494576E-03  6.562000141E-03  3.274708071E+00 
       181 -8.687502705E-03 -8.687494323E-03  6.562000141E-03  2.906049934E+00 
       182 -8.562502451E-03 -8.562494069E-03  6.562000141E-03  2.692793761E+00 
