cellnumber     x-coordinate     y-coordinate     z-coordinate velocity-magnitude 
         1 -5.812502466E-03 -5.812494550E-03  6.562000141E-03  1.380378151E+00 
         2 -5.937502719E-03 -5.937494338E-03  6.562000141E-03  1.432419241E+00 
         3 -6.062502507E-03 -6.062494591E-03  6.562000141E-03  1.452862308E+00 
         4 -6.187502760E-03 -6.187494379E-03  6.562000141E-03  1.506137255E+00 
         5 -9.062502533E-03 -9.062494151E-03  6.562000141E-03  2.518100298E+00 
         6 -9.187502787E-03 -9.187494405E-03  6.562000141E-03  2.715205802E+00 
         7 -9.312503040E-03 -9.312494658E-03  6.562000141E-03  2.826463579E+00 
         8 -9.437503293E-03 -9.437493980E-03  6.562000141E-03  3.057636040E+00 
         9 -9.562502615E-03 -9.562494233E-03  6.562000141E-03  3.186130616E+00 
        10 -9.687502868E-03 -9.687494487E-03  6.562000141E-03  3.149891406E+00 
        11 -9.812503122E-03 -9.812494740E-03  6.562000141E-03  3.157258537E+00 
        12 -9.937502444E-03 -9.937494062E-03  6.562000141E-03  3.363070740E+00 
        13 -1.006250270E-02 -1.006249432E-02  6.562000141E-03  3.471423057E+00 
        14 -1.018750295E-02 -1.018749457E-02  6.562000141E-03  3.463662604E+00 
        15 -1.031250320E-02 -1.031249389E-02  6.562000141E-03  3.498644509E+00 
        16 -1.043750253E-02 -1.043749414E-02  6.562000141E-03  3.608396635E+00 
        17 -1.056250278E-02 -1.056249440E-02  6.562000141E-03  3.723663167E+00 
        18 -1.068750303E-02 -1.068749465E-02  6.562000141E-03  3.782286261E+00 
        19 -1.081250329E-02 -1.081249397E-02  6.562000141E-03  3.765017205E+00 
        20 -1.093750261E-02 -1.093749423E-02  6.562000141E-03  3.734346619E+00 
        21 -1.106250286E-02 -1.106249448E-02  6.562000141E-03  3.767660086E+00 
        22 -1.118750311E-02 -1.118749380E-02  6.562000141E-03  3.848803067E+00 
        23 -1.131250337E-02 -1.131249405E-02  6.562000141E-03  3.959982129E+00 
        24 -1.143750269E-02 -1.143749431E-02  6.562000141E-03  4.060506219E+00 
        25 -1.156250294E-02 -1.156249456E-02  6.562000141E-03  4.127252717E+00 
        26 -1.168750320E-02 -1.168749388E-02  6.562000141E-03  4.148728190E+00 
        27 -1.181250252E-02 -1.181249414E-02  6.562000141E-03  4.150752371E+00 
        28 -1.193750277E-02 -1.193749439E-02  6.562000141E-03  4.182823087E+00 
        29 -1.206250302E-02 -1.206249371E-02  6.562000141E-03  4.259168729E+00 
        30 -1.218750328E-02 -1.218749397E-02  6.562000141E-03  4.389976412E+00 
        31 -1.231250260E-02 -1.231249422E-02  6.562000141E-03  4.493185809E+00 
        32 -1.243750285E-02 -1.243749447E-02  6.562000141E-03  4.554525270E+00 
        33 -1.256250311E-02 -1.256249379E-02  6.562000141E-03  4.599270095E+00 
        34 -1.268750336E-02 -1.268749405E-02  6.562000141E-03  4.647936365E+00 
        35 -1.281250268E-02 -1.281249430E-02  6.562000141E-03  4.700157705E+00 
        36 -1.293750294E-02 -1.293749455E-02  6.562000141E-03  4.798817375E+00 
        37 -1.306250319E-02 -1.306249388E-02  6.562000141E-03  4.932819701E+00 
        38 -8.812502958E-03 -8.812494576E-03  6.562000141E-03  2.946063569E+00 
        39 -8.687502705E-03 -8.687494323E-03  6.562000141E-03  2.898205471E+00 
        40 -8.562502451E-03 -8.562494069E-03  6.562000141E-03  2.646583574E+00 
        41 -1.895638742E-02 -1.895638742E-02  6.562000141E-03  5.194771766E+00 
        42 -1.889957115E-02 -1.889957115E-02  6.562000141E-03  5.225676134E+00 
        43 -1.880222373E-02 -1.880222000E-02  6.562000141E-03  5.351561289E+00 
        44 -1.868750341E-02 -1.868749410E-02  6.562000141E-03  5.293227821E+00 
        45 -1.856250316E-02 -1.856249385E-02  6.562000141E-03  4.900664711E+00 
        46 -1.843750291E-02 -1.843749359E-02  6.562000141E-03  4.740189920E+00 
        47 -1.831250265E-02 -1.831249334E-02  6.562000141E-03  4.964361429E+00 
        48 -1.818750240E-02 -1.818749309E-02  6.562000141E-03  5.402663370E+00 
        49 -1.806250401E-02 -1.806249283E-02  6.562000141E-03  5.447163695E+00 
        50 -1.793750376E-02 -1.793749444E-02  6.562000141E-03  5.580662698E+00 
        51 -1.781250350E-02 -1.781249419E-02  6.562000141E-03  5.630597030E+00 
        52 -2.031896822E-02 -2.031896822E-02  6.562000141E-03  4.623356308E+00 
        53 -2.024696954E-02 -2.024696954E-02  6.562000141E-03  4.398487110E+00 
        54 -2.017496899E-02 -2.017496899E-02  6.562000141E-03  4.574169558E+00 
        55 -2.010296844E-02 -2.010296844E-02  6.562000141E-03  4.384439090E+00 
        56 -2.003096975E-02 -2.003096975E-02  6.562000141E-03  4.511771415E+00 
        57 -1.995896921E-02 -1.995896921E-02  6.562000141E-03  4.470778966E+00 
        58 -1.988696866E-02 -1.988696866E-02  6.562000141E-03  4.593537120E+00 
        59 -1.981496811E-02 -1.981496811E-02  6.562000141E-03  4.685123485E+00 
        60 -1.974296942E-02 -1.974296942E-02  6.562000141E-03  4.681486685E+00 
        61 -1.967096888E-02 -1.967096888E-02  6.562000141E-03  4.667647431E+00 
        62 -1.959896833E-02 -1.959896833E-02  6.562000141E-03  4.322870621E+00 
        63 -1.952696964E-02 -1.952696964E-02  6.562000141E-03  4.099437684E+00 
        64 -1.945496909E-02 -1.945496909E-02  6.562000606E-03  3.968548970E+00 
        65 -1.938296854E-02 -1.938296854E-02  6.562000141E-03  4.103326961E+00 
        66 -1.931096986E-02 -1.931096986E-02  6.562000606E-03  4.668389293E+00 
        67 -1.923896931E-02 -1.923896931E-02  6.562000141E-03  4.822727229E+00 
        68 -1.916676387E-02 -1.916676387E-02  6.562000606E-03  5.106810098E+00 
        69 -1.912219450E-02 -1.912219450E-02  6.562000606E-03  5.103635108E+00 
        70 -1.904012822E-02 -1.904012822E-02  6.562000141E-03  5.070423468E+00 
        71 -1.898222044E-02 -1.898222044E-02  6.562000606E-03  5.118931080E+00 
        72 -2.121081017E-02 -2.121081017E-02  6.562000141E-03  9.637232899E-02 
        73 -2.120563947E-02 -2.120563947E-02  6.562000141E-03  2.848087098E-01 
        74 -2.119943500E-02 -2.119943500E-02  6.562000141E-03  5.043876003E-01 
        75 -2.119199000E-02 -2.119199000E-02  6.562000141E-03  7.605891122E-01 
        76 -2.118305862E-02 -2.118305862E-02  6.562000141E-03  1.058399631E+00 
        77 -2.117234282E-02 -2.117234282E-02  6.562000606E-03  1.399122578E+00 
        78 -2.115948685E-02 -2.115948685E-02  6.562000606E-03  1.775899497E+00 
        79 -2.114406601E-02 -2.114406601E-02  6.562000141E-03  2.178274671E+00 
        80 -2.112556435E-02 -2.112556435E-02  6.562000141E-03  2.593678364E+00 
        81 -2.110337466E-02 -2.110337466E-02  6.562001072E-03  3.049008920E+00 
        82 -2.106651478E-02 -2.106651478E-02  6.562000606E-03  3.666742496E+00 
        83 -2.102797665E-02 -2.102797665E-02  6.562000141E-03  4.116587406E+00 
        84 -2.100796066E-02 -2.100796066E-02  6.562000141E-03  4.202751624E+00 
        85 -2.095155232E-02 -2.095155232E-02  6.562000141E-03  4.467900505E+00 
        86 -2.089514025E-02 -2.089514025E-02  6.562000141E-03  4.812524133E+00 
        87 -2.082296833E-02 -2.082296833E-02  6.562000141E-03  5.037758984E+00 
        88 -2.075096965E-02 -2.075096965E-02  6.562000141E-03  4.869176432E+00 
        89 -2.067896910E-02 -2.067896910E-02  6.562000141E-03  4.764915544E+00 
        90 -2.060696855E-02 -2.060696855E-02  6.562000141E-03  4.611968882E+00 
        91 -2.053496800E-02 -2.053496800E-02  6.562000141E-03  4.362163231E+00 
        92 -2.046296932E-02 -2.046296932E-02  6.562000606E-03  4.543094502E+00 
        93 -2.039096877E-02 -2.039096877E-02  6.562000141E-03  4.374319800E+00 
        94 -1.768750325E-02 -1.768749394E-02  6.562000141E-03  5.610540515E+00 
        95 -1.756250300E-02 -1.756249368E-02  6.562000141E-03  5.558889253E+00 
        96 -1.743750274E-02 -1.743749343E-02  6.562000141E-03  5.529764374E+00 
        97 -1.731250249E-02 -1.731249318E-02  6.562000141E-03  5.469786527E+00 
        98 -1.718750224E-02 -1.718749292E-02  6.562000141E-03  5.548696595E+00 
        99 -1.706250384E-02 -1.706249453E-02  6.562000141E-03  5.795802429E+00 
       100 -1.693750359E-02 -1.693749428E-02  6.562000141E-03  5.946335945E+00 
       101 -1.681250334E-02 -1.681249402E-02  6.562000141E-03  5.997859458E+00 
       102 -1.668750308E-02 -1.668749377E-02  6.562000141E-03  5.793765595E+00 
       103 -1.656250283E-02 -1.656249352E-02  6.562000141E-03  5.447680937E+00 
       104 -1.643750258E-02 -1.643749326E-02  6.562000141E-03  5.094472920E+00 
       105 -1.631250232E-02 -1.631249301E-02  6.562000141E-03  5.148029288E+00 
       106 -1.618750207E-02 -1.618749276E-02  6.562000141E-03  5.218270059E+00 
       107 -1.606250368E-02 -1.606249437E-02  6.562000141E-03  6.161817142E+00 
       108 -1.593750343E-02 -1.593749411E-02  6.562000141E-03  5.684124396E+00 
       109 -1.581250317E-02 -1.581249386E-02  6.562000141E-03  5.434130899E+00 
       110 -1.568750292E-02 -1.568749361E-02  6.562000141E-03  5.280159680E+00 
       111 -1.556250360E-02 -1.556249429E-02  6.562000141E-03  5.311965995E+00 
       112 -1.543750335E-02 -1.543749403E-02  6.562000141E-03  5.371522835E+00 
       113 -1.531250309E-02 -1.531249378E-02  6.562000141E-03  5.480155939E+00 
       114 -1.518750284E-02 -1.518749353E-02  6.562000141E-03  5.558845110E+00 
       115 -1.506250352E-02 -1.506249420E-02  6.562000141E-03  5.568212696E+00 
       116 -1.493750326E-02 -1.493749395E-02  6.562000141E-03  5.506640164E+00 
       117 -1.481250301E-02 -1.481249370E-02  6.562000141E-03  5.464372838E+00 
       118 -1.468750276E-02 -1.468749437E-02  6.562000141E-03  5.451862289E+00 
       119 -1.456250343E-02 -1.456249412E-02  6.562000141E-03  5.451173634E+00 
       120 -1.443750318E-02 -1.443749387E-02  6.562000141E-03  5.441715234E+00 
       121 -1.431250293E-02 -1.431249361E-02  6.562000141E-03  5.459056412E+00 
       122 -1.418750267E-02 -1.418749429E-02  6.562000141E-03  5.489441729E+00 
       123 -1.406250335E-02 -1.406249404E-02  6.562000141E-03  5.513942351E+00 
       124 -1.393750310E-02 -1.393749379E-02  6.562000141E-03  5.517357538E+00 
       125 -1.381250285E-02 -1.381249446E-02  6.562000141E-03  5.492780867E+00 
       126 -1.368750352E-02 -1.368749421E-02  6.562000141E-03  5.419945246E+00 
       127 -1.356250327E-02 -1.356249396E-02  6.562000141E-03  5.314542516E+00 
       128 -1.343750302E-02 -1.343749370E-02  6.562000141E-03  5.199954062E+00 
       129 -1.331250276E-02 -1.331249438E-02  6.562000141E-03  5.110168133E+00 
       130 -1.318750344E-02 -1.318749413E-02  6.562000141E-03  5.036976772E+00 
       131 -2.830386627E-03 -2.830386627E-03  6.562000141E-03  1.057044910E+00 
       132 -2.835483057E-03 -2.835483057E-03  6.562000606E-03  1.071811982E+00 
       133 -2.841603942E-03 -2.841603942E-03  6.562000606E-03  1.080573800E+00 
       134 -2.848957200E-03 -2.848957200E-03  6.562000606E-03  1.080133667E+00 
       135 -2.857792191E-03 -2.857792191E-03  6.562000141E-03  1.067108103E+00 
       136 -2.868410433E-03 -2.868410433E-03  6.562000141E-03  1.038540365E+00 
       137 -2.881176071E-03 -2.881176071E-03  6.562000141E-03  9.931451363E-01 
       138 -2.896528924E-03 -2.896528924E-03  6.562000141E-03  9.342069338E-01 
       139 -2.915001474E-03 -2.915001474E-03  6.562000141E-03  8.703844502E-01 
       140 -2.937239595E-03 -2.937239595E-03  6.562000141E-03  8.234847110E-01 
       141 -2.974424278E-03 -2.974424278E-03  6.562000606E-03  7.796222538E-01 
       142 -3.062231001E-03 -3.062227042E-03  6.562000141E-03  8.632572283E-01 
       143 -3.187502269E-03 -3.187494585E-03  6.562000141E-03  1.384410091E+00 
       144 -3.312502289E-03 -3.312494606E-03  6.562000141E-03  1.960520954E+00 
       145 -3.437502310E-03 -3.437494626E-03  6.562000141E-03  2.099680703E+00 
       146 -3.562502330E-03 -3.562494414E-03  6.562000141E-03  1.949202971E+00 
       147 -3.687502351E-03 -3.687494434E-03  6.562000141E-03  1.833480069E+00 
       148 -3.812502371E-03 -3.812494455E-03  6.562000141E-03  2.062606007E+00 
       149 -3.937502392E-03 -3.937494475E-03  6.562000141E-03  2.249755806E+00 
       150 -4.062502645E-03 -4.062494729E-03  6.562000141E-03  2.637308160E+00 
       151 -8.937503211E-03 -8.937493898E-03  6.562000141E-03  2.684001350E+00 
       152 -8.437503129E-03 -8.437494747E-03  6.562000141E-03  2.251005510E+00 
       153 -8.312502876E-03 -8.312494494E-03  6.562000141E-03  1.676934187E+00 
       154 -8.187502623E-03 -8.187494241E-03  6.562000141E-03  1.928762267E+00 
       155 -8.062502369E-03 -8.062493987E-03  6.562000141E-03  2.751905832E+00 
       156 -7.937503047E-03 -7.937494665E-03  6.562000141E-03  3.569767758E+00 
       157 -7.812502794E-03 -7.812494412E-03  6.562000141E-03  3.414261856E+00 
       158 -7.687502541E-03 -7.687494159E-03  6.562000141E-03  3.110448322E+00 
       159 -7.562502753E-03 -7.562494371E-03  6.562000141E-03  3.025126730E+00 
       160 -7.437502500E-03 -7.437494583E-03  6.562000141E-03  2.785411009E+00 
       161 -7.312502712E-03 -7.312494330E-03  6.562000141E-03  2.301239989E+00 
       162 -7.187502459E-03 -7.187494542E-03  6.562000141E-03  2.011612794E+00 
       163 -7.062502671E-03 -7.062494289E-03  6.562000141E-03  1.844711424E+00 
       164 -6.937502883E-03 -6.937494501E-03  6.562000141E-03  2.193900519E+00 
       165 -6.812502630E-03 -6.812494248E-03  6.562000141E-03  2.066023694E+00 
       166 -6.687502842E-03 -6.687494460E-03  6.562000141E-03  1.836762949E+00 
       167 -6.562502589E-03 -6.562494673E-03  6.562000141E-03  1.801952632E+00 
       168 -6.437502801E-03 -6.437494420E-03  6.562000141E-03  1.714969349E+00 
       169 -6.312502548E-03 -6.312494632E-03  6.562000141E-03  1.605791591E+00 
       170 -5.687502678E-03 -5.687494297E-03  6.562000141E-03  1.384677777E+00 
       171 -5.562502425E-03 -5.562494509E-03  6.562000141E-03  1.459663980E+00 
       172 -5.437502638E-03 -5.437494721E-03  6.562000141E-03  1.518491331E+00 
       173 -5.312502384E-03 -5.312494468E-03  6.562000141E-03  1.522680932E+00 
       174 -5.187502597E-03 -5.187494680E-03  6.562000141E-03  1.537293899E+00 
       175 -5.062502343E-03 -5.062494427E-03  6.562000141E-03  1.596818748E+00 
       176 -4.937502556E-03 -4.937494639E-03  6.562000141E-03  1.431418024E+00 
       177 -4.812502768E-03 -4.812494386E-03  6.562000141E-03  1.465872161E+00 
       178 -4.687502515E-03 -4.687494598E-03  6.562000141E-03  1.498882225E+00 
       179 -4.562502727E-03 -4.562494345E-03  6.562000141E-03  1.405856422E+00 
       180 -4.437502474E-03 -4.437494557E-03  6.562000141E-03  1.770391368E+00 
       181 -4.312502686E-03 -4.312494770E-03  6.562000141E-03  2.284722642E+00 
       182 -4.187502433E-03 -4.187494516E-03  6.562000141E-03  2.751957626E+00 
