cellnumber     x-coordinate     y-coordinate     z-coordinate velocity-magnitude 
         1 -1.606249809E-02 -1.606250368E-02  6.562000141E-03  6.367241257E+00 
         2 -1.895486563E-02 -1.895486563E-02  6.562000606E-03  4.784010487E+00 
         3 -1.889867149E-02 -1.889867149E-02  6.562000141E-03  4.844668348E+00 
         4 -1.880285330E-02 -1.880285516E-02  6.562000141E-03  4.933179804E+00 
         5 -1.868749969E-02 -1.868750341E-02  6.562000141E-03  4.864152852E+00 
         6 -1.856249943E-02 -1.856250316E-02  6.562000141E-03  5.248116858E+00 
         7 -1.843749918E-02 -1.843750291E-02  6.562000141E-03  5.223043943E+00 
         8 -1.831249893E-02 -1.831250452E-02  6.562000141E-03  5.228458267E+00 
         9 -1.818749867E-02 -1.818750426E-02  6.562000141E-03  5.779011095E+00 
        10 -1.806249842E-02 -1.806250401E-02  6.562000141E-03  5.900316035E+00 
        11 -1.793749817E-02 -1.793750376E-02  6.562000141E-03  5.952511594E+00 
        12 -1.781249978E-02 -1.781250350E-02  6.562000141E-03  5.908355860E+00 
        13 -1.768749952E-02 -1.768750325E-02  6.562000141E-03  5.843761616E+00 
        14 -1.756249927E-02 -1.756250300E-02  6.562000141E-03  5.838775797E+00 
        15 -1.743749902E-02 -1.743750460E-02  6.562000141E-03  5.810233416E+00 
        16 -1.731249876E-02 -1.731250435E-02  6.562000141E-03  5.728752472E+00 
        17 -1.718749851E-02 -1.718750410E-02  6.562000141E-03  5.874892216E+00 
        18 -1.706249826E-02 -1.706250384E-02  6.562000141E-03  5.912894141E+00 
        19 -1.693749987E-02 -1.693750359E-02  6.562000141E-03  5.893724751E+00 
        20 -1.681249961E-02 -1.681250334E-02  6.562000141E-03  5.909375233E+00 
        21 -1.668749936E-02 -1.668750308E-02  6.562000141E-03  5.764298188E+00 
        22 -1.656249911E-02 -1.656250469E-02  6.562000141E-03  5.806566130E+00 
        23 -1.643749885E-02 -1.643750444E-02  6.562000141E-03  6.094284012E+00 
        24 -1.631249860E-02 -1.631250419E-02  6.562000141E-03  6.104788439E+00 
        25 -1.618749835E-02 -1.618750393E-02  6.562000141E-03  6.286022468E+00 
        26 -2.031896822E-02 -2.031896822E-02  6.562000141E-03  3.776578329E+00 
        27 -2.024696954E-02 -2.024696954E-02  6.562000141E-03  3.662878897E+00 
        28 -2.017496899E-02 -2.017496899E-02  6.562000141E-03  3.596955342E+00 
        29 -2.010296844E-02 -2.010296844E-02  6.562000141E-03  3.622271588E+00 
        30 -2.003096975E-02 -2.003096975E-02  6.562000141E-03  3.582907888E+00 
        31 -1.995896921E-02 -1.995896921E-02  6.562000141E-03  3.710636203E+00 
        32 -1.988696866E-02 -1.988696866E-02  6.562000141E-03  3.757932177E+00 
        33 -1.981496811E-02 -1.981496811E-02  6.562000141E-03  3.897581827E+00 
        34 -1.974296942E-02 -1.974296942E-02  6.562000141E-03  3.932666064E+00 
        35 -1.967096888E-02 -1.967096888E-02  6.562000141E-03  4.006019654E+00 
        36 -1.959896833E-02 -1.959896833E-02  6.562000141E-03  3.977125042E+00 
        37 -1.952696964E-02 -1.952696964E-02  6.562000141E-03  3.959717978E+00 
        38 -1.945496909E-02 -1.945496909E-02  6.562000606E-03  3.985412082E+00 
        39 -1.938296854E-02 -1.938296854E-02  6.562000141E-03  3.821947981E+00 
        40 -1.931096986E-02 -1.931096986E-02  6.562000606E-03  3.882769838E+00 
        41 -1.923896931E-02 -1.923896931E-02  6.562000141E-03  3.868258428E+00 
        42 -1.916676387E-02 -1.916676387E-02  6.562000606E-03  4.150994496E+00 
        43 -1.912219450E-02 -1.912219450E-02  6.562000606E-03  4.341478307E+00 
        44 -1.904012822E-02 -1.904012822E-02  6.562000141E-03  4.582311933E+00 
        45 -1.898222044E-02 -1.898222044E-02  6.562000606E-03  4.760148636E+00 
        46 -2.121081017E-02 -2.121081017E-02  6.562000141E-03  7.621442353E-02 
        47 -2.120563947E-02 -2.120563947E-02  6.562000141E-03  2.381133350E-01 
        48 -2.119943500E-02 -2.119943500E-02  6.562000141E-03  4.375912639E-01 
        49 -2.119199000E-02 -2.119199000E-02  6.562000141E-03  6.756179668E-01 
        50 -2.118305862E-02 -2.118305862E-02  6.562000141E-03  9.489356085E-01 
        51 -2.117234282E-02 -2.117234282E-02  6.562000606E-03  1.249715484E+00 
        52 -2.115948685E-02 -2.115948685E-02  6.562000606E-03  1.566428823E+00 
        53 -2.114406601E-02 -2.114406601E-02  6.562000141E-03  1.894997370E+00 
        54 -2.112556435E-02 -2.112556435E-02  6.562000141E-03  2.241329470E+00 
        55 -2.110337466E-02 -2.110337466E-02  6.562001072E-03  2.629833916E+00 
        56 -2.106651478E-02 -2.106651478E-02  6.562000606E-03  3.137562903E+00 
        57 -2.102797665E-02 -2.102797665E-02  6.562000141E-03  3.767266143E+00 
        58 -2.100796066E-02 -2.100796066E-02  6.562000141E-03  3.678256281E+00 
        59 -2.095155232E-02 -2.095155232E-02  6.562000141E-03  4.038637461E+00 
        60 -2.089514025E-02 -2.089514025E-02  6.562000141E-03  4.175282917E+00 
        61 -2.082296833E-02 -2.082296833E-02  6.562000141E-03  4.395305553E+00 
        62 -2.075096965E-02 -2.075096965E-02  6.562000141E-03  4.444335993E+00 
        63 -2.067896910E-02 -2.067896910E-02  6.562000141E-03  4.550737779E+00 
        64 -2.060696855E-02 -2.060696855E-02  6.562000141E-03  4.517688015E+00 
        65 -2.053496800E-02 -2.053496800E-02  6.562000141E-03  4.357843460E+00 
        66 -2.046296932E-02 -2.046296932E-02  6.562000606E-03  4.170977526E+00 
        67 -2.039096877E-02 -2.039096877E-02  6.562000141E-03  3.906734015E+00 
        68 -1.006249897E-02 -1.006250456E-02  6.562000141E-03  3.631682463E+00 
        69 -9.937498719E-03 -9.937504306E-03  6.562000141E-03  3.513621707E+00 
        70 -9.812498465E-03 -9.812504984E-03  6.562000141E-03  3.461044172E+00 
        71 -9.687499143E-03 -9.687504731E-03  6.562000141E-03  3.456700377E+00 
        72 -9.562498890E-03 -9.562504478E-03  6.562000141E-03  3.436535303E+00 
        73 -9.437498637E-03 -9.437505156E-03  6.562000141E-03  3.407949393E+00 
        74 -9.312498383E-03 -9.312504902E-03  6.562000141E-03  3.364032377E+00 
        75 -9.187499061E-03 -9.187504649E-03  6.562000141E-03  3.243184258E+00 
        76 -9.062498808E-03 -9.062504396E-03  6.562000141E-03  3.093679031E+00 
        77 -8.937498555E-03 -8.937505074E-03  6.562000141E-03  2.986156036E+00 
        78 -8.812498301E-03 -8.812504821E-03  6.562000141E-03  2.875675466E+00 
        79 -8.687498979E-03 -8.687504567E-03  6.562000141E-03  2.749833917E+00 
        80 -8.562498726E-03 -8.562504314E-03  6.562000141E-03  2.904583483E+00 
        81 -8.437498473E-03 -8.437504992E-03  6.562000141E-03  3.054257610E+00 
        82 -8.312498219E-03 -8.312504739E-03  6.562000141E-03  2.961484986E+00 
        83 -8.187498897E-03 -8.187504485E-03  6.562000141E-03  2.880342812E+00 
        84 -8.062498644E-03 -8.062505163E-03  6.562000141E-03  2.907118666E+00 
        85 -7.937498391E-03 -7.937504910E-03  6.562000141E-03  2.770352024E+00 
        86 -7.812498603E-03 -7.812504657E-03  6.562000141E-03  2.244535504E+00 
        87 -7.687498350E-03 -7.687504869E-03  6.562000141E-03  2.373730252E+00 
        88 -7.562498562E-03 -7.562504616E-03  6.562000141E-03  2.284460128E+00 
        89 -7.437498309E-03 -7.437504828E-03  6.562000141E-03  1.960712771E+00 
        90 -7.312498521E-03 -7.312505040E-03  6.562000141E-03  1.792312273E+00 
        91 -7.187498268E-03 -7.187504787E-03  6.562000141E-03  2.009904344E+00 
        92 -7.062498480E-03 -7.062504999E-03  6.562000141E-03  1.735051088E+00 
        93 -6.937498692E-03 -6.937504746E-03  6.562000141E-03  1.089903034E+00 
        94 -6.812498439E-03 -6.812504958E-03  6.562000141E-03  9.199518183E-01 
        95 -6.687498651E-03 -6.687504705E-03  6.562000141E-03  1.145577142E+00 
        96 -6.562498398E-03 -6.562504917E-03  6.562000141E-03  1.414551944E+00 
        97 -6.437498610E-03 -6.437504664E-03  6.562000141E-03  1.535220661E+00 
        98 -6.312498357E-03 -6.312504876E-03  6.562000141E-03  1.589065250E+00 
        99 -6.187498569E-03 -6.187505089E-03  6.562000141E-03  1.631703873E+00 
       100 -6.062498316E-03 -6.062504835E-03  6.562000141E-03  1.662832515E+00 
       101 -5.937498529E-03 -5.937505048E-03  6.562000141E-03  1.695037248E+00 
       102 -5.812498275E-03 -5.812504794E-03  6.562000141E-03  1.672574403E+00 
       103 -5.687498488E-03 -5.687505007E-03  6.562000141E-03  1.624231521E+00 
       104 -5.562498234E-03 -5.562504753E-03  6.562000141E-03  1.527147354E+00 
       105 -5.437498447E-03 -5.437504966E-03  6.562000141E-03  1.398040661E+00 
       106 -5.312498193E-03 -5.312505178E-03  6.562000141E-03  1.237474139E+00 
       107 -5.187498406E-03 -5.187504925E-03  6.562000141E-03  1.125898609E+00 
       108 -5.062498152E-03 -5.062505137E-03  6.562000141E-03  1.049657365E+00 
       109 -4.937498365E-03 -4.937504884E-03  6.562000141E-03  1.064838840E+00 
       110 -1.593749970E-02 -1.593750343E-02  6.562000141E-03  5.697022877E+00 
       111 -1.581249945E-02 -1.581250317E-02  6.562000141E-03  5.613773779E+00 
       112 -1.568749920E-02 -1.568750478E-02  6.562000141E-03  5.432090030E+00 
       113 -1.556249894E-02 -1.556250453E-02  6.562000141E-03  5.378354730E+00 
       114 -1.543749869E-02 -1.543750428E-02  6.562000141E-03  5.274706141E+00 
       115 -1.531249937E-02 -1.531250402E-02  6.562000141E-03  5.188722553E+00 
       116 -1.518749911E-02 -1.518750470E-02  6.562000141E-03  5.167917548E+00 
       117 -1.506249886E-02 -1.506250445E-02  6.562000141E-03  5.198667478E+00 
       118 -1.493749954E-02 -1.493750419E-02  6.562000141E-03  5.223381042E+00 
       119 -1.481249928E-02 -1.481250394E-02  6.562000141E-03  5.198530824E+00 
       120 -1.468749903E-02 -1.468750462E-02  6.562000141E-03  5.139517264E+00 
       121 -1.456249878E-02 -1.456250437E-02  6.562000141E-03  5.072202663E+00 
       122 -1.443749946E-02 -1.443750411E-02  6.562000141E-03  5.022501439E+00 
       123 -1.431249920E-02 -1.431250479E-02  6.562000141E-03  4.983504573E+00 
       124 -1.418749895E-02 -1.418750454E-02  6.562000141E-03  4.924119901E+00 
       125 -1.406249870E-02 -1.406250428E-02  6.562000141E-03  4.844699129E+00 
       126 -1.393749937E-02 -1.393750403E-02  6.562000141E-03  4.772295211E+00 
       127 -1.381249912E-02 -1.381250471E-02  6.562000141E-03  4.713605760E+00 
       128 -1.368749887E-02 -1.368750446E-02  6.562000141E-03  4.634294362E+00 
       129 -1.356249861E-02 -1.356250420E-02  6.562000141E-03  4.572402801E+00 
       130 -1.343749929E-02 -1.343750395E-02  6.562000141E-03  4.554623752E+00 
       131 -1.331249904E-02 -1.331250463E-02  6.562000141E-03  4.612633392E+00 
       132 -1.318749879E-02 -1.318750437E-02  6.562000141E-03  4.666611284E+00 
       133 -1.306249853E-02 -1.306250412E-02  6.562000141E-03  4.686355560E+00 
       134 -1.293749921E-02 -1.293750480E-02  6.562000141E-03  4.660902964E+00 
       135 -1.281249896E-02 -1.281250454E-02  6.562000141E-03  4.599638114E+00 
       136 -1.268749870E-02 -1.268750429E-02  6.562000141E-03  4.547305569E+00 
       137 -1.256249845E-02 -1.256250404E-02  6.562000141E-03  4.545457018E+00 
       138 -1.243749913E-02 -1.243750472E-02  6.562000141E-03  4.559952635E+00 
       139 -1.231249887E-02 -1.231250446E-02  6.562000141E-03  4.543213783E+00 
       140 -1.218749862E-02 -1.218750421E-02  6.562000141E-03  4.471044350E+00 
       141 -1.206249930E-02 -1.206250489E-02  6.562000141E-03  4.372664387E+00 
       142 -1.193749905E-02 -1.193750463E-02  6.562000141E-03  4.316591214E+00 
       143 -1.181249879E-02 -1.181250438E-02  6.562000141E-03  4.320506610E+00 
       144 -1.168749854E-02 -1.168750413E-02  6.562000141E-03  4.330277957E+00 
       145 -1.156249922E-02 -1.156250481E-02  6.562000141E-03  4.291875233E+00 
       146 -1.143749896E-02 -1.143750455E-02  6.562000141E-03  4.166618171E+00 
       147 -1.131249871E-02 -1.131250430E-02  6.562000141E-03  4.057534683E+00 
       148 -1.118749846E-02 -1.118750498E-02  6.562000141E-03  4.002175185E+00 
       149 -1.106249914E-02 -1.106250472E-02  6.562000141E-03  4.001222696E+00 
       150 -1.093749888E-02 -1.093750447E-02  6.562000141E-03  4.024742607E+00 
       151 -1.081249863E-02 -1.081250422E-02  6.562000141E-03  4.006177921E+00 
       152 -1.068749838E-02 -1.068750490E-02  6.562000141E-03  3.949538483E+00 
       153 -1.056249905E-02 -1.056250464E-02  6.562000141E-03  3.898367323E+00 
       154 -1.043749880E-02 -1.043750439E-02  6.562000141E-03  3.855861304E+00 
       155 -1.031249855E-02 -1.031250507E-02  6.562000141E-03  3.818133174E+00 
       156 -1.018749829E-02 -1.018750481E-02  6.562000141E-03  3.749789126E+00 
       157 -2.830355195E-03 -2.830355195E-03  6.562000606E-03  1.030346023E+00 
       158 -2.835455118E-03 -2.835455118E-03  6.562000606E-03  9.973411281E-01 
       159 -2.841580659E-03 -2.841580659E-03  6.562000606E-03  9.562517706E-01 
       160 -2.848939039E-03 -2.848939039E-03  6.562000606E-03  9.049483840E-01 
       161 -2.857780783E-03 -2.857780783E-03  6.562000606E-03  8.427083252E-01 
       162 -2.868407406E-03 -2.868407406E-03  6.562000606E-03  7.739313672E-01 
       163 -2.881183056E-03 -2.881183056E-03  6.562000606E-03  7.154119072E-01 
       164 -2.896548016E-03 -2.896548016E-03  6.562000141E-03  6.924399692E-01 
       165 -2.915036166E-03 -2.915036166E-03  6.562000606E-03  7.259766080E-01 
       166 -2.937293379E-03 -2.937293379E-03  6.562000606E-03  7.711999659E-01 
       167 -2.975319745E-03 -2.975319745E-03  6.562000606E-03  8.388454019E-01 
       168 -3.059382550E-03 -3.059382550E-03  6.562000141E-03  1.137231876E+00 
       169 -3.123705741E-03 -3.123705741E-03  6.562000141E-03  1.366396272E+00 
       170 -3.189915325E-03 -3.189918818E-03  6.562000141E-03  1.480658816E+00 
       171 -3.312498098E-03 -3.312505083E-03  6.562000141E-03  1.493395918E+00 
       172 -3.437498119E-03 -3.437505104E-03  6.562000141E-03  1.946180984E+00 
       173 -3.562498139E-03 -3.562504891E-03  6.562000141E-03  2.210898575E+00 
       174 -3.687498160E-03 -3.687504912E-03  6.562000141E-03  1.955734087E+00 
       175 -3.812498180E-03 -3.812504932E-03  6.562000141E-03  1.319476468E+00 
       176 -3.937498201E-03 -3.937505186E-03  6.562000141E-03  8.500613293E-01 
       177 -4.062498454E-03 -4.062504973E-03  6.562000141E-03  8.465043223E-01 
       178 -4.187498242E-03 -4.187505227E-03  6.562000141E-03  1.064757422E+00 
       179 -4.312498495E-03 -4.312505014E-03  6.562000141E-03  1.321556931E+00 
       180 -4.437498283E-03 -4.437505268E-03  6.562000141E-03  1.519726576E+00 
       181 -4.562498070E-03 -4.562505055E-03  6.562000141E-03  1.720660140E+00 
       182 -4.687498324E-03 -4.687504843E-03  6.562000141E-03  1.515168312E+00 
       183 -4.812498111E-03 -4.812505096E-03  6.562000141E-03  1.225468739E+00 
