cellnumber     x-coordinate     y-coordinate     z-coordinate velocity-magnitude 
         1 -2.830350772E-03 -2.830350772E-03  6.562000141E-03  1.058940430E+00 
         2 -2.835454186E-03 -2.835454186E-03  6.562000606E-03  1.090843521E+00 
         3 -2.841583686E-03 -2.841583686E-03  6.562000141E-03  1.136347626E+00 
         4 -2.848947421E-03 -2.848947421E-03  6.562000141E-03  1.198418106E+00 
         5 -2.857794985E-03 -2.857794985E-03  6.562000141E-03  1.279440933E+00 
         6 -2.868429292E-03 -2.868429292E-03  6.562000606E-03  1.381540211E+00 
         7 -2.881214023E-03 -2.881214023E-03  6.562000141E-03  1.503438168E+00 
         8 -2.896590391E-03 -2.896590391E-03  6.562000606E-03  1.645527759E+00 
         9 -2.915092511E-03 -2.915092511E-03  6.562000141E-03  1.774127157E+00 
        10 -2.937367652E-03 -2.937367652E-03  6.561999675E-03  1.863548017E+00 
        11 -2.973292721E-03 -2.973292721E-03  6.561999675E-03  1.875715103E+00 
        12 -3.061021678E-03 -3.061023075E-03  6.562000141E-03  1.842801786E+00 
        13 -3.187494818E-03 -3.187497612E-03  6.562000141E-03  1.892698741E+00 
        14 -3.312494839E-03 -3.312497633E-03  6.562000141E-03  1.602029723E+00 
        15 -3.437494859E-03 -3.437497653E-03  6.562000141E-03  1.221316760E+00 
        16 -3.562494880E-03 -3.562497674E-03  6.562000141E-03  1.377510928E+00 
        17 -3.687494900E-03 -3.687497694E-03  6.562000141E-03  1.539876459E+00 
        18 -3.812494921E-03 -3.812497715E-03  6.562000141E-03  1.390066805E+00 
        19 -3.937494941E-03 -3.937497735E-03  6.562000141E-03  1.268246654E+00 
        20 -4.062495194E-03 -4.062497523E-03  6.562000141E-03  1.192740680E+00 
        21 -4.187494982E-03 -4.187497776E-03  6.562000141E-03  1.033970651E+00 
        22 -4.312495235E-03 -4.312497564E-03  6.562000141E-03  8.758025628E-01 
        23 -4.437495023E-03 -4.437497817E-03  6.562000141E-03  7.577746722E-01 
        24 -4.562495276E-03 -4.562497605E-03  6.562000141E-03  8.838919125E-01 
        25 -4.687495064E-03 -4.687497858E-03  6.562000141E-03  1.322552768E+00 
        26 -4.812494852E-03 -4.812497646E-03  6.562000141E-03  1.647630345E+00 
        27 -4.937495105E-03 -4.937497899E-03  6.562000141E-03  1.635524327E+00 
        28 -5.062494893E-03 -5.062497687E-03  6.562000141E-03  1.519998612E+00 
        29 -5.187495146E-03 -5.187497474E-03  6.562000141E-03  1.553650438E+00 
        30 -5.312494934E-03 -5.312497728E-03  6.562000141E-03  1.548200095E+00 
        31 -5.437495187E-03 -5.437497515E-03  6.562000141E-03  1.507816077E+00 
        32 -5.562494975E-03 -5.562497769E-03  6.562000141E-03  1.439544615E+00 
        33 -5.687495228E-03 -5.687497556E-03  6.562000141E-03  1.351056709E+00 
        34 -5.812495016E-03 -5.812497810E-03  6.562000141E-03  1.258351208E+00 
        35 -5.937495269E-03 -5.937497597E-03  6.562000141E-03  1.185127371E+00 
        36 -6.062495057E-03 -6.062497851E-03  6.562000141E-03  1.165829758E+00 
        37 -6.187495310E-03 -6.187497638E-03  6.562000141E-03  1.186504669E+00 
        38 -6.312495098E-03 -6.312497426E-03  6.562000141E-03  1.233644845E+00 
        39 -6.437495351E-03 -6.437497679E-03  6.562000141E-03  1.200721897E+00 
        40 -6.562495138E-03 -6.562497467E-03  6.562000141E-03  1.213921816E+00 
        41 -6.687494926E-03 -6.687497720E-03  6.562000141E-03  1.319204742E+00 
        42 -6.812495179E-03 -6.812497508E-03  6.562000141E-03  1.111370641E+00 
        43 -6.937494967E-03 -6.937497761E-03  6.562000141E-03  1.728749831E+00 
        44 -7.062495220E-03 -7.062497549E-03  6.562000141E-03  2.460686127E+00 
        45 -7.187495008E-03 -7.187497802E-03  6.562000141E-03  2.718054258E+00 
        46 -7.312495261E-03 -7.312497590E-03  6.562000141E-03  2.769590472E+00 
        47 -7.437495049E-03 -7.437497377E-03  6.562000141E-03  2.209681488E+00 
        48 -7.562495302E-03 -7.562497631E-03  6.562000141E-03  2.091970841E+00 
        49 -1.131249499E-02 -1.131249778E-02  6.562000141E-03  3.921114868E+00 
        50 -1.143749524E-02 -1.143749710E-02  6.562000141E-03  3.994498955E+00 
        51 -1.156249549E-02 -1.156249736E-02  6.562000141E-03  4.093039154E+00 
        52 -1.168749575E-02 -1.168749761E-02  6.562000141E-03  4.012371120E+00 
        53 -1.181249507E-02 -1.181249693E-02  6.562000141E-03  3.830503266E+00 
        54 -1.193749532E-02 -1.193749718E-02  6.562000141E-03  3.961111404E+00 
        55 -1.206249557E-02 -1.206249744E-02  6.562000141E-03  4.145538286E+00 
        56 -1.218749583E-02 -1.218749769E-02  6.562000141E-03  4.218379804E+00 
        57 -1.231249515E-02 -1.231249701E-02  6.562000141E-03  4.296951512E+00 
        58 -1.243749540E-02 -1.243749727E-02  6.562000141E-03  4.426121281E+00 
        59 -1.256249566E-02 -1.256249752E-02  6.562000141E-03  4.549736346E+00 
        60 -1.268749591E-02 -1.268749777E-02  6.562000141E-03  4.638050004E+00 
        61 -1.281249523E-02 -1.281249709E-02  6.562000141E-03  4.701705866E+00 
        62 -1.293749548E-02 -1.293749735E-02  6.562000141E-03  4.747051172E+00 
        63 -1.306249574E-02 -1.306249760E-02  6.562000141E-03  4.782967805E+00 
        64 -1.318749506E-02 -1.318749692E-02  6.562000141E-03  4.812335825E+00 
        65 -1.331249531E-02 -1.331249718E-02  6.562000141E-03  4.838319760E+00 
        66 -1.343749557E-02 -1.343749743E-02  6.562000141E-03  4.862728616E+00 
        67 -1.118749566E-02 -1.118749753E-02  6.562000141E-03  3.858367632E+00 
        68 -1.106249541E-02 -1.106249727E-02  6.562000141E-03  3.781475961E+00 
        69 -1.093749516E-02 -1.093749702E-02  6.562000141E-03  3.699159831E+00 
        70 -1.081249490E-02 -1.081249770E-02  6.562000141E-03  3.615039396E+00 
        71 -1.068749558E-02 -1.068749744E-02  6.562000141E-03  3.530289153E+00 
        72 -1.056249533E-02 -1.056249719E-02  6.562000141E-03  3.465809317E+00 
        73 -1.043749508E-02 -1.043749787E-02  6.562000141E-03  3.433817602E+00 
        74 -1.031249575E-02 -1.031249762E-02  6.562000141E-03  3.442730755E+00 
        75 -1.018749550E-02 -1.018749736E-02  6.562000141E-03  3.472295370E+00 
        76 -1.006249525E-02 -1.006249711E-02  6.562000141E-03  3.470078408E+00 
        77 -9.937494993E-03 -9.937497787E-03  6.562000141E-03  3.486647586E+00 
        78 -9.812495671E-03 -9.812497534E-03  6.562000141E-03  3.474457635E+00 
        79 -9.687495418E-03 -9.687497281E-03  6.562000141E-03  3.469856810E+00 
        80 -9.562495165E-03 -9.562497959E-03  6.562000141E-03  3.538065744E+00 
        81 -9.437494911E-03 -9.437497705E-03  6.562000141E-03  3.450198631E+00 
        82 -9.312495589E-03 -9.312497452E-03  6.562000141E-03  3.332898392E+00 
        83 -9.187495336E-03 -9.187497199E-03  6.562000141E-03  3.217599338E+00 
        84 -9.062495083E-03 -9.062497877E-03  6.562000141E-03  3.009273100E+00 
        85 -8.937494829E-03 -8.937497623E-03  6.562000141E-03  2.726058465E+00 
        86 -8.812495507E-03 -8.812497370E-03  6.562000141E-03  2.504587996E+00 
        87 -8.687495254E-03 -8.687497117E-03  6.562000141E-03  2.551791137E+00 
        88 -8.562495001E-03 -8.562497795E-03  6.562000141E-03  2.714921885E+00 
        89 -8.437495679E-03 -8.437497541E-03  6.562000141E-03  2.799247456E+00 
        90 -8.312495425E-03 -8.312497288E-03  6.562000141E-03  2.737043592E+00 
        91 -8.187495172E-03 -8.187497966E-03  6.562000141E-03  2.486735728E+00 
        92 -8.062494919E-03 -8.062497713E-03  6.562000141E-03  2.328414392E+00 
        93 -7.937495597E-03 -7.937497459E-03  6.562000141E-03  2.302444007E+00 
        94 -7.812495343E-03 -7.812497672E-03  6.562000141E-03  2.786482804E+00 
        95 -7.687495090E-03 -7.687497418E-03  6.562000141E-03  2.492510007E+00 
        96 -1.718749478E-02 -1.718749665E-02  6.562000141E-03  5.637948349E+00 
        97 -1.706249453E-02 -1.706249639E-02  6.562000141E-03  5.537741512E+00 
        98 -1.693749614E-02 -1.693749614E-02  6.562000141E-03  5.533485032E+00 
        99 -1.681249589E-02 -1.681249775E-02  6.562000141E-03  5.953815381E+00 
       100 -1.668749563E-02 -1.668749750E-02  6.562000141E-03  6.212638467E+00 
       101 -1.656249538E-02 -1.656249724E-02  6.562000141E-03  5.912112698E+00 
       102 -1.643749513E-02 -1.643749699E-02  6.562000141E-03  5.798797847E+00 
       103 -1.631249487E-02 -1.631249674E-02  6.562000141E-03  5.515218769E+00 
       104 -1.618749462E-02 -1.618749648E-02  6.562000141E-03  5.507621925E+00 
       105 -1.606249623E-02 -1.606249623E-02  6.562000141E-03  5.438304438E+00 
       106 -1.593749598E-02 -1.593749784E-02  6.562000141E-03  5.362943243E+00 
       107 -1.581249572E-02 -1.581249759E-02  6.562000141E-03  5.416782605E+00 
       108 -1.568749547E-02 -1.568749733E-02  6.562000141E-03  5.561914439E+00 
       109 -1.556249522E-02 -1.556249708E-02  6.562000141E-03  5.688524910E+00 
       110 -1.543749589E-02 -1.543749683E-02  6.562000141E-03  5.747419585E+00 
       111 -1.531249564E-02 -1.531249750E-02  6.562000141E-03  5.746043479E+00 
       112 -1.518749539E-02 -1.518749725E-02  6.562000141E-03  5.720232574E+00 
       113 -1.506249513E-02 -1.506249700E-02  6.562000141E-03  5.600162523E+00 
       114 -1.493749581E-02 -1.493749768E-02  6.562000141E-03  5.402849154E+00 
       115 -1.481249556E-02 -1.481249742E-02  6.562000141E-03  5.196993326E+00 
       116 -1.468749531E-02 -1.468749717E-02  6.562000141E-03  5.045955845E+00 
       117 -1.456249598E-02 -1.456249692E-02  6.562000141E-03  4.971185787E+00 
       118 -1.443749573E-02 -1.443749759E-02  6.562000141E-03  4.956513544E+00 
       119 -1.431249548E-02 -1.431249734E-02  6.562000141E-03  4.967823160E+00 
       120 -1.418749522E-02 -1.418749709E-02  6.562000141E-03  4.975505025E+00 
       121 -1.406249590E-02 -1.406249683E-02  6.562000141E-03  4.971852617E+00 
       122 -1.393749565E-02 -1.393749751E-02  6.562000141E-03  4.959313238E+00 
       123 -1.381249540E-02 -1.381249726E-02  6.562000141E-03  4.936010040E+00 
       124 -1.368749514E-02 -1.368749700E-02  6.562000141E-03  4.909862039E+00 
       125 -1.356249582E-02 -1.356249768E-02  6.562000141E-03  4.886526041E+00 
       126 -1.895096339E-02 -1.895096339E-02  6.562000141E-03  4.099360012E+00 
       127 -1.890101843E-02 -1.890101843E-02  6.562000141E-03  3.960700926E+00 
       128 -1.880909875E-02 -1.880909875E-02  6.562000141E-03  3.916159745E+00 
       129 -1.868749596E-02 -1.868749596E-02  6.562000141E-03  4.363182829E+00 
       130 -1.856249571E-02 -1.856249757E-02  6.562000141E-03  4.752119984E+00 
       131 -1.843749546E-02 -1.843749732E-02  6.562000141E-03  4.914505525E+00 
       132 -1.831249520E-02 -1.831249706E-02  6.562000141E-03  5.285013098E+00 
       133 -1.818749495E-02 -1.818749681E-02  6.562000141E-03  5.519649207E+00 
       134 -1.806249470E-02 -1.806249656E-02  6.562000141E-03  5.611712259E+00 
       135 -1.793749630E-02 -1.793749630E-02  6.562000141E-03  5.813252953E+00 
       136 -1.781249605E-02 -1.781249605E-02  6.562000141E-03  5.865701214E+00 
       137 -1.768749580E-02 -1.768749766E-02  6.562000141E-03  5.851180370E+00 
       138 -1.756249554E-02 -1.756249741E-02  6.562000141E-03  5.918522229E+00 
       139 -1.743749529E-02 -1.743749715E-02  6.562000141E-03  5.814561870E+00 
       140 -1.731249504E-02 -1.731249690E-02  6.562000141E-03  5.739038660E+00 
       141 -2.121081017E-02 -2.121081017E-02  6.562000141E-03  1.075623790E-01 
       142 -2.120563947E-02 -2.120563947E-02  6.562000141E-03  3.181100420E-01 
       143 -2.119943500E-02 -2.119943500E-02  6.562000141E-03  5.635336475E-01 
       144 -2.119199000E-02 -2.119199000E-02  6.562000141E-03  8.504971730E-01 
       145 -2.118305862E-02 -2.118305862E-02  6.562000141E-03  1.187202490E+00 
       146 -2.117234282E-02 -2.117234282E-02  6.562000606E-03  1.582375391E+00 
       147 -2.115948685E-02 -2.115948685E-02  6.562000606E-03  2.044305053E+00 
       148 -2.114406601E-02 -2.114406601E-02  6.562000141E-03  2.575095404E+00 
       149 -2.112556435E-02 -2.112556435E-02  6.562000141E-03  3.179919400E+00 
       150 -2.110337466E-02 -2.110337466E-02  6.562001072E-03  3.821592287E+00 
       151 -2.106651478E-02 -2.106651478E-02  6.562000606E-03  4.605739720E+00 
       152 -2.102797665E-02 -2.102797665E-02  6.562000141E-03  4.682634150E+00 
       153 -2.100796066E-02 -2.100796066E-02  6.562000141E-03  4.773476991E+00 
       154 -2.095155232E-02 -2.095155232E-02  6.562000141E-03  4.783338953E+00 
       155 -2.089514025E-02 -2.089514025E-02  6.562000141E-03  4.749007525E+00 
       156 -2.082296833E-02 -2.082296833E-02  6.562000141E-03  4.601100868E+00 
       157 -2.075096965E-02 -2.075096965E-02  6.562000141E-03  4.511598709E+00 
       158 -2.067896910E-02 -2.067896910E-02  6.562000141E-03  4.405884397E+00 
       159 -2.060696855E-02 -2.060696855E-02  6.562000141E-03  4.341469462E+00 
       160 -2.053496800E-02 -2.053496800E-02  6.562000141E-03  4.293917466E+00 
       161 -2.046296932E-02 -2.046296932E-02  6.562000606E-03  4.235283892E+00 
       162 -2.039096877E-02 -2.039096877E-02  6.562000141E-03  4.250044271E+00 
       163 -2.031896822E-02 -2.031896822E-02  6.562000141E-03  4.188666981E+00 
       164 -2.024696954E-02 -2.024696954E-02  6.562000141E-03  4.176119463E+00 
       165 -2.017496899E-02 -2.017496899E-02  6.562000141E-03  4.039888790E+00 
       166 -2.010296844E-02 -2.010296844E-02  6.562000141E-03  3.981348049E+00 
       167 -2.003096975E-02 -2.003096975E-02  6.562000141E-03  3.784054312E+00 
       168 -1.995896921E-02 -1.995896921E-02  6.562000141E-03  3.669930705E+00 
       169 -1.988696866E-02 -1.988696866E-02  6.562000141E-03  3.649010396E+00 
       170 -1.981496811E-02 -1.981496811E-02  6.562000141E-03  3.776898105E+00 
       171 -1.974296942E-02 -1.974296942E-02  6.562000141E-03  4.042731469E+00 
       172 -1.967096888E-02 -1.967096888E-02  6.562000141E-03  4.182143733E+00 
       173 -1.959896833E-02 -1.959896833E-02  6.562000141E-03  4.495459789E+00 
       174 -1.952696964E-02 -1.952696964E-02  6.562000141E-03  4.510455298E+00 
       175 -1.945496909E-02 -1.945496909E-02  6.562000606E-03  4.765418671E+00 
       176 -1.938296854E-02 -1.938296854E-02  6.562000141E-03  4.633361644E+00 
       177 -1.931096986E-02 -1.931096986E-02  6.562000606E-03  4.826337350E+00 
       178 -1.923896931E-02 -1.923896931E-02  6.562000141E-03  4.623149818E+00 
       179 -1.916676387E-02 -1.916676387E-02  6.562000606E-03  4.630629097E+00 
       180 -1.912219450E-02 -1.912219450E-02  6.562000606E-03  4.438702380E+00 
       181 -1.904012822E-02 -1.904012822E-02  6.562000141E-03  4.292887007E+00 
       182 -1.898222044E-02 -1.898222044E-02  6.562000606E-03  4.121016090E+00 
