cellnumber     x-coordinate     y-coordinate     z-coordinate velocity-magnitude 
         1 -1.880351454E-02 -1.880351081E-02  6.562000141E-03  4.608401494E+00 
         2 -1.895662583E-02 -1.895662583E-02  6.562000141E-03  4.391875710E+00 
         3 -1.856250688E-02 -1.856250130E-02  6.562000141E-03  5.074647447E+00 
         4 -1.843750663E-02 -1.843750104E-02  6.562000141E-03  5.363483666E+00 
         5 -1.831250638E-02 -1.831250079E-02  6.562000141E-03  5.620061754E+00 
         6 -1.818750612E-02 -1.818750054E-02  6.562000141E-03  5.905845855E+00 
         7 -1.806250587E-02 -1.806250028E-02  6.562000141E-03  5.818665705E+00 
         8 -1.793750562E-02 -1.793750003E-02  6.562000141E-03  5.749845727E+00 
         9 -1.890108548E-02 -1.890108548E-02  6.561999675E-03  4.347174359E+00 
        10 -1.868750714E-02 -1.868750155E-02  6.562000141E-03  4.961775991E+00 
        11 -1.781250723E-02 -1.781250164E-02  6.562000141E-03  5.791073278E+00 
        12 -1.768750697E-02 -1.768750139E-02  6.562000141E-03  5.658746532E+00 
        13 -1.756250672E-02 -1.756250113E-02  6.562000141E-03  5.578055536E+00 
        14 -1.743750647E-02 -1.743750088E-02  6.562000141E-03  5.617796229E+00 
        15 -1.731250621E-02 -1.731250063E-02  6.562000141E-03  5.638003399E+00 
        16 -1.718750596E-02 -1.718750037E-02  6.562000141E-03  5.741179248E+00 
        17 -1.706250571E-02 -1.706250012E-02  6.562000141E-03  5.914818036E+00 
        18 -1.693750545E-02 -1.693750173E-02  6.562000141E-03  6.032776078E+00 
        19 -1.681250706E-02 -1.681250148E-02  6.562000141E-03  6.028742006E+00 
        20 -1.668750681E-02 -1.668750122E-02  6.562000141E-03  5.974816901E+00 
        21 -1.656250656E-02 -1.656250097E-02  6.562000141E-03  5.944344573E+00 
        22 -1.643750630E-02 -1.643750072E-02  6.562000141E-03  5.899306441E+00 
        23 -1.631250605E-02 -1.631250046E-02  6.562000141E-03  5.801999171E+00 
        24 -1.618750580E-02 -1.618750021E-02  6.562000141E-03  5.678609025E+00 
        25 -1.606250554E-02 -1.606250182E-02  6.562000141E-03  5.558405183E+00 
        26 -1.593750529E-02 -1.593750156E-02  6.562000141E-03  5.452175823E+00 
        27 -1.581250690E-02 -1.581250131E-02  6.562000141E-03  5.380638231E+00 
        28 -1.568750665E-02 -1.568750106E-02  6.562000141E-03  5.333988833E+00 
        29 -1.556250639E-02 -1.556250080E-02  6.562000141E-03  5.300590388E+00 
        30 -1.543750614E-02 -1.543750148E-02  6.562000141E-03  5.277500036E+00 
        31 -1.531250682E-02 -1.531250123E-02  6.562000141E-03  5.272628671E+00 
        32 -1.518750656E-02 -1.518750098E-02  6.562000141E-03  5.288166727E+00 
        33 -1.506250631E-02 -1.506250165E-02  6.562000141E-03  5.305523505E+00 
        34 -1.493750606E-02 -1.493750140E-02  6.562000141E-03  5.314968936E+00 
        35 -1.481250674E-02 -1.481250115E-02  6.562000141E-03  5.304536835E+00 
        36 -1.468750648E-02 -1.468750089E-02  6.562000141E-03  5.283778417E+00 
        37 -1.456250623E-02 -1.456250157E-02  6.562000141E-03  5.249688142E+00 
        38 -1.443750598E-02 -1.443750132E-02  6.562000141E-03  5.203934348E+00 
        39 -1.431250665E-02 -1.431250107E-02  6.562000141E-03  5.162860950E+00 
        40 -1.418750640E-02 -1.418750174E-02  6.562000141E-03  5.109276568E+00 
        41 -1.406250615E-02 -1.406250149E-02  6.562000141E-03  5.028416849E+00 
        42 -1.393750589E-02 -1.393750124E-02  6.562000141E-03  4.915285271E+00 
        43 -1.381250657E-02 -1.381250098E-02  6.562000141E-03  4.777030022E+00 
        44 -1.368750632E-02 -1.368750166E-02  6.562000141E-03  4.662716658E+00 
        45 -1.356250606E-02 -1.356250141E-02  6.562000141E-03  4.604527841E+00 
        46 -1.343750674E-02 -1.343750115E-02  6.562000141E-03  4.604113886E+00 
        47 -1.331250649E-02 -1.331250183E-02  6.562000141E-03  4.604992207E+00 
        48 -1.318750624E-02 -1.318750158E-02  6.562000141E-03  4.588574656E+00 
        49 -1.306250598E-02 -1.306250133E-02  6.562000141E-03  4.558015795E+00 
        50 -1.143750641E-02 -1.143750176E-02  6.562000141E-03  4.291883248E+00 
        51 -1.131250616E-02 -1.131250151E-02  6.562000141E-03  4.216520710E+00 
        52 -1.118750591E-02 -1.118750125E-02  6.562000141E-03  4.170565863E+00 
        53 -1.106250659E-02 -1.106250193E-02  6.562000141E-03  4.187312294E+00 
        54 -1.093750633E-02 -1.093750168E-02  6.562000141E-03  4.154465165E+00 
        55 -1.081250608E-02 -1.081250142E-02  6.562000141E-03  4.122140037E+00 
        56 -1.068750583E-02 -1.068750117E-02  6.562000141E-03  4.111870195E+00 
        57 -1.056250650E-02 -1.056250185E-02  6.562000141E-03  4.104335235E+00 
        58 -1.043750625E-02 -1.043750159E-02  6.562000141E-03  4.093568819E+00 
        59 -1.031250600E-02 -1.031250134E-02  6.562000141E-03  4.021668713E+00 
        60 -1.018750574E-02 -1.018750202E-02  6.562000141E-03  3.824067476E+00 
        61 -1.006250642E-02 -1.006250177E-02  6.562000141E-03  3.597060288E+00 
        62 -9.937506169E-03 -9.937501512E-03  6.562000141E-03  3.479224915E+00 
        63 -9.812505916E-03 -9.812501259E-03  6.562000141E-03  3.481107765E+00 
        64 -9.687505662E-03 -9.687501937E-03  6.562000141E-03  3.495309593E+00 
        65 -9.562506340E-03 -9.562501684E-03  6.562000141E-03  3.531012206E+00 
        66 -9.437506087E-03 -9.437501431E-03  6.562000141E-03  3.470381535E+00 
        67 -9.312505834E-03 -9.312502109E-03  6.562000141E-03  3.464255199E+00 
        68 -9.187505580E-03 -9.187501855E-03  6.562000141E-03  3.504036346E+00 
        69 -9.062506258E-03 -9.062501602E-03  6.562000141E-03  3.490282385E+00 
        70 -8.937506005E-03 -8.937501349E-03  6.562000141E-03  3.431713741E+00 
        71 -8.812505752E-03 -8.812502027E-03  6.562000141E-03  3.354167889E+00 
        72 -8.687506430E-03 -8.687501773E-03  6.562000141E-03  3.347509550E+00 
        73 -8.562506177E-03 -8.562501520E-03  6.562000141E-03  3.395220748E+00 
        74 -8.437505923E-03 -8.437502198E-03  6.562000141E-03  3.373956163E+00 
        75 -8.312505670E-03 -8.312501945E-03  6.562000141E-03  2.809695608E+00 
        76 -8.187506348E-03 -8.187501691E-03  6.562000141E-03  2.783350644E+00 
        77 -8.062506095E-03 -8.062501438E-03  6.562000141E-03  2.630775778E+00 
        78 -7.937505841E-03 -7.937502116E-03  6.562000141E-03  2.373519205E+00 
        79 -7.812505588E-03 -7.812501863E-03  6.562000141E-03  2.274486301E+00 
        80 -7.687505800E-03 -7.687501609E-03  6.562000141E-03  2.275235975E+00 
        81 -7.562506013E-03 -7.562501822E-03  6.562000141E-03  2.272769859E+00 
        82 -4.187505692E-03 -4.187501967E-03  6.562000141E-03  1.995509400E+00 
        83 -4.312505480E-03 -4.312501755E-03  6.562000141E-03  1.945874281E+00 
        84 -4.437505733E-03 -4.437502008E-03  6.562000141E-03  1.843651865E+00 
        85 -4.562505521E-03 -4.562501796E-03  6.562000141E-03  1.814747990E+00 
        86 -4.687505774E-03 -4.687502049E-03  6.562000141E-03  1.799194589E+00 
        87 -4.812505562E-03 -4.812501837E-03  6.562000141E-03  1.722669231E+00 
        88 -4.937505815E-03 -4.937502090E-03  6.562000141E-03  1.649994211E+00 
        89 -5.062505603E-03 -5.062501878E-03  6.562000141E-03  1.600567599E+00 
        90 -5.187505856E-03 -5.187502131E-03  6.562000141E-03  1.598680999E+00 
        91 -5.312505644E-03 -5.312501919E-03  6.562000141E-03  1.495448657E+00 
        92 -5.437505897E-03 -5.437501706E-03  6.562000141E-03  1.361088862E+00 
        93 -5.562505685E-03 -5.562501960E-03  6.562000141E-03  1.327527024E+00 
        94 -5.687505938E-03 -5.687501747E-03  6.562000141E-03  1.169819456E+00 
        95 -5.812505726E-03 -5.812502000E-03  6.562000141E-03  8.732697035E-01 
        96 -5.937505979E-03 -5.937501788E-03  6.562000141E-03  6.396834042E-01 
        97 -6.062505767E-03 -6.062502041E-03  6.562000141E-03  5.685210033E-01 
        98 -6.187506020E-03 -6.187501829E-03  6.562000141E-03  1.032358580E+00 
        99 -6.312505808E-03 -6.312501617E-03  6.562000141E-03  1.418209930E+00 
       100 -6.437505595E-03 -6.437501870E-03  6.562000141E-03  1.211791831E+00 
       101 -6.562505849E-03 -6.562501658E-03  6.562000141E-03  9.911790422E-01 
       102 -6.687505636E-03 -6.687501911E-03  6.562000141E-03  1.064601498E+00 
       103 -6.812505890E-03 -6.812501699E-03  6.562000141E-03  1.199950514E+00 
       104 -6.937505677E-03 -6.937501952E-03  6.562000141E-03  1.333219214E+00 
       105 -7.062505931E-03 -7.062501740E-03  6.562000141E-03  1.566378853E+00 
       106 -7.187505718E-03 -7.187501993E-03  6.562000141E-03  1.831057265E+00 
       107 -7.312505972E-03 -7.312501781E-03  6.562000141E-03  2.095482665E+00 
       108 -7.437505759E-03 -7.437501568E-03  6.562000141E-03  2.244654451E+00 
       109 -1.293750666E-02 -1.293750107E-02  6.562000141E-03  4.515496372E+00 
       110 -1.281250641E-02 -1.281250175E-02  6.562000141E-03  4.457587678E+00 
       111 -1.268750615E-02 -1.268750150E-02  6.562000141E-03  4.416547385E+00 
       112 -1.256250590E-02 -1.256250124E-02  6.562000141E-03  4.424235022E+00 
       113 -1.243750658E-02 -1.243750192E-02  6.562000141E-03  4.464571716E+00 
       114 -1.231250633E-02 -1.231250167E-02  6.562000141E-03  4.512183679E+00 
       115 -1.218750607E-02 -1.218750142E-02  6.562000141E-03  4.532212363E+00 
       116 -1.206250582E-02 -1.206250116E-02  6.562000141E-03  4.527914165E+00 
       117 -1.193750650E-02 -1.193750184E-02  6.562000141E-03  4.508480082E+00 
       118 -1.181250624E-02 -1.181250159E-02  6.562000141E-03  4.476949723E+00 
       119 -1.168750599E-02 -1.168750133E-02  6.562000141E-03  4.431091650E+00 
       120 -1.156250574E-02 -1.156250108E-02  6.562000141E-03  4.367418603E+00 
       121 -2.031896822E-02 -2.031896822E-02  6.562000141E-03  3.856972337E+00 
       122 -2.024696954E-02 -2.024696954E-02  6.562000141E-03  4.126930155E+00 
       123 -2.017496899E-02 -2.017496899E-02  6.562000141E-03  4.331620445E+00 
       124 -2.010296844E-02 -2.010296844E-02  6.562000141E-03  4.377072204E+00 
       125 -2.003096975E-02 -2.003096975E-02  6.562000141E-03  4.364391987E+00 
       126 -1.995896921E-02 -1.995896921E-02  6.562000141E-03  4.451678011E+00 
       127 -1.988696866E-02 -1.988696866E-02  6.562000141E-03  4.499808636E+00 
       128 -1.981496811E-02 -1.981496811E-02  6.562000141E-03  4.507489953E+00 
       129 -1.974296942E-02 -1.974296942E-02  6.562000141E-03  4.474873316E+00 
       130 -1.967096888E-02 -1.967096888E-02  6.562000141E-03  4.405209779E+00 
       131 -1.959896833E-02 -1.959896833E-02  6.562000141E-03  4.501590593E+00 
       132 -1.952696964E-02 -1.952696964E-02  6.562000141E-03  4.529147711E+00 
       133 -1.945496909E-02 -1.945496909E-02  6.562000606E-03  4.660902427E+00 
       134 -1.938296854E-02 -1.938296854E-02  6.562000141E-03  4.711783913E+00 
       135 -1.931096986E-02 -1.931096986E-02  6.562000606E-03  4.787318304E+00 
       136 -1.923896931E-02 -1.923896931E-02  6.562000141E-03  4.801932138E+00 
       137 -1.916676387E-02 -1.916676387E-02  6.562000606E-03  4.745751560E+00 
       138 -1.912219450E-02 -1.912219450E-02  6.562000606E-03  4.671783297E+00 
       139 -1.904012822E-02 -1.904012822E-02  6.562000141E-03  4.404260748E+00 
       140 -1.898222044E-02 -1.898222044E-02  6.562000606E-03  4.296069769E+00 
       141 -2.121081017E-02 -2.121081017E-02  6.562000141E-03  9.987217792E-02 
       142 -2.120563947E-02 -2.120563947E-02  6.562000141E-03  2.987553274E-01 
       143 -2.119943500E-02 -2.119943500E-02  6.562000141E-03  5.334164249E-01 
       144 -2.119199000E-02 -2.119199000E-02  6.562000141E-03  8.091648511E-01 
       145 -2.118305862E-02 -2.118305862E-02  6.562000141E-03  1.131858855E+00 
       146 -2.117234282E-02 -2.117234282E-02  6.562000606E-03  1.506310625E+00 
       147 -2.115948685E-02 -2.115948685E-02  6.562000606E-03  1.930705213E+00 
       148 -2.114406601E-02 -2.114406601E-02  6.562000141E-03  2.393587336E+00 
       149 -2.112556435E-02 -2.112556435E-02  6.562000141E-03  2.865470587E+00 
       150 -2.110337466E-02 -2.110337466E-02  6.562001072E-03  3.320136639E+00 
       151 -2.106651478E-02 -2.106651478E-02  6.562000606E-03  3.850888482E+00 
       152 -2.102797665E-02 -2.102797665E-02  6.562000141E-03  4.200351499E+00 
       153 -2.100796066E-02 -2.100796066E-02  6.562000141E-03  4.333509391E+00 
       154 -2.095155232E-02 -2.095155232E-02  6.562000141E-03  4.437834069E+00 
       155 -2.089514025E-02 -2.089514025E-02  6.562000141E-03  4.690502894E+00 
       156 -2.082296833E-02 -2.082296833E-02  6.562000141E-03  4.680725506E+00 
       157 -2.075096965E-02 -2.075096965E-02  6.562000141E-03  4.655412344E+00 
       158 -2.067896910E-02 -2.067896910E-02  6.562000141E-03  4.520950983E+00 
       159 -2.060696855E-02 -2.060696855E-02  6.562000141E-03  4.456245775E+00 
       160 -2.053496800E-02 -2.053496800E-02  6.562000141E-03  4.351912740E+00 
       161 -2.046296932E-02 -2.046296932E-02  6.562000606E-03  4.038872206E+00 
       162 -2.039096877E-02 -2.039096877E-02  6.562000141E-03  3.823599593E+00 
       163 -2.830280224E-03 -2.830280224E-03  6.562000606E-03  1.063139213E+00 
       164 -2.835373627E-03 -2.835373627E-03  6.562000141E-03  1.107122802E+00 
       165 -2.841493115E-03 -2.841493115E-03  6.562000606E-03  1.171627842E+00 
       166 -2.848849166E-03 -2.848849166E-03  6.562000606E-03  1.255208644E+00 
       167 -2.857688349E-03 -2.857688349E-03  6.562000141E-03  1.351630224E+00 
       168 -2.868303098E-03 -2.868303098E-03  6.562000141E-03  1.449320718E+00 
       169 -2.881055698E-03 -2.881055698E-03  6.562000606E-03  1.533083064E+00 
       170 -2.896386897E-03 -2.896386897E-03  6.562000606E-03  1.588379576E+00 
       171 -2.914825687E-03 -2.914825687E-03  6.562000606E-03  1.611137075E+00 
       172 -2.937011421E-03 -2.937011421E-03  6.562000606E-03  1.608552506E+00 
       173 -2.967901761E-03 -2.967901761E-03  6.562000606E-03  1.595070897E+00 
       174 -3.022594145E-03 -3.022594145E-03  6.562000606E-03  1.609250835E+00 
       175 -3.099788679E-03 -3.099788679E-03  6.562000606E-03  1.580989938E+00 
       176 -3.195534227E-03 -3.195532598E-03  6.562000606E-03  1.623251991E+00 
       177 -3.312505549E-03 -3.312501824E-03  6.562000141E-03  1.658517712E+00 
       178 -3.437505569E-03 -3.437501844E-03  6.562000141E-03  1.774136742E+00 
       179 -3.562505590E-03 -3.562501865E-03  6.562000141E-03  1.928094892E+00 
       180 -3.687505610E-03 -3.687501885E-03  6.562000141E-03  2.089376233E+00 
       181 -3.812505631E-03 -3.812501905E-03  6.562000141E-03  2.344500454E+00 
       182 -3.937505651E-03 -3.937501926E-03  6.562000141E-03  2.561655815E+00 
       183 -4.062505439E-03 -4.062502179E-03  6.562000141E-03  2.235446255E+00 
