cellnumber     x-coordinate     y-coordinate     z-coordinate velocity-magnitude 
         1 -2.031896822E-02 -2.031896822E-02  6.562000141E-03  3.856270069E+00 
         2 -2.024696954E-02 -2.024696954E-02  6.562000141E-03  3.973987879E+00 
         3 -2.017496899E-02 -2.017496899E-02  6.562000141E-03  4.031654775E+00 
         4 -2.010296844E-02 -2.010296844E-02  6.562000141E-03  4.051987495E+00 
         5 -2.003096975E-02 -2.003096975E-02  6.562000141E-03  4.060550608E+00 
         6 -1.995896921E-02 -1.995896921E-02  6.562000141E-03  4.007525448E+00 
         7 -1.988696866E-02 -1.988696866E-02  6.562000141E-03  3.976584589E+00 
         8 -1.981496811E-02 -1.981496811E-02  6.562000141E-03  3.941531845E+00 
         9 -1.974296942E-02 -1.974296942E-02  6.562000141E-03  3.852578795E+00 
        10 -1.967096888E-02 -1.967096888E-02  6.562000141E-03  3.796452307E+00 
        11 -1.959896833E-02 -1.959896833E-02  6.562000141E-03  3.734770511E+00 
        12 -1.952696964E-02 -1.952696964E-02  6.562000141E-03  3.758992817E+00 
        13 -1.945496909E-02 -1.945496909E-02  6.562000606E-03  3.921142291E+00 
        14 -1.938296854E-02 -1.938296854E-02  6.562000141E-03  4.047947293E+00 
        15 -1.931096986E-02 -1.931096986E-02  6.562000606E-03  4.161331350E+00 
        16 -1.923896931E-02 -1.923896931E-02  6.562000141E-03  4.238886806E+00 
        17 -1.916676387E-02 -1.916676387E-02  6.562000606E-03  4.317577168E+00 
        18 -1.912219450E-02 -1.912219450E-02  6.562000606E-03  4.549666681E+00 
        19 -1.904012822E-02 -1.904012822E-02  6.562000141E-03  4.490565826E+00 
        20 -1.898222044E-02 -1.898222044E-02  6.562000606E-03  4.602209449E+00 
        21 -2.121081017E-02 -2.121081017E-02  6.562000141E-03  1.336831311E-01 
        22 -2.120563947E-02 -2.120563947E-02  6.562000141E-03  4.052561919E-01 
        23 -2.119943500E-02 -2.119943500E-02  6.562000141E-03  7.316946964E-01 
        24 -2.119199000E-02 -2.119199000E-02  6.562000141E-03  1.119774133E+00 
        25 -2.118305862E-02 -2.118305862E-02  6.562000141E-03  1.570678475E+00 
        26 -2.117234282E-02 -2.117234282E-02  6.562000606E-03  2.071155400E+00 
        27 -2.115948685E-02 -2.115948685E-02  6.562000606E-03  2.587342731E+00 
        28 -2.114406601E-02 -2.114406601E-02  6.562000141E-03  3.060358471E+00 
        29 -2.112556435E-02 -2.112556435E-02  6.562000141E-03  3.419384857E+00 
        30 -2.110337466E-02 -2.110337466E-02  6.562001072E-03  3.611713729E+00 
        31 -2.106651478E-02 -2.106651478E-02  6.562000606E-03  3.715638104E+00 
        32 -2.102797665E-02 -2.102797665E-02  6.562000141E-03  3.853012525E+00 
        33 -2.100796066E-02 -2.100796066E-02  6.562000141E-03  3.812189033E+00 
        34 -2.095155232E-02 -2.095155232E-02  6.562000141E-03  3.883362478E+00 
        35 -2.089514025E-02 -2.089514025E-02  6.562000141E-03  4.059919304E+00 
        36 -2.082296833E-02 -2.082296833E-02  6.562000141E-03  4.176349791E+00 
        37 -2.075096965E-02 -2.075096965E-02  6.562000141E-03  4.331355914E+00 
        38 -2.067896910E-02 -2.067896910E-02  6.562000141E-03  4.229792539E+00 
        39 -2.060696855E-02 -2.060696855E-02  6.562000141E-03  4.163514285E+00 
        40 -2.053496800E-02 -2.053496800E-02  6.562000141E-03  4.076570357E+00 
        41 -2.046296932E-02 -2.046296932E-02  6.562000606E-03  3.892561687E+00 
        42 -2.039096877E-02 -2.039096877E-02  6.562000141E-03  3.857642466E+00 
        43 -1.681250706E-02 -1.681250148E-02  6.562000141E-03  5.578273154E+00 
        44 -1.668750681E-02 -1.668750122E-02  6.562000141E-03  5.474319076E+00 
        45 -1.656250656E-02 -1.656250097E-02  6.562000141E-03  5.440523320E+00 
        46 -1.643750630E-02 -1.643750072E-02  6.562000141E-03  5.486805603E+00 
        47 -1.631250605E-02 -1.631250046E-02  6.562000141E-03  5.552607786E+00 
        48 -1.618750580E-02 -1.618750021E-02  6.562000141E-03  5.505639548E+00 
        49 -1.606250741E-02 -1.606249996E-02  6.562000141E-03  5.527300225E+00 
        50 -1.593750715E-02 -1.593749970E-02  6.562000141E-03  5.496428289E+00 
        51 -1.581250690E-02 -1.581250131E-02  6.562000141E-03  5.285329735E+00 
        52 -1.568750665E-02 -1.568750106E-02  6.562000141E-03  5.254145986E+00 
        53 -1.556250639E-02 -1.556250080E-02  6.562000141E-03  5.417882265E+00 
        54 -1.543750707E-02 -1.543750055E-02  6.562000141E-03  5.580986842E+00 
        55 -1.531250682E-02 -1.531250123E-02  6.562000141E-03  5.643897897E+00 
        56 -1.518750656E-02 -1.518750098E-02  6.562000141E-03  5.713520293E+00 
        57 -1.506250631E-02 -1.506250072E-02  6.562000141E-03  5.802060833E+00 
        58 -1.493750699E-02 -1.493750140E-02  6.562000141E-03  5.796699956E+00 
        59 -1.481250674E-02 -1.481250115E-02  6.562000141E-03  5.747953385E+00 
        60 -1.468750648E-02 -1.468750089E-02  6.562000141E-03  5.909583160E+00 
        61 -1.456250623E-02 -1.456250064E-02  6.562000141E-03  5.878814441E+00 
        62 -1.443750691E-02 -1.443750132E-02  6.562000141E-03  5.878800450E+00 
        63 -1.431250665E-02 -1.431250107E-02  6.562000141E-03  5.705327455E+00 
        64 -1.418750640E-02 -1.418750081E-02  6.562000141E-03  5.373174547E+00 
        65 -1.406250708E-02 -1.406250149E-02  6.562000141E-03  5.045195821E+00 
        66 -1.393750682E-02 -1.393750124E-02  6.562000141E-03  4.932480424E+00 
        67 -1.381250657E-02 -1.381250098E-02  6.562000141E-03  4.911638454E+00 
        68 -1.368750632E-02 -1.368750073E-02  6.562000141E-03  4.905112708E+00 
        69 -1.356250700E-02 -1.356250141E-02  6.562000141E-03  4.855029798E+00 
        70 -1.343750674E-02 -1.343750115E-02  6.562000141E-03  4.814252934E+00 
        71 -1.331250649E-02 -1.331250090E-02  6.562000141E-03  4.771060026E+00 
        72 -1.318750624E-02 -1.318750158E-02  6.562000141E-03  4.717955147E+00 
        73 -1.306250691E-02 -1.306250133E-02  6.562000141E-03  4.658232563E+00 
        74 -1.143750641E-02 -1.143750083E-02  6.562000141E-03  3.897778501E+00 
        75 -1.131250616E-02 -1.131250151E-02  6.562000141E-03  3.905864181E+00 
        76 -1.118750684E-02 -1.118750125E-02  6.562000141E-03  3.929264401E+00 
        77 -1.106250659E-02 -1.106250100E-02  6.562000141E-03  3.921521490E+00 
        78 -1.093750633E-02 -1.093750168E-02  6.562000141E-03  3.878945871E+00 
        79 -1.081250608E-02 -1.081250142E-02  6.562000141E-03  3.809201606E+00 
        80 -1.068750676E-02 -1.068750117E-02  6.562000141E-03  3.713019261E+00 
        81 -1.056250650E-02 -1.056250092E-02  6.562000141E-03  3.573609278E+00 
        82 -1.043750625E-02 -1.043750159E-02  6.562000141E-03  3.469421313E+00 
        83 -1.031250600E-02 -1.031250134E-02  6.562000141E-03  3.532880529E+00 
        84 -1.018750668E-02 -1.018750109E-02  6.562000141E-03  3.500880981E+00 
        85 -1.006250642E-02 -1.006250177E-02  6.562000141E-03  3.556087673E+00 
        86 -9.937506169E-03 -9.937501512E-03  6.562000141E-03  3.566300692E+00 
        87 -9.812505916E-03 -9.812501259E-03  6.562000141E-03  3.470597851E+00 
        88 -9.687506594E-03 -9.687501006E-03  6.562000141E-03  3.328714009E+00 
        89 -9.562506340E-03 -9.562501684E-03  6.562000141E-03  3.313472728E+00 
        90 -9.437506087E-03 -9.437501431E-03  6.562000141E-03  3.455312528E+00 
        91 -9.312505834E-03 -9.312501177E-03  6.562000141E-03  3.444829111E+00 
        92 -9.187506512E-03 -9.187501855E-03  6.562000141E-03  2.967532106E+00 
        93 -9.062506258E-03 -9.062501602E-03  6.562000141E-03  2.424725314E+00 
        94 -8.937506005E-03 -8.937501349E-03  6.562000141E-03  2.360866902E+00 
        95 -8.812505752E-03 -8.812501095E-03  6.562000141E-03  2.566470554E+00 
        96 -8.687506430E-03 -8.687501773E-03  6.562000141E-03  2.968454803E+00 
        97 -8.562506177E-03 -8.562501520E-03  6.562000141E-03  2.655194898E+00 
        98 -8.437505923E-03 -8.437501267E-03  6.562000141E-03  2.610734019E+00 
        99 -8.312505670E-03 -8.312501945E-03  6.562000141E-03  2.698450495E+00 
       100 -8.187506348E-03 -8.187501691E-03  6.562000141E-03  2.695811413E+00 
       101 -8.062506095E-03 -8.062501438E-03  6.562000141E-03  2.771805673E+00 
       102 -7.937505841E-03 -7.937501185E-03  6.562000141E-03  2.746526185E+00 
       103 -7.812505588E-03 -7.812500931E-03  6.562000141E-03  2.617702288E+00 
       104 -7.687506266E-03 -7.687501609E-03  6.562000141E-03  2.517429668E+00 
       105 -7.562506013E-03 -7.562501822E-03  6.562000141E-03  2.403649051E+00 
       106 -4.187505692E-03 -4.187501967E-03  6.562000141E-03  1.190005630E+00 
       107 -4.312505946E-03 -4.312501755E-03  6.562000141E-03  1.268854619E+00 
       108 -4.437505733E-03 -4.437502008E-03  6.562000141E-03  1.128496073E+00 
       109 -4.562505987E-03 -4.562501796E-03  6.562000141E-03  1.109595816E+00 
       110 -4.687505774E-03 -4.687502049E-03  6.562000141E-03  1.364937514E+00 
       111 -4.812506028E-03 -4.812501837E-03  6.562000141E-03  1.499726145E+00 
       112 -4.937505815E-03 -4.937501624E-03  6.562000141E-03  1.316404559E+00 
       113 -5.062505603E-03 -5.062501878E-03  6.562000141E-03  1.006569178E+00 
       114 -5.187505856E-03 -5.187501665E-03  6.562000141E-03  1.037762137E+00 
       115 -5.312505644E-03 -5.312501919E-03  6.562000141E-03  1.370200540E+00 
       116 -5.437505897E-03 -5.437501706E-03  6.562000141E-03  1.492193186E+00 
       117 -5.562505685E-03 -5.562501960E-03  6.562000141E-03  1.467866284E+00 
       118 -5.687505938E-03 -5.687501747E-03  6.562000141E-03  1.515246104E+00 
       119 -5.812505726E-03 -5.812501535E-03  6.562000141E-03  1.608477497E+00 
       120 -5.937505979E-03 -5.937501788E-03  6.562000141E-03  1.688388725E+00 
       121 -6.062505767E-03 -6.062501576E-03  6.562000141E-03  1.763025514E+00 
       122 -6.187506020E-03 -6.187501829E-03  6.562000141E-03  1.636445756E+00 
       123 -6.312505808E-03 -6.312501617E-03  6.562000141E-03  1.446234557E+00 
       124 -6.437506061E-03 -6.437501870E-03  6.562000141E-03  1.316309162E+00 
       125 -6.562505849E-03 -6.562501658E-03  6.562000141E-03  1.284273824E+00 
       126 -6.687506102E-03 -6.687501445E-03  6.562000141E-03  1.353264498E+00 
       127 -6.812505890E-03 -6.812501699E-03  6.562000141E-03  1.593137645E+00 
       128 -6.937506143E-03 -6.937501486E-03  6.562000141E-03  1.891502311E+00 
       129 -7.062505931E-03 -7.062501740E-03  6.562000141E-03  2.069366084E+00 
       130 -7.187506184E-03 -7.187501527E-03  6.562000141E-03  2.177232990E+00 
       131 -7.312505972E-03 -7.312501781E-03  6.562000141E-03  2.258412600E+00 
       132 -7.437506225E-03 -7.437501568E-03  6.562000141E-03  2.325759149E+00 
       133 -1.293750666E-02 -1.293750107E-02  6.562000141E-03  4.617591448E+00 
       134 -1.281250641E-02 -1.281250082E-02  6.562000141E-03  4.559774918E+00 
       135 -1.268750615E-02 -1.268750150E-02  6.562000141E-03  4.535701457E+00 
       136 -1.256250683E-02 -1.256250124E-02  6.562000141E-03  4.527979128E+00 
       137 -1.243750658E-02 -1.243750099E-02  6.562000141E-03  4.501006613E+00 
       138 -1.231250633E-02 -1.231250167E-02  6.562000141E-03  4.486347130E+00 
       139 -1.218750607E-02 -1.218750142E-02  6.562000141E-03  4.466421276E+00 
       140 -1.206250675E-02 -1.206250116E-02  6.562000141E-03  4.417332109E+00 
       141 -1.193750650E-02 -1.193750091E-02  6.562000141E-03  4.323518643E+00 
       142 -1.181250624E-02 -1.181250159E-02  6.562000141E-03  4.188658362E+00 
       143 -1.168750599E-02 -1.168750133E-02  6.562000141E-03  4.046867460E+00 
       144 -1.156250667E-02 -1.156250108E-02  6.562000141E-03  3.939757455E+00 
       145 -1.890108548E-02 -1.890108548E-02  6.562000141E-03  4.946077144E+00 
       146 -1.868750714E-02 -1.868749969E-02  6.562000141E-03  5.205286002E+00 
       147 -1.781250723E-02 -1.781249978E-02  6.562000141E-03  5.428611196E+00 
       148 -1.768750697E-02 -1.768750139E-02  6.562000141E-03  5.563790693E+00 
       149 -1.756250672E-02 -1.756250113E-02  6.562000141E-03  5.636169761E+00 
       150 -1.743750647E-02 -1.743750088E-02  6.562000141E-03  5.598926738E+00 
       151 -1.731250621E-02 -1.731250063E-02  6.562000141E-03  5.591302821E+00 
       152 -1.718750596E-02 -1.718750037E-02  6.562000141E-03  5.633277414E+00 
       153 -1.706250757E-02 -1.706250012E-02  6.562000141E-03  5.658514646E+00 
       154 -1.693750732E-02 -1.693749987E-02  6.562000141E-03  5.649325812E+00 
       155 -1.880351454E-02 -1.880351081E-02  6.562000141E-03  5.180223209E+00 
       156 -1.895662583E-02 -1.895662583E-02  6.562000141E-03  4.981668522E+00 
       157 -1.856250688E-02 -1.856250130E-02  6.562000141E-03  5.171571235E+00 
       158 -1.843750663E-02 -1.843750104E-02  6.562000141E-03  5.300251816E+00 
       159 -1.831250638E-02 -1.831250079E-02  6.562000141E-03  5.850447165E+00 
       160 -1.818750612E-02 -1.818750054E-02  6.562000141E-03  5.918191607E+00 
       161 -1.806250587E-02 -1.806250028E-02  6.562000141E-03  5.791003311E+00 
       162 -1.793750748E-02 -1.793750003E-02  6.562000141E-03  5.557134297E+00 
       163 -2.830280224E-03 -2.830280224E-03  6.562000141E-03  1.057486028E+00 
       164 -2.835373627E-03 -2.835373627E-03  6.562000141E-03  1.076148611E+00 
       165 -2.841493115E-03 -2.841493115E-03  6.562000141E-03  1.092682803E+00 
       166 -2.848849166E-03 -2.848849166E-03  6.562000606E-03  1.104570615E+00 
       167 -2.857688349E-03 -2.857688349E-03  6.562000141E-03  1.108356437E+00 
       168 -2.868303098E-03 -2.868303098E-03  6.562000141E-03  1.099296686E+00 
       169 -2.881055698E-03 -2.881055698E-03  6.562000606E-03  1.073349946E+00 
       170 -2.896386897E-03 -2.896386897E-03  6.562000606E-03  1.023483566E+00 
       171 -2.914825454E-03 -2.914825454E-03  6.562000606E-03  9.616305414E-01 
       172 -2.937011421E-03 -2.937011421E-03  6.562000141E-03  8.773682983E-01 
       173 -2.967901761E-03 -2.967901761E-03  6.562000141E-03  8.265492450E-01 
       174 -3.022594145E-03 -3.022594145E-03  6.562000606E-03  1.021543221E+00 
       175 -3.099788679E-03 -3.099788679E-03  6.562000606E-03  1.267109882E+00 
       176 -3.195534460E-03 -3.195532598E-03  6.562000606E-03  1.720042184E+00 
       177 -3.312505549E-03 -3.312501824E-03  6.562000141E-03  1.831153194E+00 
       178 -3.437505569E-03 -3.437501844E-03  6.562000141E-03  2.062934561E+00 
       179 -3.562505590E-03 -3.562501865E-03  6.562000141E-03  2.024217187E+00 
       180 -3.687505610E-03 -3.687501885E-03  6.562000141E-03  1.933487344E+00 
       181 -3.812505631E-03 -3.812501905E-03  6.562000141E-03  1.767063186E+00 
       182 -3.937505651E-03 -3.937501926E-03  6.562000141E-03  1.625349705E+00 
       183 -4.062505905E-03 -4.062501714E-03  6.562000141E-03  1.343883293E+00 
