cellnumber     x-coordinate     y-coordinate     z-coordinate velocity-magnitude 
         1 -2.031896822E-02 -2.031896822E-02  6.562000141E-03  3.990023143E+00 
         2 -2.024696954E-02 -2.024696954E-02  6.562000141E-03  3.876817399E+00 
         3 -2.017496899E-02 -2.017496899E-02  6.562000141E-03  3.711765787E+00 
         4 -2.010296844E-02 -2.010296844E-02  6.562000141E-03  3.786787240E+00 
         5 -2.003096975E-02 -2.003096975E-02  6.562000141E-03  3.764900614E+00 
         6 -1.995896921E-02 -1.995896921E-02  6.562000141E-03  3.879441838E+00 
         7 -1.988696866E-02 -1.988696866E-02  6.562000141E-03  3.906321325E+00 
         8 -1.981496811E-02 -1.981496811E-02  6.562000141E-03  3.958564185E+00 
         9 -1.974296942E-02 -1.974296942E-02  6.562000141E-03  3.908672176E+00 
        10 -1.967096888E-02 -1.967096888E-02  6.562000141E-03  3.975559787E+00 
        11 -1.959896833E-02 -1.959896833E-02  6.562000141E-03  3.831945053E+00 
        12 -1.952696964E-02 -1.952696964E-02  6.562000141E-03  3.876590854E+00 
        13 -1.945496909E-02 -1.945496909E-02  6.562000606E-03  3.921787671E+00 
        14 -1.938296854E-02 -1.938296854E-02  6.562000141E-03  4.004894784E+00 
        15 -1.931096986E-02 -1.931096986E-02  6.562000606E-03  4.329206248E+00 
        16 -1.923896931E-02 -1.923896931E-02  6.562000141E-03  4.451071710E+00 
        17 -1.916676387E-02 -1.916676387E-02  6.562000606E-03  4.912083271E+00 
        18 -1.912219450E-02 -1.912219450E-02  6.562000606E-03  5.253185817E+00 
        19 -1.904012822E-02 -1.904012822E-02  6.562000141E-03  5.638370062E+00 
        20 -1.898222044E-02 -1.898222044E-02  6.562000606E-03  5.629909371E+00 
        21 -2.121081017E-02 -2.121081017E-02  6.562000141E-03  1.297781266E-01 
        22 -2.120563947E-02 -2.120563947E-02  6.562000141E-03  3.983490571E-01 
        23 -2.119943500E-02 -2.119943500E-02  6.562000141E-03  7.275777336E-01 
        24 -2.119199000E-02 -2.119199000E-02  6.562000141E-03  1.125226838E+00 
        25 -2.118305862E-02 -2.118305862E-02  6.562000141E-03  1.588647432E+00 
        26 -2.117234282E-02 -2.117234282E-02  6.562000606E-03  2.092510682E+00 
        27 -2.115948685E-02 -2.115948685E-02  6.562000606E-03  2.590282145E+00 
        28 -2.114406601E-02 -2.114406601E-02  6.562000141E-03  3.033266253E+00 
        29 -2.112556435E-02 -2.112556435E-02  6.562000141E-03  3.392710351E+00 
        30 -2.110337466E-02 -2.110337466E-02  6.562001072E-03  3.682706499E+00 
        31 -2.106651478E-02 -2.106651478E-02  6.562000606E-03  4.022629405E+00 
        32 -2.102797665E-02 -2.102797665E-02  6.562000141E-03  4.274003227E+00 
        33 -2.100796066E-02 -2.100796066E-02  6.562000141E-03  4.357014195E+00 
        34 -2.095155232E-02 -2.095155232E-02  6.562000141E-03  4.420786664E+00 
        35 -2.089514025E-02 -2.089514025E-02  6.562000141E-03  4.548112453E+00 
        36 -2.082296833E-02 -2.082296833E-02  6.562000141E-03  4.492874612E+00 
        37 -2.075096965E-02 -2.075096965E-02  6.562000141E-03  4.536804681E+00 
        38 -2.067896910E-02 -2.067896910E-02  6.562000141E-03  4.524272804E+00 
        39 -2.060696855E-02 -2.060696855E-02  6.562000141E-03  4.519967920E+00 
        40 -2.053496800E-02 -2.053496800E-02  6.562000141E-03  4.504494503E+00 
        41 -2.046296932E-02 -2.046296932E-02  6.562000606E-03  4.361402177E+00 
        42 -2.039096877E-02 -2.039096877E-02  6.562000141E-03  4.214927403E+00 
        43 -1.895096339E-02 -1.895096339E-02  6.562000141E-03  5.190904455E+00 
        44 -1.890101843E-02 -1.890101843E-02  6.562000606E-03  5.305248898E+00 
        45 -1.880909875E-02 -1.880909875E-02  6.562000606E-03  5.355419921E+00 
        46 -1.868749596E-02 -1.868749596E-02  6.562000141E-03  5.521726364E+00 
        47 -1.856249571E-02 -1.856249571E-02  6.562000141E-03  5.643997195E+00 
        48 -1.843749732E-02 -1.843749546E-02  6.562000141E-03  5.646172790E+00 
        49 -1.831249706E-02 -1.831249520E-02  6.562000141E-03  5.594634038E+00 
        50 -1.818749681E-02 -1.818749681E-02  6.562000141E-03  5.550739022E+00 
        51 -1.806249656E-02 -1.806249656E-02  6.562000141E-03  5.429500801E+00 
        52 -1.793749630E-02 -1.793749630E-02  6.562000141E-03  5.307142410E+00 
        53 -1.781249605E-02 -1.781249605E-02  6.562000141E-03  5.382161906E+00 
        54 -1.768749580E-02 -1.768749580E-02  6.562000141E-03  5.431597843E+00 
        55 -1.756249554E-02 -1.756249554E-02  6.562000141E-03  5.491004713E+00 
        56 -1.743749715E-02 -1.743749529E-02  6.562000141E-03  5.796981260E+00 
        57 -1.731249690E-02 -1.731249690E-02  6.562000141E-03  6.055332286E+00 
        58 -2.830350772E-03 -2.830350772E-03  6.562000141E-03  1.092294621E+00 
        59 -2.835454186E-03 -2.835454186E-03  6.562000606E-03  1.190527468E+00 
        60 -2.841583919E-03 -2.841583919E-03  6.562000606E-03  1.313227815E+00 
        61 -2.848947421E-03 -2.848947421E-03  6.562000141E-03  1.458430395E+00 
        62 -2.857794985E-03 -2.857794985E-03  6.562000141E-03  1.617611448E+00 
        63 -2.868429059E-03 -2.868429059E-03  6.562000141E-03  1.772772007E+00 
        64 -2.881214023E-03 -2.881214023E-03  6.562000141E-03  1.897567452E+00 
        65 -2.896590391E-03 -2.896590391E-03  6.562000141E-03  1.966093692E+00 
        66 -2.915092744E-03 -2.915092744E-03  6.562000606E-03  1.982873745E+00 
        67 -2.937367884E-03 -2.937367884E-03  6.562000141E-03  1.969504413E+00 
        68 -2.973292721E-03 -2.973292721E-03  6.561999675E-03  1.950665638E+00 
        69 -3.061021678E-03 -3.061023075E-03  6.562000141E-03  1.861042213E+00 
        70 -3.187495051E-03 -3.187497612E-03  6.562000141E-03  1.846145205E+00 
        71 -3.312495071E-03 -3.312497400E-03  6.562000141E-03  1.836399570E+00 
        72 -3.437495092E-03 -3.437497420E-03  6.562000141E-03  1.784869544E+00 
        73 -3.562495112E-03 -3.562497441E-03  6.562000141E-03  1.698144882E+00 
        74 -3.687495133E-03 -3.687497461E-03  6.562000141E-03  1.538379479E+00 
        75 -3.812495153E-03 -3.812497482E-03  6.562000141E-03  1.344259890E+00 
        76 -3.937494941E-03 -3.937497269E-03  6.562000141E-03  1.187116451E+00 
        77 -4.062495194E-03 -4.062497523E-03  6.562000141E-03  1.096468484E+00 
        78 -4.187495448E-03 -4.187497310E-03  6.562000141E-03  1.087050475E+00 
        79 -4.312495235E-03 -4.312497564E-03  6.562000141E-03  1.124109600E+00 
        80 -4.437495489E-03 -4.437497351E-03  6.562000141E-03  1.167366324E+00 
        81 -4.562495276E-03 -4.562497605E-03  6.562000141E-03  1.234680689E+00 
        82 -4.687495064E-03 -4.687497392E-03  6.562000141E-03  1.280726060E+00 
        83 -4.812495317E-03 -4.812497646E-03  6.562000141E-03  1.518486587E+00 
        84 -1.718749665E-02 -1.718749665E-02  6.562000141E-03  6.164985104E+00 
        85 -1.706249639E-02 -1.706249639E-02  6.562000141E-03  6.106056786E+00 
        86 -1.693749614E-02 -1.693749614E-02  6.562000141E-03  5.817303901E+00 
        87 -1.681249589E-02 -1.681249589E-02  6.562000141E-03  5.421508967E+00 
        88 -1.668749563E-02 -1.668749563E-02  6.562000141E-03  5.315745038E+00 
        89 -1.656249538E-02 -1.656249538E-02  6.562000141E-03  5.208873349E+00 
        90 -1.643749699E-02 -1.643749699E-02  6.562000141E-03  5.261359457E+00 
        91 -1.631249674E-02 -1.631249674E-02  6.562000141E-03  5.387984376E+00 
        92 -1.618749648E-02 -1.618749648E-02  6.562000141E-03  6.542751057E+00 
        93 -1.606249623E-02 -1.606249623E-02  6.562000141E-03  6.897098788E+00 
        94 -1.593749598E-02 -1.593749598E-02  6.562000141E-03  6.681002014E+00 
        95 -1.581249572E-02 -1.581249572E-02  6.562000141E-03  6.606117964E+00 
        96 -1.568749547E-02 -1.568749547E-02  6.562000141E-03  6.333742023E+00 
        97 -1.556249615E-02 -1.556249615E-02  6.562000141E-03  5.927412177E+00 
        98 -1.543749683E-02 -1.543749683E-02  6.562000141E-03  5.254343686E+00 
        99 -1.531249657E-02 -1.531249657E-02  6.562000141E-03  4.889397779E+00 
       100 -1.518749632E-02 -1.518749632E-02  6.562000141E-03  4.920597277E+00 
       101 -1.506249607E-02 -1.506249607E-02  6.562000141E-03  5.157695923E+00 
       102 -1.493749674E-02 -1.493749674E-02  6.562000141E-03  5.804696950E+00 
       103 -1.481249649E-02 -1.481249649E-02  6.562000141E-03  5.649361061E+00 
       104 -1.468749624E-02 -1.468749624E-02  6.562000141E-03  5.373057632E+00 
       105 -1.456249598E-02 -1.456249692E-02  6.562000141E-03  5.290762479E+00 
       106 -1.443749666E-02 -1.443749666E-02  6.562000141E-03  5.337710079E+00 
       107 -1.431249641E-02 -1.431249641E-02  6.562000141E-03  5.392601062E+00 
       108 -1.418749616E-02 -1.418749616E-02  6.562000141E-03  5.380545460E+00 
       109 -1.406249590E-02 -1.406249683E-02  6.562000141E-03  5.376081951E+00 
       110 -1.393749658E-02 -1.393749658E-02  6.562000141E-03  5.367835326E+00 
       111 -1.381249633E-02 -1.381249633E-02  6.562000141E-03  5.334456739E+00 
       112 -1.368749607E-02 -1.368749700E-02  6.562000141E-03  5.295540330E+00 
       113 -1.356249582E-02 -1.356249675E-02  6.562000141E-03  5.246776725E+00 
       114 -1.131249592E-02 -1.131249685E-02  6.562000141E-03  3.940448666E+00 
       115 -1.143749617E-02 -1.143749710E-02  6.562000141E-03  4.078556554E+00 
       116 -1.156249642E-02 -1.156249642E-02  6.562000141E-03  4.162196478E+00 
       117 -1.168749575E-02 -1.168749668E-02  6.562000141E-03  4.224959150E+00 
       118 -1.181249600E-02 -1.181249693E-02  6.562000141E-03  4.281011364E+00 
       119 -1.193749625E-02 -1.193749718E-02  6.562000141E-03  4.333943595E+00 
       120 -1.206249557E-02 -1.206249651E-02  6.562000141E-03  4.358729005E+00 
       121 -1.218749583E-02 -1.218749676E-02  6.562000141E-03  4.367291195E+00 
       122 -1.231249608E-02 -1.231249701E-02  6.562000141E-03  4.388050073E+00 
       123 -1.243749633E-02 -1.243749633E-02  6.562000141E-03  4.417925101E+00 
       124 -1.256249566E-02 -1.256249659E-02  6.562000141E-03  4.445057093E+00 
       125 -1.268749591E-02 -1.268749684E-02  6.562000141E-03  4.487259766E+00 
       126 -1.281249616E-02 -1.281249709E-02  6.562000141E-03  4.555795328E+00 
       127 -1.293749642E-02 -1.293749642E-02  6.562000141E-03  4.658627708E+00 
       128 -1.306249574E-02 -1.306249667E-02  6.562000141E-03  4.778978643E+00 
       129 -1.318749599E-02 -1.318749692E-02  6.562000141E-03  4.908218166E+00 
       130 -1.331249624E-02 -1.331249624E-02  6.562000141E-03  5.038137518E+00 
       131 -1.343749650E-02 -1.343749650E-02  6.562000141E-03  5.157022188E+00 
       132 -4.937495105E-03 -4.937497433E-03  6.562000141E-03  1.767725812E+00 
       133 -5.062495358E-03 -5.062497221E-03  6.562000141E-03  1.617310316E+00 
       134 -5.187495146E-03 -5.187497474E-03  6.562000141E-03  1.416189901E+00 
       135 -5.312495399E-03 -5.312497262E-03  6.562000141E-03  1.343552132E+00 
       136 -5.437495187E-03 -5.437497515E-03  6.562000141E-03  1.348308908E+00 
       137 -5.562495440E-03 -5.562497303E-03  6.562000141E-03  1.415133464E+00 
       138 -5.687495228E-03 -5.687497556E-03  6.562000141E-03  1.475786412E+00 
       139 -5.812495481E-03 -5.812497344E-03  6.562000141E-03  1.438532971E+00 
       140 -5.937495269E-03 -5.937497132E-03  6.562000141E-03  1.282118528E+00 
       141 -6.062495522E-03 -6.062497385E-03  6.562000141E-03  1.118280095E+00 
       142 -6.187495310E-03 -6.187497173E-03  6.562000141E-03  9.234867850E-01 
       143 -6.312495563E-03 -6.312497426E-03  6.562000141E-03  1.059361870E+00 
       144 -6.437495351E-03 -6.437497213E-03  6.562000141E-03  1.347020518E+00 
       145 -6.562495604E-03 -6.562497467E-03  6.562000141E-03  1.489665653E+00 
       146 -6.687495392E-03 -6.687497254E-03  6.562000141E-03  1.431757458E+00 
       147 -6.812495645E-03 -6.812497042E-03  6.562000141E-03  1.332694352E+00 
       148 -6.937495433E-03 -6.937497295E-03  6.562000141E-03  1.531023480E+00 
       149 -7.062495686E-03 -7.062497083E-03  6.562000141E-03  1.837340908E+00 
       150 -7.187495474E-03 -7.187497336E-03  6.562000141E-03  2.113659340E+00 
       151 -7.312495727E-03 -7.312497124E-03  6.562000141E-03  2.572770972E+00 
       152 -7.437495515E-03 -7.437497377E-03  6.562000141E-03  2.821572467E+00 
       153 -7.562495768E-03 -7.562497165E-03  6.562000141E-03  2.867705420E+00 
       154 -1.118749566E-02 -1.118749660E-02  6.562000141E-03  3.782845165E+00 
       155 -1.106249634E-02 -1.106249727E-02  6.562000141E-03  3.658669185E+00 
       156 -1.093749609E-02 -1.093749702E-02  6.562000141E-03  3.622196507E+00 
       157 -1.081249584E-02 -1.081249677E-02  6.562000141E-03  3.640184515E+00 
       158 -1.068749558E-02 -1.068749651E-02  6.562000141E-03  3.543338509E+00 
       159 -1.056249626E-02 -1.056249719E-02  6.562000141E-03  3.474641064E+00 
       160 -1.043749601E-02 -1.043749694E-02  6.562000141E-03  3.469920647E+00 
       161 -1.031249575E-02 -1.031249668E-02  6.562000141E-03  3.464681629E+00 
       162 -1.018749550E-02 -1.018749736E-02  6.562000141E-03  3.429479197E+00 
       163 -1.006249618E-02 -1.006249711E-02  6.562000141E-03  3.367275290E+00 
       164 -9.937495925E-03 -9.937496856E-03  6.562000141E-03  3.382343460E+00 
       165 -9.812495671E-03 -9.812496603E-03  6.562000141E-03  3.437457552E+00 
       166 -9.687495418E-03 -9.687497281E-03  6.562000141E-03  3.450142741E+00 
       167 -9.562496096E-03 -9.562497027E-03  6.562000141E-03  3.442019970E+00 
       168 -9.437495843E-03 -9.437496774E-03  6.562000141E-03  3.437510241E+00 
       169 -9.312495589E-03 -9.312497452E-03  6.562000141E-03  3.433658857E+00 
       170 -9.187495336E-03 -9.187497199E-03  6.562000141E-03  3.392174262E+00 
       171 -9.062496014E-03 -9.062496945E-03  6.562000141E-03  3.283115474E+00 
       172 -8.937495761E-03 -8.937496692E-03  6.562000141E-03  3.086858516E+00 
       173 -8.812495507E-03 -8.812497370E-03  6.562000141E-03  2.887884889E+00 
       174 -8.687495254E-03 -8.687497117E-03  6.562000141E-03  2.432313962E+00 
       175 -8.562495932E-03 -8.562496863E-03  6.562000141E-03  1.926389259E+00 
       176 -8.437495679E-03 -8.437497541E-03  6.562000141E-03  2.158512128E+00 
       177 -8.312495425E-03 -8.312497288E-03  6.562000141E-03  2.424242306E+00 
       178 -8.187496103E-03 -8.187497035E-03  6.562000141E-03  2.622445934E+00 
       179 -8.062495850E-03 -8.062496781E-03  6.562000141E-03  2.529502137E+00 
       180 -7.937495597E-03 -7.937497459E-03  6.562000141E-03  2.229915370E+00 
       181 -7.812495809E-03 -7.812497206E-03  6.562000141E-03  2.352160688E+00 
       182 -7.687495556E-03 -7.687496953E-03  6.562000141E-03  2.742144134E+00 
