cellnumber     x-coordinate     y-coordinate     z-coordinate velocity-magnitude 
         1 -3.937497735E-03 -3.937505186E-03  6.562000141E-03  7.192553232E-01 
         2 -3.812497947E-03 -3.812505165E-03  6.562000141E-03  1.145883604E+00 
         3 -3.687497927E-03 -3.687505145E-03  6.562000141E-03  1.446083419E+00 
         4 -3.562497906E-03 -3.562505124E-03  6.562000141E-03  1.465004385E+00 
         5 -3.437497886E-03 -3.437505336E-03  6.562000141E-03  1.408703784E+00 
         6 -3.312497865E-03 -3.312505316E-03  6.562000141E-03  1.312980871E+00 
         7 -3.189915325E-03 -3.189919051E-03  6.562000141E-03  1.259901317E+00 
         8 -3.123705741E-03 -3.123705741E-03  6.562000141E-03  1.190595492E+00 
         9 -3.059382550E-03 -3.059382550E-03  6.562000141E-03  1.169684331E+00 
        10 -2.975319512E-03 -2.975319512E-03  6.562000141E-03  1.070124618E+00 
        11 -2.937293379E-03 -2.937293379E-03  6.562000606E-03  1.036337095E+00 
        12 -2.915035933E-03 -2.915035933E-03  6.562000606E-03  1.012395970E+00 
        13 -2.896548016E-03 -2.896548016E-03  6.562000606E-03  1.002772527E+00 
        14 -2.881182823E-03 -2.881182823E-03  6.562000606E-03  9.991146856E-01 
        15 -2.868407406E-03 -2.868407406E-03  6.562000606E-03  9.998455449E-01 
        16 -2.857780783E-03 -2.857780783E-03  6.562000141E-03  1.002646997E+00 
        17 -2.848939039E-03 -2.848939039E-03  6.562000606E-03  1.008199739E+00 
        18 -2.841580659E-03 -2.841580659E-03  6.562000606E-03  1.016743460E+00 
        19 -2.835455118E-03 -2.835455118E-03  6.562000606E-03  1.027618826E+00 
        20 -2.830355195E-03 -2.830355195E-03  6.562000606E-03  1.039741120E+00 
        21 -1.393749844E-02 -1.393750496E-02  6.562000141E-03  4.734262387E+00 
        22 -1.406249776E-02 -1.406250522E-02  6.562000141E-03  4.810702400E+00 
        23 -1.418749802E-02 -1.418750547E-02  6.562000141E-03  4.889964720E+00 
        24 -1.431249827E-02 -1.431250479E-02  6.562000141E-03  4.963824499E+00 
        25 -1.443749852E-02 -1.443750504E-02  6.562000141E-03  5.015620315E+00 
        26 -1.456249785E-02 -1.456250530E-02  6.562000141E-03  5.058315915E+00 
        27 -1.468749810E-02 -1.468750555E-02  6.562000141E-03  5.114761275E+00 
        28 -1.481249835E-02 -1.481250487E-02  6.562000141E-03  5.163317398E+00 
        29 -1.493749768E-02 -1.493750513E-02  6.562000141E-03  5.320232523E+00 
        30 -1.506249793E-02 -1.506250538E-02  6.562000141E-03  5.505259890E+00 
        31 -1.518749818E-02 -1.518750563E-02  6.562000141E-03  5.582510356E+00 
        32 -1.531249844E-02 -1.531250495E-02  6.562000141E-03  5.618681390E+00 
        33 -1.543749776E-02 -1.543750521E-02  6.562000141E-03  5.679207396E+00 
        34 -1.556249801E-02 -1.556250546E-02  6.562000141E-03  5.581148095E+00 
        35 -1.568749733E-02 -1.568750478E-02  6.562000141E-03  5.428237588E+00 
        36 -1.581249759E-02 -1.581250504E-02  6.562000141E-03  5.341431294E+00 
        37 -1.593749784E-02 -1.593750529E-02  6.562000141E-03  5.365602747E+00 
        38 -1.606249809E-02 -1.606250554E-02  6.562000141E-03  5.423478702E+00 
        39 -1.618749835E-02 -1.618750580E-02  6.562000141E-03  5.419362329E+00 
        40 -1.631249860E-02 -1.631250419E-02  6.562000141E-03  5.367960822E+00 
        41 -1.643749699E-02 -1.643750444E-02  6.562000141E-03  5.323308084E+00 
        42 -1.656249724E-02 -1.656250469E-02  6.562000141E-03  5.208503736E+00 
        43 -1.668749750E-02 -1.668750495E-02  6.562000141E-03  5.044678747E+00 
        44 -1.681249775E-02 -1.681250520E-02  6.562000141E-03  4.965746430E+00 
        45 -1.693749800E-02 -1.693750545E-02  6.562000141E-03  5.027423173E+00 
        46 -1.706249826E-02 -1.706250571E-02  6.562000141E-03  5.170092534E+00 
        47 -1.718749851E-02 -1.718750410E-02  6.562000141E-03  5.239078225E+00 
        48 -1.731249876E-02 -1.731250435E-02  6.562000141E-03  5.242234929E+00 
        49 -7.937498391E-03 -7.937504910E-03  6.562000141E-03  2.466958806E+00 
        50 -8.062497713E-03 -8.062505163E-03  6.562000141E-03  2.542964975E+00 
        51 -8.187497966E-03 -8.187505417E-03  6.562000141E-03  2.363184389E+00 
        52 -8.312498219E-03 -8.312505670E-03  6.562000141E-03  2.096416200E+00 
        53 -1.331249811E-02 -1.331250556E-02  6.562000141E-03  4.607691568E+00 
        54 -1.343749836E-02 -1.343750488E-02  6.562000141E-03  4.575728343E+00 
        55 -1.356249768E-02 -1.356250513E-02  6.562000141E-03  4.576960960E+00 
        56 -1.368749794E-02 -1.368750539E-02  6.562000141E-03  4.614828347E+00 
        57 -1.381249819E-02 -1.381250564E-02  6.562000141E-03  4.668278421E+00 
        58 -7.812498137E-03 -7.812504657E-03  6.562000141E-03  2.155686179E+00 
        59 -7.687497884E-03 -7.687505335E-03  6.562000141E-03  1.979179233E+00 
        60 -7.562498096E-03 -7.562505081E-03  6.562000141E-03  1.917343984E+00 
        61 -7.437497843E-03 -7.437505294E-03  6.562000141E-03  1.749309732E+00 
        62 -7.312498055E-03 -7.312505506E-03  6.562000141E-03  1.461399478E+00 
        63 -7.187497802E-03 -7.187505253E-03  6.562000141E-03  1.699940324E+00 
        64 -7.062498014E-03 -7.062505465E-03  6.562000141E-03  1.649175771E+00 
        65 -6.937498227E-03 -6.937505212E-03  6.562000141E-03  1.654900221E+00 
        66 -6.812497973E-03 -6.812505424E-03  6.562000141E-03  1.593191740E+00 
        67 -6.687498186E-03 -6.687505171E-03  6.562000141E-03  1.331134310E+00 
        68 -6.562497932E-03 -6.562505383E-03  6.562000141E-03  1.042672549E+00 
        69 -6.437498145E-03 -6.437505130E-03  6.562000141E-03  7.894030200E-01 
        70 -6.312497891E-03 -6.312505342E-03  6.562000141E-03  9.579736812E-01 
        71 -6.187498104E-03 -6.187505089E-03  6.562000141E-03  1.212923763E+00 
        72 -6.062497851E-03 -6.062505301E-03  6.562000141E-03  1.343190796E+00 
        73 -5.937498063E-03 -5.937505513E-03  6.562000141E-03  1.300436534E+00 
        74 -5.812497810E-03 -5.812505260E-03  6.562000141E-03  1.283181071E+00 
        75 -5.687498022E-03 -5.687505472E-03  6.562000141E-03  1.309994697E+00 
        76 -5.562498234E-03 -5.562505219E-03  6.562000141E-03  1.410801068E+00 
        77 -5.437497981E-03 -5.437505431E-03  6.562000141E-03  1.513870307E+00 
        78 -5.312498193E-03 -5.312505178E-03  6.562000141E-03  1.567412628E+00 
        79 -5.187497940E-03 -5.187505390E-03  6.562000141E-03  1.612760386E+00 
        80 -5.062498152E-03 -5.062505137E-03  6.562000141E-03  1.578094670E+00 
        81 -4.937497899E-03 -4.937505350E-03  6.562000141E-03  1.541720473E+00 
        82 -4.812498111E-03 -4.812505562E-03  6.562000141E-03  1.565253124E+00 
        83 -4.687497858E-03 -4.687505309E-03  6.562000141E-03  1.506578184E+00 
        84 -4.562498070E-03 -4.562505521E-03  6.562000141E-03  1.711111152E+00 
        85 -4.437497817E-03 -4.437505268E-03  6.562000141E-03  1.968970424E+00 
        86 -4.312498029E-03 -4.312505480E-03  6.562000141E-03  1.723811746E+00 
        87 -4.187497776E-03 -4.187505227E-03  6.562000141E-03  1.139005316E+00 
        88 -4.062497988E-03 -4.062505439E-03  6.562000141E-03  6.556758011E-01 
        89 -1.895486377E-02 -1.895486377E-02  6.562000606E-03  4.398487639E+00 
        90 -1.889866963E-02 -1.889866963E-02  6.562000141E-03  4.398676880E+00 
        91 -1.880285144E-02 -1.880285516E-02  6.562000141E-03  4.428410094E+00 
        92 -1.868749782E-02 -1.868750528E-02  6.562000141E-03  4.329895487E+00 
        93 -1.856249757E-02 -1.856250502E-02  6.562000141E-03  4.622263412E+00 
        94 -1.843749732E-02 -1.843750477E-02  6.562000141E-03  5.370333253E+00 
        95 -1.831249706E-02 -1.831250452E-02  6.562000141E-03  5.490296095E+00 
        96 -1.818749867E-02 -1.818750426E-02  6.562000141E-03  5.609554187E+00 
        97 -1.806249842E-02 -1.806250587E-02  6.562000141E-03  5.587094369E+00 
        98 -1.793749817E-02 -1.793750562E-02  6.562000141E-03  5.471389304E+00 
        99 -1.781249791E-02 -1.781250536E-02  6.562000141E-03  5.321682458E+00 
       100 -1.768749766E-02 -1.768750511E-02  6.562000141E-03  5.198354333E+00 
       101 -1.756249741E-02 -1.756250486E-02  6.562000141E-03  5.182907042E+00 
       102 -1.743749715E-02 -1.743750460E-02  6.562000141E-03  5.223962584E+00 
       103 -1.967096888E-02 -1.967096888E-02  6.562000141E-03  4.337620322E+00 
       104 -1.959896833E-02 -1.959896833E-02  6.562000606E-03  4.290020208E+00 
       105 -1.952696964E-02 -1.952696964E-02  6.562000141E-03  4.159049282E+00 
       106 -1.945496909E-02 -1.945496909E-02  6.562000606E-03  4.186944513E+00 
       107 -1.938296854E-02 -1.938296854E-02  6.562000141E-03  4.138841987E+00 
       108 -1.931096986E-02 -1.931096986E-02  6.562000141E-03  4.261648607E+00 
       109 -1.923896931E-02 -1.923896931E-02  6.562000141E-03  4.256742104E+00 
       110 -1.916676387E-02 -1.916676387E-02  6.562000606E-03  4.359280870E+00 
       111 -1.912219450E-02 -1.912219450E-02  6.562000606E-03  4.349050543E+00 
       112 -1.904012822E-02 -1.904012822E-02  6.562000141E-03  4.341076143E+00 
       113 -1.898222044E-02 -1.898222044E-02  6.562000606E-03  4.368265989E+00 
       114 -1.318749785E-02 -1.318750530E-02  6.562000141E-03  4.639674164E+00 
       115 -1.306249853E-02 -1.306250505E-02  6.562000141E-03  4.651702459E+00 
       116 -1.293749828E-02 -1.293750573E-02  6.562000141E-03  4.643690194E+00 
       117 -1.281249803E-02 -1.281250548E-02  6.562000141E-03  4.631200930E+00 
       118 -1.268749777E-02 -1.268750522E-02  6.562000141E-03  4.626922176E+00 
       119 -1.256249845E-02 -1.256250497E-02  6.562000141E-03  4.620618767E+00 
       120 -1.243749820E-02 -1.243750565E-02  6.562000141E-03  4.619783594E+00 
       121 -1.231249794E-02 -1.231250539E-02  6.562000141E-03  4.634439703E+00 
       122 -1.218749769E-02 -1.218750514E-02  6.562000141E-03  4.649055915E+00 
       123 -1.206249837E-02 -1.206250489E-02  6.562000141E-03  4.636273926E+00 
       124 -1.193749812E-02 -1.193750557E-02  6.562000141E-03  4.559503578E+00 
       125 -1.181249786E-02 -1.181250531E-02  6.562000141E-03  4.446910532E+00 
       126 -1.168749854E-02 -1.168750506E-02  6.562000141E-03  4.260112450E+00 
       127 -1.156249829E-02 -1.156250574E-02  6.562000141E-03  4.011659229E+00 
       128 -1.143749803E-02 -1.143750548E-02  6.562000141E-03  3.920937554E+00 
       129 -1.131249778E-02 -1.131250523E-02  6.562000141E-03  3.936479189E+00 
       130 -1.118749846E-02 -1.118750498E-02  6.562000141E-03  3.978604065E+00 
       131 -1.106249820E-02 -1.106250565E-02  6.562000141E-03  3.997728110E+00 
       132 -1.093749795E-02 -1.093750540E-02  6.562000141E-03  3.996918766E+00 
       133 -1.081249770E-02 -1.081250515E-02  6.562000141E-03  3.976750520E+00 
       134 -1.068749838E-02 -1.068750490E-02  6.562000141E-03  3.940105834E+00 
       135 -1.056249812E-02 -1.056250557E-02  6.562000141E-03  3.901150598E+00 
       136 -1.043749787E-02 -1.043750532E-02  6.562000141E-03  3.892687419E+00 
       137 -1.031249762E-02 -1.031250507E-02  6.562000141E-03  3.860590668E+00 
       138 -1.018749829E-02 -1.018750574E-02  6.562000141E-03  3.813169999E+00 
       139 -1.006249804E-02 -1.006250549E-02  6.562000141E-03  3.719345589E+00 
       140 -9.937497787E-03 -9.937505238E-03  6.562000141E-03  3.583843059E+00 
       141 -9.812498465E-03 -9.812504984E-03  6.562000141E-03  3.481636768E+00 
       142 -9.687498212E-03 -9.687505662E-03  6.562000141E-03  3.461793580E+00 
       143 -9.562497959E-03 -9.562505409E-03  6.562000141E-03  3.482357480E+00 
       144 -9.437497705E-03 -9.437505156E-03  6.562000141E-03  3.343180533E+00 
       145 -9.312498383E-03 -9.312504902E-03  6.562000141E-03  2.989890503E+00 
       146 -9.187498130E-03 -9.187505580E-03  6.562000141E-03  2.872276777E+00 
       147 -9.062497877E-03 -9.062505327E-03  6.562000141E-03  2.937540552E+00 
       148 -8.937497623E-03 -8.937505074E-03  6.562000141E-03  3.142819782E+00 
       149 -8.812498301E-03 -8.812505752E-03  6.562000141E-03  3.310355369E+00 
       150 -8.687498048E-03 -8.687505499E-03  6.562000141E-03  2.921430829E+00 
       151 -8.562497795E-03 -8.562505245E-03  6.562000141E-03  2.327855552E+00 
       152 -8.437498473E-03 -8.437504992E-03  6.562000141E-03  2.114601315E+00 
       153 -1.974296942E-02 -1.974296942E-02  6.562000606E-03  4.467077499E+00 
       154 -1.981496997E-02 -1.981496997E-02  6.562000141E-03  4.504504312E+00 
       155 -1.988696866E-02 -1.988696866E-02  6.562000606E-03  4.574421986E+00 
       156 -1.995896921E-02 -1.995896921E-02  6.562000141E-03  4.580666557E+00 
       157 -2.003096975E-02 -2.003096975E-02  6.562000606E-03  4.522768775E+00 
       158 -2.010297030E-02 -2.010297030E-02  6.562000141E-03  4.445810869E+00 
       159 -2.017496899E-02 -2.017496899E-02  6.562000606E-03  4.340939472E+00 
       160 -2.024696954E-02 -2.024696954E-02  6.562000141E-03  4.269061031E+00 
       161 -2.031897008E-02 -2.031897008E-02  6.562000141E-03  4.193261760E+00 
       162 -2.039096877E-02 -2.039096877E-02  6.562000141E-03  4.176329503E+00 
       163 -2.046296932E-02 -2.046296932E-02  6.562000606E-03  4.166947003E+00 
       164 -2.053496987E-02 -2.053496987E-02  6.562000141E-03  4.254094297E+00 
       165 -2.060696855E-02 -2.060696855E-02  6.562000606E-03  4.310304164E+00 
       166 -2.067896910E-02 -2.067896910E-02  6.562000141E-03  4.339247839E+00 
       167 -2.075096965E-02 -2.075096965E-02  6.562000606E-03  4.360187175E+00 
       168 -2.082296833E-02 -2.082296833E-02  6.562000141E-03  4.326555268E+00 
       169 -2.089514025E-02 -2.089514025E-02  6.562000141E-03  4.202728293E+00 
       170 -2.095155232E-02 -2.095155232E-02  6.562000141E-03  3.801308833E+00 
       171 -2.100796066E-02 -2.100796066E-02  6.562000141E-03  3.482833103E+00 
       172 -2.102797665E-02 -2.102797665E-02  6.562000141E-03  3.407700149E+00 
       173 -2.106651478E-02 -2.106651478E-02  6.562000606E-03  2.926161489E+00 
       174 -2.110337466E-02 -2.110337466E-02  6.562000606E-03  2.551750729E+00 
       175 -2.112556621E-02 -2.112556621E-02  6.562000606E-03  2.320416772E+00 
       176 -2.114406601E-02 -2.114406601E-02  6.562000141E-03  2.083391136E+00 
       177 -2.115948685E-02 -2.115948685E-02  6.562000606E-03  1.796538612E+00 
       178 -2.117234282E-02 -2.117234282E-02  6.562000606E-03  1.479455445E+00 
       179 -2.118305862E-02 -2.118305862E-02  6.562000141E-03  1.154551863E+00 
       180 -2.119199000E-02 -2.119199000E-02  6.562000141E-03  8.458876596E-01 
       181 -2.119943500E-02 -2.119943500E-02  6.562000141E-03  5.661129897E-01 
       182 -2.120563947E-02 -2.120563947E-02  6.562000141E-03  3.201922636E-01 
       183 -2.121081017E-02 -2.121081017E-02  6.562000141E-03  1.078711539E-01 
