cellnumber     x-coordinate     y-coordinate     z-coordinate velocity-magnitude 
         1 -2.031896822E-02 -2.031896822E-02  6.562000141E-03  4.202214572E+00 
         2 -2.024696954E-02 -2.024696954E-02  6.562000141E-03  4.048573044E+00 
         3 -2.017496899E-02 -2.017496899E-02  6.562000141E-03  3.885563400E+00 
         4 -2.010296844E-02 -2.010296844E-02  6.562000141E-03  3.819105374E+00 
         5 -2.003096975E-02 -2.003096975E-02  6.562000141E-03  3.923289323E+00 
         6 -1.995896921E-02 -1.995896921E-02  6.562000141E-03  3.963069302E+00 
         7 -1.988696866E-02 -1.988696866E-02  6.562000141E-03  4.127731827E+00 
         8 -1.981496811E-02 -1.981496811E-02  6.562000141E-03  4.236792023E+00 
         9 -1.974296942E-02 -1.974296942E-02  6.562000141E-03  4.407099846E+00 
        10 -1.967096888E-02 -1.967096888E-02  6.562000141E-03  4.528919898E+00 
        11 -1.959896833E-02 -1.959896833E-02  6.562000141E-03  4.622712379E+00 
        12 -1.952696964E-02 -1.952696964E-02  6.562000141E-03  4.678058147E+00 
        13 -1.945496909E-02 -1.945496909E-02  6.562000606E-03  4.830354685E+00 
        14 -1.938296854E-02 -1.938296854E-02  6.562000141E-03  5.015083634E+00 
        15 -1.931096986E-02 -1.931096986E-02  6.562000606E-03  5.401069368E+00 
        16 -1.923896931E-02 -1.923896931E-02  6.562000141E-03  5.572315193E+00 
        17 -1.916676387E-02 -1.916676387E-02  6.562000606E-03  5.581324212E+00 
        18 -1.912219450E-02 -1.912219450E-02  6.562000606E-03  5.484024149E+00 
        19 -1.904012822E-02 -1.904012822E-02  6.562000141E-03  5.414101184E+00 
        20 -1.898222044E-02 -1.898222044E-02  6.562000606E-03  5.403753069E+00 
        21 -2.121081017E-02 -2.121081017E-02  6.562000141E-03  1.793474410E-01 
        22 -2.120563947E-02 -2.120563947E-02  6.562000141E-03  5.377422057E-01 
        23 -2.119943500E-02 -2.119943500E-02  6.562000141E-03  9.636543656E-01 
        24 -2.119199000E-02 -2.119199000E-02  6.562000141E-03  1.466101428E+00 
        25 -2.118305862E-02 -2.118305862E-02  6.562000141E-03  2.043544146E+00 
        26 -2.117234282E-02 -2.117234282E-02  6.562000606E-03  2.669232288E+00 
        27 -2.115948685E-02 -2.115948685E-02  6.562000606E-03  3.289567085E+00 
        28 -2.114406601E-02 -2.114406601E-02  6.562000141E-03  3.850847898E+00 
        29 -2.112556435E-02 -2.112556435E-02  6.562000141E-03  4.306758644E+00 
        30 -2.110337466E-02 -2.110337466E-02  6.562001072E-03  4.643606690E+00 
        31 -2.106651478E-02 -2.106651478E-02  6.562000606E-03  4.820164443E+00 
        32 -2.102797665E-02 -2.102797665E-02  6.562000141E-03  4.855172766E+00 
        33 -2.100796066E-02 -2.100796066E-02  6.562000141E-03  4.839317974E+00 
        34 -2.095155232E-02 -2.095155232E-02  6.562000141E-03  4.724263157E+00 
        35 -2.089514025E-02 -2.089514025E-02  6.562000141E-03  4.537905078E+00 
        36 -2.082296833E-02 -2.082296833E-02  6.562000141E-03  4.478338523E+00 
        37 -2.075096965E-02 -2.075096965E-02  6.562000141E-03  4.302197036E+00 
        38 -2.067896910E-02 -2.067896910E-02  6.562000141E-03  4.366553698E+00 
        39 -2.060696855E-02 -2.060696855E-02  6.562000141E-03  4.456850503E+00 
        40 -2.053496800E-02 -2.053496800E-02  6.562000141E-03  4.466406343E+00 
        41 -2.046296932E-02 -2.046296932E-02  6.562000606E-03  4.430044045E+00 
        42 -2.039096877E-02 -2.039096877E-02  6.562000141E-03  4.402582216E+00 
        43 -1.895096339E-02 -1.895096339E-02  6.562000606E-03  5.488306119E+00 
        44 -1.890101843E-02 -1.890101843E-02  6.562000141E-03  5.539031922E+00 
        45 -1.880909875E-02 -1.880909875E-02  6.562000141E-03  5.662125451E+00 
        46 -1.868749596E-02 -1.868749596E-02  6.562000141E-03  5.872640481E+00 
        47 -1.856249571E-02 -1.856249571E-02  6.562000141E-03  5.915118627E+00 
        48 -1.843749732E-02 -1.843749546E-02  6.562000141E-03  5.978608195E+00 
        49 -1.831249706E-02 -1.831249520E-02  6.562000141E-03  6.140193904E+00 
        50 -1.818749681E-02 -1.818749495E-02  6.562000141E-03  6.146930237E+00 
        51 -1.806249656E-02 -1.806249656E-02  6.562000141E-03  6.083575264E+00 
        52 -1.793749630E-02 -1.793749630E-02  6.562000141E-03  6.039141807E+00 
        53 -1.781249605E-02 -1.781249605E-02  6.562000141E-03  6.058440858E+00 
        54 -1.768749580E-02 -1.768749580E-02  6.562000141E-03  5.945178132E+00 
        55 -1.756249554E-02 -1.756249554E-02  6.562000141E-03  5.688999369E+00 
        56 -1.743749715E-02 -1.743749529E-02  6.562000141E-03  5.382161354E+00 
        57 -1.731249690E-02 -1.731249504E-02  6.562000141E-03  5.331466887E+00 
        58 -2.830350772E-03 -2.830350772E-03  6.562000141E-03  1.061500090E+00 
        59 -2.835453954E-03 -2.835453954E-03  6.562000141E-03  1.106338142E+00 
        60 -2.841583686E-03 -2.841583686E-03  6.562000141E-03  1.173342445E+00 
        61 -2.848947188E-03 -2.848947188E-03  6.562000606E-03  1.263149249E+00 
        62 -2.857794985E-03 -2.857794985E-03  6.562000606E-03  1.373576580E+00 
        63 -2.868429059E-03 -2.868429059E-03  6.562000141E-03  1.499734448E+00 
        64 -2.881214023E-03 -2.881214023E-03  6.562000141E-03  1.633956001E+00 
        65 -2.896590624E-03 -2.896590624E-03  6.562000606E-03  1.765510771E+00 
        66 -2.915092511E-03 -2.915092511E-03  6.562000606E-03  1.869448947E+00 
        67 -2.937367652E-03 -2.937367652E-03  6.562000141E-03  1.929024669E+00 
        68 -2.973292954E-03 -2.973292954E-03  6.562000141E-03  2.000644091E+00 
        69 -3.061021678E-03 -3.061023075E-03  6.562000141E-03  1.885752983E+00 
        70 -3.187495051E-03 -3.187497379E-03  6.562000141E-03  1.444726350E+00 
        71 -3.312495071E-03 -3.312497400E-03  6.562000141E-03  1.284658475E+00 
        72 -3.437495092E-03 -3.437497420E-03  6.562000141E-03  1.418428249E+00 
        73 -3.562495112E-03 -3.562497441E-03  6.562000141E-03  1.498752384E+00 
        74 -3.687495133E-03 -3.687497461E-03  6.562000141E-03  1.598468973E+00 
        75 -3.812495153E-03 -3.812497482E-03  6.562000141E-03  1.737048042E+00 
        76 -3.937494941E-03 -3.937497269E-03  6.562000141E-03  1.644120418E+00 
        77 -4.062495194E-03 -4.062497523E-03  6.562000141E-03  1.578568267E+00 
        78 -4.187495448E-03 -4.187497310E-03  6.562000141E-03  1.564546194E+00 
        79 -4.312495235E-03 -4.312497564E-03  6.562000141E-03  1.451460535E+00 
        80 -4.437495489E-03 -4.437497351E-03  6.562000141E-03  1.332347140E+00 
        81 -4.562495276E-03 -4.562497605E-03  6.562000141E-03  1.284584605E+00 
        82 -4.687495530E-03 -4.687497392E-03  6.562000141E-03  1.365122202E+00 
        83 -4.812495317E-03 -4.812497646E-03  6.562000141E-03  1.531551612E+00 
        84 -1.131249592E-02 -1.131249685E-02  6.562000141E-03  3.963987448E+00 
        85 -1.143749617E-02 -1.143749710E-02  6.562000141E-03  3.959291166E+00 
        86 -1.156249642E-02 -1.156249642E-02  6.562000141E-03  4.036208562E+00 
        87 -1.168749575E-02 -1.168749668E-02  6.562000141E-03  3.946773224E+00 
        88 -1.181249600E-02 -1.181249693E-02  6.562000141E-03  3.883794059E+00 
        89 -1.193749625E-02 -1.193749625E-02  6.562000141E-03  3.908976780E+00 
        90 -1.206249651E-02 -1.206249651E-02  6.562000141E-03  3.952533427E+00 
        91 -1.218749583E-02 -1.218749676E-02  6.562000141E-03  3.993783895E+00 
        92 -1.231249608E-02 -1.231249701E-02  6.562000141E-03  4.020835447E+00 
        93 -1.243749633E-02 -1.243749633E-02  6.562000141E-03  4.080482100E+00 
        94 -1.256249659E-02 -1.256249659E-02  6.562000141E-03  4.219384597E+00 
        95 -1.268749591E-02 -1.268749684E-02  6.562000141E-03  4.334167844E+00 
        96 -1.281249616E-02 -1.281249616E-02  6.562000141E-03  4.433356975E+00 
        97 -1.293749642E-02 -1.293749642E-02  6.562000141E-03  4.550894809E+00 
        98 -1.306249667E-02 -1.306249667E-02  6.562000141E-03  4.624598777E+00 
        99 -1.318749599E-02 -1.318749692E-02  6.562000141E-03  4.676384226E+00 
       100 -1.331249624E-02 -1.331249624E-02  6.562000141E-03  4.727345303E+00 
       101 -1.343749650E-02 -1.343749650E-02  6.562000141E-03  4.842292947E+00 
       102 -4.937495571E-03 -4.937497433E-03  6.562000141E-03  1.692582081E+00 
       103 -5.062495358E-03 -5.062497221E-03  6.562000141E-03  1.722777599E+00 
       104 -5.187495612E-03 -5.187497474E-03  6.562000141E-03  1.679455167E+00 
       105 -5.312495399E-03 -5.312497262E-03  6.562000141E-03  1.417856125E+00 
       106 -5.437495187E-03 -5.437497515E-03  6.562000141E-03  1.094737767E+00 
       107 -5.562495440E-03 -5.562497303E-03  6.562000141E-03  1.011027994E+00 
       108 -5.687495228E-03 -5.687497556E-03  6.562000141E-03  1.103200086E+00 
       109 -5.812495481E-03 -5.812497344E-03  6.562000141E-03  1.230039625E+00 
       110 -5.937495269E-03 -5.937497132E-03  6.562000141E-03  1.367406778E+00 
       111 -6.062495522E-03 -6.062497385E-03  6.562000141E-03  1.455873937E+00 
       112 -6.187495310E-03 -6.187497173E-03  6.562000141E-03  1.475498962E+00 
       113 -6.312495563E-03 -6.312497426E-03  6.562000141E-03  1.466242742E+00 
       114 -6.437495351E-03 -6.437497213E-03  6.562000141E-03  1.491799972E+00 
       115 -6.562495604E-03 -6.562497467E-03  6.562000141E-03  1.204582301E+00 
       116 -6.687495392E-03 -6.687497254E-03  6.562000141E-03  1.301931922E+00 
       117 -6.812495645E-03 -6.812497042E-03  6.562000141E-03  2.152571931E+00 
       118 -6.937495433E-03 -6.937497295E-03  6.562000141E-03  2.302827659E+00 
       119 -7.062495686E-03 -7.062497083E-03  6.562000141E-03  1.997001123E+00 
       120 -7.187495474E-03 -7.187497336E-03  6.562000141E-03  1.638850770E+00 
       121 -7.312495727E-03 -7.312497124E-03  6.562000141E-03  1.548473450E+00 
       122 -7.437495515E-03 -7.437497377E-03  6.562000141E-03  1.792645783E+00 
       123 -7.562495768E-03 -7.562497165E-03  6.562000141E-03  2.041916170E+00 
       124 -1.118749566E-02 -1.118749660E-02  6.562000141E-03  3.942837295E+00 
       125 -1.106249634E-02 -1.106249634E-02  6.562000141E-03  3.924834781E+00 
       126 -1.093749609E-02 -1.093749702E-02  6.562000141E-03  3.939071553E+00 
       127 -1.081249584E-02 -1.081249677E-02  6.562000141E-03  3.968807469E+00 
       128 -1.068749558E-02 -1.068749651E-02  6.562000141E-03  4.000441353E+00 
       129 -1.056249626E-02 -1.056249719E-02  6.562000141E-03  3.974067211E+00 
       130 -1.043749601E-02 -1.043749694E-02  6.562000141E-03  3.903910750E+00 
       131 -1.031249575E-02 -1.031249668E-02  6.562000141E-03  3.906382617E+00 
       132 -1.018749550E-02 -1.018749643E-02  6.562000141E-03  3.970349398E+00 
       133 -1.006249618E-02 -1.006249711E-02  6.562000141E-03  3.967770774E+00 
       134 -9.937495925E-03 -9.937496856E-03  6.562000141E-03  3.909496413E+00 
       135 -9.812495671E-03 -9.812496603E-03  6.562000141E-03  3.933121221E+00 
       136 -9.687495418E-03 -9.687497281E-03  6.562000141E-03  3.961655940E+00 
       137 -9.562496096E-03 -9.562497027E-03  6.562000141E-03  3.842283754E+00 
       138 -9.437495843E-03 -9.437496774E-03  6.562000141E-03  3.477537318E+00 
       139 -9.312495589E-03 -9.312496521E-03  6.562000141E-03  2.977775081E+00 
       140 -9.187496267E-03 -9.187497199E-03  6.562000141E-03  2.203145287E+00 
       141 -9.062496014E-03 -9.062496945E-03  6.562000141E-03  2.343397539E+00 
       142 -8.937495761E-03 -8.937496692E-03  6.562000141E-03  2.420056017E+00 
       143 -8.812495507E-03 -8.812497370E-03  6.562000141E-03  2.078272595E+00 
       144 -8.687496185E-03 -8.687497117E-03  6.562000141E-03  1.993154989E+00 
       145 -8.562495932E-03 -8.562496863E-03  6.562000141E-03  2.255386982E+00 
       146 -8.437495679E-03 -8.437496610E-03  6.562000141E-03  2.507220965E+00 
       147 -8.312495425E-03 -8.312497288E-03  6.562000141E-03  2.813698931E+00 
       148 -8.187496103E-03 -8.187497035E-03  6.562000141E-03  3.034696664E+00 
       149 -8.062495850E-03 -8.062496781E-03  6.562000141E-03  3.000973663E+00 
       150 -7.937495597E-03 -7.937497459E-03  6.562000141E-03  2.854529948E+00 
       151 -7.812495809E-03 -7.812497206E-03  6.562000141E-03  2.579813008E+00 
       152 -7.687495556E-03 -7.687496953E-03  6.562000141E-03  2.275108848E+00 
       153 -1.718749665E-02 -1.718749665E-02  6.562000141E-03  5.460123485E+00 
       154 -1.706249639E-02 -1.706249639E-02  6.562000141E-03  5.718250996E+00 
       155 -1.693749614E-02 -1.693749614E-02  6.562000141E-03  5.911920794E+00 
       156 -1.681249589E-02 -1.681249589E-02  6.562000141E-03  5.770471201E+00 
       157 -1.668749563E-02 -1.668749563E-02  6.562000141E-03  5.611714859E+00 
       158 -1.656249724E-02 -1.656249538E-02  6.562000141E-03  5.514150472E+00 
       159 -1.643749699E-02 -1.643749513E-02  6.562000141E-03  5.404010241E+00 
       160 -1.631249674E-02 -1.631249674E-02  6.562000141E-03  5.334602480E+00 
       161 -1.618749648E-02 -1.618749648E-02  6.562000141E-03  5.379952104E+00 
       162 -1.606249623E-02 -1.606249623E-02  6.562000141E-03  5.581277192E+00 
       163 -1.593749598E-02 -1.593749598E-02  6.562000141E-03  5.849224221E+00 
       164 -1.581249572E-02 -1.581249572E-02  6.562000141E-03  5.906426288E+00 
       165 -1.568749547E-02 -1.568749547E-02  6.562000141E-03  5.781918686E+00 
       166 -1.556249615E-02 -1.556249615E-02  6.562000141E-03  5.704587751E+00 
       167 -1.543749683E-02 -1.543749589E-02  6.562000141E-03  5.628565957E+00 
       168 -1.531249657E-02 -1.531249657E-02  6.562000141E-03  5.545615767E+00 
       169 -1.518749632E-02 -1.518749632E-02  6.562000141E-03  5.484788377E+00 
       170 -1.506249607E-02 -1.506249607E-02  6.562000141E-03  5.532696913E+00 
       171 -1.493749674E-02 -1.493749674E-02  6.562000141E-03  5.595312707E+00 
       172 -1.481249649E-02 -1.481249649E-02  6.562000141E-03  5.618530481E+00 
       173 -1.468749624E-02 -1.468749624E-02  6.562000141E-03  5.626970052E+00 
       174 -1.456249598E-02 -1.456249598E-02  6.562000141E-03  5.635476767E+00 
       175 -1.443749666E-02 -1.443749666E-02  6.562000141E-03  5.630847836E+00 
       176 -1.431249641E-02 -1.431249641E-02  6.562000141E-03  5.590424237E+00 
       177 -1.418749616E-02 -1.418749616E-02  6.562000141E-03  5.535932703E+00 
       178 -1.406249590E-02 -1.406249683E-02  6.562000141E-03  5.460772493E+00 
       179 -1.393749658E-02 -1.393749658E-02  6.562000141E-03  5.356102026E+00 
       180 -1.381249633E-02 -1.381249633E-02  6.562000141E-03  5.250822537E+00 
       181 -1.368749607E-02 -1.368749607E-02  6.562000141E-03  5.163060673E+00 
       182 -1.356249582E-02 -1.356249675E-02  6.562000141E-03  5.033068693E+00 
