cellnumber     x-coordinate     y-coordinate     z-coordinate velocity-magnitude 
         1 -1.831250265E-02 -1.831249334E-02  6.562000141E-03  5.363431496E+00 
         2 -1.818750240E-02 -1.818749495E-02  6.562000141E-03  5.059167133E+00 
         3 -1.806250215E-02 -1.806249470E-02  6.562000141E-03  4.927291322E+00 
         4 -1.793750189E-02 -1.793749444E-02  6.562000141E-03  4.883157419E+00 
         5 -1.781250164E-02 -1.781249419E-02  6.562000141E-03  4.730667927E+00 
         6 -1.768750325E-02 -1.768749394E-02  6.562000141E-03  4.755142784E+00 
         7 -1.756250300E-02 -1.756249368E-02  6.562000141E-03  4.828758766E+00 
         8 -1.743750274E-02 -1.743749343E-02  6.562000141E-03  4.874856812E+00 
         9 -1.731250249E-02 -1.731249504E-02  6.562000141E-03  4.604474810E+00 
        10 -1.718750224E-02 -1.718749478E-02  6.562000141E-03  5.194183029E+00 
        11 -1.706250198E-02 -1.706249453E-02  6.562000141E-03  6.238684449E+00 
        12 -1.693750173E-02 -1.693749428E-02  6.562000141E-03  6.575675712E+00 
        13 -1.681250148E-02 -1.681249402E-02  6.562000141E-03  6.497419937E+00 
        14 -1.668750308E-02 -1.668749377E-02  6.562000141E-03  6.285959598E+00 
        15 -1.656250283E-02 -1.656249352E-02  6.562000141E-03  6.194108590E+00 
        16 -1.643750258E-02 -1.643749513E-02  6.562000141E-03  5.944338121E+00 
        17 -1.631250232E-02 -1.631249487E-02  6.562000141E-03  5.826595748E+00 
        18 -1.618750207E-02 -1.618749462E-02  6.562000141E-03  5.687916595E+00 
        19 -1.606250182E-02 -1.606249437E-02  6.562000141E-03  5.507901283E+00 
        20 -1.593750156E-02 -1.593749411E-02  6.562000141E-03  5.396305008E+00 
        21 -2.121081017E-02 -2.121081017E-02  6.562000141E-03  9.530270797E-02 
        22 -2.120563947E-02 -2.120563947E-02  6.562000141E-03  2.737668616E-01 
        23 -2.119943500E-02 -2.119943500E-02  6.562000141E-03  4.724857829E-01 
        24 -2.119199000E-02 -2.119199000E-02  6.562000141E-03  6.933248019E-01 
        25 -2.118305862E-02 -2.118305862E-02  6.562000141E-03  9.366270097E-01 
        26 -2.117234282E-02 -2.117234282E-02  6.562000606E-03  1.199954857E+00 
        27 -2.115948871E-02 -2.115948871E-02  6.562001072E-03  1.476580218E+00 
        28 -2.114406601E-02 -2.114406601E-02  6.562000606E-03  1.757740870E+00 
        29 -2.112556621E-02 -2.112556621E-02  6.562000606E-03  2.026073667E+00 
        30 -2.110337466E-02 -2.110337466E-02  6.562000606E-03  2.266067677E+00 
        31 -2.106651478E-02 -2.106651478E-02  6.562000606E-03  2.479245409E+00 
        32 -2.102797665E-02 -2.102797665E-02  6.562000141E-03  2.752101951E+00 
        33 -2.100796066E-02 -2.100796066E-02  6.562000141E-03  2.911995153E+00 
        34 -2.095155232E-02 -2.095155232E-02  6.562000141E-03  3.093274257E+00 
        35 -2.089514025E-02 -2.089514025E-02  6.562000606E-03  3.820629268E+00 
        36 -2.082296833E-02 -2.082296833E-02  6.562000141E-03  4.247919217E+00 
        37 -2.075096965E-02 -2.075096965E-02  6.562000141E-03  4.440914002E+00 
        38 -2.067896910E-02 -2.067896910E-02  6.562000141E-03  4.376323546E+00 
        39 -2.060696855E-02 -2.060696855E-02  6.562000141E-03  4.411224440E+00 
        40 -2.053496800E-02 -2.053496800E-02  6.562000141E-03  4.271647387E+00 
        41 -2.046296932E-02 -2.046296932E-02  6.562000141E-03  4.242284178E+00 
        42 -2.039096877E-02 -2.039096877E-02  6.562000141E-03  4.144729826E+00 
        43 -2.031897008E-02 -2.031897008E-02  6.562000141E-03  4.163950730E+00 
        44 -2.024696954E-02 -2.024696954E-02  6.562000606E-03  4.022615323E+00 
        45 -2.017497085E-02 -2.017497085E-02  6.562000141E-03  3.986013769E+00 
        46 -2.010296844E-02 -2.010296844E-02  6.562000141E-03  3.844355909E+00 
        47 -2.003096975E-02 -2.003096975E-02  6.562000141E-03  3.746381514E+00 
        48 -1.581250317E-02 -1.581249386E-02  6.562000141E-03  5.289907869E+00 
        49 -1.568750292E-02 -1.568749361E-02  6.562000141E-03  5.174379255E+00 
        50 -1.556250267E-02 -1.556249429E-02  6.562000141E-03  5.123430633E+00 
        51 -1.543750241E-02 -1.543749496E-02  6.562000141E-03  5.116328943E+00 
        52 -1.531250216E-02 -1.531249471E-02  6.562000141E-03  5.288474467E+00 
        53 -1.518750284E-02 -1.518749446E-02  6.562000141E-03  5.400332460E+00 
        54 -1.506250259E-02 -1.506249420E-02  6.562000141E-03  5.425158950E+00 
        55 -1.493750233E-02 -1.493749488E-02  6.562000141E-03  5.433253351E+00 
        56 -1.481250301E-02 -1.481249463E-02  6.562000141E-03  5.451169100E+00 
        57 -1.468750276E-02 -1.468749437E-02  6.562000141E-03  5.499356827E+00 
        58 -1.456250250E-02 -1.456249412E-02  6.562000141E-03  5.457753064E+00 
        59 -1.443750225E-02 -1.443749480E-02  6.562000141E-03  5.394853654E+00 
        60 -1.431250293E-02 -1.431249455E-02  6.562000141E-03  5.351267726E+00 
        61 -1.418750267E-02 -1.418749429E-02  6.562000141E-03  5.287475370E+00 
        62 -1.406250242E-02 -1.406249497E-02  6.562000141E-03  5.187961186E+00 
        63 -1.393750217E-02 -1.393749472E-02  6.562000141E-03  5.086118183E+00 
        64 -1.381250285E-02 -1.381249446E-02  6.562000141E-03  5.008548887E+00 
        65 -1.368750259E-02 -1.368749421E-02  6.562000141E-03  4.968107981E+00 
        66 -1.356250234E-02 -1.356249489E-02  6.562000141E-03  4.927637818E+00 
        67 -1.343750302E-02 -1.343749464E-02  6.562000141E-03  4.883276868E+00 
        68 -1.331250276E-02 -1.331249438E-02  6.562000141E-03  4.833249175E+00 
        69 -1.318750251E-02 -1.318749413E-02  6.562000141E-03  4.753165706E+00 
        70 -1.306250226E-02 -1.306249481E-02  6.562000141E-03  4.666666414E+00 
        71 -1.293750294E-02 -1.293749455E-02  6.562000141E-03  4.575706029E+00 
        72 -1.281250268E-02 -1.281249430E-02  6.562000141E-03  4.491686581E+00 
        73 -1.268750243E-02 -1.268749498E-02  6.562000141E-03  4.427916187E+00 
        74 -1.256250218E-02 -1.256249472E-02  6.562000141E-03  4.383209811E+00 
        75 -1.243750285E-02 -1.243749447E-02  6.562000141E-03  4.370535748E+00 
        76 -1.231250260E-02 -1.231249422E-02  6.562000141E-03  4.374476384E+00 
        77 -1.218750235E-02 -1.218749490E-02  6.562000141E-03  4.361031115E+00 
        78 -1.206250209E-02 -1.206249464E-02  6.562000141E-03  4.321997741E+00 
        79 -1.193750277E-02 -1.193749439E-02  6.562000141E-03  4.287084455E+00 
        80 -1.181250252E-02 -1.181249414E-02  6.562000141E-03  4.280482121E+00 
        81 -1.168750226E-02 -1.168749481E-02  6.562000141E-03  4.290923397E+00 
        82 -1.156250294E-02 -1.156249456E-02  6.562000141E-03  4.299896139E+00 
        83 -1.143750269E-02 -1.143749431E-02  6.562000141E-03  4.298400886E+00 
        84 -1.131250244E-02 -1.131249499E-02  6.562000141E-03  4.284409764E+00 
        85 -1.118750218E-02 -1.118749473E-02  6.562000141E-03  4.259603048E+00 
        86 -1.106250286E-02 -1.106249448E-02  6.562000141E-03  4.237868062E+00 
        87 -1.093750261E-02 -1.093749423E-02  6.562000141E-03  4.228964842E+00 
        88 -1.081250235E-02 -1.081249490E-02  6.562000141E-03  4.171719732E+00 
        89 -1.068750210E-02 -1.068749465E-02  6.562000141E-03  4.035414943E+00 
        90 -1.056250278E-02 -1.056249440E-02  6.562000141E-03  3.894882032E+00 
        91 -1.043750253E-02 -1.043749508E-02  6.562000141E-03  3.768144051E+00 
        92 -1.031250227E-02 -1.031249482E-02  6.562000141E-03  3.616718259E+00 
        93 -1.018750295E-02 -1.018749457E-02  6.562000141E-03  3.497032857E+00 
        94 -1.006250270E-02 -1.006249432E-02  6.562000141E-03  3.609860685E+00 
        95 -9.937502444E-03 -9.937494993E-03  6.562000141E-03  3.640750248E+00 
        96 -9.312502109E-03 -9.312494658E-03  6.562000141E-03  3.253162743E+00 
        97 -9.187502787E-03 -9.187494405E-03  6.562000141E-03  3.173028266E+00 
        98 -9.062502533E-03 -9.062495083E-03  6.562000141E-03  3.063849753E+00 
        99 -8.937502280E-03 -8.937494829E-03  6.562000141E-03  2.976141353E+00 
       100 -8.812502027E-03 -8.812494576E-03  6.562000141E-03  2.930649306E+00 
       101 -8.687502705E-03 -8.687494323E-03  6.562000141E-03  2.861558447E+00 
       102 -8.562502451E-03 -8.562495001E-03  6.562000141E-03  2.710165067E+00 
       103 -8.437502198E-03 -8.437494747E-03  6.562000141E-03  2.646979106E+00 
       104 -8.312502876E-03 -8.312494494E-03  6.562000141E-03  2.579522618E+00 
       105 -8.187502623E-03 -8.187494241E-03  6.562000141E-03  2.232263732E+00 
       106 -8.062502369E-03 -8.062494919E-03  6.562000141E-03  2.199139455E+00 
       107 -7.937502116E-03 -7.937494665E-03  6.562000141E-03  2.344217083E+00 
       108 -7.812501863E-03 -7.812494878E-03  6.562000141E-03  2.341360435E+00 
       109 -7.687502541E-03 -7.687494624E-03  6.562000141E-03  2.334627866E+00 
       110 -7.562502287E-03 -7.562494837E-03  6.562000141E-03  2.281969410E+00 
       111 -7.437502500E-03 -7.437494583E-03  6.562000141E-03  2.106410989E+00 
       112 -7.312502246E-03 -7.312494796E-03  6.562000141E-03  1.964259283E+00 
       113 -7.187502459E-03 -7.187494542E-03  6.562000141E-03  1.725572537E+00 
       114 -7.062502205E-03 -7.062494755E-03  6.562000141E-03  1.540057242E+00 
       115 -6.937502418E-03 -6.937494501E-03  6.562000141E-03  1.400572762E+00 
       116 -6.812502630E-03 -6.812494714E-03  6.562000141E-03  1.324264373E+00 
       117 -6.687502377E-03 -6.687494460E-03  6.562000141E-03  1.366079484E+00 
       118 -6.562502589E-03 -6.562494673E-03  6.562000141E-03  1.501834099E+00 
       119 -6.437502336E-03 -6.437494885E-03  6.562000141E-03  1.540323435E+00 
       120 -6.312502548E-03 -6.312494632E-03  6.562000141E-03  1.514378535E+00 
       121 -6.187502295E-03 -6.187494844E-03  6.562000141E-03  1.434409961E+00 
       122 -6.062502507E-03 -6.062494591E-03  6.562000141E-03  1.147760237E+00 
       123 -5.937502254E-03 -5.937494803E-03  6.562000141E-03  1.267809602E+00 
       124 -5.812502466E-03 -5.812494550E-03  6.562000141E-03  1.341146852E+00 
       125 -5.687502213E-03 -5.687494762E-03  6.562000141E-03  1.428330033E+00 
       126 -5.562502425E-03 -5.562494509E-03  6.562000141E-03  1.457136307E+00 
       127 -2.830386627E-03 -2.830386627E-03  6.562000141E-03  1.057280706E+00 
       128 -2.835483057E-03 -2.835483057E-03  6.562000606E-03  1.088576389E+00 
       129 -2.841604175E-03 -2.841604175E-03  6.562000606E-03  1.137199918E+00 
       130 -2.848957200E-03 -2.848957200E-03  6.562000141E-03  1.202055784E+00 
       131 -2.857792191E-03 -2.857792191E-03  6.562000606E-03  1.278043706E+00 
       132 -2.868410666E-03 -2.868410666E-03  6.562000141E-03  1.355687812E+00 
       133 -2.881176071E-03 -2.881176071E-03  6.562000141E-03  1.422659796E+00 
       134 -2.896528924E-03 -2.896528924E-03  6.561999675E-03  1.467197672E+00 
       135 -2.915001474E-03 -2.915001474E-03  6.562000141E-03  1.490909478E+00 
       136 -2.937239595E-03 -2.937239595E-03  6.562000141E-03  1.501240645E+00 
       137 -2.974424278E-03 -2.974424278E-03  6.562000606E-03  1.532782715E+00 
       138 -3.062231001E-03 -3.062227275E-03  6.562000141E-03  1.600181697E+00 
       139 -3.187502269E-03 -3.187494585E-03  6.562000141E-03  1.535265214E+00 
       140 -3.312502289E-03 -3.312494606E-03  6.562000141E-03  1.547176031E+00 
       141 -3.437502310E-03 -3.437494626E-03  6.562000141E-03  1.471116892E+00 
       142 -3.562502330E-03 -3.562494647E-03  6.562000141E-03  1.471101754E+00 
       143 -3.687502351E-03 -3.687494667E-03  6.562000141E-03  1.428026289E+00 
       144 -3.812502138E-03 -3.812494688E-03  6.562000141E-03  1.413310132E+00 
       145 -3.937502392E-03 -3.937494475E-03  6.562000141E-03  1.487045183E+00 
       146 -4.062502179E-03 -4.062494729E-03  6.562000141E-03  1.518722690E+00 
       147 -4.187502433E-03 -4.187494516E-03  6.562000141E-03  1.705298199E+00 
       148 -4.312502220E-03 -4.312494770E-03  6.562000141E-03  1.781182629E+00 
       149 -4.437502474E-03 -4.437494557E-03  6.562000141E-03  1.692842946E+00 
       150 -4.562502261E-03 -4.562494811E-03  6.562000141E-03  1.589831727E+00 
       151 -4.687502515E-03 -4.687494598E-03  6.562000141E-03  1.491122233E+00 
       152 -4.812502302E-03 -4.812494852E-03  6.562000141E-03  1.421040959E+00 
       153 -4.937502556E-03 -4.937494639E-03  6.562000141E-03  1.363544075E+00 
       154 -5.062502343E-03 -5.062494893E-03  6.562000141E-03  1.337001643E+00 
       155 -5.187502597E-03 -5.187494680E-03  6.562000141E-03  1.375012032E+00 
       156 -5.312502384E-03 -5.312494934E-03  6.562000141E-03  1.385396467E+00 
       157 -5.437502172E-03 -5.437494721E-03  6.562000141E-03  1.410266201E+00 
       158 -1.843750291E-02 -1.843749359E-02  6.562000141E-03  5.516023126E+00 
       159 -1.856250316E-02 -1.856249385E-02  6.562000141E-03  5.505291740E+00 
       160 -1.868750155E-02 -1.868749410E-02  6.562000141E-03  5.492221000E+00 
       161 -1.880222373E-02 -1.880222000E-02  6.562000141E-03  5.213625453E+00 
       162 -1.889957115E-02 -1.889957115E-02  6.562000141E-03  5.208457776E+00 
       163 -1.895638928E-02 -1.895638928E-02  6.562000141E-03  5.169301439E+00 
       164 -1.995896921E-02 -1.995896921E-02  6.562000141E-03  3.622546280E+00 
       165 -1.988696866E-02 -1.988696866E-02  6.562000141E-03  3.775573998E+00 
       166 -1.981496811E-02 -1.981496811E-02  6.562000141E-03  4.468463021E+00 
       167 -1.974296942E-02 -1.974296942E-02  6.562000606E-03  5.096056532E+00 
       168 -1.967096888E-02 -1.967096888E-02  6.562000141E-03  5.454606747E+00 
       169 -1.959896833E-02 -1.959896833E-02  6.562000141E-03  5.375170671E+00 
       170 -1.952696964E-02 -1.952696964E-02  6.562000141E-03  5.354098275E+00 
       171 -1.945496909E-02 -1.945496909E-02  6.562000141E-03  5.296248249E+00 
       172 -1.938296854E-02 -1.938296854E-02  6.562000141E-03  5.394391740E+00 
       173 -1.931096986E-02 -1.931096986E-02  6.562000141E-03  5.432239397E+00 
       174 -1.923896931E-02 -1.923896931E-02  6.562000141E-03  5.459262989E+00 
       175 -1.916676387E-02 -1.916676387E-02  6.562000606E-03  5.418736393E+00 
       176 -1.912219450E-02 -1.912219450E-02  6.562000606E-03  5.339728151E+00 
       177 -1.904012822E-02 -1.904012822E-02  6.562000141E-03  5.347900017E+00 
       178 -1.898222044E-02 -1.898222044E-02  6.562000606E-03  5.370170392E+00 
       179 -9.437502362E-03 -9.437494911E-03  6.562000141E-03  3.424562364E+00 
       180 -9.562502615E-03 -9.562494233E-03  6.562000141E-03  3.493984418E+00 
       181 -9.687502868E-03 -9.687494487E-03  6.562000141E-03  3.549865358E+00 
       182 -9.812502190E-03 -9.812494740E-03  6.562000141E-03  3.598367754E+00 
