cellnumber     x-coordinate     y-coordinate     z-coordinate velocity-magnitude 
         1 -1.618749835E-02 -1.618750393E-02  6.562000141E-03  5.281242930E+00 
         2 -1.631249860E-02 -1.631250419E-02  6.562000141E-03  5.239059389E+00 
         3 -1.643749885E-02 -1.643750444E-02  6.562000141E-03  5.129697171E+00 
         4 -1.656249724E-02 -1.656250469E-02  6.562000141E-03  5.132765592E+00 
         5 -1.581249759E-02 -1.581250504E-02  6.562000141E-03  5.194310111E+00 
         6 -6.187498104E-03 -6.187505089E-03  6.562000141E-03  1.315329500E+00 
         7 -6.312497891E-03 -6.312505342E-03  6.562000141E-03  1.207092864E+00 
         8 -6.437498145E-03 -6.437505130E-03  6.562000141E-03  1.235051471E+00 
         9 -6.562497932E-03 -6.562505383E-03  6.562000141E-03  1.237602700E+00 
        10 -6.687498186E-03 -6.687505171E-03  6.562000141E-03  1.419802038E+00 
        11 -6.812497973E-03 -6.812505424E-03  6.562000141E-03  1.426784715E+00 
        12 -6.937498227E-03 -6.937505212E-03  6.562000141E-03  1.158812238E+00 
        13 -7.062498014E-03 -7.062505465E-03  6.562000141E-03  1.186508714E+00 
        14 -7.187498268E-03 -7.187505253E-03  6.562000141E-03  1.784007101E+00 
        15 -7.312498055E-03 -7.312505040E-03  6.562000141E-03  2.187081761E+00 
        16 -7.437498309E-03 -7.437505294E-03  6.562000141E-03  2.704061651E+00 
        17 -7.562498096E-03 -7.562505081E-03  6.562000141E-03  2.983859124E+00 
        18 -7.687497884E-03 -7.687505335E-03  6.562000141E-03  2.884421659E+00 
        19 -7.812498137E-03 -7.812504657E-03  6.562000141E-03  2.852939922E+00 
        20 -7.937498391E-03 -7.937504910E-03  6.562000141E-03  2.699398209E+00 
        21 -8.062497713E-03 -8.062505163E-03  6.562000141E-03  2.412378241E+00 
        22 -8.187497966E-03 -8.187505417E-03  6.562000141E-03  2.263148051E+00 
        23 -8.312498219E-03 -8.312505670E-03  6.562000141E-03  1.833913871E+00 
        24 -8.437498473E-03 -8.437504992E-03  6.562000141E-03  1.468389209E+00 
        25 -8.562497795E-03 -8.562505245E-03  6.562000141E-03  1.479343868E+00 
        26 -8.687498048E-03 -8.687505499E-03  6.562000141E-03  1.892619483E+00 
        27 -8.812498301E-03 -8.812504821E-03  6.562000141E-03  2.323039066E+00 
        28 -8.937498555E-03 -8.937505074E-03  6.562000141E-03  2.591283686E+00 
        29 -9.062497877E-03 -9.062505327E-03  6.562000141E-03  2.717557044E+00 
        30 -9.187498130E-03 -9.187505580E-03  6.562000141E-03  2.801644177E+00 
        31 -9.312498383E-03 -9.312504902E-03  6.562000141E-03  3.011919954E+00 
        32 -9.437497705E-03 -9.437505156E-03  6.562000141E-03  3.304532374E+00 
        33 -9.562497959E-03 -9.562505409E-03  6.562000141E-03  3.542528656E+00 
        34 -2.830355195E-03 -2.830355195E-03  6.562000606E-03  1.061119621E+00 
        35 -2.835455118E-03 -2.835455118E-03  6.562000606E-03  1.091917185E+00 
        36 -2.841580659E-03 -2.841580659E-03  6.562000606E-03  1.128758573E+00 
        37 -2.848939272E-03 -2.848939272E-03  6.562000141E-03  1.171084509E+00 
        38 -2.857780783E-03 -2.857780783E-03  6.562000141E-03  1.217245799E+00 
        39 -2.868407406E-03 -2.868407406E-03  6.562000606E-03  1.264509235E+00 
        40 -2.881182823E-03 -2.881182823E-03  6.562000141E-03  1.309284057E+00 
        41 -2.896548016E-03 -2.896548016E-03  6.562000606E-03  1.349420157E+00 
        42 -2.915035933E-03 -2.915035933E-03  6.562000606E-03  1.382997111E+00 
        43 -2.937293379E-03 -2.937293379E-03  6.562000606E-03  1.413160444E+00 
        44 -2.975319512E-03 -2.975319512E-03  6.562000606E-03  1.420120617E+00 
        45 -3.059382550E-03 -3.059382550E-03  6.562000141E-03  1.255991284E+00 
        46 -3.123705974E-03 -3.123705974E-03  6.562000141E-03  1.148772016E+00 
        47 -3.189915325E-03 -3.189919051E-03  6.562000141E-03  1.203109507E+00 
        48 -3.312497865E-03 -3.312505316E-03  6.562000141E-03  1.560412710E+00 
        49 -3.437497886E-03 -3.437505104E-03  6.562000141E-03  1.651141303E+00 
        50 -3.562497906E-03 -3.562505124E-03  6.562000141E-03  1.601047235E+00 
        51 -3.687497927E-03 -3.687505145E-03  6.562000141E-03  1.569087110E+00 
        52 -3.812497947E-03 -3.812505165E-03  6.562000141E-03  1.413015763E+00 
        53 -3.937497735E-03 -3.937505186E-03  6.562000141E-03  1.290701305E+00 
        54 -4.062497988E-03 -4.062505439E-03  6.562000141E-03  1.124982942E+00 
        55 -4.187498242E-03 -4.187505227E-03  6.562000141E-03  9.444944307E-01 
        56 -4.312498029E-03 -4.312505480E-03  6.562000141E-03  8.354827486E-01 
        57 -4.437497817E-03 -4.437505268E-03  6.562000141E-03  9.116297547E-01 
        58 -4.562498070E-03 -4.562505521E-03  6.562000141E-03  1.026078078E+00 
        59 -4.687497858E-03 -4.687505309E-03  6.562000141E-03  1.115269041E+00 
        60 -4.812498111E-03 -4.812505096E-03  6.562000141E-03  1.159192955E+00 
        61 -4.937497899E-03 -4.937505350E-03  6.562000141E-03  1.149528339E+00 
        62 -5.062498152E-03 -5.062505137E-03  6.562000141E-03  1.105406358E+00 
        63 -5.187497940E-03 -5.187505390E-03  6.562000141E-03  1.156378529E+00 
        64 -5.312498193E-03 -5.312505178E-03  6.562000141E-03  1.095735421E+00 
        65 -5.437497981E-03 -5.437505431E-03  6.562000141E-03  5.532476463E-01 
        66 -5.562498234E-03 -5.562505219E-03  6.562000141E-03  1.300671885E+00 
        67 -5.687498022E-03 -5.687505472E-03  6.562000141E-03  1.548433789E+00 
        68 -5.812498275E-03 -5.812505260E-03  6.562000141E-03  1.555615097E+00 
        69 -5.937498063E-03 -5.937505048E-03  6.562000141E-03  1.646927215E+00 
        70 -6.062497851E-03 -6.062505301E-03  6.562000141E-03  1.610179433E+00 
        71 -1.668749750E-02 -1.668750495E-02  6.562000141E-03  5.199241482E+00 
        72 -1.681249775E-02 -1.681250520E-02  6.562000141E-03  5.234403497E+00 
        73 -1.693749800E-02 -1.693750545E-02  6.562000141E-03  5.252742704E+00 
        74 -1.706249826E-02 -1.706250571E-02  6.562000141E-03  5.317160559E+00 
        75 -1.718749851E-02 -1.718750410E-02  6.562000141E-03  5.359140041E+00 
        76 -1.731249876E-02 -1.731250435E-02  6.562000141E-03  5.399845908E+00 
        77 -1.743749715E-02 -1.743750460E-02  6.562000141E-03  5.477067976E+00 
        78 -1.756249741E-02 -1.756250486E-02  6.562000141E-03  5.616593935E+00 
        79 -1.768749766E-02 -1.768750511E-02  6.562000141E-03  5.530748068E+00 
        80 -9.687498212E-03 -9.687505662E-03  6.562000141E-03  3.593692332E+00 
        81 -9.812498465E-03 -9.812504984E-03  6.562000141E-03  3.587242699E+00 
        82 -9.937497787E-03 -9.937505238E-03  6.562000141E-03  3.614650462E+00 
        83 -1.006249804E-02 -1.006250549E-02  6.562000141E-03  3.643578528E+00 
        84 -1.018749829E-02 -1.018750481E-02  6.562000141E-03  3.672453655E+00 
        85 -1.031249855E-02 -1.031250507E-02  6.562000141E-03  3.698999061E+00 
        86 -1.043749787E-02 -1.043750532E-02  6.562000141E-03  3.742506825E+00 
        87 -1.056249812E-02 -1.056250557E-02  6.562000141E-03  3.813229939E+00 
        88 -1.068749838E-02 -1.068750490E-02  6.562000141E-03  3.900706927E+00 
        89 -1.081249770E-02 -1.081250515E-02  6.562000141E-03  4.004449809E+00 
        90 -1.093749795E-02 -1.093750540E-02  6.562000141E-03  4.106779026E+00 
        91 -1.106249820E-02 -1.106250565E-02  6.562000141E-03  4.191420265E+00 
        92 -1.118749846E-02 -1.118750498E-02  6.562000141E-03  4.262675666E+00 
        93 -1.131249778E-02 -1.131250523E-02  6.562000141E-03  4.331745403E+00 
        94 -1.143749803E-02 -1.143750548E-02  6.562000141E-03  4.405417427E+00 
        95 -1.156249829E-02 -1.156250481E-02  6.562000141E-03  4.485973025E+00 
        96 -1.568749733E-02 -1.568750478E-02  6.562000141E-03  5.032185200E+00 
        97 -1.556249801E-02 -1.556250546E-02  6.562000141E-03  4.923484390E+00 
        98 -1.543749869E-02 -1.543750521E-02  6.562000141E-03  4.947323086E+00 
        99 -1.531249844E-02 -1.531250495E-02  6.562000141E-03  5.077882487E+00 
       100 -1.518749818E-02 -1.518750470E-02  6.562000141E-03  5.184339548E+00 
       101 -1.506249793E-02 -1.506250538E-02  6.562000141E-03  5.263524538E+00 
       102 -1.493749861E-02 -1.493750513E-02  6.562000141E-03  5.335579067E+00 
       103 -1.481249835E-02 -1.481250487E-02  6.562000141E-03  5.357317678E+00 
       104 -1.468749810E-02 -1.468750555E-02  6.562000141E-03  5.231434468E+00 
       105 -1.456249785E-02 -1.456250530E-02  6.562000141E-03  5.032372129E+00 
       106 -1.443749852E-02 -1.443750504E-02  6.562000141E-03  5.034316599E+00 
       107 -1.431249827E-02 -1.431250479E-02  6.562000141E-03  5.073340306E+00 
       108 -1.418749802E-02 -1.418750547E-02  6.562000141E-03  5.080748816E+00 
       109 -1.406249776E-02 -1.406250522E-02  6.562000141E-03  5.059550326E+00 
       110 -1.393749844E-02 -1.393750496E-02  6.562000141E-03  5.051392768E+00 
       111 -1.381249819E-02 -1.381250471E-02  6.562000141E-03  5.049102138E+00 
       112 -1.368749794E-02 -1.368750539E-02  6.562000141E-03  5.043588759E+00 
       113 -1.356249861E-02 -1.356250513E-02  6.562000141E-03  5.023069249E+00 
       114 -1.343749836E-02 -1.343750488E-02  6.562000141E-03  4.989470727E+00 
       115 -1.331249811E-02 -1.331250556E-02  6.562000141E-03  4.952841241E+00 
       116 -1.318749785E-02 -1.318750530E-02  6.562000141E-03  4.917979966E+00 
       117 -1.306249853E-02 -1.306250505E-02  6.562000141E-03  4.898344348E+00 
       118 -1.293749828E-02 -1.293750480E-02  6.562000141E-03  4.893197130E+00 
       119 -1.281249803E-02 -1.281250548E-02  6.562000141E-03  4.890164844E+00 
       120 -1.268749777E-02 -1.268750522E-02  6.562000141E-03  4.890545008E+00 
       121 -1.256249845E-02 -1.256250497E-02  6.562000141E-03  4.899895616E+00 
       122 -1.243749820E-02 -1.243750565E-02  6.562000141E-03  4.904065333E+00 
       123 -1.231249794E-02 -1.231250539E-02  6.562000141E-03  4.896578296E+00 
       124 -1.218749862E-02 -1.218750514E-02  6.562000141E-03  4.869740564E+00 
       125 -1.206249837E-02 -1.206250489E-02  6.562000141E-03  4.822825034E+00 
       126 -1.193749812E-02 -1.193750557E-02  6.562000141E-03  4.755201329E+00 
       127 -1.181249786E-02 -1.181250531E-02  6.562000141E-03  4.669900175E+00 
       128 -1.168749854E-02 -1.168750506E-02  6.562000141E-03  4.576173599E+00 
       129 -1.895486377E-02 -1.895486377E-02  6.562000606E-03  5.373695885E+00 
       130 -1.889866963E-02 -1.889866963E-02  6.562000141E-03  5.423757379E+00 
       131 -1.880285144E-02 -1.880285516E-02  6.562000141E-03  5.463744428E+00 
       132 -1.868749782E-02 -1.868750528E-02  6.562000141E-03  5.387111846E+00 
       133 -1.856249757E-02 -1.856250502E-02  6.562000141E-03  5.032493306E+00 
       134 -1.843749732E-02 -1.843750477E-02  6.562000141E-03  5.045799877E+00 
       135 -1.831249893E-02 -1.831250452E-02  6.562000141E-03  5.053979742E+00 
       136 -1.818749867E-02 -1.818750426E-02  6.562000141E-03  5.068871216E+00 
       137 -1.806249842E-02 -1.806250401E-02  6.562000141E-03  5.153097241E+00 
       138 -1.793749817E-02 -1.793750562E-02  6.562000141E-03  5.091469960E+00 
       139 -1.781249791E-02 -1.781250536E-02  6.562000141E-03  5.271961076E+00 
       140 -2.121081017E-02 -2.121081017E-02  6.562000141E-03  8.555640747E-02 
       141 -2.120563947E-02 -2.120563947E-02  6.562000141E-03  2.839271413E-01 
       142 -2.119943500E-02 -2.119943500E-02  6.562000606E-03  5.582439207E-01 
       143 -2.119199000E-02 -2.119199000E-02  6.562000141E-03  9.287609720E-01 
       144 -2.118305862E-02 -2.118305862E-02  6.562000141E-03  1.405360557E+00 
       145 -2.117234282E-02 -2.117234282E-02  6.562000606E-03  1.964883208E+00 
       146 -2.115948685E-02 -2.115948685E-02  6.562000606E-03  2.534112346E+00 
       147 -2.114406601E-02 -2.114406601E-02  6.562000606E-03  2.984768191E+00 
       148 -2.112556621E-02 -2.112556621E-02  6.562000606E-03  3.230898611E+00 
       149 -2.110337466E-02 -2.110337466E-02  6.562000606E-03  3.370700595E+00 
       150 -2.106651478E-02 -2.106651478E-02  6.562000606E-03  3.602749502E+00 
       151 -2.102797665E-02 -2.102797665E-02  6.562000141E-03  4.089818841E+00 
       152 -2.100796066E-02 -2.100796066E-02  6.562000141E-03  4.038203552E+00 
       153 -2.095155232E-02 -2.095155232E-02  6.562000141E-03  4.318900318E+00 
       154 -2.089514025E-02 -2.089514025E-02  6.562000141E-03  4.674829448E+00 
       155 -2.082296833E-02 -2.082296833E-02  6.562000141E-03  4.777573505E+00 
       156 -2.075096965E-02 -2.075096965E-02  6.562000606E-03  4.735005553E+00 
       157 -2.067896910E-02 -2.067896910E-02  6.562000141E-03  4.472167991E+00 
       158 -2.060696855E-02 -2.060696855E-02  6.562000606E-03  4.216990106E+00 
       159 -2.053496987E-02 -2.053496987E-02  6.562000606E-03  4.088158336E+00 
       160 -2.046296932E-02 -2.046296932E-02  6.562000141E-03  3.914449819E+00 
       161 -2.039096877E-02 -2.039096877E-02  6.562000141E-03  3.881163273E+00 
       162 -2.031897008E-02 -2.031897008E-02  6.562000606E-03  3.704894390E+00 
       163 -2.024696954E-02 -2.024696954E-02  6.562000141E-03  3.651221751E+00 
       164 -2.017496899E-02 -2.017496899E-02  6.562000606E-03  3.497199996E+00 
       165 -2.010296844E-02 -2.010296844E-02  6.562000141E-03  3.567686500E+00 
       166 -2.003096975E-02 -2.003096975E-02  6.562000606E-03  3.557708651E+00 
       167 -1.995896921E-02 -1.995896921E-02  6.562000141E-03  3.842294816E+00 
       168 -1.988696866E-02 -1.988696866E-02  6.562000606E-03  3.995380029E+00 
       169 -1.981496997E-02 -1.981496997E-02  6.562000141E-03  4.341110203E+00 
       170 -1.974296942E-02 -1.974296942E-02  6.562000606E-03  4.528492514E+00 
       171 -1.967096888E-02 -1.967096888E-02  6.562000141E-03  4.739749488E+00 
       172 -1.959896833E-02 -1.959896833E-02  6.562000141E-03  4.897151241E+00 
       173 -1.952696778E-02 -1.952696778E-02  6.562000141E-03  4.964287476E+00 
       174 -1.945496909E-02 -1.945496909E-02  6.562000141E-03  5.061939675E+00 
       175 -1.938296854E-02 -1.938296854E-02  6.562000141E-03  5.080292435E+00 
       176 -1.931096986E-02 -1.931096986E-02  6.562000606E-03  5.127277117E+00 
       177 -1.923896931E-02 -1.923896931E-02  6.562000141E-03  5.087519407E+00 
       178 -1.916676387E-02 -1.916676387E-02  6.562000606E-03  5.028203281E+00 
       179 -1.912219450E-02 -1.912219450E-02  6.562000606E-03  4.996434027E+00 
       180 -1.904012822E-02 -1.904012822E-02  6.562000141E-03  5.018655295E+00 
       181 -1.898222044E-02 -1.898222044E-02  6.562000606E-03  5.068126835E+00 
       182 -1.606249809E-02 -1.606250554E-02  6.562000141E-03  5.302301030E+00 
       183 -1.593749784E-02 -1.593750529E-02  6.562000141E-03  5.288421390E+00 
