cellnumber     x-coordinate     y-coordinate     z-coordinate velocity-magnitude 
         1 -1.793749444E-02 -1.793749630E-02  6.562000141E-03  5.635806229E+00 
         2 -1.781249419E-02 -1.781249791E-02  6.562000141E-03  5.657205008E+00 
         3 -1.768749580E-02 -1.768749766E-02  6.562000141E-03  5.578702562E+00 
         4 -1.756249554E-02 -1.756249741E-02  6.562000141E-03  5.433022175E+00 
         5 -1.743749529E-02 -1.743749715E-02  6.562000141E-03  5.314061907E+00 
         6 -1.731249504E-02 -1.731249690E-02  6.562000141E-03  5.243651882E+00 
         7 -1.718749478E-02 -1.718749665E-02  6.562000141E-03  5.253298550E+00 
         8 -1.706249453E-02 -1.706249639E-02  6.562000141E-03  5.305944745E+00 
         9 -1.693749428E-02 -1.693749800E-02  6.562000141E-03  5.396365602E+00 
        10 -1.681249589E-02 -1.681249775E-02  6.562000141E-03  5.437572972E+00 
        11 -1.668749563E-02 -1.668749750E-02  6.562000141E-03  5.413566346E+00 
        12 -1.656249538E-02 -1.656249724E-02  6.562000141E-03  5.398103751E+00 
        13 -1.643749513E-02 -1.643749699E-02  6.562000141E-03  5.603850165E+00 
        14 -1.631249487E-02 -1.631249674E-02  6.562000141E-03  5.837617705E+00 
        15 -1.618749462E-02 -1.618749648E-02  6.562000141E-03  5.348472228E+00 
        16 -1.606249437E-02 -1.606249809E-02  6.562000141E-03  5.406644907E+00 
        17 -1.593749411E-02 -1.593749784E-02  6.562000141E-03  5.526919057E+00 
        18 -1.581249572E-02 -1.581249759E-02  6.562000141E-03  5.573730408E+00 
        19 -1.568749547E-02 -1.568749733E-02  6.562000141E-03  5.473580703E+00 
        20 -1.556249522E-02 -1.556249708E-02  6.562000141E-03  5.658185070E+00 
        21 -1.543749496E-02 -1.543749776E-02  6.562000141E-03  6.449564847E+00 
        22 -1.531249564E-02 -1.531249750E-02  6.562000141E-03  6.421439367E+00 
        23 -1.518749539E-02 -1.518749725E-02  6.562000141E-03  6.314178903E+00 
        24 -9.687495418E-03 -9.687497281E-03  6.562000141E-03  3.110945592E+00 
        25 -9.812494740E-03 -9.812497534E-03  6.562000141E-03  3.290432680E+00 
        26 -9.937494993E-03 -9.937497787E-03  6.562000141E-03  3.500124153E+00 
        27 -1.006249525E-02 -1.006249804E-02  6.562000141E-03  3.665705649E+00 
        28 -1.018749550E-02 -1.018749736E-02  6.562000141E-03  3.820986354E+00 
        29 -1.031249482E-02 -1.031249762E-02  6.562000141E-03  3.926452185E+00 
        30 -1.043749508E-02 -1.043749787E-02  6.562000141E-03  3.941351293E+00 
        31 -1.056249533E-02 -1.056249812E-02  6.562000141E-03  3.926545410E+00 
        32 -1.068749558E-02 -1.068749744E-02  6.562000141E-03  3.938264002E+00 
        33 -1.081249490E-02 -1.081249770E-02  6.562000141E-03  3.951253067E+00 
        34 -1.093749516E-02 -1.093749795E-02  6.562000141E-03  3.999010878E+00 
        35 -1.106249541E-02 -1.106249727E-02  6.562000141E-03  4.110962796E+00 
        36 -1.118749473E-02 -1.118749753E-02  6.562000141E-03  4.210491179E+00 
        37 -1.131249499E-02 -1.131249778E-02  6.562000141E-03  4.237860767E+00 
        38 -1.143749524E-02 -1.143749803E-02  6.562000141E-03  4.182419344E+00 
        39 -1.156249549E-02 -1.156249736E-02  6.562000141E-03  4.110578219E+00 
        40 -1.168749481E-02 -1.168749761E-02  6.562000141E-03  4.087398953E+00 
        41 -1.181249507E-02 -1.181249786E-02  6.562000141E-03  4.027686773E+00 
        42 -1.193749532E-02 -1.193749718E-02  6.562000141E-03  4.011027714E+00 
        43 -1.206249557E-02 -1.206249744E-02  6.562000141E-03  4.130727395E+00 
        44 -1.218749490E-02 -1.218749769E-02  6.562000141E-03  4.283576532E+00 
        45 -1.231249515E-02 -1.231249794E-02  6.562000141E-03  4.355418535E+00 
        46 -1.243749540E-02 -1.243749727E-02  6.562000141E-03  4.331245532E+00 
        47 -1.256249472E-02 -1.256249752E-02  6.562000141E-03  4.279105807E+00 
        48 -1.268749498E-02 -1.268749777E-02  6.562000141E-03  4.308706955E+00 
        49 -1.281249523E-02 -1.281249803E-02  6.562000141E-03  4.456609456E+00 
        50 -1.293749548E-02 -1.293749735E-02  6.562000141E-03  4.551855949E+00 
        51 -1.306249481E-02 -1.306249760E-02  6.562000141E-03  4.638778766E+00 
        52 -1.318749506E-02 -1.318749785E-02  6.562000141E-03  4.788941997E+00 
        53 -1.506249513E-02 -1.506249793E-02  6.562000141E-03  6.352072154E+00 
        54 -1.493749488E-02 -1.493749768E-02  6.562000141E-03  6.198061041E+00 
        55 -1.481249556E-02 -1.481249742E-02  6.562000141E-03  6.087164599E+00 
        56 -1.468749531E-02 -1.468749717E-02  6.562000141E-03  5.845158751E+00 
        57 -1.456249505E-02 -1.456249785E-02  6.562000141E-03  5.582440314E+00 
        58 -1.443749480E-02 -1.443749759E-02  6.562000141E-03  5.350368966E+00 
        59 -1.431249548E-02 -1.431249734E-02  6.562000141E-03  5.300983898E+00 
        60 -1.418749522E-02 -1.418749802E-02  6.562000141E-03  5.364800007E+00 
        61 -1.406249497E-02 -1.406249776E-02  6.562000141E-03  5.319596259E+00 
        62 -1.393749565E-02 -1.393749751E-02  6.562000141E-03  5.277994769E+00 
        63 -1.381249540E-02 -1.381249726E-02  6.562000141E-03  5.237147960E+00 
        64 -1.368749514E-02 -1.368749794E-02  6.562000141E-03  5.207629413E+00 
        65 -1.356249489E-02 -1.356249768E-02  6.562000141E-03  5.132625860E+00 
        66 -1.343749557E-02 -1.343749743E-02  6.562000141E-03  5.037939514E+00 
        67 -1.331249531E-02 -1.331249718E-02  6.562000141E-03  4.946123427E+00 
        68 -4.812494852E-03 -4.812497646E-03  6.562000141E-03  1.413562350E+00 
        69 -4.687495064E-03 -4.687497858E-03  6.562000141E-03  1.376244143E+00 
        70 -4.562494811E-03 -4.562497605E-03  6.562000141E-03  1.212907626E+00 
        71 -4.437495023E-03 -4.437497817E-03  6.562000141E-03  1.045479365E+00 
        72 -4.312494770E-03 -4.312498029E-03  6.562000141E-03  7.668486458E-01 
        73 -4.187494982E-03 -4.187497776E-03  6.562000141E-03  6.548003254E-01 
        74 -4.062494729E-03 -4.062497988E-03  6.562000141E-03  9.419350181E-01 
        75 -3.937494941E-03 -3.937497735E-03  6.562000141E-03  1.318895741E+00 
        76 -3.812494921E-03 -3.812497715E-03  6.562000141E-03  1.498254245E+00 
        77 -3.687494900E-03 -3.687497694E-03  6.562000141E-03  1.485608663E+00 
        78 -3.562494880E-03 -3.562497674E-03  6.562000141E-03  1.454329923E+00 
        79 -3.437494859E-03 -3.437497653E-03  6.562000141E-03  1.411962710E+00 
        80 -3.312494839E-03 -3.312497633E-03  6.562000141E-03  1.331813667E+00 
        81 -3.187494818E-03 -3.187497845E-03  6.562000141E-03  1.278921754E+00 
        82 -3.061021445E-03 -3.061023075E-03  6.562000141E-03  1.269281852E+00 
        83 -2.973292721E-03 -2.973292721E-03  6.561999675E-03  1.295914659E+00 
        84 -2.937367884E-03 -2.937367884E-03  6.561999675E-03  1.304074146E+00 
        85 -2.915092744E-03 -2.915092744E-03  6.562000141E-03  1.312646392E+00 
        86 -2.896590624E-03 -2.896590624E-03  6.562000606E-03  1.309069387E+00 
        87 -2.881214023E-03 -2.881214023E-03  6.562000606E-03  1.280162628E+00 
        88 -2.868429059E-03 -2.868429059E-03  6.562000606E-03  1.224296031E+00 
        89 -2.857794985E-03 -2.857794985E-03  6.562000606E-03  1.155916846E+00 
        90 -2.848947188E-03 -2.848947188E-03  6.562000141E-03  1.093610396E+00 
        91 -2.841583686E-03 -2.841583686E-03  6.562000141E-03  1.050681324E+00 
        92 -2.835454186E-03 -2.835454186E-03  6.562000606E-03  1.032129210E+00 
        93 -2.830350772E-03 -2.830350772E-03  6.562000141E-03  1.035989517E+00 
        94 -9.562495165E-03 -9.562497959E-03  6.562000141E-03  2.980549687E+00 
        95 -9.437494911E-03 -9.437497705E-03  6.562000141E-03  2.924039872E+00 
        96 -9.312494658E-03 -9.312497452E-03  6.562000141E-03  2.937804031E+00 
        97 -9.187495336E-03 -9.187498130E-03  6.562000141E-03  2.946919326E+00 
        98 -9.062495083E-03 -9.062497877E-03  6.562000141E-03  2.969697580E+00 
        99 -8.937494829E-03 -8.937497623E-03  6.562000141E-03  2.864869019E+00 
       100 -8.812495507E-03 -8.812497370E-03  6.562000141E-03  2.628896930E+00 
       101 -8.687495254E-03 -8.687498048E-03  6.562000141E-03  2.663744833E+00 
       102 -8.562495001E-03 -8.562497795E-03  6.562000141E-03  2.807887911E+00 
       103 -8.437494747E-03 -8.437497541E-03  6.562000141E-03  2.896696266E+00 
       104 -8.312495425E-03 -8.312497288E-03  6.562000141E-03  2.777117841E+00 
       105 -8.187495172E-03 -8.187497966E-03  6.562000141E-03  2.354329249E+00 
       106 -8.062494919E-03 -8.062497713E-03  6.562000141E-03  2.194281017E+00 
       107 -7.937494665E-03 -7.937497459E-03  6.562000141E-03  2.163768242E+00 
       108 -7.812494878E-03 -7.812497672E-03  6.562000141E-03  2.824352810E+00 
       109 -7.687495090E-03 -7.687497884E-03  6.562000141E-03  3.314675402E+00 
       110 -7.562494837E-03 -7.562497631E-03  6.562000141E-03  3.272405632E+00 
       111 -7.437495049E-03 -7.437497843E-03  6.562000141E-03  3.043369433E+00 
       112 -7.312494796E-03 -7.312497590E-03  6.562000141E-03  2.803015608E+00 
       113 -7.187495008E-03 -7.187497802E-03  6.562000141E-03  2.469884291E+00 
       114 -7.062495220E-03 -7.062497549E-03  6.562000141E-03  2.375782725E+00 
       115 -6.937494967E-03 -6.937497761E-03  6.562000141E-03  2.195489814E+00 
       116 -6.812495179E-03 -6.812497973E-03  6.562000141E-03  2.073561758E+00 
       117 -6.687494926E-03 -6.687497720E-03  6.562000141E-03  1.885741278E+00 
       118 -6.562495138E-03 -6.562497932E-03  6.562000141E-03  1.631651112E+00 
       119 -6.437494885E-03 -6.437497679E-03  6.562000141E-03  1.327798285E+00 
       120 -6.312495098E-03 -6.312497891E-03  6.562000141E-03  1.232469114E+00 
       121 -4.937495105E-03 -4.937497899E-03  6.562000141E-03  1.383884714E+00 
       122 -5.062494893E-03 -5.062497687E-03  6.562000141E-03  1.476513868E+00 
       123 -5.187495146E-03 -5.187497940E-03  6.562000141E-03  1.482227298E+00 
       124 -5.312494934E-03 -5.312497728E-03  6.562000141E-03  1.508231977E+00 
       125 -5.437495187E-03 -5.437497981E-03  6.562000141E-03  1.542897666E+00 
       126 -5.562494975E-03 -5.562497769E-03  6.562000141E-03  1.440798818E+00 
       127 -5.687494762E-03 -5.687497556E-03  6.562000141E-03  1.338980203E+00 
       128 -5.812495016E-03 -5.812497810E-03  6.562000141E-03  1.315662273E+00 
       129 -5.937494803E-03 -5.937497597E-03  6.562000141E-03  1.278083416E+00 
       130 -6.062495057E-03 -6.062497851E-03  6.562000141E-03  1.276960416E+00 
       131 -6.187494844E-03 -6.187497638E-03  6.562000141E-03  1.263624777E+00 
       132 -1.806249470E-02 -1.806249656E-02  6.562000141E-03  5.510923511E+00 
       133 -1.818749495E-02 -1.818749681E-02  6.562000141E-03  5.248371731E+00 
       134 -1.831249520E-02 -1.831249706E-02  6.562000141E-03  5.016743534E+00 
       135 -1.843749546E-02 -1.843749732E-02  6.562000141E-03  4.867452626E+00 
       136 -1.856249571E-02 -1.856249757E-02  6.562000141E-03  4.816839827E+00 
       137 -1.868749596E-02 -1.868749782E-02  6.562000141E-03  4.980055436E+00 
       138 -1.880909875E-02 -1.880910061E-02  6.562000606E-03  5.078808313E+00 
       139 -1.890101843E-02 -1.890101843E-02  6.562000606E-03  5.083992924E+00 
       140 -1.895096339E-02 -1.895096339E-02  6.562000141E-03  5.118842747E+00 
       141 -1.898222044E-02 -1.898222044E-02  6.562000606E-03  5.100629780E+00 
       142 -1.904012822E-02 -1.904012822E-02  6.562000141E-03  5.043289048E+00 
       143 -1.912219450E-02 -1.912219450E-02  6.562000606E-03  5.014631323E+00 
       144 -1.916676387E-02 -1.916676387E-02  6.562000606E-03  5.013398076E+00 
       145 -1.923896931E-02 -1.923896931E-02  6.562000141E-03  4.928575918E+00 
       146 -1.931096986E-02 -1.931096986E-02  6.562000606E-03  4.918805311E+00 
       147 -1.938296854E-02 -1.938296854E-02  6.562000141E-03  4.834604191E+00 
       148 -1.945496909E-02 -1.945496909E-02  6.562000606E-03  4.835258131E+00 
       149 -1.952696964E-02 -1.952696964E-02  6.562000141E-03  4.728376885E+00 
       150 -1.959896833E-02 -1.959896833E-02  6.562000141E-03  4.714366093E+00 
       151 -1.967096888E-02 -1.967096888E-02  6.562000141E-03  4.631899650E+00 
       152 -1.974296942E-02 -1.974296942E-02  6.562000606E-03  4.528226930E+00 
       153 -1.981496811E-02 -1.981496811E-02  6.562000141E-03  4.516762771E+00 
       154 -1.988696866E-02 -1.988696866E-02  6.562000141E-03  4.465093765E+00 
       155 -1.995896921E-02 -1.995896921E-02  6.562000141E-03  4.654814516E+00 
       156 -2.003096789E-02 -2.003096789E-02  6.562000141E-03  4.452953688E+00 
       157 -2.010297030E-02 -2.010297030E-02  6.562000141E-03  4.552391185E+00 
       158 -2.017496899E-02 -2.017496899E-02  6.562000141E-03  4.242707144E+00 
       159 -2.024696954E-02 -2.024696954E-02  6.562000141E-03  4.303619724E+00 
       160 -2.031896822E-02 -2.031896822E-02  6.562000141E-03  4.180284627E+00 
       161 -2.039096877E-02 -2.039096877E-02  6.562000141E-03  4.072694953E+00 
       162 -2.046296932E-02 -2.046296932E-02  6.562000141E-03  3.957972969E+00 
       163 -2.053496987E-02 -2.053496987E-02  6.562000141E-03  3.919287193E+00 
       164 -2.060696855E-02 -2.060696855E-02  6.562000141E-03  3.976222705E+00 
       165 -2.067896910E-02 -2.067896910E-02  6.562000141E-03  3.964880167E+00 
       166 -2.075096965E-02 -2.075096965E-02  6.562000606E-03  3.978650518E+00 
       167 -2.082296833E-02 -2.082296833E-02  6.562000141E-03  3.837781461E+00 
       168 -2.089514025E-02 -2.089514025E-02  6.562000141E-03  3.607850889E+00 
       169 -2.095155232E-02 -2.095155232E-02  6.562000141E-03  3.204609922E+00 
       170 -2.100796066E-02 -2.100796066E-02  6.562000141E-03  2.802312546E+00 
       171 -2.102797665E-02 -2.102797665E-02  6.562000141E-03  2.765009864E+00 
       172 -2.106651478E-02 -2.106651478E-02  6.562000606E-03  2.253910556E+00 
       173 -2.110337466E-02 -2.110337466E-02  6.562000606E-03  1.863993747E+00 
       174 -2.112556621E-02 -2.112556621E-02  6.562000606E-03  1.598838181E+00 
       175 -2.114406601E-02 -2.114406601E-02  6.562000606E-03  1.340602779E+00 
       176 -2.115948685E-02 -2.115948685E-02  6.562000606E-03  1.100939759E+00 
       177 -2.117234282E-02 -2.117234282E-02  6.562000606E-03  8.763072237E-01 
       178 -2.118305862E-02 -2.118305862E-02  6.562000141E-03  6.685338667E-01 
       179 -2.119199000E-02 -2.119199000E-02  6.562000141E-03  4.818667981E-01 
       180 -2.119943500E-02 -2.119943500E-02  6.562000606E-03  3.188424278E-01 
       181 -2.120563947E-02 -2.120563947E-02  6.562000141E-03  1.792379587E-01 
       182 -2.121081017E-02 -2.121081017E-02  6.562000141E-03  6.044166967E-02 
