cellnumber     x-coordinate     y-coordinate     z-coordinate velocity-magnitude 
         1  3.500000015E-02 -2.716504224E-02  6.561999675E-03  3.541155282E+00 
         2  3.500000015E-02 -2.730904333E-02  6.562000141E-03  3.600457063E+00 
         3  3.500000015E-02 -2.745304257E-02  6.562000141E-03  3.895182723E+00 
         4  3.500000015E-02 -2.759704366E-02  6.562000141E-03  4.247515635E+00 
         5  3.500000015E-02 -2.774104290E-02  6.562000141E-03  4.612854348E+00 
         6  3.500000015E-02 -2.788504213E-02  6.562000141E-03  5.026104577E+00 
         7  3.500000015E-02 -2.802904323E-02  6.562000141E-03  5.337613019E+00 
         8  3.500000015E-02 -2.817304246E-02  6.562000141E-03  5.562927272E+00 
         9  3.500000015E-02 -2.831704356E-02  6.562000141E-03  5.747841778E+00 
        10  3.500000015E-02 -2.846104279E-02  6.562000141E-03  5.805860703E+00 
        11  3.500000015E-02 -2.860504203E-02  6.562000141E-03  5.934878225E+00 
        12  3.500000015E-02 -2.874904312E-02  6.562000141E-03  5.991042961E+00 
        13  3.500000015E-02 -2.889304236E-02  6.562000141E-03  6.054598310E+00 
        14  3.500000015E-02 -2.903704345E-02  6.562000141E-03  5.723556538E+00 
        15  3.500000015E-02 -2.918104269E-02  6.562000141E-03  5.209658842E+00 
        16  3.500000015E-02 -2.932504192E-02  6.562000141E-03  4.728122705E+00 
        17  3.500000015E-02 -2.946904302E-02  6.562000141E-03  4.319237142E+00 
        18  3.500000015E-02 -2.961304225E-02  6.562000141E-03  4.146120331E+00 
        19  3.500000015E-02 -2.975704335E-02  6.562000141E-03  3.955544150E+00 
        20  3.500000015E-02 -2.990104258E-02  6.562000141E-03  4.670021006E+00 
        21  3.500000015E-02 -3.004504368E-02  6.562000141E-03  4.816387084E+00 
        22  3.500000015E-02 -3.018904291E-02  6.562000141E-03  4.226820258E+00 
        23  3.500000015E-02 -3.033304214E-02  6.562000141E-03  2.841414230E+00 
        24  3.500000015E-02 -3.047704324E-02  6.562000141E-03  2.304564756E+00 
        25  3.500000015E-02 -3.062104248E-02  6.562000141E-03  2.920609940E+00 
        26  3.500000015E-02 -3.076504357E-02  6.562000141E-03  3.120065676E+00 
        27  3.500000015E-02 -3.090904281E-02  6.562000141E-03  2.905816210E+00 
        28  3.500000015E-02 -3.105304204E-02  6.562000141E-03  2.163241510E+00 
        29  3.500000015E-02 -3.119704314E-02  6.562000141E-03  1.547912135E+00 
        30  3.500000015E-02 -3.134104237E-02  6.561999675E-03  1.128315774E+00 
        31  3.500000015E-02 -3.148504347E-02  6.561999675E-03  1.169038704E+00 
        32  3.500000015E-02 -3.162904084E-02  6.561999675E-03  8.961216019E-01 
        33  3.500000015E-02 -3.177304193E-02  6.561999675E-03  4.659446348E-01 
        34  3.500000015E-02 -3.191704303E-02  6.561999675E-03  4.612883369E-01 
        35  3.500000015E-02 -3.206104040E-02  6.561999675E-03  5.123883904E-01 
        36  3.500000015E-02 -3.219095245E-02  6.562000141E-03  4.271970773E-01 
        37  3.500000015E-02 -3.232943267E-02  6.562000141E-03  1.032728847E+00 
        38  3.500000015E-02 -2.296095528E-02  6.562000141E-03  8.377959516E-02 
        39  3.500000015E-02 -2.296585403E-02  6.562000141E-03  2.375023478E-01 
        40  3.500000015E-02 -2.297452837E-02  6.562000141E-03  4.017517430E-01 
        41  3.499999642E-02 -2.298492752E-02  6.562000141E-03  5.723314237E-01 
        42  3.499999642E-02 -2.299739420E-02  6.562000141E-03  7.440645625E-01 
        43  3.500000015E-02 -2.301233262E-02  6.562000141E-03  9.114877148E-01 
        44  3.500000015E-02 -2.303021587E-02  6.561999675E-03  1.067327844E+00 
        45  3.500000015E-02 -2.305160835E-02  6.562000141E-03  1.204906951E+00 
        46  3.500000015E-02 -2.307719551E-02  6.561999675E-03  1.323598134E+00 
        47  3.500000015E-02 -2.310776524E-02  6.561999675E-03  1.427368864E+00 
        48  3.500000015E-02 -2.314046025E-02  6.562000141E-03  1.518080607E+00 
        49  3.500000015E-02 -2.320699580E-02  6.562000141E-03  1.570186696E+00 
        50  3.500000015E-02 -2.332915738E-02  6.562000141E-03  1.523505047E+00 
        51  3.500000015E-02 -2.344694175E-02  6.562000141E-03  1.566869009E+00 
        52  3.500000015E-02 -2.356504276E-02  6.562000141E-03  1.826678540E+00 
        53  3.500000015E-02 -2.370904200E-02  6.561999675E-03  2.022673950E+00 
        54  3.500000015E-02 -2.385304309E-02  6.561999675E-03  1.972785799E+00 
        55  3.500000015E-02 -2.399704233E-02  6.562000141E-03  2.094644031E+00 
        56  3.500000015E-02 -2.414104342E-02  6.561999675E-03  2.015046610E+00 
        57  3.500000015E-02 -2.428504266E-02  6.561999675E-03  2.236602888E+00 
        58  3.500000015E-02 -2.442904189E-02  6.561999675E-03  2.443735044E+00 
        59  3.500000015E-02 -2.457304299E-02  6.561999675E-03  2.067873546E+00 
        60  3.500000015E-02 -2.471704222E-02  6.561999675E-03  1.955145961E+00 
        61  3.500000015E-02 -2.486104332E-02  6.561999675E-03  1.643363681E+00 
        62  3.500000015E-02 -2.500504255E-02  6.561999675E-03  1.365155001E+00 
        63  3.500000015E-02 -2.514904365E-02  6.561999675E-03  1.032577866E+00 
        64  3.500000015E-02 -2.529304288E-02  6.561999675E-03  6.822296256E-01 
        65  3.500000015E-02 -2.543704212E-02  6.561999675E-03  3.436674649E-01 
        66  3.500000015E-02 -2.558104321E-02  6.561999675E-03  4.015992768E-01 
        67  3.500000015E-02 -2.572504245E-02  6.561999675E-03  6.947111748E-01 
        68  3.500000015E-02 -2.586904354E-02  6.561999675E-03  1.083564188E+00 
        69  3.500000015E-02 -2.601304278E-02  6.561999675E-03  1.400785821E+00 
        70  3.500000015E-02 -2.615704201E-02  6.561999675E-03  1.551839360E+00 
        71  3.500000015E-02 -2.630104311E-02  6.562000141E-03  1.710680958E+00 
        72  3.500000015E-02 -2.644504234E-02  6.562000141E-03  2.007150337E+00 
        73  3.500000015E-02 -2.658904344E-02  6.561999675E-03  2.013502835E+00 
        74  3.500000015E-02 -2.673304267E-02  6.561999675E-03  2.238883801E+00 
        75  3.500000015E-02 -2.687704191E-02  6.561999675E-03  1.918017264E+00 
        76  3.500000015E-02 -2.702104300E-02  6.561999675E-03  2.429715161E+00 
