cellnumber     x-coordinate     y-coordinate     z-coordinate velocity-magnitude 
         1  3.500000015E-02 -2.296083793E-02  6.562000606E-03  2.224000205E-02 
         2  3.500000015E-02 -2.296552435E-02  6.562000141E-03  7.184026196E-02 
         3  3.500000015E-02 -2.297398448E-02  6.562000141E-03  1.375326857E-01 
         4  3.500000015E-02 -2.298411727E-02  6.562000141E-03  2.233306052E-01 
         5  3.499999642E-02 -2.299624868E-02  6.562000141E-03  3.328315616E-01 
         6  3.500000015E-02 -2.301076800E-02  6.561999675E-03  4.674619363E-01 
         7  3.500000015E-02 -2.302591875E-02  6.562000141E-03  6.242081850E-01 
         8  3.500000015E-02 -2.303538844E-02  6.561999675E-03  6.095073354E-01 
         9  3.500000015E-02 -2.304899693E-02  6.562000141E-03  7.860039456E-01 
        10  3.500000015E-02 -2.307398990E-02  6.562000141E-03  9.670057897E-01 
        11  3.500000015E-02 -2.310387976E-02  6.562000141E-03  1.143013009E+00 
        12  3.500000015E-02 -2.314503491E-02  6.562000141E-03  1.306876468E+00 
        13  3.500000015E-02 -2.321541309E-02  6.562000141E-03  1.343363003E+00 
        14  3.500000015E-02 -2.328226902E-02  6.562000141E-03  1.346405020E+00 
        15  3.500000015E-02 -2.333244309E-02  6.562000141E-03  1.352468683E+00 
        16  3.500000015E-02 -2.342809550E-02  6.562000141E-03  1.351510746E+00 
        17  3.500000015E-02 -2.356692590E-02  6.562000141E-03  1.151602310E+00 
        18  3.500000015E-02 -2.371092699E-02  6.562000141E-03  9.829412522E-01 
        19  3.500000015E-02 -2.385492623E-02  6.562000141E-03  9.910502465E-01 
        20  3.500000015E-02 -2.399892546E-02  6.562000141E-03  9.523634253E-01 
        21  3.500000015E-02 -2.414292656E-02  6.562000141E-03  8.583001124E-01 
        22  3.500000015E-02 -2.428692579E-02  6.562000141E-03  6.623694639E-01 
        23  3.500000015E-02 -2.443092689E-02  6.562000141E-03  9.180191267E-01 
        24  3.500000015E-02 -2.457492612E-02  6.562000141E-03  8.679418661E-01 
        25  3.500000015E-02 -2.471892536E-02  6.562000141E-03  7.837481935E-01 
        26  3.500000015E-02 -2.486292645E-02  6.562000141E-03  7.697504331E-01 
        27  3.500000015E-02 -2.500692569E-02  6.562000141E-03  6.589174912E-01 
        28  3.500000015E-02 -2.515092678E-02  6.562000141E-03  3.899420712E-01 
        29  3.500000015E-02 -2.529492602E-02  6.562000141E-03  5.345093649E-01 
        30  3.500000015E-02 -2.543892711E-02  6.562000141E-03  5.930462492E-01 
        31  3.500000015E-02 -2.558292635E-02  6.562000141E-03  9.477564301E-01 
        32  3.500000015E-02 -2.572692558E-02  6.562000141E-03  1.226054992E+00 
        33  3.500000015E-02 -2.587092668E-02  6.562000141E-03  1.084917527E+00 
        34  3.500000015E-02 -2.601492591E-02  6.562000141E-03  8.086518160E-01 
        35  3.500000015E-02 -2.615892701E-02  6.562000141E-03  9.611736979E-01 
        36  3.500000015E-02 -2.630292624E-02  6.562000141E-03  1.564906753E+00 
        37  3.500000015E-02 -2.644692548E-02  6.562000141E-03  1.747604561E+00 
        38  3.500000015E-02 -2.659092657E-02  6.562000141E-03  1.371492373E+00 
        39  3.500000015E-02 -2.673492581E-02  6.562000141E-03  1.220806527E+00 
        40  3.500000015E-02 -2.687892690E-02  6.562000141E-03  1.148087982E+00 
        41  3.500000015E-02 -2.702292614E-02  6.562000141E-03  1.174724615E+00 
        42  3.500000015E-02 -2.716692537E-02  6.562000141E-03  1.178273378E+00 
        43  3.500000015E-02 -2.731092647E-02  6.562000141E-03  1.316080746E+00 
        44  3.500000015E-02 -2.745492570E-02  6.562000141E-03  1.674576112E+00 
        45  3.500000015E-02 -2.759892680E-02  6.562000141E-03  1.970496341E+00 
        46  3.500000015E-02 -2.774292603E-02  6.562000141E-03  2.449030621E+00 
        47  3.500000015E-02 -2.788692713E-02  6.562000141E-03  2.920066488E+00 
        48  3.500000015E-02 -2.803092636E-02  6.562000141E-03  3.395624975E+00 
        49  3.500000015E-02 -2.817492746E-02  6.562000141E-03  3.849810847E+00 
        50  3.500000015E-02 -2.831892669E-02  6.562000141E-03  3.947286200E+00 
        51  3.500000015E-02 -2.846292593E-02  6.562000141E-03  4.187255694E+00 
        52  3.500000015E-02 -3.240469843E-02  6.562000141E-03  5.262738890E-01 
        53  3.500000015E-02 -3.236886114E-02  6.562000141E-03  9.423233439E-01 
        54  3.500000015E-02 -3.229925036E-02  6.562000141E-03  7.093849782E-01 
        55  3.500000015E-02 -3.219755366E-02  6.562000141E-03  1.254545260E+00 
        56  3.500000015E-02 -3.206292540E-02  6.562000141E-03  1.612308636E+00 
        57  3.500000015E-02 -3.191892430E-02  6.562000141E-03  1.877697923E+00 
        58  3.500000015E-02 -3.177492693E-02  6.562000141E-03  2.076570400E+00 
        59  3.500000015E-02 -3.163092583E-02  6.562000141E-03  2.268948106E+00 
        60  3.500000015E-02 -3.148692474E-02  6.562000141E-03  2.529153077E+00 
        61  3.500000015E-02 -3.134292364E-02  6.562000141E-03  3.250212434E+00 
        62  3.500000015E-02 -3.119892627E-02  6.562000141E-03  3.384601751E+00 
        63  3.500000015E-02 -3.105492704E-02  6.562000141E-03  3.367011483E+00 
        64  3.500000015E-02 -3.091092594E-02  6.562000141E-03  2.834327889E+00 
        65  3.500000015E-02 -3.076692671E-02  6.562000141E-03  2.727855577E+00 
        66  3.500000015E-02 -3.062292561E-02  6.562000141E-03  3.091163574E+00 
        67  3.500000015E-02 -3.047892638E-02  6.562000141E-03  3.545834428E+00 
        68  3.500000015E-02 -3.033492528E-02  6.562000141E-03  3.802016480E+00 
        69  3.500000015E-02 -3.019092605E-02  6.562000141E-03  4.186071532E+00 
        70  3.500000015E-02 -3.004692681E-02  6.562000141E-03  4.774278966E+00 
        71  3.500000015E-02 -2.990292571E-02  6.562000141E-03  5.087060283E+00 
        72  3.500000015E-02 -2.975892648E-02  6.562000141E-03  5.029782845E+00 
        73  3.500000015E-02 -2.961492538E-02  6.562000141E-03  4.469923217E+00 
        74  3.500000015E-02 -2.947092615E-02  6.562000141E-03  4.566886423E+00 
        75  3.500000015E-02 -2.932692692E-02  6.562000141E-03  5.311543581E+00 
        76  3.500000015E-02 -2.918292582E-02  6.562000141E-03  6.054850775E+00 
        77  3.500000015E-02 -2.903892659E-02  6.562000141E-03  6.159474771E+00 
        78  3.500000015E-02 -2.889492549E-02  6.562000141E-03  5.714729694E+00 
        79  3.500000015E-02 -2.875092626E-02  6.562000141E-03  5.074874696E+00 
        80  3.500000015E-02 -2.860692702E-02  6.562000141E-03  4.612322497E+00 
