cellnumber     x-coordinate     y-coordinate     z-coordinate velocity-magnitude 
         1  3.500000015E-02 -2.296083793E-02  6.562000606E-03  6.181031903E-02 
         2  3.500000015E-02 -2.296552435E-02  6.562000141E-03  1.223756310E-01 
         3  3.500000015E-02 -2.297398448E-02  6.562000141E-03  1.172375387E-01 
         4  3.500000015E-02 -2.298411727E-02  6.562000141E-03  7.649339510E-02 
         5  3.499999642E-02 -2.299624868E-02  6.562000141E-03  3.213309565E-01 
         6  3.500000015E-02 -2.301076800E-02  6.561999675E-03  7.240137039E-01 
         7  3.500000015E-02 -2.302591875E-02  6.562000141E-03  1.171792103E+00 
         8  3.500000015E-02 -2.303538844E-02  6.561999675E-03  1.070328059E+00 
         9  3.500000015E-02 -2.304899693E-02  6.562000141E-03  1.477572249E+00 
        10  3.500000015E-02 -2.307398990E-02  6.562000141E-03  1.832608388E+00 
        11  3.500000015E-02 -2.310387976E-02  6.562000141E-03  2.193906645E+00 
        12  3.500000015E-02 -2.314503491E-02  6.562000141E-03  2.507687690E+00 
        13  3.500000015E-02 -2.321541309E-02  6.562000141E-03  3.080809355E+00 
        14  3.500000015E-02 -2.328226902E-02  6.562000141E-03  3.165719670E+00 
        15  3.500000015E-02 -2.333244309E-02  6.562000141E-03  3.313982835E+00 
        16  3.500000015E-02 -2.342809550E-02  6.562000141E-03  3.562091969E+00 
        17  3.500000015E-02 -2.356692590E-02  6.562000141E-03  3.815463298E+00 
        18  3.500000015E-02 -2.371092699E-02  6.562000141E-03  4.367677192E+00 
        19  3.500000015E-02 -2.385492623E-02  6.562000141E-03  4.877648709E+00 
        20  3.500000015E-02 -2.399892546E-02  6.562000141E-03  5.033202339E+00 
        21  3.500000015E-02 -2.414292656E-02  6.562000141E-03  5.122771042E+00 
        22  3.500000015E-02 -2.428692579E-02  6.562000141E-03  5.233052425E+00 
        23  3.500000015E-02 -2.443092689E-02  6.562000141E-03  5.225307470E+00 
        24  3.500000015E-02 -2.457492612E-02  6.562000141E-03  5.240710963E+00 
        25  3.500000015E-02 -2.471892536E-02  6.562000141E-03  5.300191881E+00 
        26  3.500000015E-02 -2.486292645E-02  6.562000141E-03  5.207019133E+00 
        27  3.500000015E-02 -2.500692569E-02  6.562000141E-03  5.110577495E+00 
        28  3.500000015E-02 -2.515092678E-02  6.562000141E-03  5.104317128E+00 
        29  3.500000015E-02 -2.529492602E-02  6.562000141E-03  5.141388869E+00 
        30  3.500000015E-02 -2.543892711E-02  6.562000141E-03  5.052647404E+00 
        31  3.500000015E-02 -2.558292635E-02  6.562000141E-03  4.514387894E+00 
        32  3.500000015E-02 -2.572692558E-02  6.562000141E-03  3.889904180E+00 
        33  3.500000015E-02 -2.587092668E-02  6.562000141E-03  3.639847689E+00 
        34  3.500000015E-02 -2.601492591E-02  6.562000141E-03  3.915708662E+00 
        35  3.500000015E-02 -2.615892701E-02  6.562000141E-03  4.298380080E+00 
        36  3.500000015E-02 -2.630292624E-02  6.562000141E-03  4.891708924E+00 
        37  3.500000015E-02 -2.644692548E-02  6.562000141E-03  4.863047176E+00 
        38  3.500000015E-02 -2.659092657E-02  6.562000141E-03  4.497085624E+00 
        39  3.500000015E-02 -2.673492581E-02  6.562000141E-03  3.717458953E+00 
        40  3.500000015E-02 -2.687892690E-02  6.562000141E-03  3.374870650E+00 
        41  3.500000015E-02 -2.702292614E-02  6.562000141E-03  3.715714717E+00 
        42  3.500000015E-02 -2.716692537E-02  6.562000141E-03  4.383320585E+00 
        43  3.500000015E-02 -2.731092647E-02  6.562000141E-03  5.391050533E+00 
        44  3.500000015E-02 -2.745492570E-02  6.562000141E-03  5.554053877E+00 
        45  3.500000015E-02 -2.759892680E-02  6.562000141E-03  5.252383540E+00 
        46  3.500000015E-02 -2.774292603E-02  6.562000141E-03  4.257718343E+00 
        47  3.500000015E-02 -2.788692713E-02  6.562000141E-03  3.471633455E+00 
        48  3.500000015E-02 -2.803092636E-02  6.562000141E-03  3.749559229E+00 
        49  3.500000015E-02 -2.817492746E-02  6.562000141E-03  4.567313704E+00 
        50  3.500000015E-02 -2.831892669E-02  6.562000141E-03  4.763389809E+00 
        51  3.500000015E-02 -2.846292593E-02  6.562000141E-03  4.066797656E+00 
        52  3.500000015E-02 -3.240469843E-02  6.562000141E-03  1.075516080E+00 
        53  3.500000015E-02 -3.236886114E-02  6.562000141E-03  1.182490207E+00 
        54  3.500000015E-02 -3.229925036E-02  6.562000141E-03  1.090750758E+00 
        55  3.500000015E-02 -3.219755366E-02  6.562000141E-03  9.377442525E-01 
        56  3.500000015E-02 -3.206292540E-02  6.562000141E-03  1.080965515E+00 
        57  3.500000015E-02 -3.191892430E-02  6.562000141E-03  1.420259987E+00 
        58  3.500000015E-02 -3.177492693E-02  6.562000141E-03  1.389564199E+00 
        59  3.500000015E-02 -3.163092583E-02  6.562000141E-03  1.284896833E+00 
        60  3.500000015E-02 -3.148692474E-02  6.562000141E-03  1.242802071E+00 
        61  3.500000015E-02 -3.134292364E-02  6.562000141E-03  1.401933810E+00 
        62  3.500000015E-02 -3.119892627E-02  6.562000141E-03  1.628339884E+00 
        63  3.500000015E-02 -3.105492704E-02  6.562000141E-03  1.579733048E+00 
        64  3.500000015E-02 -3.091092594E-02  6.562000141E-03  1.346874158E+00 
        65  3.500000015E-02 -3.076692671E-02  6.562000141E-03  1.154622199E+00 
        66  3.500000015E-02 -3.062292561E-02  6.562000141E-03  9.915322828E-01 
        67  3.500000015E-02 -3.047892638E-02  6.562000141E-03  9.554652541E-01 
        68  3.500000015E-02 -3.033492528E-02  6.562000141E-03  1.013648193E+00 
        69  3.500000015E-02 -3.019092605E-02  6.562000141E-03  1.186102621E+00 
        70  3.500000015E-02 -3.004692681E-02  6.562000141E-03  1.532631068E+00 
        71  3.500000015E-02 -2.990292571E-02  6.562000141E-03  1.923103097E+00 
        72  3.500000015E-02 -2.975892648E-02  6.562000141E-03  1.884812180E+00 
        73  3.500000015E-02 -2.961492538E-02  6.562000141E-03  1.391904263E+00 
        74  3.500000015E-02 -2.947092615E-02  6.562000141E-03  1.274355994E+00 
        75  3.500000015E-02 -2.932692692E-02  6.562000141E-03  1.223407567E+00 
        76  3.500000015E-02 -2.918292582E-02  6.562000141E-03  1.485664870E+00 
        77  3.500000015E-02 -2.903892659E-02  6.562000141E-03  1.998193040E+00 
        78  3.500000015E-02 -2.889492549E-02  6.562000141E-03  2.280354568E+00 
        79  3.500000015E-02 -2.875092626E-02  6.562000141E-03  2.682934113E+00 
        80  3.500000015E-02 -2.860692702E-02  6.562000141E-03  3.050634541E+00 
