cellnumber     x-coordinate     y-coordinate     z-coordinate velocity-magnitude 
         1  3.500000015E-02 -2.296083793E-02  6.562000606E-03  2.753722040E-02 
         2  3.500000015E-02 -2.296552435E-02  6.562000141E-03  8.039297184E-02 
         3  3.500000015E-02 -2.297398448E-02  6.562000141E-03  1.398930796E-01 
         4  3.500000015E-02 -2.298411727E-02  6.562000141E-03  2.050387997E-01 
         5  3.499999642E-02 -2.299624868E-02  6.562000141E-03  2.728825825E-01 
         6  3.500000015E-02 -2.301076800E-02  6.561999675E-03  3.381952485E-01 
         7  3.500000015E-02 -2.302591875E-02  6.562000141E-03  3.926329975E-01 
         8  3.500000015E-02 -2.303538844E-02  6.561999675E-03  3.839889153E-01 
         9  3.500000015E-02 -2.304899693E-02  6.562000141E-03  4.363580230E-01 
        10  3.500000015E-02 -2.307398990E-02  6.562000141E-03  4.733999770E-01 
        11  3.500000015E-02 -2.310387976E-02  6.562000141E-03  4.892507333E-01 
        12  3.500000015E-02 -2.314503491E-02  6.562000141E-03  5.351571831E-01 
        13  3.500000015E-02 -2.321541309E-02  6.562000141E-03  8.559211531E-01 
        14  3.500000015E-02 -2.328226902E-02  6.562000141E-03  8.358967135E-01 
        15  3.500000015E-02 -2.333244309E-02  6.562000141E-03  8.975496503E-01 
        16  3.500000015E-02 -2.342809550E-02  6.562000141E-03  8.727649463E-01 
        17  3.500000015E-02 -2.356692590E-02  6.562000141E-03  7.214966783E-01 
        18  3.500000015E-02 -2.371092699E-02  6.562000141E-03  6.417027605E-01 
        19  3.500000015E-02 -2.385492623E-02  6.562000141E-03  8.981514792E-01 
        20  3.500000015E-02 -2.399892546E-02  6.562000141E-03  1.200068707E+00 
        21  3.500000015E-02 -2.414292656E-02  6.562000141E-03  1.132963785E+00 
        22  3.500000015E-02 -2.428692579E-02  6.562000141E-03  1.087410541E+00 
        23  3.500000015E-02 -2.443092689E-02  6.562000141E-03  1.192120597E+00 
        24  3.500000015E-02 -2.457492612E-02  6.562000141E-03  1.247107748E+00 
        25  3.500000015E-02 -2.471892536E-02  6.562000141E-03  1.416123826E+00 
        26  3.500000015E-02 -2.486292645E-02  6.562000141E-03  1.442682441E+00 
        27  3.500000015E-02 -2.500692569E-02  6.562000141E-03  1.626602041E+00 
        28  3.500000015E-02 -2.515092678E-02  6.562000141E-03  1.547238214E+00 
        29  3.500000015E-02 -2.529492602E-02  6.562000141E-03  1.534566285E+00 
        30  3.500000015E-02 -2.543892711E-02  6.562000141E-03  1.590257343E+00 
        31  3.500000015E-02 -2.558292635E-02  6.562000141E-03  1.594540921E+00 
        32  3.500000015E-02 -2.572692558E-02  6.562000141E-03  1.553592346E+00 
        33  3.500000015E-02 -2.587092668E-02  6.562000141E-03  1.479102081E+00 
        34  3.500000015E-02 -2.601492591E-02  6.562000141E-03  5.685659212E-01 
        35  3.500000015E-02 -2.615892701E-02  6.562000141E-03  9.897275676E-01 
        36  3.500000015E-02 -2.630292624E-02  6.562000141E-03  9.576770981E-01 
        37  3.500000015E-02 -2.644692548E-02  6.562000141E-03  1.561151208E+00 
        38  3.500000015E-02 -2.659092657E-02  6.562000141E-03  1.827299945E+00 
        39  3.500000015E-02 -2.673492581E-02  6.562000141E-03  2.907167106E+00 
        40  3.500000015E-02 -2.687892690E-02  6.562000141E-03  3.322114828E+00 
        41  3.500000015E-02 -2.702292614E-02  6.562000141E-03  2.678487567E+00 
        42  3.500000015E-02 -2.716692537E-02  6.562000141E-03  2.412388438E+00 
        43  3.500000015E-02 -2.731092647E-02  6.562000141E-03  3.424622722E+00 
        44  3.500000015E-02 -2.745492570E-02  6.562000141E-03  3.349022193E+00 
        45  3.500000015E-02 -2.759892680E-02  6.562000141E-03  3.123732026E+00 
        46  3.500000015E-02 -2.774292603E-02  6.562000141E-03  3.179418179E+00 
        47  3.500000015E-02 -2.788692713E-02  6.562000141E-03  3.467559786E+00 
        48  3.500000015E-02 -2.803092636E-02  6.562000141E-03  3.655633500E+00 
        49  3.500000015E-02 -2.817492746E-02  6.562000141E-03  3.790206753E+00 
        50  3.500000015E-02 -2.831892669E-02  6.562000141E-03  4.055745137E+00 
        51  3.500000015E-02 -2.846292593E-02  6.562000141E-03  4.135902207E+00 
        52  3.500000015E-02 -3.240469843E-02  6.562000141E-03  1.146459362E+00 
        53  3.500000015E-02 -3.236886114E-02  6.562000141E-03  1.159506124E+00 
        54  3.500000015E-02 -3.229925036E-02  6.562000141E-03  1.056544676E+00 
        55  3.500000015E-02 -3.219755366E-02  6.562000141E-03  1.706411987E+00 
        56  3.500000015E-02 -3.206292540E-02  6.562000141E-03  2.006743006E+00 
        57  3.500000015E-02 -3.191892430E-02  6.562000141E-03  2.343080327E+00 
        58  3.500000015E-02 -3.177492693E-02  6.562000141E-03  2.834724240E+00 
        59  3.500000015E-02 -3.163092583E-02  6.562000141E-03  2.923509302E+00 
        60  3.500000015E-02 -3.148692474E-02  6.562000141E-03  2.970937187E+00 
        61  3.500000015E-02 -3.134292364E-02  6.562000141E-03  2.638080329E+00 
        62  3.500000015E-02 -3.119892627E-02  6.562000141E-03  1.966137135E+00 
        63  3.500000015E-02 -3.105492704E-02  6.562000141E-03  1.591413000E+00 
        64  3.500000015E-02 -3.091092594E-02  6.562000141E-03  1.898448246E+00 
        65  3.500000015E-02 -3.076692671E-02  6.562000141E-03  2.169528533E+00 
        66  3.500000015E-02 -3.062292561E-02  6.562000141E-03  3.042255166E+00 
        67  3.500000015E-02 -3.047892638E-02  6.562000141E-03  3.911093741E+00 
        68  3.500000015E-02 -3.033492528E-02  6.562000141E-03  5.464630478E+00 
        69  3.500000015E-02 -3.019092605E-02  6.562000141E-03  5.358704438E+00 
        70  3.500000015E-02 -3.004692681E-02  6.562000141E-03  4.480111441E+00 
        71  3.500000015E-02 -2.990292571E-02  6.562000141E-03  4.124922676E+00 
        72  3.500000015E-02 -2.975892648E-02  6.562000141E-03  4.292922193E+00 
        73  3.500000015E-02 -2.961492538E-02  6.562000141E-03  4.249736113E+00 
        74  3.500000015E-02 -2.947092615E-02  6.562000141E-03  4.248332905E+00 
        75  3.500000015E-02 -2.932692692E-02  6.562000141E-03  4.175739557E+00 
        76  3.500000015E-02 -2.918292582E-02  6.562000141E-03  4.062863634E+00 
        77  3.500000015E-02 -2.903892659E-02  6.562000141E-03  3.997084077E+00 
        78  3.500000015E-02 -2.889492549E-02  6.562000141E-03  3.893340105E+00 
        79  3.500000015E-02 -2.875092626E-02  6.562000141E-03  3.745049800E+00 
        80  3.500000015E-02 -2.860692702E-02  6.562000141E-03  3.750530565E+00 
