cellnumber     x-coordinate     y-coordinate     z-coordinate velocity-magnitude 
         1  3.500000015E-02 -2.296095341E-02  6.562000141E-03  1.369072117E-02 
         2  3.500000015E-02 -2.296585403E-02  6.562000141E-03  3.764824376E-02 
         3  3.500000015E-02 -2.297452837E-02  6.562000141E-03  7.090874831E-02 
         4  3.500000015E-02 -2.298492938E-02  6.562000141E-03  1.194079265E-01 
         5  3.500000015E-02 -2.299739420E-02  6.562000141E-03  1.922681117E-01 
         6  3.500000015E-02 -2.301233262E-02  6.562000141E-03  2.985122680E-01 
         7  3.500000015E-02 -2.303021587E-02  6.561999675E-03  4.428359831E-01 
         8  3.500000015E-02 -2.305160835E-02  6.562000141E-03  6.227367571E-01 
         9  3.500000015E-02 -2.307719551E-02  6.561999675E-03  8.332075846E-01 
        10  3.500000015E-02 -2.310776524E-02  6.561999675E-03  1.074096527E+00 
        11  3.500000015E-02 -2.314046212E-02  6.562000141E-03  1.392338294E+00 
        12  3.500000015E-02 -2.320699580E-02  6.562000141E-03  1.508952714E+00 
        13  3.500000015E-02 -2.332915738E-02  6.562000141E-03  1.530324179E+00 
        14  3.500000015E-02 -2.344694175E-02  6.562000141E-03  1.507199740E+00 
        15  3.500000015E-02 -2.356504276E-02  6.562000141E-03  1.380810122E+00 
        16  3.500000015E-02 -2.370904200E-02  6.562000141E-03  1.344309577E+00 
        17  3.500000015E-02 -2.385304309E-02  6.561999675E-03  1.312579057E+00 
        18  3.500000015E-02 -2.399704233E-02  6.561999675E-03  1.192481786E+00 
        19  3.500000015E-02 -2.414104342E-02  6.561999675E-03  1.115068625E+00 
        20  3.500000015E-02 -2.428504266E-02  6.561999675E-03  1.009764777E+00 
        21  3.500000015E-02 -2.442904189E-02  6.561999675E-03  1.689011603E+00 
        22  3.500000015E-02 -2.457304299E-02  6.561999675E-03  1.908984275E+00 
        23  3.500000015E-02 -2.471704222E-02  6.562000141E-03  2.005874409E+00 
        24  3.500000015E-02 -2.486104332E-02  6.561999675E-03  2.034899776E+00 
        25  3.500000015E-02 -2.500504255E-02  6.561999675E-03  1.998199175E+00 
        26  3.500000015E-02 -2.514904365E-02  6.561999675E-03  1.707721313E+00 
        27  3.500000015E-02 -2.529304288E-02  6.562000141E-03  2.030393483E+00 
        28  3.500000015E-02 -2.543704212E-02  6.561999675E-03  2.779504069E+00 
        29  3.500000015E-02 -2.558104321E-02  6.561999675E-03  3.508060224E+00 
        30  3.500000015E-02 -2.572504245E-02  6.562000141E-03  3.683979673E+00 
        31  3.500000015E-02 -2.586904354E-02  6.561999675E-03  3.802856069E+00 
        32  3.500000015E-02 -2.601304278E-02  6.562000141E-03  4.150409336E+00 
        33  3.500000015E-02 -2.615704201E-02  6.561999675E-03  4.450589690E+00 
        34  3.500000015E-02 -2.630104311E-02  6.562000141E-03  4.558225841E+00 
        35  3.500000015E-02 -2.644504234E-02  6.561999675E-03  4.485708927E+00 
        36  3.500000015E-02 -2.658904344E-02  6.562000141E-03  4.761825233E+00 
        37  3.500000015E-02 -2.673304267E-02  6.561999675E-03  4.909121003E+00 
        38  3.500000015E-02 -2.687704191E-02  6.561999675E-03  5.093739478E+00 
        39  3.500000015E-02 -2.702104300E-02  6.561999675E-03  5.322186342E+00 
        40  3.500000015E-02 -2.716504224E-02  6.561999675E-03  5.432365412E+00 
        41  3.500000015E-02 -2.730904333E-02  6.561999675E-03  5.403864634E+00 
        42  3.500000015E-02 -2.745304257E-02  6.561999675E-03  5.245990642E+00 
        43  3.500000015E-02 -2.759704180E-02  6.562000141E-03  5.212748020E+00 
        44  3.500000015E-02 -2.774104290E-02  6.561999675E-03  5.100551360E+00 
        45  3.500000015E-02 -2.788504213E-02  6.561999675E-03  4.799229855E+00 
        46  3.500000015E-02 -2.802904323E-02  6.561999675E-03  4.090918268E+00 
        47  3.500000015E-02 -2.817304246E-02  6.561999675E-03  3.786864994E+00 
        48  3.500000015E-02 -2.831704356E-02  6.561999675E-03  3.760708614E+00 
        49  3.500000015E-02 -2.846104279E-02  6.561999675E-03  3.546781729E+00 
        50  3.500000015E-02 -2.860504203E-02  6.562000141E-03  3.155345948E+00 
        51  3.500000015E-02 -2.874904312E-02  6.562000141E-03  2.780998695E+00 
        52  3.500000015E-02 -2.889304236E-02  6.562000141E-03  2.676592137E+00 
        53  3.500000015E-02 -2.903704345E-02  6.562000141E-03  2.365264453E+00 
        54  3.500000015E-02 -2.918104269E-02  6.562000141E-03  1.985946006E+00 
        55  3.500000015E-02 -2.932504192E-02  6.562000141E-03  2.210364673E+00 
        56  3.500000015E-02 -2.946904302E-02  6.562000141E-03  2.670942216E+00 
        57  3.500000015E-02 -2.961304225E-02  6.562000141E-03  2.932355660E+00 
        58  3.500000015E-02 -2.975704335E-02  6.561999675E-03  2.576084332E+00 
        59  3.500000015E-02 -2.990104258E-02  6.561999675E-03  2.541988125E+00 
        60  3.500000015E-02 -3.004504368E-02  6.562000141E-03  2.843707661E+00 
        61  3.500000015E-02 -3.018904291E-02  6.562000141E-03  2.698680139E+00 
        62  3.500000015E-02 -3.033304214E-02  6.562000141E-03  2.479334171E+00 
        63  3.500000015E-02 -3.047704324E-02  6.562000141E-03  2.350217163E+00 
        64  3.500000015E-02 -3.062104248E-02  6.561999675E-03  2.081991212E+00 
        65  3.500000015E-02 -3.076504357E-02  6.562000141E-03  1.944119979E+00 
        66  3.500000015E-02 -3.090904281E-02  6.562000141E-03  2.037181278E+00 
        67  3.500000015E-02 -3.105304204E-02  6.562000141E-03  1.967225221E+00 
        68  3.500000015E-02 -3.119704314E-02  6.562000141E-03  1.657235627E+00 
        69  3.500000015E-02 -3.134104237E-02  6.562000141E-03  1.350030089E+00 
        70  3.500000015E-02 -3.148504347E-02  6.562000141E-03  1.914899891E+00 
        71  3.500000015E-02 -3.162904084E-02  6.562000141E-03  1.972988745E+00 
        72  3.500000015E-02 -3.177304193E-02  6.561999675E-03  1.271067839E+00 
        73  3.500000015E-02 -3.191704303E-02  6.562000141E-03  8.158774281E-01 
        74  3.500000015E-02 -3.206104040E-02  6.562000141E-03  7.141803211E-01 
        75  3.500000015E-02 -3.219095245E-02  6.562000141E-03  5.817148325E-01 
        76  3.500000015E-02 -3.232943267E-02  6.562000141E-03  6.405061740E-01 
