cellnumber     x-coordinate     y-coordinate     z-coordinate velocity-magnitude 
         1  3.500000015E-02 -2.296083793E-02  6.562000606E-03  1.126983410E-01 
         2  3.500000015E-02 -2.296552435E-02  6.562000141E-03  3.430236588E-01 
         3  3.500000015E-02 -2.297398448E-02  6.562000141E-03  6.117411677E-01 
         4  3.500000015E-02 -2.298411727E-02  6.562000141E-03  8.993869171E-01 
         5  3.499999642E-02 -2.299624868E-02  6.562000141E-03  1.155641877E+00 
         6  3.500000015E-02 -2.301076800E-02  6.561999675E-03  1.307065286E+00 
         7  3.500000015E-02 -2.302591875E-02  6.562000141E-03  1.346395701E+00 
         8  3.500000015E-02 -2.303538844E-02  6.561999675E-03  1.318739551E+00 
         9  3.500000015E-02 -2.304899693E-02  6.562000141E-03  1.431436779E+00 
        10  3.500000015E-02 -2.307398990E-02  6.562000141E-03  1.426764332E+00 
        11  3.500000015E-02 -2.310387976E-02  6.562000141E-03  1.396779676E+00 
        12  3.500000015E-02 -2.314503491E-02  6.562000141E-03  1.219891955E+00 
        13  3.500000015E-02 -2.321541309E-02  6.562000141E-03  1.196647981E+00 
        14  3.500000015E-02 -2.328226902E-02  6.562000141E-03  1.206590564E+00 
        15  3.500000015E-02 -2.333244309E-02  6.562000141E-03  8.457001740E-01 
        16  3.500000015E-02 -2.342809550E-02  6.562000141E-03  6.394449781E-01 
        17  3.500000015E-02 -2.356692590E-02  6.562000141E-03  9.276795069E-01 
        18  3.500000015E-02 -2.371092699E-02  6.562000141E-03  1.037540189E+00 
        19  3.500000015E-02 -2.385492623E-02  6.562000141E-03  1.054853538E+00 
        20  3.500000015E-02 -2.399892546E-02  6.562000141E-03  1.239285547E+00 
        21  3.500000015E-02 -2.414292656E-02  6.562000141E-03  1.424238850E+00 
        22  3.500000015E-02 -2.428692579E-02  6.562000141E-03  1.728062245E+00 
        23  3.500000015E-02 -2.443092689E-02  6.562000141E-03  2.031379459E+00 
        24  3.500000015E-02 -2.457492612E-02  6.562000141E-03  2.318837065E+00 
        25  3.500000015E-02 -2.471892536E-02  6.562000141E-03  2.623232776E+00 
        26  3.500000015E-02 -2.486292645E-02  6.562000141E-03  2.898140396E+00 
        27  3.500000015E-02 -2.500692569E-02  6.562000141E-03  3.391120873E+00 
        28  3.500000015E-02 -2.515092678E-02  6.562000141E-03  3.818008907E+00 
        29  3.500000015E-02 -2.529492602E-02  6.562000141E-03  3.659467443E+00 
        30  3.500000015E-02 -2.543892711E-02  6.562000141E-03  3.443690513E+00 
        31  3.500000015E-02 -2.558292635E-02  6.562000141E-03  3.250446319E+00 
        32  3.500000015E-02 -2.572692558E-02  6.562000141E-03  2.677754227E+00 
        33  3.500000015E-02 -2.587092668E-02  6.562000141E-03  2.530345236E+00 
        34  3.500000015E-02 -2.601492591E-02  6.562000141E-03  2.705544931E+00 
        35  3.500000015E-02 -2.615892701E-02  6.562000141E-03  3.379942410E+00 
        36  3.500000015E-02 -2.630292624E-02  6.562000141E-03  3.183800492E+00 
        37  3.500000015E-02 -2.644692548E-02  6.562000141E-03  2.338606268E+00 
        38  3.500000015E-02 -2.659092657E-02  6.562000141E-03  3.051280809E+00 
        39  3.500000015E-02 -2.673492581E-02  6.562000141E-03  4.001437080E+00 
        40  3.500000015E-02 -2.687892690E-02  6.562000141E-03  4.303685700E+00 
        41  3.500000015E-02 -2.702292614E-02  6.562000141E-03  4.210349023E+00 
        42  3.500000015E-02 -2.716692537E-02  6.562000141E-03  4.233960687E+00 
        43  3.500000015E-02 -2.731092647E-02  6.562000141E-03  4.957604345E+00 
        44  3.500000015E-02 -2.745492570E-02  6.562000141E-03  5.405702007E+00 
        45  3.500000015E-02 -2.759892680E-02  6.562000141E-03  5.490543608E+00 
        46  3.500000015E-02 -2.774292603E-02  6.562000141E-03  5.484009495E+00 
        47  3.500000015E-02 -2.788692713E-02  6.562000141E-03  5.337462304E+00 
        48  3.500000015E-02 -2.803092636E-02  6.562000141E-03  5.193972642E+00 
        49  3.500000015E-02 -2.817492746E-02  6.562000141E-03  5.041856526E+00 
        50  3.500000015E-02 -2.831892669E-02  6.562000141E-03  5.050487624E+00 
        51  3.500000015E-02 -2.846292593E-02  6.562000141E-03  5.228357311E+00 
        52  3.500000015E-02 -3.240469843E-02  6.562000141E-03  1.106589164E+00 
        53  3.500000015E-02 -3.236886114E-02  6.562000141E-03  1.140654860E+00 
        54  3.500000015E-02 -3.229925036E-02  6.562000141E-03  1.151220823E+00 
        55  3.500000015E-02 -3.219755366E-02  6.562000141E-03  1.128191217E+00 
        56  3.500000015E-02 -3.206292540E-02  6.562000141E-03  1.328343388E+00 
        57  3.500000015E-02 -3.191892430E-02  6.562000141E-03  1.440291133E+00 
        58  3.500000015E-02 -3.177492693E-02  6.562000141E-03  1.555366224E+00 
        59  3.500000015E-02 -3.163092583E-02  6.562000141E-03  1.564493024E+00 
        60  3.500000015E-02 -3.148692474E-02  6.562000141E-03  1.442553073E+00 
        61  3.500000015E-02 -3.134292364E-02  6.562000141E-03  1.445831845E+00 
        62  3.500000015E-02 -3.119892627E-02  6.562000141E-03  1.612394464E+00 
        63  3.500000015E-02 -3.105492704E-02  6.562000141E-03  1.741216013E+00 
        64  3.500000015E-02 -3.091092594E-02  6.562000141E-03  1.716430725E+00 
        65  3.500000015E-02 -3.076692671E-02  6.562000141E-03  1.565855203E+00 
        66  3.500000015E-02 -3.062292561E-02  6.562000141E-03  1.616149306E+00 
        67  3.500000015E-02 -3.047892638E-02  6.562000141E-03  1.929819392E+00 
        68  3.500000015E-02 -3.033492528E-02  6.562000141E-03  1.808715725E+00 
        69  3.500000015E-02 -3.019092605E-02  6.562000141E-03  1.646494872E+00 
        70  3.500000015E-02 -3.004692681E-02  6.562000141E-03  1.668553897E+00 
        71  3.500000015E-02 -2.990292571E-02  6.562000141E-03  2.312300291E+00 
        72  3.500000015E-02 -2.975892648E-02  6.562000141E-03  3.377345238E+00 
        73  3.500000015E-02 -2.961492538E-02  6.562000141E-03  4.197503270E+00 
        74  3.500000015E-02 -2.947092615E-02  6.562000141E-03  4.662415663E+00 
        75  3.500000015E-02 -2.932692692E-02  6.562000141E-03  5.280302740E+00 
        76  3.500000015E-02 -2.918292582E-02  6.562000141E-03  5.349976761E+00 
        77  3.500000015E-02 -2.903892659E-02  6.562000141E-03  5.395298668E+00 
        78  3.500000015E-02 -2.889492549E-02  6.562000141E-03  5.501881321E+00 
        79  3.500000015E-02 -2.875092626E-02  6.562000141E-03  5.542206615E+00 
        80  3.500000015E-02 -2.860692702E-02  6.562000141E-03  5.458235370E+00 
