cellnumber     x-coordinate     y-coordinate     z-coordinate velocity-magnitude 
         1  3.500000015E-02 -2.296083793E-02  6.562000606E-03  2.853799862E-02 
         2  3.500000015E-02 -2.296552435E-02  6.562000141E-03  8.236585617E-02 
         3  3.500000015E-02 -2.297398448E-02  6.562000141E-03  1.427669040E-01 
         4  3.500000015E-02 -2.298411727E-02  6.562000141E-03  2.108486461E-01 
         5  3.499999642E-02 -2.299624868E-02  6.562000141E-03  2.884794031E-01 
         6  3.500000015E-02 -2.301076800E-02  6.561999675E-03  3.797559074E-01 
         7  3.500000015E-02 -2.302591875E-02  6.562000141E-03  4.871667250E-01 
         8  3.500000015E-02 -2.303538844E-02  6.561999675E-03  6.683359229E-01 
         9  3.500000015E-02 -2.304899693E-02  6.562000141E-03  8.096650891E-01 
        10  3.500000015E-02 -2.307398990E-02  6.562000141E-03  9.297551774E-01 
        11  3.500000015E-02 -2.310387976E-02  6.562000141E-03  1.014416220E+00 
        12  3.500000015E-02 -2.314503491E-02  6.562000141E-03  1.122842795E+00 
        13  3.500000015E-02 -2.321541309E-02  6.562000141E-03  1.120899820E+00 
        14  3.500000015E-02 -2.328226902E-02  6.562000141E-03  1.245970440E+00 
        15  3.500000015E-02 -2.333244309E-02  6.562000141E-03  1.187442482E+00 
        16  3.500000015E-02 -2.342809550E-02  6.562000141E-03  1.253606674E+00 
        17  3.500000015E-02 -2.356692590E-02  6.562000141E-03  1.207529911E+00 
        18  3.500000015E-02 -2.371092699E-02  6.562000141E-03  1.052367120E+00 
        19  3.500000015E-02 -2.385492623E-02  6.562000141E-03  9.002425009E-01 
        20  3.500000015E-02 -2.399892546E-02  6.562000141E-03  7.243228090E-01 
        21  3.500000015E-02 -2.414292656E-02  6.562000141E-03  4.484110783E-01 
        22  3.500000015E-02 -2.428692579E-02  6.562000141E-03  3.332469679E-01 
        23  3.500000015E-02 -2.443092689E-02  6.562000141E-03  3.401309451E-01 
        24  3.500000015E-02 -2.457492612E-02  6.562000141E-03  7.432265689E-01 
        25  3.500000015E-02 -2.471892536E-02  6.562000141E-03  8.666058073E-01 
        26  3.500000015E-02 -2.486292645E-02  6.562000141E-03  8.123804714E-01 
        27  3.500000015E-02 -2.500692569E-02  6.562000141E-03  8.791187132E-01 
        28  3.500000015E-02 -2.515092678E-02  6.562000141E-03  8.843543810E-01 
        29  3.500000015E-02 -2.529492602E-02  6.562000141E-03  1.148858193E+00 
        30  3.500000015E-02 -2.543892711E-02  6.562000141E-03  1.577199959E+00 
        31  3.500000015E-02 -2.558292635E-02  6.562000141E-03  1.866229955E+00 
        32  3.500000015E-02 -2.572692558E-02  6.562000141E-03  2.110636657E+00 
        33  3.500000015E-02 -2.587092668E-02  6.562000141E-03  2.080543644E+00 
        34  3.500000015E-02 -2.601492591E-02  6.562000141E-03  2.417565022E+00 
        35  3.500000015E-02 -2.615892701E-02  6.562000141E-03  3.326004708E+00 
        36  3.500000015E-02 -2.630292624E-02  6.562000141E-03  4.142899596E+00 
        37  3.500000015E-02 -2.644692548E-02  6.562000141E-03  4.495688212E+00 
        38  3.500000015E-02 -2.659092657E-02  6.562000141E-03  4.463445414E+00 
        39  3.500000015E-02 -2.673492581E-02  6.562000141E-03  4.260524165E+00 
        40  3.500000015E-02 -2.687892690E-02  6.562000141E-03  3.839011955E+00 
        41  3.500000015E-02 -2.702292614E-02  6.562000141E-03  3.299216818E+00 
        42  3.500000015E-02 -2.716692537E-02  6.562000141E-03  2.658468041E+00 
        43  3.500000015E-02 -2.731092647E-02  6.562000141E-03  2.040000844E+00 
        44  3.500000015E-02 -2.745492570E-02  6.562000141E-03  1.768473543E+00 
        45  3.500000015E-02 -2.759892680E-02  6.562000141E-03  1.815962197E+00 
        46  3.500000015E-02 -2.774292603E-02  6.562000141E-03  2.322580115E+00 
        47  3.500000015E-02 -2.788692713E-02  6.562000141E-03  2.586030778E+00 
        48  3.500000015E-02 -2.803092636E-02  6.562000141E-03  2.524626960E+00 
        49  3.500000015E-02 -2.817492746E-02  6.562000141E-03  2.166688536E+00 
        50  3.500000015E-02 -2.831892669E-02  6.562000141E-03  2.122734641E+00 
        51  3.500000015E-02 -2.846292593E-02  6.562000141E-03  2.389975967E+00 
        52  3.500000015E-02 -3.240469843E-02  6.562000141E-03  1.300653375E+00 
        53  3.500000015E-02 -3.236886114E-02  6.562000141E-03  1.012673892E+00 
        54  3.500000015E-02 -3.229925036E-02  6.562000141E-03  1.140534563E+00 
        55  3.500000015E-02 -3.219755366E-02  6.562000141E-03  1.541989661E+00 
        56  3.500000015E-02 -3.206292540E-02  6.562000141E-03  1.719784535E+00 
        57  3.500000015E-02 -3.191892430E-02  6.562000141E-03  2.118163715E+00 
        58  3.500000015E-02 -3.177492693E-02  6.562000141E-03  2.593833623E+00 
        59  3.500000015E-02 -3.163092583E-02  6.562000141E-03  3.102739946E+00 
        60  3.500000015E-02 -3.148692474E-02  6.562000141E-03  3.490294978E+00 
        61  3.500000015E-02 -3.134292364E-02  6.562000141E-03  3.436991367E+00 
        62  3.500000015E-02 -3.119892627E-02  6.562000141E-03  2.685070278E+00 
        63  3.500000015E-02 -3.105492704E-02  6.562000141E-03  1.735330677E+00 
        64  3.500000015E-02 -3.091092594E-02  6.562000141E-03  1.790568683E+00 
        65  3.500000015E-02 -3.076692671E-02  6.562000141E-03  2.540584129E+00 
        66  3.500000015E-02 -3.062292561E-02  6.562000141E-03  3.438524648E+00 
        67  3.500000015E-02 -3.047892638E-02  6.562000141E-03  3.354640197E+00 
        68  3.500000015E-02 -3.033492528E-02  6.562000141E-03  2.452939577E+00 
        69  3.500000015E-02 -3.019092605E-02  6.562000141E-03  1.969527839E+00 
        70  3.500000015E-02 -3.004692681E-02  6.562000141E-03  1.581101257E+00 
        71  3.500000015E-02 -2.990292571E-02  6.562000141E-03  1.184570640E+00 
        72  3.500000015E-02 -2.975892648E-02  6.562000141E-03  1.436554500E+00 
        73  3.500000015E-02 -2.961492538E-02  6.562000141E-03  1.588746169E+00 
        74  3.500000015E-02 -2.947092615E-02  6.562000141E-03  1.707208471E+00 
        75  3.500000015E-02 -2.932692692E-02  6.562000141E-03  1.904946613E+00 
        76  3.500000015E-02 -2.918292582E-02  6.562000141E-03  2.247806766E+00 
        77  3.500000015E-02 -2.903892659E-02  6.562000141E-03  1.831521557E+00 
        78  3.500000015E-02 -2.889492549E-02  6.562000141E-03  2.306023444E+00 
        79  3.500000015E-02 -2.875092626E-02  6.562000141E-03  3.008949210E+00 
        80  3.500000015E-02 -2.860692702E-02  6.562000141E-03  2.821460426E+00 
