cellnumber     x-coordinate     y-coordinate     z-coordinate velocity-magnitude 
         1  3.500000015E-02 -2.296095528E-02  6.562000141E-03  1.418644599E-02 
         2  3.500000015E-02 -2.296585403E-02  6.562000141E-03  4.063867620E-02 
         3  3.500000015E-02 -2.297452837E-02  6.562000141E-03  7.945613139E-02 
         4  3.499999642E-02 -2.298492752E-02  6.562000141E-03  1.389475334E-01 
         5  3.499999642E-02 -2.299739420E-02  6.562000141E-03  2.214487781E-01 
         6  3.500000015E-02 -2.301233448E-02  6.562000141E-03  3.215068992E-01 
         7  3.500000015E-02 -2.303021587E-02  6.562000141E-03  4.277710559E-01 
         8  3.500000015E-02 -2.305160835E-02  6.562000141E-03  5.264093266E-01 
         9  3.500000015E-02 -2.307719551E-02  6.562000141E-03  6.041957487E-01 
        10  3.500000015E-02 -2.310776524E-02  6.562000141E-03  6.977553672E-01 
        11  3.500000015E-02 -2.314046025E-02  6.562000141E-03  8.775438372E-01 
        12  3.500000015E-02 -2.320699580E-02  6.562000141E-03  8.497422166E-01 
        13  3.500000015E-02 -2.332915738E-02  6.562000141E-03  1.339890205E+00 
        14  3.500000015E-02 -2.344694175E-02  6.562000141E-03  1.214018850E+00 
        15  3.500000015E-02 -2.356504276E-02  6.562000141E-03  1.306812662E+00 
        16  3.500000015E-02 -2.370904200E-02  6.562000141E-03  1.260249548E+00 
        17  3.500000015E-02 -2.385304309E-02  6.561999675E-03  1.133721739E+00 
        18  3.500000015E-02 -2.399704233E-02  6.561999675E-03  1.002296262E+00 
        19  3.500000015E-02 -2.414104342E-02  6.561999675E-03  1.162274252E+00 
        20  3.500000015E-02 -2.428504266E-02  6.561999675E-03  1.820181594E+00 
        21  3.500000015E-02 -2.442904189E-02  6.561999675E-03  2.251067733E+00 
        22  3.500000015E-02 -2.457304299E-02  6.561999675E-03  2.687171038E+00 
        23  3.500000015E-02 -2.702104300E-02  6.561999675E-03  4.867276666E+00 
        24  3.500000015E-02 -2.687704191E-02  6.561999675E-03  4.870653685E+00 
        25  3.500000015E-02 -2.673304267E-02  6.561999675E-03  4.729542207E+00 
        26  3.500000015E-02 -2.658904344E-02  6.561999675E-03  4.608127038E+00 
        27  3.500000015E-02 -2.644504234E-02  6.561999675E-03  4.675219212E+00 
        28  3.500000015E-02 -2.630104311E-02  6.561999675E-03  4.702608694E+00 
        29  3.500000015E-02 -2.615704201E-02  6.561999675E-03  4.658084029E+00 
        30  3.500000015E-02 -2.601304278E-02  6.561999675E-03  4.689565988E+00 
        31  3.500000015E-02 -2.586904354E-02  6.561999675E-03  4.771661252E+00 
        32  3.500000015E-02 -2.572504245E-02  6.561999675E-03  4.734228839E+00 
        33  3.500000015E-02 -2.558104321E-02  6.561999675E-03  4.828052187E+00 
        34  3.500000015E-02 -2.543704212E-02  6.561999675E-03  4.665554954E+00 
        35  3.500000015E-02 -2.529304288E-02  6.561999675E-03  4.180329342E+00 
        36  3.500000015E-02 -2.514904365E-02  6.561999675E-03  3.838015986E+00 
        37  3.500000015E-02 -2.500504255E-02  6.561999675E-03  3.936965578E+00 
        38  3.500000015E-02 -2.486104332E-02  6.561999675E-03  3.886276195E+00 
        39  3.500000015E-02 -2.471704222E-02  6.561999675E-03  3.281125457E+00 
        40  3.500000015E-02 -2.716504224E-02  6.561999675E-03  4.940956159E+00 
        41  3.500000015E-02 -2.730904333E-02  6.562000141E-03  5.170782541E+00 
        42  3.500000015E-02 -2.745304257E-02  6.561999675E-03  5.515252750E+00 
        43  3.500000015E-02 -2.759704180E-02  6.561999675E-03  5.520604997E+00 
        44  3.500000015E-02 -2.774104290E-02  6.561999675E-03  5.238932968E+00 
        45  3.500000015E-02 -2.788504213E-02  6.561999675E-03  4.959571837E+00 
        46  3.500000015E-02 -2.802904323E-02  6.561999675E-03  4.994369805E+00 
        47  3.500000015E-02 -2.817304246E-02  6.561999675E-03  5.230906735E+00 
        48  3.500000015E-02 -2.831704356E-02  6.561999675E-03  5.273125186E+00 
        49  3.500000015E-02 -2.846104279E-02  6.561999675E-03  5.138234248E+00 
        50  3.500000015E-02 -2.860504203E-02  6.561999675E-03  4.290456600E+00 
        51  3.500000015E-02 -2.874904312E-02  6.561999675E-03  3.949876520E+00 
        52  3.500000015E-02 -2.889304236E-02  6.561999675E-03  4.429936024E+00 
        53  3.500000015E-02 -2.903704345E-02  6.561999675E-03  5.048791381E+00 
        54  3.500000015E-02 -2.918104269E-02  6.562000141E-03  5.248761419E+00 
        55  3.500000015E-02 -2.932504192E-02  6.561999675E-03  4.795103117E+00 
        56  3.500000015E-02 -3.232943267E-02  6.562000141E-03  1.608043113E+00 
        57  3.500000015E-02 -3.219095245E-02  6.562000141E-03  1.579716665E+00 
        58  3.500000015E-02 -3.206104040E-02  6.561999675E-03  1.613830191E+00 
        59  3.500000015E-02 -3.191704303E-02  6.561999675E-03  1.607226183E+00 
        60  3.500000015E-02 -3.177304193E-02  6.561999675E-03  1.449468043E+00 
        61  3.500000015E-02 -3.162904084E-02  6.562000141E-03  1.297636993E+00 
        62  3.500000015E-02 -3.148504347E-02  6.561999675E-03  6.406681222E-01 
        63  3.500000015E-02 -3.134104237E-02  6.561999675E-03  8.009818022E-01 
        64  3.500000015E-02 -3.119704314E-02  6.561999675E-03  1.175327433E+00 
        65  3.500000015E-02 -3.105304204E-02  6.561999675E-03  1.644048365E+00 
        66  3.500000015E-02 -3.090904281E-02  6.561999675E-03  1.726680033E+00 
        67  3.500000015E-02 -3.076504171E-02  6.561999675E-03  1.651587775E+00 
        68  3.500000015E-02 -3.062104248E-02  6.561999675E-03  1.603486504E+00 
        69  3.500000015E-02 -3.047704324E-02  6.561999675E-03  1.738844610E+00 
        70  3.500000015E-02 -3.033304214E-02  6.561999675E-03  1.715405344E+00 
        71  3.500000015E-02 -3.018904291E-02  6.561999675E-03  1.940380043E+00 
        72  3.500000015E-02 -3.004504181E-02  6.561999675E-03  2.564223585E+00 
        73  3.500000015E-02 -2.990104258E-02  6.561999675E-03  3.324520214E+00 
        74  3.500000015E-02 -2.975704335E-02  6.561999675E-03  3.956945767E+00 
        75  3.500000015E-02 -2.961304225E-02  6.561999675E-03  4.216990638E+00 
        76  3.500000015E-02 -2.946904302E-02  6.561999675E-03  4.594150349E+00 
