cellnumber     x-coordinate     y-coordinate     z-coordinate velocity-magnitude 
         1  3.500000015E-02 -2.296083793E-02  6.562000606E-03  1.801772258E-02 
         2  3.500000015E-02 -2.296552435E-02  6.562000141E-03  5.513626495E-02 
         3  3.500000015E-02 -2.297398448E-02  6.562000141E-03  1.005433209E-01 
         4  3.500000015E-02 -2.298411727E-02  6.562000141E-03  1.553336534E-01 
         5  3.499999642E-02 -2.299624868E-02  6.562000141E-03  2.198309143E-01 
         6  3.500000015E-02 -2.301076800E-02  6.561999675E-03  2.932327022E-01 
         7  3.500000015E-02 -2.302591875E-02  6.562000141E-03  3.716969853E-01 
         8  3.500000015E-02 -2.303538844E-02  6.561999675E-03  3.552995145E-01 
         9  3.500000015E-02 -2.304899693E-02  6.562000141E-03  4.329220362E-01 
        10  3.500000015E-02 -2.307398990E-02  6.562000141E-03  5.050306334E-01 
        11  3.500000015E-02 -2.310387976E-02  6.562000141E-03  5.707028455E-01 
        12  3.500000015E-02 -2.314503491E-02  6.562000141E-03  6.304422657E-01 
        13  3.500000015E-02 -2.321541309E-02  6.562000141E-03  6.287104222E-01 
        14  3.500000015E-02 -2.328226902E-02  6.562000141E-03  5.814052659E-01 
        15  3.500000015E-02 -2.333244309E-02  6.562000141E-03  7.108845896E-01 
        16  3.500000015E-02 -2.342809550E-02  6.562000141E-03  5.916441529E-01 
        17  3.500000015E-02 -2.356692590E-02  6.562000141E-03  5.650419766E-01 
        18  3.500000015E-02 -2.371092699E-02  6.562000141E-03  4.855934629E-01 
        19  3.500000015E-02 -2.385492623E-02  6.562000141E-03  1.181985162E+00 
        20  3.500000015E-02 -2.399892546E-02  6.562000141E-03  1.290856318E+00 
        21  3.500000015E-02 -2.414292656E-02  6.562000141E-03  1.058235448E+00 
        22  3.500000015E-02 -2.428692579E-02  6.562000141E-03  9.842801483E-01 
        23  3.500000015E-02 -2.443092689E-02  6.562000141E-03  6.547734530E-01 
        24  3.500000015E-02 -2.457492612E-02  6.562000141E-03  3.494072164E-01 
        25  3.500000015E-02 -2.471892536E-02  6.562000141E-03  1.805663234E-01 
        26  3.500000015E-02 -2.486292645E-02  6.562000141E-03  4.452257996E-01 
        27  3.500000015E-02 -2.500692569E-02  6.562000141E-03  1.537165908E+00 
        28  3.500000015E-02 -2.515092678E-02  6.562000141E-03  2.153538788E+00 
        29  3.500000015E-02 -2.529492602E-02  6.562000141E-03  2.116294136E+00 
        30  3.500000015E-02 -2.543892711E-02  6.562000141E-03  1.780825595E+00 
        31  3.500000015E-02 -2.558292635E-02  6.562000141E-03  1.776158144E+00 
        32  3.500000015E-02 -2.572692558E-02  6.562000141E-03  1.615719917E+00 
        33  3.500000015E-02 -2.587092668E-02  6.562000141E-03  1.552286571E+00 
        34  3.500000015E-02 -2.601492591E-02  6.562000141E-03  1.390759621E+00 
        35  3.500000015E-02 -2.615892701E-02  6.562000141E-03  1.439636456E+00 
        36  3.500000015E-02 -2.630292624E-02  6.562000141E-03  1.712780360E+00 
        37  3.500000015E-02 -2.644692548E-02  6.562000141E-03  2.181202823E+00 
        38  3.500000015E-02 -2.659092657E-02  6.562000141E-03  2.228559026E+00 
        39  3.500000015E-02 -2.673492581E-02  6.562000141E-03  2.294457160E+00 
        40  3.500000015E-02 -2.687892690E-02  6.562000141E-03  2.467120410E+00 
        41  3.500000015E-02 -2.702292614E-02  6.562000141E-03  2.123786822E+00 
        42  3.500000015E-02 -2.716692537E-02  6.562000141E-03  2.268013053E+00 
        43  3.500000015E-02 -2.731092647E-02  6.562000141E-03  2.219991663E+00 
        44  3.500000015E-02 -2.745492570E-02  6.562000141E-03  2.153020559E+00 
        45  3.500000015E-02 -2.759892680E-02  6.562000141E-03  3.023438513E+00 
        46  3.500000015E-02 -2.774292603E-02  6.562000141E-03  3.446481042E+00 
        47  3.500000015E-02 -2.788692713E-02  6.562000141E-03  3.682107875E+00 
        48  3.500000015E-02 -2.803092636E-02  6.562000141E-03  4.142325289E+00 
        49  3.500000015E-02 -2.817492746E-02  6.562000141E-03  4.394143367E+00 
        50  3.500000015E-02 -2.831892669E-02  6.562000141E-03  4.564392155E+00 
        51  3.500000015E-02 -2.846292593E-02  6.562000141E-03  4.891222425E+00 
        52  3.500000015E-02 -3.240469843E-02  6.562000141E-03  3.463331819E-01 
        53  3.500000015E-02 -3.236886114E-02  6.562000141E-03  5.236194068E-01 
        54  3.500000015E-02 -3.229925036E-02  6.562000141E-03  5.652420905E-01 
        55  3.500000015E-02 -3.219755366E-02  6.562000141E-03  4.842781783E-01 
        56  3.500000015E-02 -3.206292540E-02  6.562000141E-03  5.472266405E-01 
        57  3.500000015E-02 -3.191892430E-02  6.562000141E-03  8.136675089E-01 
        58  3.500000015E-02 -3.177492693E-02  6.562000141E-03  1.265115561E+00 
        59  3.500000015E-02 -3.163092583E-02  6.562000141E-03  1.729762968E+00 
        60  3.500000015E-02 -3.148692474E-02  6.562000141E-03  1.653113081E+00 
        61  3.500000015E-02 -3.134292364E-02  6.562000141E-03  1.233055313E+00 
        62  3.500000015E-02 -3.119892627E-02  6.562000141E-03  1.097245227E+00 
        63  3.500000015E-02 -3.105492704E-02  6.562000141E-03  6.319849368E-01 
        64  3.500000015E-02 -3.091092594E-02  6.562000141E-03  1.852015884E+00 
        65  3.500000015E-02 -3.076692671E-02  6.562000141E-03  1.776068769E+00 
        66  3.500000015E-02 -3.062292561E-02  6.562000141E-03  1.697137720E+00 
        67  3.500000015E-02 -3.047892638E-02  6.562000141E-03  2.156492704E+00 
        68  3.500000015E-02 -3.033492528E-02  6.562000141E-03  1.930916992E+00 
        69  3.500000015E-02 -3.019092605E-02  6.562000141E-03  1.836551565E+00 
        70  3.500000015E-02 -3.004692681E-02  6.562000141E-03  2.138419186E+00 
        71  3.500000015E-02 -2.990292571E-02  6.562000141E-03  1.959012527E+00 
        72  3.500000015E-02 -2.975892648E-02  6.562000141E-03  1.787665643E+00 
        73  3.500000015E-02 -2.961492538E-02  6.562000141E-03  1.989217083E+00 
        74  3.500000015E-02 -2.947092615E-02  6.562000141E-03  1.884681888E+00 
        75  3.500000015E-02 -2.932692692E-02  6.562000141E-03  2.152271927E+00 
        76  3.500000015E-02 -2.918292582E-02  6.562000141E-03  3.250773582E+00 
        77  3.500000015E-02 -2.903892659E-02  6.562000141E-03  4.563466029E+00 
        78  3.500000015E-02 -2.889492549E-02  6.562000141E-03  5.200078755E+00 
        79  3.500000015E-02 -2.875092626E-02  6.562000141E-03  5.401162570E+00 
        80  3.500000015E-02 -2.860692702E-02  6.562000141E-03  5.184428300E+00 
