cellnumber     x-coordinate     y-coordinate     z-coordinate velocity-magnitude 
         1  3.500000015E-02 -2.903704345E-02  6.561999675E-03  5.888624559E+00 
         2  3.500000015E-02 -2.918104269E-02  6.561999675E-03  5.111068536E+00 
         3  3.500000015E-02 -2.932504192E-02  6.561999675E-03  4.325635108E+00 
         4  3.500000015E-02 -2.946904302E-02  6.561999675E-03  4.414888149E+00 
         5  3.500000015E-02 -2.961304225E-02  6.561999675E-03  4.788996122E+00 
         6  3.500000015E-02 -2.975704335E-02  6.561999675E-03  6.265424661E+00 
         7  3.500000015E-02 -2.990104258E-02  6.561999675E-03  7.608364303E+00 
         8  3.500000015E-02 -3.004504181E-02  6.561999675E-03  6.313327295E+00 
         9  3.500000015E-02 -3.018904291E-02  6.561999675E-03  4.528352298E+00 
        10  3.500000015E-02 -3.033304214E-02  6.561999675E-03  3.032938915E+00 
        11  3.500000015E-02 -3.047704324E-02  6.561999675E-03  2.101481517E+00 
        12  3.500000015E-02 -3.062104248E-02  6.561999675E-03  2.386842719E+00 
        13  3.500000015E-02 -3.076504171E-02  6.561999675E-03  2.683803430E+00 
        14  3.500000015E-02 -3.090904281E-02  6.561999675E-03  2.095350205E+00 
        15  3.500000015E-02 -3.105304204E-02  6.561999675E-03  1.691709673E+00 
        16  3.500000015E-02 -3.119704314E-02  6.561999675E-03  1.439917059E+00 
        17  3.500000015E-02 -3.134104237E-02  6.561999675E-03  2.661417152E+00 
        18  3.500000015E-02 -3.148504347E-02  6.561999675E-03  3.081882706E+00 
        19  3.500000015E-02 -3.162904084E-02  6.562000141E-03  3.082469742E+00 
        20  3.500000015E-02 -3.177304193E-02  6.561999675E-03  2.540974034E+00 
        21  3.500000015E-02 -3.191704303E-02  6.561999675E-03  2.470801791E+00 
        22  3.500000015E-02 -3.206104040E-02  6.561999675E-03  2.461779366E+00 
        23  3.500000015E-02 -3.219095245E-02  6.562000141E-03  2.312001347E+00 
        24  3.500000015E-02 -3.232943267E-02  6.562000141E-03  2.045643861E+00 
        25  3.500000015E-02 -2.296095528E-02  6.562000141E-03  2.607411987E-02 
        26  3.500000015E-02 -2.296585217E-02  6.562000141E-03  7.526194439E-02 
        27  3.500000015E-02 -2.297452837E-02  6.562000141E-03  1.300028787E-01 
        28  3.500000015E-02 -2.298492938E-02  6.562000141E-03  1.900960332E-01 
        29  3.500000015E-02 -2.299739420E-02  6.562000141E-03  2.551452054E-01 
        30  3.500000015E-02 -2.301233262E-02  6.562000141E-03  3.247456230E-01 
        31  3.500000015E-02 -2.303021587E-02  6.561999675E-03  3.969898166E-01 
        32  3.500000015E-02 -2.305160835E-02  6.562000141E-03  4.696641053E-01 
        33  3.500000015E-02 -2.307719551E-02  6.561999675E-03  5.300594649E-01 
        34  3.500000015E-02 -2.310776524E-02  6.561999675E-03  5.659925116E-01 
        35  3.500000015E-02 -2.314046025E-02  6.562000141E-03  5.517232684E-01 
        36  3.500000015E-02 -2.320699580E-02  6.562000141E-03  5.719244006E-01 
        37  3.500000015E-02 -2.332915738E-02  6.562000141E-03  3.067344206E-01 
        38  3.500000015E-02 -2.344694175E-02  6.562000141E-03  5.728199643E-01 
        39  3.500000015E-02 -2.356504276E-02  6.562000141E-03  6.042768362E-01 
        40  3.500000015E-02 -2.370904200E-02  6.562000141E-03  4.679447171E-01 
        41  3.500000015E-02 -2.385304309E-02  6.561999675E-03  5.083245770E-01 
        42  3.500000015E-02 -2.399704233E-02  6.562000141E-03  5.707385735E-01 
        43  3.500000015E-02 -2.414104342E-02  6.561999675E-03  5.527883458E-01 
        44  3.500000015E-02 -2.428504266E-02  6.561999675E-03  5.516445584E-01 
        45  3.500000015E-02 -2.442904189E-02  6.561999675E-03  7.821124350E-01 
        46  3.500000015E-02 -2.457304299E-02  6.561999675E-03  1.058334677E+00 
        47  3.500000015E-02 -2.471704222E-02  6.561999675E-03  1.363492244E+00 
        48  3.500000015E-02 -2.889304236E-02  6.561999675E-03  6.144591135E+00 
        49  3.500000015E-02 -2.874904312E-02  6.561999675E-03  6.168533038E+00 
        50  3.500000015E-02 -2.860504203E-02  6.561999675E-03  6.042473176E+00 
        51  3.500000015E-02 -2.846104279E-02  6.561999675E-03  5.813368567E+00 
        52  3.500000015E-02 -2.831704356E-02  6.561999675E-03  5.737278362E+00 
        53  3.500000015E-02 -2.817304246E-02  6.561999675E-03  5.814055516E+00 
        54  3.500000015E-02 -2.802904323E-02  6.561999675E-03  5.741906439E+00 
        55  3.500000015E-02 -2.788504213E-02  6.561999675E-03  5.564380880E+00 
        56  3.500000015E-02 -2.774104290E-02  6.561999675E-03  5.572674152E+00 
        57  3.500000015E-02 -2.759704180E-02  6.561999675E-03  5.575519257E+00 
        58  3.500000015E-02 -2.745304257E-02  6.561999675E-03  5.280647580E+00 
        59  3.500000015E-02 -2.730904333E-02  6.561999675E-03  4.868134257E+00 
        60  3.500000015E-02 -2.716504224E-02  6.561999675E-03  4.646926359E+00 
        61  3.500000015E-02 -2.702104300E-02  6.561999675E-03  4.567695013E+00 
        62  3.500000015E-02 -2.687704191E-02  6.561999675E-03  4.411678918E+00 
        63  3.500000015E-02 -2.673304267E-02  6.561999675E-03  4.329585883E+00 
        64  3.500000015E-02 -2.658904344E-02  6.561999675E-03  4.276795477E+00 
        65  3.500000015E-02 -2.644504234E-02  6.561999675E-03  4.311681983E+00 
        66  3.500000015E-02 -2.630104311E-02  6.561999675E-03  4.445885132E+00 
        67  3.500000015E-02 -2.615704201E-02  6.561999675E-03  4.606446936E+00 
        68  3.500000015E-02 -2.601304278E-02  6.561999675E-03  4.447348421E+00 
        69  3.500000015E-02 -2.586904354E-02  6.561999675E-03  3.751682244E+00 
        70  3.500000015E-02 -2.572504245E-02  6.561999675E-03  3.232480643E+00 
        71  3.500000015E-02 -2.558104321E-02  6.561999675E-03  2.917378484E+00 
        72  3.500000015E-02 -2.543704212E-02  6.561999675E-03  2.320804837E+00 
        73  3.500000015E-02 -2.529304288E-02  6.561999675E-03  1.659155209E+00 
        74  3.500000015E-02 -2.514904365E-02  6.561999675E-03  1.055460370E+00 
        75  3.500000015E-02 -2.500504255E-02  6.561999675E-03  1.066880761E+00 
        76  3.500000015E-02 -2.486104332E-02  6.561999675E-03  1.345553766E+00 
