cellnumber     x-coordinate     y-coordinate     z-coordinate velocity-magnitude 
         1  3.500000015E-02 -2.500504255E-02  6.561999675E-03  1.777851322E+00 
         2  3.500000015E-02 -2.486104332E-02  6.562000141E-03  1.553156370E+00 
         3  3.500000015E-02 -2.471704222E-02  6.561999675E-03  1.834522613E+00 
         4  3.500000015E-02 -2.457304299E-02  6.561999675E-03  2.467275346E+00 
         5  3.500000015E-02 -2.442904189E-02  6.561999675E-03  2.634461365E+00 
         6  3.500000015E-02 -2.428504266E-02  6.561999675E-03  2.600486696E+00 
         7  3.500000015E-02 -2.414104342E-02  6.562000141E-03  2.450457188E+00 
         8  3.500000015E-02 -2.399704233E-02  6.561999675E-03  2.306756542E+00 
         9  3.500000015E-02 -2.385304309E-02  6.561999675E-03  1.966540389E+00 
        10  3.500000015E-02 -2.370904200E-02  6.562000141E-03  1.783573586E+00 
        11  3.500000015E-02 -2.356504276E-02  6.562000141E-03  1.906763829E+00 
        12  3.500000015E-02 -2.344694175E-02  6.562000141E-03  2.151841949E+00 
        13  3.500000015E-02 -2.332915738E-02  6.562000141E-03  2.111826516E+00 
        14  3.500000015E-02 -2.320699580E-02  6.562000141E-03  2.217566300E+00 
        15  3.500000015E-02 -2.314046025E-02  6.562000141E-03  2.364408242E+00 
        16  3.500000015E-02 -2.310776524E-02  6.561999675E-03  2.269374683E+00 
        17  3.500000015E-02 -2.307719551E-02  6.561999675E-03  2.158623780E+00 
        18  3.500000015E-02 -2.305160835E-02  6.562000141E-03  2.033239500E+00 
        19  3.500000015E-02 -2.303021587E-02  6.561999675E-03  1.929153194E+00 
        20  3.500000015E-02 -2.301233262E-02  6.562000141E-03  1.799916049E+00 
        21  3.500000015E-02 -2.299739607E-02  6.562000606E-03  1.603002065E+00 
        22  3.500000015E-02 -2.298492938E-02  6.562000141E-03  1.318016231E+00 
        23  3.500000015E-02 -2.297453023E-02  6.561999675E-03  9.680909536E-01 
        24  3.500000015E-02 -2.296585217E-02  6.562000141E-03  5.898143222E-01 
        25  3.500000015E-02 -2.296095528E-02  6.562000141E-03  2.124021288E-01 
        26  3.500000015E-02 -3.076504357E-02  6.561999675E-03  1.429758651E+00 
        27  3.500000015E-02 -3.062104248E-02  6.561999675E-03  1.546431322E+00 
        28  3.500000015E-02 -3.047704324E-02  6.562000141E-03  1.710016616E+00 
        29  3.500000015E-02 -3.033304214E-02  6.561999675E-03  2.707621867E+00 
        30  3.500000015E-02 -3.018904291E-02  6.561999675E-03  3.867611257E+00 
        31  3.500000015E-02 -3.004504181E-02  6.561999675E-03  3.707695285E+00 
        32  3.500000015E-02 -2.990104258E-02  6.561999675E-03  4.034339268E+00 
        33  3.500000015E-02 -2.975704335E-02  6.561999675E-03  4.363949434E+00 
        34  3.500000015E-02 -2.961304225E-02  6.562000141E-03  4.856200898E+00 
        35  3.500000015E-02 -2.946904302E-02  6.561999675E-03  5.075087780E+00 
        36  3.500000015E-02 -2.932504192E-02  6.561999675E-03  5.176098383E+00 
        37  3.500000015E-02 -2.918104269E-02  6.562000141E-03  5.441173643E+00 
        38  3.500000015E-02 -2.903704345E-02  6.562000141E-03  5.542751047E+00 
        39  3.500000015E-02 -2.889304236E-02  6.562000141E-03  5.619686565E+00 
        40  3.500000015E-02 -2.874904312E-02  6.562000141E-03  5.659413498E+00 
        41  3.500000015E-02 -2.860504203E-02  6.561999675E-03  5.625512999E+00 
        42  3.500000015E-02 -2.846104279E-02  6.561999675E-03  5.587978356E+00 
        43  3.500000015E-02 -2.831704356E-02  6.562000141E-03  5.510521678E+00 
        44  3.500000015E-02 -2.817304246E-02  6.562000141E-03  5.404387745E+00 
        45  3.500000015E-02 -2.802904323E-02  6.562000141E-03  5.339525242E+00 
        46  3.500000015E-02 -2.788504213E-02  6.562000141E-03  5.431017739E+00 
        47  3.500000015E-02 -2.774104290E-02  6.562000141E-03  5.398460839E+00 
        48  3.500000015E-02 -2.759704366E-02  6.562000141E-03  5.340070716E+00 
        49  3.500000015E-02 -2.745304257E-02  6.562000141E-03  5.337797825E+00 
        50  3.500000015E-02 -2.730904333E-02  6.562000141E-03  5.263406654E+00 
        51  3.500000015E-02 -2.716504224E-02  6.562000141E-03  5.218159930E+00 
        52  3.500000015E-02 -2.702104300E-02  6.562000141E-03  5.273749362E+00 
        53  3.500000015E-02 -2.687704191E-02  6.562000141E-03  5.241221977E+00 
        54  3.500000015E-02 -2.673304267E-02  6.562000141E-03  5.188132586E+00 
        55  3.500000015E-02 -2.658904344E-02  6.562000141E-03  5.383619889E+00 
        56  3.500000015E-02 -2.644504234E-02  6.562000141E-03  5.272497992E+00 
        57  3.500000015E-02 -2.630104311E-02  6.562000141E-03  4.645766319E+00 
        58  3.500000015E-02 -2.615704201E-02  6.562000141E-03  4.345991063E+00 
        59  3.500000015E-02 -2.601304278E-02  6.562000141E-03  4.211962306E+00 
        60  3.500000015E-02 -2.586904354E-02  6.562000141E-03  3.998880651E+00 
        61  3.500000015E-02 -2.572504245E-02  6.562000141E-03  3.472815123E+00 
        62  3.500000015E-02 -2.558104321E-02  6.562000141E-03  2.128868499E+00 
        63  3.500000015E-02 -2.543704212E-02  6.562000141E-03  1.281468740E+00 
        64  3.500000015E-02 -2.529304288E-02  6.562000141E-03  1.559771393E+00 
        65  3.500000015E-02 -2.514904365E-02  6.561999675E-03  1.467222385E+00 
        66  3.500000015E-02 -3.090904281E-02  6.561999675E-03  1.298447254E+00 
        67  3.500000015E-02 -3.105304204E-02  6.561999675E-03  1.332338672E+00 
        68  3.500000015E-02 -3.119704314E-02  6.561999675E-03  1.327500089E+00 
        69  3.500000015E-02 -3.134104237E-02  6.561999675E-03  1.411829830E+00 
        70  3.500000015E-02 -3.148504347E-02  6.561999675E-03  1.410404147E+00 
        71  3.500000015E-02 -3.162904084E-02  6.561999675E-03  1.310567854E+00 
        72  3.500000015E-02 -3.177304193E-02  6.561999675E-03  1.014662244E+00 
        73  3.500000015E-02 -3.191704303E-02  6.561999675E-03  8.520130940E-01 
        74  3.500000015E-02 -3.206104040E-02  6.561999675E-03  7.510416937E-01 
        75  3.500000015E-02 -3.219095245E-02  6.562000141E-03  7.232065719E-01 
        76  3.500000015E-02 -3.232943267E-02  6.562000141E-03  6.338307836E-01 
