cellnumber     x-coordinate     y-coordinate     z-coordinate velocity-magnitude 
         1  3.500000015E-02 -3.232943267E-02  6.562000141E-03  1.022472860E+00 
         2  3.500000015E-02 -3.219095245E-02  6.562000141E-03  6.850748456E-01 
         3  3.500000015E-02 -3.206104040E-02  6.561999675E-03  7.333170771E-01 
         4  3.500000015E-02 -3.191704303E-02  6.561999675E-03  7.114262876E-01 
         5  3.500000015E-02 -3.177304193E-02  6.561999675E-03  5.911386885E-01 
         6  3.500000015E-02 -3.162904084E-02  6.561999675E-03  8.827247380E-01 
         7  3.500000015E-02 -3.148504347E-02  6.561999675E-03  1.349219141E+00 
         8  3.500000015E-02 -3.134104237E-02  6.561999675E-03  2.001852433E+00 
         9  3.500000015E-02 -3.119704314E-02  6.562000141E-03  2.386856447E+00 
        10  3.500000015E-02 -3.105304204E-02  6.562000141E-03  2.307383749E+00 
        11  3.500000015E-02 -3.090904281E-02  6.562000141E-03  2.034642340E+00 
        12  3.500000015E-02 -3.076504357E-02  6.562000141E-03  1.946875402E+00 
        13  3.500000015E-02 -3.062104248E-02  6.562000141E-03  1.997931087E+00 
        14  3.500000015E-02 -3.047704324E-02  6.562000141E-03  2.574499766E+00 
        15  3.500000015E-02 -3.033304214E-02  6.562000141E-03  3.450338895E+00 
        16  3.500000015E-02 -3.018904291E-02  6.562000141E-03  2.840934366E+00 
        17  3.500000015E-02 -3.004504368E-02  6.562000141E-03  3.534975672E+00 
        18  3.500000015E-02 -2.990104258E-02  6.562000141E-03  3.565942360E+00 
        19  3.500000015E-02 -2.975704335E-02  6.562000141E-03  3.719873958E+00 
        20  3.500000015E-02 -2.961304225E-02  6.561999675E-03  3.940441687E+00 
        21  3.500000015E-02 -2.946904302E-02  6.561999675E-03  4.216939043E+00 
        22  3.500000015E-02 -2.932504192E-02  6.561999675E-03  4.671494360E+00 
        23  3.500000015E-02 -2.918104269E-02  6.561999675E-03  5.087507664E+00 
        24  3.500000015E-02 -2.903704345E-02  6.561999675E-03  5.382619703E+00 
        25  3.500000015E-02 -2.889304236E-02  6.561999675E-03  5.511496133E+00 
        26  3.500000015E-02 -2.874904312E-02  6.561999675E-03  5.554070127E+00 
        27  3.500000015E-02 -2.860504203E-02  6.561999675E-03  5.673061065E+00 
        28  3.500000015E-02 -2.428504266E-02  6.561999675E-03  1.167599156E+00 
        29  3.500000015E-02 -2.442904189E-02  6.561999675E-03  1.096374962E+00 
        30  3.500000015E-02 -2.457304299E-02  6.561999675E-03  1.037670292E+00 
        31  3.500000015E-02 -2.471704222E-02  6.561999675E-03  1.021775510E+00 
        32  3.500000015E-02 -2.486104332E-02  6.561999675E-03  1.019379218E+00 
        33  3.500000015E-02 -2.500504255E-02  6.562000141E-03  1.206955287E+00 
        34  3.500000015E-02 -2.514904365E-02  6.562000141E-03  1.675120435E+00 
        35  3.500000015E-02 -2.529304288E-02  6.561999675E-03  1.951669695E+00 
        36  3.500000015E-02 -2.543704212E-02  6.561999675E-03  1.984213337E+00 
        37  3.500000015E-02 -2.558104321E-02  6.561999675E-03  2.074778527E+00 
        38  3.500000015E-02 -2.572504245E-02  6.561999675E-03  2.056068325E+00 
        39  3.500000015E-02 -2.586904354E-02  6.561999675E-03  2.060802516E+00 
        40  3.500000015E-02 -2.601304278E-02  6.561999675E-03  1.922330655E+00 
        41  3.500000015E-02 -2.615704201E-02  6.561999675E-03  1.766306796E+00 
        42  3.500000015E-02 -2.630104311E-02  6.561999675E-03  2.088581965E+00 
        43  3.500000015E-02 -2.644504234E-02  6.561999675E-03  2.459850432E+00 
        44  3.500000015E-02 -2.658904344E-02  6.561999675E-03  2.634031541E+00 
        45  3.500000015E-02 -2.673304267E-02  6.561999675E-03  2.517668505E+00 
        46  3.500000015E-02 -2.687704191E-02  6.561999675E-03  2.908285666E+00 
        47  3.500000015E-02 -2.702104300E-02  6.561999675E-03  3.041988581E+00 
        48  3.500000015E-02 -2.716504224E-02  6.561999675E-03  3.188125951E+00 
        49  3.500000015E-02 -2.730904333E-02  6.561999675E-03  5.231616290E+00 
        50  3.500000015E-02 -2.745304257E-02  6.561999675E-03  6.186243311E+00 
        51  3.500000015E-02 -2.759704180E-02  6.561999675E-03  6.076128779E+00 
        52  3.500000015E-02 -2.774104290E-02  6.561999675E-03  5.952387090E+00 
        53  3.500000015E-02 -2.788504213E-02  6.561999675E-03  5.927319065E+00 
        54  3.500000015E-02 -2.802904323E-02  6.561999675E-03  5.888234563E+00 
        55  3.500000015E-02 -2.817304246E-02  6.561999675E-03  5.858140666E+00 
        56  3.500000015E-02 -2.831704356E-02  6.562000141E-03  5.740020148E+00 
        57  3.500000015E-02 -2.846104279E-02  6.562000141E-03  5.665986443E+00 
        58  3.500000015E-02 -2.296095528E-02  6.562000141E-03  4.367276301E-02 
        59  3.500000015E-02 -2.296585403E-02  6.562000141E-03  1.239113610E-01 
        60  3.500000015E-02 -2.297452837E-02  6.562000141E-03  2.094531169E-01 
        61  3.499999642E-02 -2.298492752E-02  6.562000141E-03  2.965967467E-01 
        62  3.499999642E-02 -2.299739420E-02  6.562000141E-03  3.800967750E-01 
        63  3.500000015E-02 -2.301233448E-02  6.562000606E-03  4.540474872E-01 
        64  3.500000015E-02 -2.303021587E-02  6.562000141E-03  5.103917186E-01 
        65  3.500000015E-02 -2.305160835E-02  6.562000141E-03  5.495397454E-01 
        66  3.500000015E-02 -2.307719551E-02  6.561999675E-03  5.798770476E-01 
        67  3.500000015E-02 -2.310776524E-02  6.561999675E-03  6.329763555E-01 
        68  3.500000015E-02 -2.314046212E-02  6.562000141E-03  7.626340424E-01 
        69  3.500000015E-02 -2.320699580E-02  6.562000141E-03  9.314990873E-01 
        70  3.500000015E-02 -2.332915738E-02  6.562000141E-03  1.134659117E+00 
        71  3.500000015E-02 -2.344694175E-02  6.562000141E-03  1.369708782E+00 
        72  3.500000015E-02 -2.356504276E-02  6.562000141E-03  1.430117480E+00 
        73  3.500000015E-02 -2.370904200E-02  6.562000141E-03  1.439915760E+00 
        74  3.500000015E-02 -2.385304309E-02  6.562000141E-03  1.442285955E+00 
        75  3.500000015E-02 -2.399704233E-02  6.562000141E-03  1.425249023E+00 
        76  3.500000015E-02 -2.414104342E-02  6.561999675E-03  1.350092700E+00 
