cellnumber     x-coordinate     y-coordinate     z-coordinate velocity-magnitude 
         1  3.500000015E-02 -2.745304257E-02  6.561999675E-03  5.843063412E+00 
         2  3.500000015E-02 -2.730904333E-02  6.561999675E-03  5.688539543E+00 
         3  3.500000015E-02 -2.716504224E-02  6.561999675E-03  5.405829057E+00 
         4  3.500000015E-02 -2.702104300E-02  6.561999675E-03  4.896628737E+00 
         5  3.500000015E-02 -2.687704191E-02  6.562000141E-03  4.033698371E+00 
         6  3.500000015E-02 -2.673304267E-02  6.562000141E-03  3.678393383E+00 
         7  3.500000015E-02 -2.658904344E-02  6.562000141E-03  4.638350040E+00 
         8  3.500000015E-02 -2.644504234E-02  6.562000141E-03  5.147167038E+00 
         9  3.500000015E-02 -2.630104311E-02  6.561999675E-03  5.258938444E+00 
        10  3.500000015E-02 -2.615704201E-02  6.561999675E-03  4.834200667E+00 
        11  3.500000015E-02 -2.601304278E-02  6.561999675E-03  4.318036434E+00 
        12  3.500000015E-02 -2.586904354E-02  6.561999675E-03  3.780328825E+00 
        13  3.500000015E-02 -2.572504245E-02  6.561999675E-03  2.924229427E+00 
        14  3.500000015E-02 -2.558104321E-02  6.561999675E-03  2.292129999E+00 
        15  3.500000015E-02 -2.543704212E-02  6.561999675E-03  2.254110385E+00 
        16  3.500000015E-02 -2.529304288E-02  6.562000141E-03  2.083287181E+00 
        17  3.500000015E-02 -2.514904365E-02  6.562000141E-03  1.618930671E+00 
        18  3.500000015E-02 -2.500504255E-02  6.561999675E-03  1.259637744E+00 
        19  3.500000015E-02 -2.486104332E-02  6.561999675E-03  1.021966324E+00 
        20  3.500000015E-02 -2.471704222E-02  6.561999675E-03  9.241724111E-01 
        21  3.500000015E-02 -2.457304299E-02  6.562000141E-03  1.185287188E+00 
        22  3.500000015E-02 -2.442904375E-02  6.561999675E-03  1.971649486E+00 
        23  3.500000015E-02 -2.428504266E-02  6.562000141E-03  2.112199298E+00 
        24  3.500000015E-02 -2.414104342E-02  6.562000141E-03  8.986014577E-01 
        25  3.500000015E-02 -2.399704233E-02  6.561999675E-03  2.017617018E-01 
        26  3.500000015E-02 -2.385304309E-02  6.562000141E-03  3.772744382E-01 
        27  3.500000015E-02 -2.370904200E-02  6.561999675E-03  2.956839802E-01 
        28  3.500000015E-02 -2.356504276E-02  6.561999675E-03  7.259638434E-01 
        29  3.500000015E-02 -2.344694175E-02  6.562000141E-03  1.541772100E+00 
        30  3.500000015E-02 -2.332915738E-02  6.562000141E-03  1.850436149E+00 
        31  3.500000015E-02 -2.320699580E-02  6.562000141E-03  1.680207522E+00 
        32  3.500000015E-02 -2.314046025E-02  6.562000141E-03  1.501663639E+00 
        33  3.500000015E-02 -2.310776524E-02  6.561999675E-03  1.173366840E+00 
        34  3.500000015E-02 -2.307719551E-02  6.561999675E-03  9.531922310E-01 
        35  3.500000015E-02 -2.305160835E-02  6.562000141E-03  7.861032624E-01 
        36  3.500000015E-02 -2.303021587E-02  6.561999675E-03  6.470210716E-01 
        37  3.500000015E-02 -2.301233262E-02  6.562000141E-03  5.157043070E-01 
        38  3.499999642E-02 -2.299739420E-02  6.562000141E-03  3.889726147E-01 
        39  3.499999642E-02 -2.298492752E-02  6.562000141E-03  2.735808237E-01 
        40  3.500000015E-02 -2.297452837E-02  6.562000141E-03  1.755396012E-01 
        41  3.500000015E-02 -2.296585403E-02  6.562000141E-03  9.616319602E-02 
        42  3.500000015E-02 -2.296095528E-02  6.562000141E-03  3.246475008E-02 
        43  3.500000015E-02 -3.232943267E-02  6.562000141E-03  1.711437348E+00 
        44  3.500000015E-02 -3.219095245E-02  6.562000141E-03  1.500834291E+00 
        45  3.500000015E-02 -3.206104040E-02  6.562000141E-03  1.293887861E+00 
        46  3.500000015E-02 -3.191704303E-02  6.562000141E-03  1.110675357E+00 
        47  3.500000015E-02 -3.177304193E-02  6.562000141E-03  1.340464861E+00 
        48  3.500000015E-02 -3.162904084E-02  6.562000141E-03  1.899659452E+00 
        49  3.500000015E-02 -3.148504347E-02  6.562000141E-03  1.757274406E+00 
        50  3.500000015E-02 -3.134104237E-02  6.562000141E-03  1.220861818E+00 
        51  3.500000015E-02 -3.119704314E-02  6.562000141E-03  1.102423344E+00 
        52  3.500000015E-02 -3.105304204E-02  6.562000141E-03  1.354785370E+00 
        53  3.500000015E-02 -3.090904281E-02  6.562000141E-03  1.536375733E+00 
        54  3.500000015E-02 -3.076504357E-02  6.561999675E-03  1.501924723E+00 
        55  3.500000015E-02 -3.062104248E-02  6.562000141E-03  1.137862069E+00 
        56  3.500000015E-02 -3.047704324E-02  6.562000141E-03  1.127712897E+00 
        57  3.500000015E-02 -3.033304214E-02  6.562000141E-03  1.751047115E+00 
        58  3.500000015E-02 -3.018904291E-02  6.562000141E-03  1.770468810E+00 
        59  3.500000015E-02 -3.004504368E-02  6.562000141E-03  1.651207933E+00 
        60  3.500000015E-02 -2.990104258E-02  6.561999675E-03  1.719393519E+00 
        61  3.500000015E-02 -2.975704335E-02  6.562000141E-03  2.055382800E+00 
        62  3.500000015E-02 -2.961304225E-02  6.562000141E-03  2.202248902E+00 
        63  3.500000015E-02 -2.946904302E-02  6.562000141E-03  2.295944937E+00 
        64  3.500000015E-02 -2.932504192E-02  6.562000141E-03  3.066976174E+00 
        65  3.500000015E-02 -2.918104269E-02  6.562000141E-03  3.216319502E+00 
        66  3.500000015E-02 -2.903704345E-02  6.562000141E-03  3.328363825E+00 
        67  3.500000015E-02 -2.889304236E-02  6.562000141E-03  3.676418506E+00 
        68  3.500000015E-02 -2.874904312E-02  6.562000141E-03  3.961391714E+00 
        69  3.500000015E-02 -2.860504203E-02  6.562000141E-03  4.363223683E+00 
        70  3.500000015E-02 -2.846104279E-02  6.561999675E-03  4.877194686E+00 
        71  3.500000015E-02 -2.831704356E-02  6.561999675E-03  5.301443833E+00 
        72  3.500000015E-02 -2.817304246E-02  6.561999675E-03  5.475767831E+00 
        73  3.500000015E-02 -2.802904323E-02  6.561999675E-03  5.557558516E+00 
        74  3.500000015E-02 -2.788504213E-02  6.561999675E-03  5.661798513E+00 
        75  3.500000015E-02 -2.774104290E-02  6.561999675E-03  5.797729671E+00 
        76  3.500000015E-02 -2.759704180E-02  6.561999675E-03  5.884007950E+00 
