nodenumber,    x-coordinate,    y-coordinate,    z-coordinate,velocity-magnitude
         1,-2.121299691E-02,-2.121299691E-02, 6.562000606E-03, 0.000000000E+00
         2,-2.118997090E-02,-2.118997090E-02, 6.562000606E-03, 9.194843769E-01
         3,-2.116236091E-02,-2.116236277E-02, 6.562000606E-03, 1.498264432E+00
         4,-2.112926915E-02,-2.112926729E-02, 6.561999675E-03, 1.948861361E+00
         5,-2.108960971E-02,-2.108961158E-02, 6.562000606E-03, 2.322362661E+00
         6,-2.104211412E-02,-2.104211412E-02, 6.562000141E-03, 2.654367924E+00
         7,-2.098527551E-02,-2.098527551E-02, 6.562000606E-03, 2.956840038E+00
         8,-2.090802044E-02,-2.090802044E-02, 6.562000141E-03, 3.249195576E+00
         9,-2.078525163E-02,-2.078525163E-02, 6.562000606E-03, 3.478125095E+00
        10,-2.063383348E-02,-2.063383535E-02, 6.562000606E-03, 3.677178621E+00
        11,-2.057286166E-02,-2.057286352E-02, 6.562001072E-03, 3.735032082E+00
        12,-2.037598193E-02,-2.037598379E-02, 6.562000606E-03, 3.859547138E+00
        13,-2.031686157E-02,-2.031686157E-02, 6.562000606E-03, 3.886698961E+00
        14,-2.013708837E-02,-2.013708837E-02, 6.562000606E-03, 3.958367825E+00
        15,-1.996726356E-02,-1.996726356E-02, 6.562000606E-03, 4.028591156E+00
        16,-1.986923814E-02,-1.986923814E-02, 6.562000606E-03, 4.070804596E+00
        17,-1.979873329E-02,-1.979873329E-02, 6.562001072E-03, 4.127313614E+00
        18,-1.969941705E-02,-1.969941892E-02, 6.562000606E-03, 4.135766983E+00
        19,-1.948936842E-02,-1.948936842E-02, 6.562000141E-03, 4.191360474E+00
        20,-1.920000091E-02,-1.920000091E-02, 6.562000141E-03, 4.249988079E+00
        21,-1.888000034E-02,-1.888000034E-02, 6.562000141E-03, 4.310360909E+00
        22,-1.855999976E-02,-1.855999976E-02, 6.562000141E-03, 4.402814865E+00
        23,-1.823999919E-02,-1.823999919E-02, 6.562000141E-03, 4.558326244E+00
        24,-1.792000048E-02,-1.792000048E-02, 6.562000141E-03, 4.848449230E+00
        25,-1.759999990E-02,-1.759999990E-02, 6.562000141E-03, 5.271361351E+00
        26,-1.727999933E-02,-1.727999933E-02, 6.562000141E-03, 5.620088577E+00
        27,-1.696000062E-02,-1.696000062E-02, 6.562000141E-03, 5.760130882E+00
        28,-1.664000005E-02,-1.664000005E-02, 6.562000141E-03, 5.772557259E+00
        29,-1.631999947E-02,-1.631999947E-02, 6.562000141E-03, 5.737385273E+00
        30,-1.600000076E-02,-1.600000076E-02, 6.562000141E-03, 5.680819511E+00
        31,-1.568000019E-02,-1.568000019E-02, 6.562000141E-03, 5.608369827E+00
        32,-1.535999961E-02,-1.535999961E-02, 6.562000141E-03, 5.518924236E+00
        33,-1.503999997E-02,-1.503999997E-02, 6.562000141E-03, 5.411117077E+00
        34,-1.472000033E-02,-1.472000033E-02, 6.562000141E-03, 5.288440704E+00
        35,-1.439999975E-02,-1.439999975E-02, 6.562000141E-03, 5.156980038E+00
        36,-1.408000011E-02,-1.408000011E-02, 6.562000141E-03, 5.022333622E+00
        37,-1.375999954E-02,-1.375999954E-02, 6.562000141E-03, 4.888654709E+00
        38,-1.343999989E-02,-1.343999989E-02, 6.562000141E-03, 4.758601189E+00
        39,-1.312000025E-02,-1.312000025E-02, 6.562000141E-03, 4.631159306E+00
        40,-1.279999968E-02,-1.279999968E-02, 6.562000141E-03, 4.504625797E+00
        41,-1.248000003E-02,-1.248000003E-02, 6.562000141E-03, 4.377156258E+00
        42,-1.216000039E-02,-1.216000039E-02, 6.562000141E-03, 4.245951653E+00
        43,-1.183999982E-02,-1.183999982E-02, 6.562000141E-03, 4.112586498E+00
        44,-1.152000017E-02,-1.152000017E-02, 6.562000141E-03, 3.981126308E+00
        45,-1.119999960E-02,-1.119999960E-02, 6.562000141E-03, 3.855702400E+00
        46,-1.087999996E-02,-1.087999996E-02, 6.562000141E-03, 3.738608360E+00
        47,-1.056000032E-02,-1.056000032E-02, 6.562000141E-03, 3.629071951E+00
        48,-1.023999974E-02,-1.023999974E-02, 6.562000141E-03, 3.524256706E+00
        49,-9.920000099E-03,-9.920000099E-03, 6.562000141E-03, 3.419296980E+00
        50,-9.600000456E-03,-9.600000456E-03, 6.562000141E-03, 3.303593636E+00
        51,-9.279999882E-03,-9.279999882E-03, 6.562000141E-03, 3.156554222E+00
        52,-8.960000239E-03,-8.960000239E-03, 6.562000141E-03, 2.956915379E+00
        53,-8.639999665E-03,-8.639999665E-03, 6.562000141E-03, 2.710304976E+00
        54,-8.320000023E-03,-8.320000023E-03, 6.562000141E-03, 2.460326195E+00
        55,-8.000000380E-03,-8.000000380E-03, 6.562000141E-03, 2.274580956E+00
        56,-7.679999806E-03,-7.679999806E-03, 6.562000141E-03, 2.169587135E+00
        57,-7.360000163E-03,-7.360000163E-03, 6.562000141E-03, 2.049242258E+00
        58,-7.040000055E-03,-7.040000055E-03, 6.562000141E-03, 1.797598481E+00
        59,-6.719999947E-03,-6.719999947E-03, 6.562000141E-03, 1.410111904E+00
        60,-6.399999838E-03,-6.399999838E-03, 6.562000141E-03, 1.072544336E+00
        61,-6.080000196E-03,-6.080000196E-03, 6.562000141E-03, 9.785341024E-01
        62,-5.760000087E-03,-5.760000087E-03, 6.562000141E-03, 1.064756989E+00
        63,-5.439999979E-03,-5.439999979E-03, 6.562000141E-03, 1.093914032E+00
        64,-5.119999871E-03,-5.119999871E-03, 6.562000141E-03, 9.933606386E-01
        65,-4.800000228E-03,-4.800000228E-03, 6.562000141E-03, 8.753823042E-01
        66,-4.480000120E-03,-4.480000120E-03, 6.562000141E-03, 8.360596895E-01
        67,-4.160000011E-03,-4.160000011E-03, 6.562000141E-03, 8.944170475E-01
        68,-3.839999903E-03,-3.839999903E-03, 6.562000141E-03, 1.032892346E+00
        69,-3.520000027E-03,-3.520000027E-03, 6.562000141E-03, 1.181828499E+00
        70,-3.261730541E-03,-3.261730541E-03, 6.562000141E-03, 1.249293208E+00
        71,-3.110327525E-03,-3.110327525E-03, 6.562000141E-03, 1.254550219E+00
        72,-3.043910023E-03,-3.043909557E-03, 6.562001072E-03, 1.247597814E+00
        73,-2.989857690E-03,-2.989857690E-03, 6.562000606E-03, 1.236269593E+00
        74,-2.944677602E-03,-2.944677602E-03, 6.562000606E-03, 1.221256375E+00
        75,-2.906908281E-03,-2.906908281E-03, 6.562000141E-03, 1.200458646E+00
        76,-2.875367645E-03,-2.875367645E-03, 6.561999675E-03, 1.168663025E+00
        77,-2.849019133E-03,-2.849019133E-03, 6.562000141E-03, 1.120597482E+00
        78,-2.827035263E-03,-2.827035263E-03, 6.562000141E-03, 1.046284437E+00
