cellnumber     x-coordinate     y-coordinate     z-coordinate velocity-magnitude 
         1  2.999999933E-02 -2.903704345E-02  6.562000141E-03  4.239588752E+00 
         2  2.999999933E-02 -2.889304422E-02  6.562000141E-03  3.782329199E+00 
         3  2.999999933E-02 -2.874904312E-02  6.562000141E-03  3.327623797E+00 
         4  2.999999933E-02 -2.860504389E-02  6.562000141E-03  2.852515131E+00 
         5  2.999999933E-02 -2.846104279E-02  6.562000141E-03  2.340393952E+00 
         6  2.999999933E-02 -2.831704356E-02  6.562000141E-03  1.793897160E+00 
         7  2.999999933E-02 -2.817304246E-02  6.562000141E-03  1.252493714E+00 
         8  2.999999933E-02 -2.802904323E-02  6.562000141E-03  8.031785225E-01 
         9  2.999999933E-02 -2.788504399E-02  6.562000141E-03  5.925276337E-01 
        10  2.999999933E-02 -2.774104290E-02  6.562000141E-03  6.992108743E-01 
        11  2.999999933E-02 -2.759704366E-02  6.562000141E-03  9.544035016E-01 
        12  2.999999933E-02 -2.745304257E-02  6.562000141E-03  1.227492721E+00 
        13  2.999999933E-02 -2.730904333E-02  6.562000141E-03  1.466584053E+00 
        14  2.999999933E-02 -2.716504410E-02  6.562000141E-03  1.646720224E+00 
        15  2.999999933E-02 -2.702104300E-02  6.562000141E-03  1.761947563E+00 
        16  2.999999933E-02 -2.687704377E-02  6.562000141E-03  1.825057703E+00 
        17  2.999999933E-02 -2.673304267E-02  6.562000141E-03  1.855591786E+00 
        18  2.999999933E-02 -2.658904344E-02  6.562000141E-03  1.869528992E+00 
        19  2.999999933E-02 -2.644504420E-02  6.562000141E-03  1.876113253E+00 
        20  2.999999933E-02 -2.630104311E-02  6.562000141E-03  1.880293890E+00 
        21  2.999999933E-02 -2.615704387E-02  6.562000141E-03  1.883982622E+00 
        22  2.999999933E-02 -2.601304278E-02  6.562000141E-03  1.887240675E+00 
        23  2.999999933E-02 -2.586904354E-02  6.562000141E-03  1.889430570E+00 
        24  2.999999933E-02 -2.572504245E-02  6.562000141E-03  1.889391269E+00 
        25  2.999999933E-02 -2.558104321E-02  6.562000141E-03  1.885550729E+00 
        26  2.999999933E-02 -2.543704398E-02  6.562000141E-03  1.875768501E+00 
        27  2.999999933E-02 -2.529304288E-02  6.562000141E-03  1.857253212E+00 
        28  2.999999933E-02 -2.514904365E-02  6.562000141E-03  1.826515441E+00 
        29  2.999999933E-02 -2.500504255E-02  6.562000141E-03  1.779162709E+00 
        30  2.999999933E-02 -2.486104332E-02  6.562000141E-03  1.711101519E+00 
        31  2.999999933E-02 -2.471704409E-02  6.562000141E-03  1.618307230E+00 
        32  2.999999933E-02 -2.457304299E-02  6.562000141E-03  1.500318264E+00 
        33  2.999999933E-02 -2.442904375E-02  6.562000141E-03  1.362072071E+00 
        34  2.999999933E-02 -2.429169975E-02  6.562000141E-03  1.218066470E+00 
        35  2.999999933E-02 -2.420346625E-02  6.562000606E-03  1.096619998E+00 
        36  3.000000119E-02 -2.412424982E-02  6.562000606E-03  9.702002547E-01 
        37  2.999999933E-02 -2.404091880E-02  6.562000141E-03  8.681342294E-01 
        38  2.999999933E-02 -2.401195839E-02  6.562000606E-03  7.466329053E-01 
        39  3.000000119E-02 -3.145632893E-02  6.562000141E-03  3.648478942E+00 
        40  2.999999933E-02 -3.133584931E-02  6.562000141E-03  4.337004138E+00 
        41  2.999999933E-02 -3.119704314E-02  6.562000141E-03  4.968228038E+00 
        42  2.999999933E-02 -3.105304390E-02  6.562000141E-03  5.568605928E+00 
        43  2.999999933E-02 -3.090904281E-02  6.562000141E-03  6.114621473E+00 
        44  2.999999933E-02 -3.076504357E-02  6.562000141E-03  6.474064378E+00 
        45  2.999999933E-02 -3.062104248E-02  6.562000141E-03  6.652317677E+00 
        46  2.999999933E-02 -3.047704324E-02  6.562000141E-03  6.737969549E+00 
        47  2.999999933E-02 -3.033304401E-02  6.562000141E-03  6.782312375E+00 
        48  2.999999933E-02 -3.018904291E-02  6.562000141E-03  6.799016227E+00 
        49  2.999999933E-02 -3.004504368E-02  6.562000141E-03  6.777665942E+00 
        50  2.999999933E-02 -2.990104258E-02  6.562000141E-03  6.685563151E+00 
        51  2.999999933E-02 -2.975704335E-02  6.562000141E-03  6.461145951E+00 
        52  2.999999933E-02 -2.961304411E-02  6.562000141E-03  6.099794500E+00 
        53  2.999999933E-02 -2.946904302E-02  6.562000141E-03  5.658587470E+00 
        54  2.999999933E-02 -2.932504378E-02  6.562000141E-03  5.187667642E+00 
        55  2.999999933E-02 -2.918104269E-02  6.562000141E-03  4.711221256E+00 
