cellnumber     x-coordinate     y-coordinate     z-coordinate velocity-magnitude 
         1  2.999999933E-02 -2.903704345E-02  6.562000141E-03  3.073430255E+00 
         2  2.999999933E-02 -2.889304422E-02  6.562000141E-03  2.735286181E+00 
         3  2.999999933E-02 -2.874904312E-02  6.562000141E-03  2.406131766E+00 
         4  2.999999933E-02 -2.860504389E-02  6.562000141E-03  2.093209757E+00 
         5  2.999999933E-02 -2.846104279E-02  6.562000141E-03  1.800452663E+00 
         6  2.999999933E-02 -2.831704356E-02  6.562000141E-03  1.527764462E+00 
         7  2.999999933E-02 -2.817304246E-02  6.562000141E-03  1.273329023E+00 
         8  2.999999933E-02 -2.802904323E-02  6.562000141E-03  1.038574466E+00 
         9  2.999999933E-02 -2.788504399E-02  6.562000141E-03  8.345104625E-01 
        10  2.999999933E-02 -2.774104290E-02  6.562000141E-03  6.869010725E-01 
        11  2.999999933E-02 -2.759704366E-02  6.562000141E-03  6.311083736E-01 
        12  2.999999933E-02 -2.745304257E-02  6.562000141E-03  6.776127154E-01 
        13  2.999999933E-02 -2.730904333E-02  6.562000141E-03  7.921637873E-01 
        14  2.999999933E-02 -2.716504410E-02  6.562000141E-03  9.336213742E-01 
        15  2.999999933E-02 -2.702104300E-02  6.562000141E-03  1.076213859E+00 
        16  2.999999933E-02 -2.687704377E-02  6.562000141E-03  1.206895478E+00 
        17  2.999999933E-02 -2.673304267E-02  6.562000141E-03  1.319966729E+00 
        18  2.999999933E-02 -2.658904344E-02  6.562000141E-03  1.417065070E+00 
        19  2.999999933E-02 -2.644504420E-02  6.562000141E-03  1.501152534E+00 
        20  2.999999933E-02 -2.630104311E-02  6.562000141E-03  1.573675699E+00 
        21  2.999999933E-02 -2.615704387E-02  6.562000141E-03  1.635761410E+00 
        22  2.999999933E-02 -2.601304278E-02  6.562000141E-03  1.688093755E+00 
        23  2.999999933E-02 -2.586904354E-02  6.562000141E-03  1.729412678E+00 
        24  2.999999933E-02 -2.572504245E-02  6.562000141E-03  1.755877235E+00 
        25  2.999999933E-02 -2.558104321E-02  6.562000141E-03  1.760373646E+00 
        26  2.999999933E-02 -2.543704398E-02  6.562000141E-03  1.731869313E+00 
        27  2.999999933E-02 -2.529304288E-02  6.562000141E-03  1.658102526E+00 
        28  2.999999933E-02 -2.514904365E-02  6.562000141E-03  1.530950878E+00 
        29  2.999999933E-02 -2.500504255E-02  6.562000141E-03  1.363433248E+00 
        30  2.999999933E-02 -2.486104332E-02  6.562000141E-03  1.195591305E+00 
        31  2.999999933E-02 -2.471704409E-02  6.562000141E-03  1.071854238E+00 
        32  2.999999933E-02 -2.457304299E-02  6.562000141E-03  1.021163351E+00 
        33  2.999999933E-02 -2.442904375E-02  6.562000141E-03  1.037006064E+00 
        34  2.999999933E-02 -2.429169975E-02  6.562000141E-03  1.080961305E+00 
        35  2.999999933E-02 -2.420346625E-02  6.562000606E-03  9.894118055E-01 
        36  3.000000119E-02 -2.412424982E-02  6.562000606E-03  9.698608647E-01 
        37  2.999999933E-02 -2.404091880E-02  6.562000141E-03  1.049845585E+00 
        38  2.999999933E-02 -2.401195839E-02  6.562000606E-03  1.034079627E+00 
        39  3.000000119E-02 -3.145632893E-02  6.562000141E-03  3.663645278E+00 
        40  2.999999933E-02 -3.133584931E-02  6.562000141E-03  4.423203587E+00 
        41  2.999999933E-02 -3.119704314E-02  6.562000141E-03  5.093449868E+00 
        42  2.999999933E-02 -3.105304390E-02  6.562000141E-03  5.668683381E+00 
        43  2.999999933E-02 -3.090904281E-02  6.562000141E-03  6.083286866E+00 
        44  2.999999933E-02 -3.076504357E-02  6.562000141E-03  6.315921220E+00 
        45  2.999999933E-02 -3.062104248E-02  6.562000141E-03  6.417436915E+00 
        46  2.999999933E-02 -3.047704324E-02  6.562000141E-03  6.424076190E+00 
        47  2.999999933E-02 -3.033304401E-02  6.562000141E-03  6.330855450E+00 
        48  2.999999933E-02 -3.018904291E-02  6.562000141E-03  6.098396897E+00 
        49  2.999999933E-02 -3.004504368E-02  6.562000141E-03  5.729299881E+00 
        50  2.999999933E-02 -2.990104258E-02  6.562000141E-03  5.296753949E+00 
        51  2.999999933E-02 -2.975704335E-02  6.562000141E-03  4.868932943E+00 
        52  2.999999933E-02 -2.961304411E-02  6.562000141E-03  4.472558659E+00 
        53  2.999999933E-02 -2.946904302E-02  6.562000141E-03  4.105596665E+00 
        54  2.999999933E-02 -2.932504378E-02  6.562000141E-03  3.756203512E+00 
        55  2.999999933E-02 -2.918104269E-02  6.562000141E-03  3.414159692E+00 
