cellnumber     x-coordinate     y-coordinate     z-coordinate velocity-magnitude 
         1  2.999999933E-02 -2.903704345E-02  6.562000141E-03  2.076111997E+00 
         2  2.999999933E-02 -2.889304422E-02  6.562000141E-03  1.680748776E+00 
         3  2.999999933E-02 -2.874904312E-02  6.562000141E-03  1.295022154E+00 
         4  2.999999933E-02 -2.860504389E-02  6.562000141E-03  9.227947465E-01 
         5  2.999999933E-02 -2.846104279E-02  6.562000141E-03  5.776165262E-01 
         6  2.999999933E-02 -2.831704356E-02  6.562000141E-03  3.265482074E-01 
         7  2.999999933E-02 -2.817304246E-02  6.562000141E-03  3.835542926E-01 
         8  2.999999933E-02 -2.802904323E-02  6.562000141E-03  6.460975264E-01 
         9  2.999999933E-02 -2.788504399E-02  6.562000141E-03  9.252368144E-01 
        10  2.999999933E-02 -2.774104290E-02  6.562000141E-03  1.170543979E+00 
        11  2.999999933E-02 -2.759704366E-02  6.562000141E-03  1.359354849E+00 
        12  2.999999933E-02 -2.745304257E-02  6.562000141E-03  1.486736829E+00 
        13  2.999999933E-02 -2.730904333E-02  6.562000141E-03  1.566445413E+00 
        14  2.999999933E-02 -2.716504410E-02  6.562000141E-03  1.616843164E+00 
        15  2.999999933E-02 -2.702104300E-02  6.562000141E-03  1.649965064E+00 
        16  2.999999933E-02 -2.687704377E-02  6.562000141E-03  1.674738165E+00 
        17  2.999999933E-02 -2.673304267E-02  6.562000141E-03  1.696794679E+00 
        18  2.999999933E-02 -2.658904344E-02  6.562000141E-03  1.717262067E+00 
        19  2.999999933E-02 -2.644504420E-02  6.562000141E-03  1.735577271E+00 
        20  2.999999933E-02 -2.630104311E-02  6.562000141E-03  1.751879661E+00 
        21  2.999999933E-02 -2.615704387E-02  6.562000141E-03  1.766284722E+00 
        22  2.999999933E-02 -2.601304278E-02  6.562000141E-03  1.778488041E+00 
        23  2.999999933E-02 -2.586904354E-02  6.562000141E-03  1.787997855E+00 
        24  2.999999933E-02 -2.572504245E-02  6.562000141E-03  1.794296684E+00 
        25  2.999999933E-02 -2.558104321E-02  6.562000141E-03  1.796955778E+00 
        26  2.999999933E-02 -2.543704398E-02  6.562000141E-03  1.795547228E+00 
        27  2.999999933E-02 -2.529304288E-02  6.562000141E-03  1.789252859E+00 
        28  2.999999933E-02 -2.514904365E-02  6.562000141E-03  1.776070134E+00 
        29  2.999999933E-02 -2.500504255E-02  6.562000141E-03  1.751966677E+00 
        30  2.999999933E-02 -2.486104332E-02  6.562000141E-03  1.710714524E+00 
        31  2.999999933E-02 -2.471704409E-02  6.562000141E-03  1.645359285E+00 
        32  2.999999933E-02 -2.457304299E-02  6.562000141E-03  1.549735980E+00 
        33  2.999999933E-02 -2.442904375E-02  6.562000141E-03  1.418428583E+00 
        34  2.999999933E-02 -2.429169975E-02  6.562000141E-03  1.246477329E+00 
        35  2.999999933E-02 -2.420346625E-02  6.562000606E-03  1.068200293E+00 
        36  3.000000119E-02 -2.412424982E-02  6.562000606E-03  9.731975727E-01 
        37  2.999999933E-02 -2.404091880E-02  6.562000141E-03  8.176352311E-01 
        38  2.999999933E-02 -2.401195839E-02  6.562000606E-03  6.680363880E-01 
        39  3.000000119E-02 -3.145632893E-02  6.562000141E-03  4.628476722E+00 
        40  2.999999933E-02 -3.133584931E-02  6.562000141E-03  5.612294519E+00 
        41  2.999999933E-02 -3.119704314E-02  6.562000141E-03  6.281099665E+00 
        42  2.999999933E-02 -3.105304390E-02  6.562000141E-03  6.541687259E+00 
        43  2.999999933E-02 -3.090904281E-02  6.562000141E-03  6.596279783E+00 
        44  2.999999933E-02 -3.076504357E-02  6.562000141E-03  6.498697570E+00 
        45  2.999999933E-02 -3.062104248E-02  6.562000141E-03  6.252988860E+00 
        46  2.999999933E-02 -3.047704324E-02  6.562000141E-03  5.949191095E+00 
        47  2.999999933E-02 -3.033304401E-02  6.562000141E-03  5.622218162E+00 
        48  2.999999933E-02 -3.018904291E-02  6.562000141E-03  5.277464538E+00 
        49  2.999999933E-02 -3.004504368E-02  6.562000141E-03  4.915967963E+00 
        50  2.999999933E-02 -2.990104258E-02  6.562000141E-03  4.537828558E+00 
        51  2.999999933E-02 -2.975704335E-02  6.562000141E-03  4.140988456E+00 
        52  2.999999933E-02 -2.961304411E-02  6.562000141E-03  3.728029402E+00 
        53  2.999999933E-02 -2.946904302E-02  6.562000141E-03  3.308337022E+00 
        54  2.999999933E-02 -2.932504378E-02  6.562000141E-03  2.890909947E+00 
        55  2.999999933E-02 -2.918104269E-02  6.562000141E-03  2.479750564E+00 
