cellnumber     x-coordinate     y-coordinate     z-coordinate velocity-magnitude 
         1  2.121082321E-02 -2.121082321E-02  6.562000141E-03  2.889607558E-01 
         2  2.120567486E-02 -2.120567486E-02  6.562000606E-03  8.915430109E-01 
         3  2.119949833E-02 -2.119949833E-02  6.562000141E-03  1.633464913E+00 
         4  2.119208500E-02 -2.119208500E-02  6.562000606E-03  2.530118622E+00 
         5  2.118319459E-02 -2.118319459E-02  6.562000141E-03  3.557487887E+00 
         6  2.117252536E-02 -2.117252536E-02  6.562000141E-03  4.594852289E+00 
         7  1.951807365E-02 -1.951807365E-02  6.562000141E-03  6.882138585E+00 
         8  1.944607310E-02 -1.944607310E-02  6.562000141E-03  7.023214682E+00 
         9  1.937407255E-02 -1.937407441E-02  6.562000141E-03  7.169935923E+00 
        10  1.930207387E-02 -1.930207387E-02  6.562000141E-03  7.342880702E+00 
        11  1.923859492E-02 -1.923859492E-02  6.562000141E-03  7.425139314E+00 
        12  1.914011873E-02 -1.914011873E-02  6.562000141E-03  7.348033638E+00 
        13  1.905349456E-02 -1.905349456E-02  6.562000606E-03  7.542358204E+00 
        14  1.899245940E-02 -1.899245940E-02  6.562000606E-03  7.481379122E+00 
        15  1.959007420E-02 -1.959007420E-02  6.562000141E-03  6.767457510E+00 
        16  1.966207288E-02 -1.966207288E-02  6.562000141E-03  6.819323736E+00 
        17  1.973407343E-02 -1.973407343E-02  6.562000141E-03  6.787800872E+00 
        18  1.980607398E-02 -1.980607398E-02  6.562000141E-03  7.030086024E+00 
        19  1.987807266E-02 -1.987807266E-02  6.562000141E-03  7.059160614E+00 
        20  1.995007321E-02 -1.995007321E-02  6.562000141E-03  7.459997955E+00 
        21  2.002207376E-02 -2.002207376E-02  6.562000141E-03  7.526658389E+00 
        22  2.009407245E-02 -2.009407245E-02  6.562000141E-03  7.904253055E+00 
        23  2.016607299E-02 -2.016607299E-02  6.562000141E-03  7.867550972E+00 
        24  2.023807354E-02 -2.023807354E-02  6.562000141E-03  7.815507274E+00 
        25  2.031007409E-02 -2.031007409E-02  6.562000141E-03  7.566387789E+00 
        26  2.038207278E-02 -2.038207278E-02  6.562000141E-03  7.264195284E+00 
        27  2.045407332E-02 -2.045407332E-02  6.562000141E-03  7.022915820E+00 
        28  2.052607387E-02 -2.052607387E-02  6.562000141E-03  6.858615397E+00 
        29  2.059807442E-02 -2.059807442E-02  6.562000141E-03  6.936696807E+00 
        30  2.067007311E-02 -2.067007311E-02  6.562000141E-03  7.042566577E+00 
        31  2.074207366E-02 -2.074207366E-02  6.562000141E-03  6.952114338E+00 
        32  2.081407234E-02 -2.081407234E-02  6.562000141E-03  6.994832328E+00 
        33  2.088592015E-02 -2.088592015E-02  6.562000141E-03  6.753304651E+00 
        34  2.093681321E-02 -2.093681321E-02  6.562000606E-03  6.619267881E+00 
        35  2.101956122E-02 -2.101956122E-02  6.562000606E-03  6.235975234E+00 
        36  2.107902244E-02 -2.107902244E-02  6.562000606E-03  5.848176823E+00 
        37  2.110386454E-02 -2.110386454E-02  6.562000606E-03  5.585907553E+00 
        38  2.112595551E-02 -2.112595551E-02  6.562000606E-03  5.636860659E+00 
        39  2.114437334E-02 -2.114437334E-02  6.562000606E-03  5.682204988E+00 
        40  2.115972713E-02 -2.115972713E-02  6.562000606E-03  5.378921918E+00 
        41  1.895486377E-02 -1.895486377E-02  6.562000141E-03  7.539770444E+00 
        42  1.889867149E-02 -1.889867149E-02  6.562000606E-03  7.571954899E+00 
        43  1.880285516E-02 -1.880285330E-02  6.562000141E-03  7.616069375E+00 
        44  1.868750341E-02 -1.868749782E-02  6.562000141E-03  7.655512136E+00 
        45  1.856250502E-02 -1.856249943E-02  6.562000141E-03  7.940670190E+00 
        46  1.843750477E-02 -1.843749918E-02  6.562000141E-03  8.330417876E+00 
        47  1.831250452E-02 -1.831249893E-02  6.562000141E-03  8.321443789E+00 
        48  1.818750426E-02 -1.818749867E-02  6.562000141E-03  8.107260692E+00 
        49  1.806250401E-02 -1.806249842E-02  6.562000141E-03  7.923042268E+00 
        50  1.793750376E-02 -1.793749817E-02  6.562000141E-03  7.959076454E+00 
        51  1.781250350E-02 -1.781249791E-02  6.562000141E-03  8.111550697E+00 
        52  1.768750325E-02 -1.768749952E-02  6.562000141E-03  8.281575092E+00 
        53  1.756250486E-02 -1.756249927E-02  6.562000141E-03  8.534029321E+00 
        54  1.743750460E-02 -1.743749902E-02  6.562000141E-03  8.500781508E+00 
        55  1.731250435E-02 -1.731249876E-02  6.562000141E-03  8.274534281E+00 
        56  1.718750410E-02 -1.718749851E-02  6.562000141E-03  8.068233766E+00 
        57  1.706250384E-02 -1.706249826E-02  6.562000141E-03  7.902396408E+00 
        58  1.693750359E-02 -1.693749800E-02  6.562000141E-03  7.746101621E+00 
        59  1.681250334E-02 -1.681249775E-02  6.562000141E-03  7.581973193E+00 
        60  1.668750495E-02 -1.668749936E-02  6.562000141E-03  7.407432831E+00 
        61  1.656250469E-02 -1.656249911E-02  6.562000141E-03  7.209103349E+00 
        62  1.643750444E-02 -1.643749885E-02  6.562000141E-03  6.944821411E+00 
        63  1.631250419E-02 -1.631249860E-02  6.562000141E-03  6.713987836E+00 
        64  1.618750393E-02 -1.618749835E-02  6.562000141E-03  6.575906744E+00 
        65  1.606250368E-02 -1.606249809E-02  6.562000141E-03  6.493915629E+00 
        66  7.937504910E-03 -7.937498391E-03  6.562000141E-03  1.727343920E+00 
        67  7.812504657E-03 -7.812498603E-03  6.562000141E-03  1.615156533E+00 
        68  7.687504869E-03 -7.687498350E-03  6.562000141E-03  1.763914176E+00 
        69  7.562505081E-03 -7.562498562E-03  6.562000141E-03  1.966433409E+00 
        70  7.437504828E-03 -7.437498309E-03  6.562000141E-03  1.932535130E+00 
        71  7.312505040E-03 -7.312498521E-03  6.562000141E-03  1.807429142E+00 
        72  7.187504787E-03 -7.187498268E-03  6.562000141E-03  1.689360949E+00 
        73  7.062504999E-03 -7.062498480E-03  6.562000141E-03  1.559752727E+00 
        74  6.937505212E-03 -6.937498227E-03  6.562000141E-03  1.539192596E+00 
        75  6.812504958E-03 -6.812498439E-03  6.562000141E-03  1.723012091E+00 
        76  6.687505171E-03 -6.687498186E-03  6.562000141E-03  1.774584448E+00 
        77  6.562504917E-03 -6.562498398E-03  6.562000141E-03  1.735801574E+00 
        78  6.437505130E-03 -6.437498145E-03  6.562000141E-03  1.683739073E+00 
        79  6.312504876E-03 -6.312498357E-03  6.562000141E-03  1.651120468E+00 
        80  6.187505089E-03 -6.187498104E-03  6.562000141E-03  1.492481697E+00 
        81  6.062504835E-03 -6.062498316E-03  6.562000141E-03  1.346898419E+00 
        82  5.937505048E-03 -5.937498063E-03  6.562000141E-03  1.301279055E+00 
        83  5.812505260E-03 -5.812498275E-03  6.562000141E-03  1.303588403E+00 
        84  5.687505007E-03 -5.687498488E-03  6.562000141E-03  1.333619606E+00 
        85  5.562505219E-03 -5.562498234E-03  6.562000141E-03  1.349119679E+00 
        86  5.437504966E-03 -5.437498447E-03  6.562000141E-03  1.319379462E+00 
        87  5.312505178E-03 -5.312498193E-03  6.562000141E-03  1.246185389E+00 
        88  5.187504925E-03 -5.187498406E-03  6.562000141E-03  1.174187484E+00 
        89  5.062505137E-03 -5.062498152E-03  6.562000141E-03  1.326955734E+00 
        90  4.937504884E-03 -4.937498365E-03  6.562000141E-03  1.597651836E+00 
        91  4.812505096E-03 -4.812498111E-03  6.562000141E-03  1.762565639E+00 
        92  4.687505309E-03 -4.687498324E-03  6.562000141E-03  1.892202544E+00 
        93  4.562505055E-03 -4.562498070E-03  6.562000141E-03  1.933830113E+00 
        94  4.437505268E-03 -4.437498283E-03  6.562000141E-03  1.846201595E+00 
        95  4.312505014E-03 -4.312498029E-03  6.562000141E-03  1.777011218E+00 
        96  4.187505227E-03 -4.187498242E-03  6.562000141E-03  1.747916694E+00 
        97  4.062504973E-03 -4.062497988E-03  6.562000141E-03  1.779995209E+00 
        98  3.937505186E-03 -3.937498201E-03  6.562000141E-03  1.852755726E+00 
        99  3.812505165E-03 -3.812497947E-03  6.562000141E-03  1.913515095E+00 
       100  3.687505145E-03 -3.687497927E-03  6.562000141E-03  1.975829424E+00 
       101  3.562505124E-03 -3.562498139E-03  6.562000141E-03  1.957782452E+00 
       102  3.437505104E-03 -3.437498119E-03  6.562000141E-03  1.893426626E+00 
       103  1.281250454E-02 -1.281249896E-02  6.562000141E-03  5.911624862E+00 
       104  1.268750429E-02 -1.268749870E-02  6.562000141E-03  5.853946384E+00 
       105  1.256250497E-02 -1.256249845E-02  6.562000141E-03  5.804174156E+00 
       106  1.243750472E-02 -1.243749820E-02  6.562000141E-03  5.747012454E+00 
       107  1.231250446E-02 -1.231249887E-02  6.562000141E-03  5.635994440E+00 
       108  1.218750514E-02 -1.218749862E-02  6.562000141E-03  5.468161217E+00 
       109  1.206250489E-02 -1.206249837E-02  6.562000141E-03  5.242484610E+00 
       110  1.193750463E-02 -1.193749905E-02  6.562000141E-03  4.993252151E+00 
       111  1.181250438E-02 -1.181249879E-02  6.562000141E-03  4.787461703E+00 
       112  1.168750506E-02 -1.168749854E-02  6.562000141E-03  4.711481905E+00 
       113  1.156250481E-02 -1.156249829E-02  6.562000141E-03  4.757119811E+00 
       114  1.143750455E-02 -1.143749896E-02  6.562000141E-03  4.796150289E+00 
       115  1.131250523E-02 -1.131249871E-02  6.562000141E-03  4.831845514E+00 
       116  1.118750498E-02 -1.118749846E-02  6.562000141E-03  4.842495491E+00 
       117  1.106250472E-02 -1.106249820E-02  6.562000141E-03  4.862917090E+00 
       118  1.093750447E-02 -1.093749888E-02  6.562000141E-03  4.832852288E+00 
       119  1.081250515E-02 -1.081249863E-02  6.562000141E-03  4.658652163E+00 
       120  1.068750490E-02 -1.068749838E-02  6.562000141E-03  4.551355716E+00 
       121  1.056250464E-02 -1.056249812E-02  6.562000141E-03  4.508995863E+00 
       122  1.043750439E-02 -1.043749880E-02  6.562000141E-03  4.453926142E+00 
       123  1.031250507E-02 -1.031249855E-02  6.562000141E-03  4.366679804E+00 
       124  1.018750481E-02 -1.018749829E-02  6.562000141E-03  4.289547928E+00 
       125  1.006250456E-02 -1.006249897E-02  6.562000141E-03  4.242122960E+00 
       126  9.937505238E-03 -9.937498719E-03  6.562000141E-03  4.120881855E+00 
       127  9.812504984E-03 -9.812498465E-03  6.562000141E-03  3.793563544E+00 
       128  9.687504731E-03 -9.687498212E-03  6.562000141E-03  3.516909325E+00 
       129  9.562504478E-03 -9.562498890E-03  6.562000141E-03  3.573838131E+00 
       130  9.437505156E-03 -9.437498637E-03  6.562000141E-03  3.912870309E+00 
       131  9.312504902E-03 -9.312498383E-03  6.562000141E-03  4.267459209E+00 
       132  9.187504649E-03 -9.187498130E-03  6.562000141E-03  3.929699949E+00 
       133  9.062505327E-03 -9.062498808E-03  6.562000141E-03  3.227814516E+00 
       134  8.937505074E-03 -8.937498555E-03  6.562000141E-03  2.879585462E+00 
       135  8.812504821E-03 -8.812498301E-03  6.562000141E-03  3.366378799E+00 
       136  8.687504567E-03 -8.687498048E-03  6.562000141E-03  4.012072950E+00 
       137  8.562505245E-03 -8.562498726E-03  6.562000141E-03  3.952208146E+00 
       138  8.437504992E-03 -8.437498473E-03  6.562000141E-03  3.675393440E+00 
       139  8.312504739E-03 -8.312498219E-03  6.562000141E-03  3.534726166E+00 
       140  8.187505417E-03 -8.187497966E-03  6.562000141E-03  3.187763694E+00 
       141  8.062505163E-03 -8.062498644E-03  6.562000141E-03  2.368490126E+00 
       142  1.593750343E-02 -1.593749784E-02  6.562000141E-03  6.278973956E+00 
       143  1.581250504E-02 -1.581249945E-02  6.562000141E-03  6.088043101E+00 
       144  1.568750478E-02 -1.568749920E-02  6.562000141E-03  6.077839947E+00 
       145  1.556250453E-02 -1.556249894E-02  6.562000141E-03  6.170390589E+00 
       146  1.543750428E-02 -1.543749869E-02  6.562000141E-03  6.267792805E+00 
       147  1.531250495E-02 -1.531249844E-02  6.562000141E-03  6.307688530E+00 
       148  1.518750470E-02 -1.518749911E-02  6.562000141E-03  6.371233536E+00 
       149  1.506250445E-02 -1.506249886E-02  6.562000141E-03  6.522094105E+00 
       150  1.493750419E-02 -1.493749861E-02  6.562000141E-03  6.476941542E+00 
       151  1.481250487E-02 -1.481249835E-02  6.562000141E-03  6.389239127E+00 
       152  1.468750462E-02 -1.468749903E-02  6.562000141E-03  6.297746201E+00 
       153  1.456250437E-02 -1.456249878E-02  6.562000141E-03  6.102932507E+00 
       154  1.443750504E-02 -1.443749852E-02  6.562000141E-03  5.836303601E+00 
       155  1.431250479E-02 -1.431249920E-02  6.562000141E-03  5.708936551E+00 
       156  1.418750454E-02 -1.418749895E-02  6.562000141E-03  5.745419311E+00 
       157  1.406250428E-02 -1.406249870E-02  6.562000141E-03  5.777633269E+00 
       158  1.393750496E-02 -1.393749844E-02  6.562000141E-03  5.814708753E+00 
       159  1.381250471E-02 -1.381249912E-02  6.562000141E-03  5.901960020E+00 
       160  1.368750446E-02 -1.368749887E-02  6.562000141E-03  5.972795155E+00 
       161  1.356250420E-02 -1.356249861E-02  6.562000141E-03  5.930002046E+00 
       162  1.343750488E-02 -1.343749836E-02  6.562000141E-03  5.975629633E+00 
       163  1.331250463E-02 -1.331249904E-02  6.562000141E-03  6.028023375E+00 
       164  1.318750437E-02 -1.318749879E-02  6.562000141E-03  6.033917519E+00 
       165  1.306250505E-02 -1.306249853E-02  6.562000141E-03  6.009799030E+00 
       166  1.293750480E-02 -1.293749828E-02  6.562000141E-03  5.961966970E+00 
       167  3.312505083E-03 -3.312498098E-03  6.562000141E-03  1.746018480E+00 
       168  3.189919051E-03 -3.189915325E-03  6.562000141E-03  1.659018184E+00 
       169  3.123705741E-03 -3.123705741E-03  6.562000141E-03  1.809850445E+00 
       170  3.059382550E-03 -3.059382550E-03  6.562000141E-03  1.726880664E+00 
       171  2.975319512E-03 -2.975319512E-03  6.562000606E-03  1.925477838E+00 
       172  2.937293379E-03 -2.937293379E-03  6.562000606E-03  2.017055888E+00 
       173  2.915036166E-03 -2.915036166E-03  6.562000141E-03  2.035170341E+00 
       174  2.896548016E-03 -2.896548016E-03  6.562000141E-03  2.011448080E+00 
       175  2.881182823E-03 -2.881182823E-03  6.562000141E-03  1.956556152E+00 
       176  2.868407406E-03 -2.868407406E-03  6.562000141E-03  1.880862798E+00 
       177  2.857780783E-03 -2.857780783E-03  6.562000141E-03  1.797511428E+00 
       178  2.848939272E-03 -2.848939272E-03  6.562000606E-03  1.714531311E+00 
       179  2.841580659E-03 -2.841580659E-03  6.562000606E-03  1.636373741E+00 
       180  2.835455118E-03 -2.835455118E-03  6.562000606E-03  1.564487707E+00 
       181  2.830355195E-03 -2.830355195E-03  6.562000606E-03  1.499534373E+00 
