cellnumber     x-coordinate     y-coordinate     z-coordinate velocity-magnitude 
         1  1.293749642E-02 -1.293749642E-02  6.562000141E-03  5.479502838E+00 
         2  1.281249709E-02 -1.281249616E-02  6.562000141E-03  5.415357879E+00 
         3  1.268749684E-02 -1.268749591E-02  6.562000141E-03  5.336257438E+00 
         4  1.256249659E-02 -1.256249566E-02  6.562000141E-03  5.268322278E+00 
         5  1.243749727E-02 -1.243749633E-02  6.562000141E-03  5.209510621E+00 
         6  1.231249701E-02 -1.231249608E-02  6.562000141E-03  5.082647484E+00 
         7  1.218749676E-02 -1.218749583E-02  6.562000141E-03  4.962179152E+00 
         8  1.206249651E-02 -1.206249557E-02  6.562000141E-03  4.865361500E+00 
         9  1.193749718E-02 -1.193749625E-02  6.562000141E-03  4.824235419E+00 
        10  1.181249693E-02 -1.181249600E-02  6.562000141E-03  4.807799159E+00 
        11  1.168749668E-02 -1.168749575E-02  6.562000141E-03  4.742240414E+00 
        12  1.156249736E-02 -1.156249549E-02  6.562000141E-03  4.707297233E+00 
        13  1.143749710E-02 -1.143749617E-02  6.562000141E-03  4.749123518E+00 
        14  1.131249685E-02 -1.131249592E-02  6.562000141E-03  4.811936422E+00 
        15  1.118749660E-02 -1.118749566E-02  6.562000141E-03  4.748551345E+00 
        16  1.106249727E-02 -1.106249541E-02  6.562000141E-03  4.644631807E+00 
        17  1.093749702E-02 -1.093749609E-02  6.562000141E-03  4.464495916E+00 
        18  1.081249677E-02 -1.081249584E-02  6.562000141E-03  4.293602289E+00 
        19  1.068749744E-02 -1.068749558E-02  6.562000141E-03  4.211233755E+00 
        20  1.056249719E-02 -1.056249533E-02  6.562000141E-03  4.249556162E+00 
        21  1.043749694E-02 -1.043749601E-02  6.562000141E-03  4.371357137E+00 
        22  1.031249668E-02 -1.031249575E-02  6.562000141E-03  4.352521964E+00 
        23  1.895096339E-02 -1.895096339E-02  6.562000141E-03  7.163937846E+00 
        24  1.890101843E-02 -1.890101843E-02  6.562000606E-03  7.065662708E+00 
        25  1.880909875E-02 -1.880909875E-02  6.562000141E-03  7.141973922E+00 
        26  1.868749596E-02 -1.868749596E-02  6.562000141E-03  7.151452303E+00 
        27  1.856249571E-02 -1.856249571E-02  6.562000141E-03  7.365733698E+00 
        28  1.843749546E-02 -1.843749546E-02  6.562000141E-03  7.360713963E+00 
        29  1.831249520E-02 -1.831249706E-02  6.562000141E-03  7.220252526E+00 
        30  1.818749681E-02 -1.818749681E-02  6.562000141E-03  6.995677474E+00 
        31  1.806249656E-02 -1.806249656E-02  6.562000141E-03  6.973453801E+00 
        32  1.793749630E-02 -1.793749630E-02  6.562000141E-03  7.150194076E+00 
        33  1.781249605E-02 -1.781249605E-02  6.562000141E-03  7.469438462E+00 
        34  1.768749580E-02 -1.768749580E-02  6.562000141E-03  7.532482643E+00 
        35  1.756249554E-02 -1.756249554E-02  6.562000141E-03  7.447807467E+00 
        36  1.743749529E-02 -1.743749529E-02  6.562000141E-03  7.244501968E+00 
        37  1.731249690E-02 -1.731249690E-02  6.562000141E-03  7.069511897E+00 
        38  1.718749665E-02 -1.718749665E-02  6.562000141E-03  7.045682760E+00 
        39  1.706249639E-02 -1.706249639E-02  6.562000141E-03  7.163539479E+00 
        40  1.693749614E-02 -1.693749614E-02  6.562000141E-03  7.239288228E+00 
        41  1.681249589E-02 -1.681249589E-02  6.562000141E-03  7.148587840E+00 
        42  1.951807365E-02 -1.951807365E-02  6.562000141E-03  6.962239183E+00 
        43  1.944607310E-02 -1.944607310E-02  6.562000141E-03  6.895021654E+00 
        44  1.937407255E-02 -1.937407441E-02  6.562000141E-03  6.839913805E+00 
        45  1.930207387E-02 -1.930207387E-02  6.562000141E-03  6.840529813E+00 
        46  1.923859492E-02 -1.923859492E-02  6.562000141E-03  6.930963986E+00 
        47  1.914011873E-02 -1.914011873E-02  6.562000141E-03  7.085756038E+00 
        48  1.905349456E-02 -1.905349456E-02  6.562000606E-03  7.045963354E+00 
        49  1.899245940E-02 -1.899245940E-02  6.562000606E-03  7.201917576E+00 
        50  2.121082321E-02 -2.121082321E-02  6.562000141E-03  3.237377242E-01 
        51  2.120567486E-02 -2.120567486E-02  6.562000606E-03  9.972140518E-01 
        52  2.119949833E-02 -2.119949833E-02  6.562000141E-03  1.825095430E+00 
        53  2.119208500E-02 -2.119208500E-02  6.562000606E-03  2.803114902E+00 
        54  2.118319459E-02 -2.118319459E-02  6.562000141E-03  3.853360083E+00 
        55  2.117252536E-02 -2.117252536E-02  6.562000141E-03  4.796119482E+00 
        56  1.959007420E-02 -1.959007420E-02  6.562000141E-03  7.169781595E+00 
        57  1.966207288E-02 -1.966207288E-02  6.562000141E-03  7.286236218E+00 
        58  1.973407343E-02 -1.973407343E-02  6.562000141E-03  7.517497058E+00 
        59  1.980607398E-02 -1.980607398E-02  6.562000141E-03  7.654595973E+00 
        60  1.987807266E-02 -1.987807266E-02  6.562000141E-03  7.832881387E+00 
        61  1.995007321E-02 -1.995007321E-02  6.562000141E-03  7.978095962E+00 
        62  2.002207376E-02 -2.002207376E-02  6.562000141E-03  8.009561190E+00 
        63  2.009407245E-02 -2.009407245E-02  6.562000141E-03  8.061484731E+00 
        64  2.016607299E-02 -2.016607299E-02  6.562000141E-03  7.959562338E+00 
        65  2.023807354E-02 -2.023807354E-02  6.562000141E-03  7.947504602E+00 
        66  2.031007409E-02 -2.031007409E-02  6.562000141E-03  7.844688504E+00 
        67  2.038207278E-02 -2.038207278E-02  6.562000141E-03  7.784580452E+00 
        68  2.045407332E-02 -2.045407332E-02  6.562000141E-03  7.699483339E+00 
        69  2.052607387E-02 -2.052607387E-02  6.562000141E-03  7.662208167E+00 
        70  2.059807442E-02 -2.059807442E-02  6.562000141E-03  7.640434582E+00 
        71  2.067007311E-02 -2.067007311E-02  6.562000141E-03  7.559369937E+00 
        72  2.074207366E-02 -2.074207366E-02  6.562000141E-03  7.445730736E+00 
        73  2.081407234E-02 -2.081407234E-02  6.562000141E-03  7.312476144E+00 
        74  2.088592015E-02 -2.088592015E-02  6.562000141E-03  7.139020344E+00 
        75  2.093681321E-02 -2.093681321E-02  6.562000606E-03  6.817714069E+00 
        76  2.101956122E-02 -2.101956122E-02  6.562000606E-03  6.514179554E+00 
        77  2.107902244E-02 -2.107902244E-02  6.562000606E-03  6.318426047E+00 
        78  2.110386454E-02 -2.110386454E-02  6.562000606E-03  6.009537009E+00 
        79  2.112595551E-02 -2.112595551E-02  6.562000606E-03  5.789828451E+00 
        80  2.114437334E-02 -2.114437334E-02  6.562000606E-03  5.643913806E+00 
        81  2.115972713E-02 -2.115972713E-02  6.562000606E-03  5.400530459E+00 
        82  2.830350772E-03 -2.830350772E-03  6.562000141E-03  1.446409834E+00 
        83  2.835453954E-03 -2.835453954E-03  6.562000606E-03  1.415633676E+00 
        84  2.841583686E-03 -2.841583686E-03  6.562000606E-03  1.386001721E+00 
        85  2.848947421E-03 -2.848947421E-03  6.562000606E-03  1.359461589E+00 
        86  2.857794985E-03 -2.857794985E-03  6.562000141E-03  1.338400799E+00 
        87  2.868429292E-03 -2.868429292E-03  6.562000141E-03  1.324941853E+00 
        88  2.881214023E-03 -2.881214023E-03  6.562000606E-03  1.321726430E+00 
        89  2.896590624E-03 -2.896590624E-03  6.562000141E-03  1.327578102E+00 
        90  2.915092511E-03 -2.915092511E-03  6.562000141E-03  1.348868103E+00 
        91  2.937367884E-03 -2.937367884E-03  6.562000141E-03  1.372344866E+00 
        92  2.973292954E-03 -2.973292954E-03  6.562000606E-03  1.447066228E+00 
        93  3.061023075E-03 -3.061021678E-03  6.562000141E-03  1.564186227E+00 
        94  3.187497612E-03 -3.187495051E-03  6.562000141E-03  1.493504862E+00 
        95  3.312497633E-03 -3.312495071E-03  6.562000141E-03  1.461985168E+00 
        96  3.437497420E-03 -3.437495092E-03  6.562000141E-03  1.549606798E+00 
        97  3.562497441E-03 -3.562495112E-03  6.562000141E-03  1.679956906E+00 
        98  3.687497461E-03 -3.687495133E-03  6.562000141E-03  1.861018351E+00 
        99  3.812497482E-03 -3.812495153E-03  6.562000141E-03  2.076643059E+00 
       100  3.937497735E-03 -3.937494941E-03  6.562000141E-03  2.316865398E+00 
       101  4.812497646E-03 -4.812495317E-03  6.562000141E-03  1.022900926E+00 
       102  4.687497392E-03 -4.687495064E-03  6.562000141E-03  1.098419661E+00 
       103  4.562497605E-03 -4.562495276E-03  6.562000141E-03  1.208679380E+00 
       104  4.437497351E-03 -4.437495023E-03  6.562000141E-03  1.332182869E+00 
       105  4.312497564E-03 -4.312495235E-03  6.562000141E-03  1.577533182E+00 
       106  4.187497776E-03 -4.187494982E-03  6.562000141E-03  2.057087333E+00 
       107  4.062497523E-03 -4.062495194E-03  6.562000141E-03  2.416179482E+00 
       108  4.937497433E-03 -4.937495105E-03  6.562000141E-03  1.032155508E+00 
       109  5.062497687E-03 -5.062495358E-03  6.562000141E-03  1.102913019E+00 
       110  5.187497474E-03 -5.187495146E-03  6.562000141E-03  1.207711136E+00 
       111  5.312497262E-03 -5.312495399E-03  6.562000141E-03  1.293167528E+00 
       112  5.437497515E-03 -5.437495187E-03  6.562000141E-03  1.388844561E+00 
       113  5.562497303E-03 -5.562495440E-03  6.562000141E-03  1.528498977E+00 
       114  5.687497556E-03 -5.687495228E-03  6.562000141E-03  1.641518278E+00 
       115  5.812497344E-03 -5.812495481E-03  6.562000141E-03  1.739938126E+00 
       116  5.937497597E-03 -5.937495269E-03  6.562000141E-03  1.856526064E+00 
       117  6.062497385E-03 -6.062495522E-03  6.562000141E-03  1.900368217E+00 
       118  6.187497173E-03 -6.187495310E-03  6.562000141E-03  1.882340520E+00 
       119  6.312497426E-03 -6.312495563E-03  6.562000141E-03  1.806827548E+00 
       120  6.437497213E-03 -6.437495351E-03  6.562000141E-03  1.808717179E+00 
       121  6.562497467E-03 -6.562495604E-03  6.562000141E-03  1.813012068E+00 
       122  6.687497254E-03 -6.687495392E-03  6.562000141E-03  1.687151551E+00 
       123  6.812497508E-03 -6.812495645E-03  6.562000141E-03  1.585225349E+00 
       124  6.937497295E-03 -6.937495433E-03  6.562000141E-03  1.440468087E+00 
       125  7.062497549E-03 -7.062495220E-03  6.562000141E-03  1.804358117E+00 
       126  7.187497336E-03 -7.187495474E-03  6.562000141E-03  2.314764518E+00 
       127  7.312497124E-03 -7.312495261E-03  6.562000141E-03  1.844126504E+00 
       128  7.437497377E-03 -7.437495515E-03  6.562000141E-03  1.862662779E+00 
       129  7.562497165E-03 -7.562495302E-03  6.562000141E-03  1.967470772E+00 
       130  7.687497418E-03 -7.687495556E-03  6.562000141E-03  2.027342613E+00 
       131  7.812497206E-03 -7.812495343E-03  6.562000141E-03  2.221889654E+00 
       132  7.937497459E-03 -7.937495597E-03  6.562000141E-03  2.516960753E+00 
       133  8.062497713E-03 -8.062495850E-03  6.562000141E-03  2.421704936E+00 
       134  8.187497035E-03 -8.187495172E-03  6.562000141E-03  2.265357928E+00 
       135  8.312497288E-03 -8.312495425E-03  6.562000141E-03  2.062031572E+00 
       136  8.437497541E-03 -8.437495679E-03  6.562000141E-03  1.973233842E+00 
       137  8.562496863E-03 -8.562495932E-03  6.562000141E-03  2.066117509E+00 
       138  8.687497117E-03 -8.687495254E-03  6.562000141E-03  2.256773860E+00 
       139  8.812497370E-03 -8.812495507E-03  6.562000141E-03  2.283807755E+00 
       140  8.937497623E-03 -8.937495761E-03  6.562000141E-03  2.268287865E+00 
       141  9.062496945E-03 -9.062496014E-03  6.562000141E-03  2.549725633E+00 
       142  9.187497199E-03 -9.187495336E-03  6.562000141E-03  2.464165344E+00 
       143  9.312497452E-03 -9.312495589E-03  6.562000141E-03  2.465469339E+00 
       144  9.437496774E-03 -9.437495843E-03  6.562000141E-03  2.380898732E+00 
       145  9.562497027E-03 -9.562496096E-03  6.562000141E-03  2.418740958E+00 
       146  9.687497281E-03 -9.687495418E-03  6.562000141E-03  2.722309104E+00 
       147  9.812497534E-03 -9.812495671E-03  6.562000141E-03  3.022765608E+00 
       148  9.937496856E-03 -9.937495925E-03  6.562000141E-03  3.301921636E+00 
       149  1.006249711E-02 -1.006249525E-02  6.562000141E-03  3.763613108E+00 
       150  1.018749736E-02 -1.018749550E-02  6.562000141E-03  4.113071153E+00 
       151  1.306249667E-02 -1.306249574E-02  6.562000141E-03  5.523383066E+00 
       152  1.318749692E-02 -1.318749599E-02  6.562000141E-03  5.576297274E+00 
       153  1.331249718E-02 -1.331249624E-02  6.562000141E-03  5.621582304E+00 
       154  1.343749650E-02 -1.343749557E-02  6.562000141E-03  5.625803689E+00 
       155  1.356249675E-02 -1.356249582E-02  6.562000141E-03  5.639846731E+00 
       156  1.368749700E-02 -1.368749607E-02  6.562000141E-03  5.807279776E+00 
       157  1.381249633E-02 -1.381249633E-02  6.562000141E-03  5.965417579E+00 
       158  1.393749658E-02 -1.393749565E-02  6.562000141E-03  6.019000725E+00 
       159  1.406249683E-02 -1.406249590E-02  6.562000141E-03  6.094821567E+00 
       160  1.418749709E-02 -1.418749616E-02  6.562000141E-03  6.125253577E+00 
       161  1.431249641E-02 -1.431249641E-02  6.562000141E-03  6.142825999E+00 
       162  1.443749666E-02 -1.443749573E-02  6.562000141E-03  6.163235052E+00 
       163  1.456249692E-02 -1.456249598E-02  6.562000141E-03  6.199943648E+00 
       164  1.468749624E-02 -1.468749624E-02  6.562000141E-03  6.291187511E+00 
       165  1.481249649E-02 -1.481249649E-02  6.562000141E-03  6.406527473E+00 
       166  1.493749674E-02 -1.493749581E-02  6.562000141E-03  6.528724702E+00 
       167  1.506249700E-02 -1.506249607E-02  6.562000141E-03  6.645094587E+00 
       168  1.518749632E-02 -1.518749632E-02  6.562000141E-03  6.745304663E+00 
       169  1.531249657E-02 -1.531249657E-02  6.562000141E-03  6.762435917E+00 
       170  1.543749683E-02 -1.543749589E-02  6.562000141E-03  6.713046559E+00 
       171  1.556249708E-02 -1.556249615E-02  6.562000141E-03  6.666655801E+00 
       172  1.568749547E-02 -1.568749547E-02  6.562000141E-03  6.643589739E+00 
       173  1.581249572E-02 -1.581249572E-02  6.562000141E-03  6.628533590E+00 
       174  1.593749598E-02 -1.593749598E-02  6.562000141E-03  6.632992731E+00 
       175  1.606249623E-02 -1.606249623E-02  6.562000141E-03  6.652724650E+00 
       176  1.618749648E-02 -1.618749648E-02  6.562000141E-03  6.566420620E+00 
       177  1.631249674E-02 -1.631249674E-02  6.562000141E-03  6.481880962E+00 
       178  1.643749699E-02 -1.643749513E-02  6.562000141E-03  6.510504196E+00 
       179  1.656249538E-02 -1.656249538E-02  6.562000141E-03  6.712752309E+00 
       180  1.668749563E-02 -1.668749563E-02  6.562000141E-03  6.939994403E+00 
