cellnumber     x-coordinate     y-coordinate     z-coordinate velocity-magnitude 
         1  1.895638742E-02 -1.895638742E-02  6.562000141E-03  7.226375410E+00 
         2  1.889956929E-02 -1.889956929E-02  6.562000141E-03  7.291156918E+00 
         3  1.880222000E-02 -1.880222559E-02  6.562000141E-03  7.472285623E+00 
         4  1.868749410E-02 -1.868750341E-02  6.562000141E-03  7.807448247E+00 
         5  1.856249385E-02 -1.856250316E-02  6.562000141E-03  8.005274149E+00 
         6  1.843749359E-02 -1.843750291E-02  6.562000141E-03  7.966706589E+00 
         7  1.831249334E-02 -1.831250265E-02  6.562000141E-03  7.798371734E+00 
         8  1.818749309E-02 -1.818750426E-02  6.562000141E-03  7.642607211E+00 
         9  1.806249283E-02 -1.806250401E-02  6.562000141E-03  7.462320327E+00 
        10  1.793749258E-02 -1.793750376E-02  6.562000141E-03  7.365944045E+00 
        11  1.781249419E-02 -1.781250350E-02  6.562000141E-03  7.312256876E+00 
        12  1.768749394E-02 -1.768750325E-02  6.562000141E-03  7.252667674E+00 
        13  1.756249368E-02 -1.756250300E-02  6.562000141E-03  7.259917142E+00 
        14  1.743749343E-02 -1.743750274E-02  6.562000141E-03  7.230666786E+00 
        15  1.731249318E-02 -1.731250249E-02  6.562000141E-03  7.195567159E+00 
        16  1.718749292E-02 -1.718750410E-02  6.562000141E-03  7.185830688E+00 
        17  1.706249267E-02 -1.706250384E-02  6.562000141E-03  7.210751381E+00 
        18  1.693749242E-02 -1.693750359E-02  6.562000141E-03  7.273488231E+00 
        19  1.681249402E-02 -1.681250334E-02  6.562000141E-03  7.308978552E+00 
        20  1.668749377E-02 -1.668750308E-02  6.562000141E-03  7.298191564E+00 
        21  1.656249352E-02 -1.656250283E-02  6.562000141E-03  7.266375457E+00 
        22  1.643749326E-02 -1.643750258E-02  6.562000141E-03  7.224072884E+00 
        23  1.631249301E-02 -1.631250232E-02  6.562000141E-03  7.165472840E+00 
        24  1.618749276E-02 -1.618750393E-02  6.562000141E-03  7.087049968E+00 
        25  1.606249250E-02 -1.606250368E-02  6.562000141E-03  6.997173904E+00 
        26  1.593749411E-02 -1.593750343E-02  6.562000141E-03  6.912802130E+00 
        27  1.581249386E-02 -1.581250317E-02  6.562000141E-03  6.841024874E+00 
        28  1.568749361E-02 -1.568750292E-02  6.562000141E-03  6.800522465E+00 
        29  1.556249335E-02 -1.556250360E-02  6.562000141E-03  6.778936072E+00 
        30  1.543749403E-02 -1.543750335E-02  6.562000141E-03  6.794963451E+00 
        31  1.531249378E-02 -1.531250309E-02  6.562000141E-03  6.814456847E+00 
        32  1.518749353E-02 -1.518750377E-02  6.562000141E-03  6.772161108E+00 
        33  1.506249420E-02 -1.506250352E-02  6.562000141E-03  6.693821733E+00 
        34  1.493749395E-02 -1.493750326E-02  6.562000141E-03  6.617650715E+00 
        35  1.481249370E-02 -1.481250301E-02  6.562000141E-03  6.541814044E+00 
        36  1.468749344E-02 -1.468750369E-02  6.562000141E-03  6.453630213E+00 
        37  1.456249412E-02 -1.456250343E-02  6.562000141E-03  6.350690896E+00 
        38  1.443749387E-02 -1.443750318E-02  6.562000141E-03  6.210002659E+00 
        39  1.431249361E-02 -1.431250293E-02  6.562000141E-03  6.013879470E+00 
        40  1.418749336E-02 -1.418750361E-02  6.562000141E-03  5.894004515E+00 
        41  1.406249404E-02 -1.406250335E-02  6.562000141E-03  5.792148659E+00 
        42  1.081249397E-02 -1.081250329E-02  6.562000141E-03  4.903997923E+00 
        43  1.068749372E-02 -1.068750303E-02  6.562000141E-03  4.797051345E+00 
        44  1.056249440E-02 -1.056250278E-02  6.562000141E-03  4.536101428E+00 
        45  1.043749414E-02 -1.043750346E-02  6.562000141E-03  4.067379657E+00 
        46  1.031249389E-02 -1.031250320E-02  6.562000141E-03  3.491889465E+00 
        47  1.018749457E-02 -1.018750295E-02  6.562000141E-03  3.412918999E+00 
        48  1.006249432E-02 -1.006250270E-02  6.562000141E-03  3.414640333E+00 
        49  9.937494062E-03 -9.937503375E-03  6.562000141E-03  3.232042551E+00 
        50  9.812493809E-03 -9.812503122E-03  6.562000141E-03  3.032722058E+00 
        51  9.687494487E-03 -9.687502868E-03  6.562000141E-03  2.974991119E+00 
        52  9.562494233E-03 -9.562502615E-03  6.562000141E-03  3.125897500E+00 
        53  9.437493980E-03 -9.437503293E-03  6.562000141E-03  3.352939165E+00 
        54  9.312493727E-03 -9.312503040E-03  6.562000141E-03  3.491504748E+00 
        55  9.187494405E-03 -9.187502787E-03  6.562000141E-03  3.161912718E+00 
        56  9.062494151E-03 -9.062502533E-03  6.562000141E-03  2.363755992E+00 
        57  8.937493898E-03 -8.937503211E-03  6.562000141E-03  2.075756568E+00 
        58  8.812494576E-03 -8.812502958E-03  6.562000141E-03  1.967049653E+00 
        59  8.687494323E-03 -8.687502705E-03  6.562000141E-03  2.398890289E+00 
        60  8.562494069E-03 -8.562502451E-03  6.562000141E-03  2.718565570E+00 
        61  8.437493816E-03 -8.437503129E-03  6.562000141E-03  2.632710230E+00 
        62  8.312494494E-03 -8.312502876E-03  6.562000141E-03  2.132409476E+00 
        63  8.187494241E-03 -8.187502623E-03  6.562000141E-03  2.132581449E+00 
        64  8.062493987E-03 -8.062503301E-03  6.562000141E-03  2.173845619E+00 
        65  7.937494665E-03 -7.937503047E-03  6.562000141E-03  2.255168150E+00 
        66  7.812494412E-03 -7.812502794E-03  6.562000141E-03  2.203556145E+00 
        67  7.687494159E-03 -7.687503006E-03  6.562000141E-03  2.094034578E+00 
        68  7.562494371E-03 -7.562502753E-03  6.562000141E-03  1.980222372E+00 
        69  7.437494118E-03 -7.437502965E-03  6.562000141E-03  1.660698625E+00 
        70  7.312494330E-03 -7.312502712E-03  6.562000141E-03  1.343864823E+00 
        71  7.187494077E-03 -7.187502924E-03  6.562000141E-03  1.475015893E+00 
        72  7.062494289E-03 -7.062502671E-03  6.562000141E-03  1.642788027E+00 
        73  6.937494501E-03 -6.937502883E-03  6.562000141E-03  1.827346694E+00 
        74  6.812494248E-03 -6.812502630E-03  6.562000141E-03  1.774008194E+00 
        75  6.687494460E-03 -6.687502842E-03  6.562000141E-03  1.734143827E+00 
        76  6.562494207E-03 -6.562502589E-03  6.562000141E-03  1.724524356E+00 
        77  6.437494420E-03 -6.437502801E-03  6.562000141E-03  1.647335529E+00 
        78  6.312494166E-03 -6.312502548E-03  6.562000141E-03  1.518794666E+00 
        79  6.187494379E-03 -6.187502760E-03  6.562000141E-03  1.454875581E+00 
        80  6.062494591E-03 -6.062502507E-03  6.562000141E-03  1.271115203E+00 
        81  5.937494338E-03 -5.937502719E-03  6.562000141E-03  1.096314595E+00 
        82  5.812494550E-03 -5.812502932E-03  6.562000141E-03  1.111268614E+00 
        83  5.687494297E-03 -5.687502678E-03  6.562000141E-03  1.142573079E+00 
        84  5.562494509E-03 -5.562502891E-03  6.562000141E-03  1.187241275E+00 
        85  5.437494256E-03 -5.437502638E-03  6.562000141E-03  1.194474624E+00 
        86  1.393749379E-02 -1.393750310E-02  6.562000141E-03  5.682555239E+00 
        87  1.381249353E-02 -1.381250285E-02  6.562000141E-03  5.687235181E+00 
        88  1.368749421E-02 -1.368750352E-02  6.562000141E-03  5.760182607E+00 
        89  1.356249396E-02 -1.356250327E-02  6.562000141E-03  5.749686763E+00 
        90  1.343749370E-02 -1.343750302E-02  6.562000141E-03  5.652412516E+00 
        91  1.331249345E-02 -1.331250370E-02  6.562000141E-03  5.584799823E+00 
        92  1.318749413E-02 -1.318750344E-02  6.562000141E-03  5.568312562E+00 
        93  1.306249388E-02 -1.306250319E-02  6.562000141E-03  5.576153093E+00 
        94  1.293749362E-02 -1.293750294E-02  6.562000141E-03  5.556332742E+00 
        95  1.281249430E-02 -1.281250361E-02  6.562000141E-03  5.509292823E+00 
        96  1.268749405E-02 -1.268750336E-02  6.562000141E-03  5.395449434E+00 
        97  1.256249379E-02 -1.256250311E-02  6.562000141E-03  5.291746634E+00 
        98  1.243749354E-02 -1.243750285E-02  6.562000141E-03  5.250841577E+00 
        99  1.231249422E-02 -1.231250353E-02  6.562000141E-03  5.221283408E+00 
       100  1.218749397E-02 -1.218750328E-02  6.562000141E-03  5.241962492E+00 
       101  1.206249371E-02 -1.206250302E-02  6.562000141E-03  5.253538596E+00 
       102  1.193749439E-02 -1.193750277E-02  6.562000141E-03  5.209907344E+00 
       103  1.181249414E-02 -1.181250345E-02  6.562000141E-03  5.145571403E+00 
       104  1.168749388E-02 -1.168750320E-02  6.562000141E-03  5.151158268E+00 
       105  1.156249363E-02 -1.156250294E-02  6.562000141E-03  5.161877296E+00 
       106  1.143749431E-02 -1.143750269E-02  6.562000141E-03  5.162984171E+00 
       107  1.131249405E-02 -1.131250337E-02  6.562000141E-03  5.124044545E+00 
       108  1.118749380E-02 -1.118750311E-02  6.562000141E-03  5.048719624E+00 
       109  1.106249448E-02 -1.106250286E-02  6.562000141E-03  4.961874075E+00 
       110  1.093749423E-02 -1.093750354E-02  6.562000141E-03  4.938242786E+00 
       111  4.687494598E-03 -4.687502515E-03  6.562000141E-03  1.698759087E+00 
       112  1.959007420E-02 -1.959007420E-02  6.562000141E-03  7.644546780E+00 
       113  1.966207288E-02 -1.966207288E-02  6.562000141E-03  7.910929914E+00 
       114  1.973407343E-02 -1.973407343E-02  6.562000141E-03  7.847440711E+00 
       115  1.980607398E-02 -1.980607398E-02  6.562000141E-03  7.953524816E+00 
       116  1.987807266E-02 -1.987807266E-02  6.562000141E-03  7.651748911E+00 
       117  1.995007321E-02 -1.995007321E-02  6.562000141E-03  7.623718475E+00 
       118  2.002207376E-02 -2.002207376E-02  6.562000141E-03  7.331431724E+00 
       119  2.009407245E-02 -2.009407245E-02  6.562000141E-03  7.429578239E+00 
       120  2.016607299E-02 -2.016607299E-02  6.562000141E-03  7.305589867E+00 
       121  2.023807354E-02 -2.023807354E-02  6.562000141E-03  7.345993895E+00 
       122  2.031007409E-02 -2.031007409E-02  6.562000141E-03  7.326337734E+00 
       123  2.038207278E-02 -2.038207278E-02  6.562000141E-03  7.249005113E+00 
       124  2.045407332E-02 -2.045407332E-02  6.562000141E-03  7.272650051E+00 
       125  2.052607387E-02 -2.052607387E-02  6.562000141E-03  7.154812843E+00 
       126  2.059807442E-02 -2.059807442E-02  6.562000141E-03  7.131343094E+00 
       127  2.067007311E-02 -2.067007311E-02  6.562000141E-03  6.943530346E+00 
       128  2.074207366E-02 -2.074207366E-02  6.562000141E-03  6.867668083E+00 
       129  2.081407234E-02 -2.081407234E-02  6.562000141E-03  6.552902580E+00 
       130  2.088592015E-02 -2.088592015E-02  6.562000141E-03  6.350686912E+00 
       131  2.093681321E-02 -2.093681321E-02  6.562000606E-03  6.312762855E+00 
       132  2.101956122E-02 -2.101956122E-02  6.562000606E-03  6.366196026E+00 
       133  2.107902244E-02 -2.107902244E-02  6.562000606E-03  6.443364963E+00 
       134  2.110386454E-02 -2.110386454E-02  6.562000606E-03  6.560010924E+00 
       135  2.112595551E-02 -2.112595551E-02  6.562000606E-03  6.544068608E+00 
       136  2.114437334E-02 -2.114437334E-02  6.562000606E-03  6.283071732E+00 
       137  2.115972713E-02 -2.115972713E-02  6.562000606E-03  5.692218017E+00 
       138  2.121082321E-02 -2.121082321E-02  6.562000141E-03  3.495230646E-01 
       139  2.120567486E-02 -2.120567486E-02  6.562000606E-03  1.049778277E+00 
       140  2.119949833E-02 -2.119949833E-02  6.562000141E-03  1.874455642E+00 
       141  2.119208500E-02 -2.119208500E-02  6.562000606E-03  2.817472310E+00 
       142  2.118319459E-02 -2.118319459E-02  6.562000141E-03  3.833909956E+00 
       143  2.117252536E-02 -2.117252536E-02  6.562000141E-03  4.834766642E+00 
       144  1.951807365E-02 -1.951807365E-02  6.562000141E-03  7.755922616E+00 
       145  1.944607310E-02 -1.944607310E-02  6.562000141E-03  7.427436989E+00 
       146  1.937407255E-02 -1.937407441E-02  6.562000141E-03  7.507312831E+00 
       147  1.930207387E-02 -1.930207387E-02  6.562000141E-03  7.185829222E+00 
       148  1.923859492E-02 -1.923859492E-02  6.562000141E-03  7.193922831E+00 
       149  1.914011873E-02 -1.914011873E-02  6.562000141E-03  7.220421609E+00 
       150  1.905349456E-02 -1.905349456E-02  6.562000606E-03  6.885811697E+00 
       151  1.899245940E-02 -1.899245940E-02  6.562000606E-03  7.125950026E+00 
       152  2.830386860E-03 -2.830386860E-03  6.562000606E-03  1.467150143E+00 
       153  2.835483057E-03 -2.835483057E-03  6.562000141E-03  1.465336803E+00 
       154  2.841604175E-03 -2.841604175E-03  6.562000141E-03  1.454575458E+00 
       155  2.848957200E-03 -2.848957200E-03  6.562000141E-03  1.431613832E+00 
       156  2.857792191E-03 -2.857792191E-03  6.562000141E-03  1.394257417E+00 
       157  2.868410433E-03 -2.868410433E-03  6.562000141E-03  1.342722050E+00 
       158  2.881176071E-03 -2.881176071E-03  6.562000141E-03  1.282437027E+00 
       159  2.896528924E-03 -2.896528924E-03  6.562000141E-03  1.222119322E+00 
       160  2.915001474E-03 -2.915001474E-03  6.562000141E-03  1.172686794E+00 
       161  2.937239828E-03 -2.937239828E-03  6.562000141E-03  1.129677691E+00 
       162  2.974424278E-03 -2.974424278E-03  6.562000141E-03  1.083684429E+00 
       163  3.062227275E-03 -3.062231233E-03  6.562000141E-03  9.499937155E-01 
       164  3.187494585E-03 -3.187502502E-03  6.562000141E-03  8.540042439E-01 
       165  3.312494373E-03 -3.312502289E-03  6.562000141E-03  1.152670300E+00 
       166  3.437494393E-03 -3.437502310E-03  6.562000141E-03  1.609130099E+00 
       167  3.562494414E-03 -3.562502330E-03  6.562000141E-03  1.884469299E+00 
       168  3.687494434E-03 -3.687502351E-03  6.562000141E-03  2.084809773E+00 
       169  3.812494455E-03 -3.812502371E-03  6.562000141E-03  2.133049695E+00 
       170  3.937494475E-03 -3.937502392E-03  6.562000141E-03  2.426092651E+00 
       171  4.062494729E-03 -4.062502645E-03  6.562000141E-03  2.771349162E+00 
       172  4.187494516E-03 -4.187502433E-03  6.562000141E-03  2.742006755E+00 
       173  4.312494304E-03 -4.312502686E-03  6.562000141E-03  2.463322080E+00 
       174  4.437494557E-03 -4.437502474E-03  6.562000141E-03  2.046569121E+00 
       175  4.562494345E-03 -4.562502727E-03  6.562000141E-03  1.797015886E+00 
       176  4.812494386E-03 -4.812502768E-03  6.562000141E-03  1.576202542E+00 
       177  4.937494639E-03 -4.937502556E-03  6.562000141E-03  1.393932050E+00 
       178  5.062494427E-03 -5.062502809E-03  6.562000141E-03  1.315594418E+00 
       179  5.187494215E-03 -5.187502597E-03  6.562000141E-03  1.287723349E+00 
       180  5.312494468E-03 -5.312502850E-03  6.562000141E-03  1.225676858E+00 
