cellnumber     x-coordinate     y-coordinate     z-coordinate velocity-magnitude 
         1  2.121082321E-02 -2.121082321E-02  6.562000141E-03  4.580314947E-01 
         2  2.120567486E-02 -2.120567486E-02  6.562000606E-03  1.365123819E+00 
         3  2.119949833E-02 -2.119949833E-02  6.562000141E-03  2.415898400E+00 
         4  2.119208500E-02 -2.119208500E-02  6.562000606E-03  3.584218666E+00 
         5  2.118319459E-02 -2.118319459E-02  6.562000141E-03  4.764704614E+00 
         6  2.117252536E-02 -2.117252536E-02  6.562000141E-03  5.749018592E+00 
         7  1.951807365E-02 -1.951807365E-02  6.562000141E-03  7.452054146E+00 
         8  1.944607310E-02 -1.944607310E-02  6.562000141E-03  7.518763761E+00 
         9  1.937407255E-02 -1.937407441E-02  6.562000141E-03  7.469248958E+00 
        10  1.930207387E-02 -1.930207387E-02  6.562000141E-03  7.492612758E+00 
        11  1.923859492E-02 -1.923859492E-02  6.562000141E-03  7.477074099E+00 
        12  1.914011873E-02 -1.914011873E-02  6.562000141E-03  7.372130323E+00 
        13  1.905349456E-02 -1.905349456E-02  6.562000606E-03  7.391501597E+00 
        14  1.899245940E-02 -1.899245940E-02  6.562000606E-03  7.260564533E+00 
        15  1.959007420E-02 -1.959007420E-02  6.562000141E-03  7.424334596E+00 
        16  1.966207288E-02 -1.966207288E-02  6.562000141E-03  7.258757339E+00 
        17  1.973407343E-02 -1.973407343E-02  6.562000141E-03  7.225621308E+00 
        18  1.980607398E-02 -1.980607398E-02  6.562000141E-03  7.242179287E+00 
        19  1.987807266E-02 -1.987807266E-02  6.562000141E-03  7.298132986E+00 
        20  1.995007321E-02 -1.995007321E-02  6.562000141E-03  7.393817267E+00 
        21  2.002207376E-02 -2.002207376E-02  6.562000141E-03  7.395881555E+00 
        22  2.009407245E-02 -2.009407245E-02  6.562000141E-03  7.399681604E+00 
        23  2.016607299E-02 -2.016607299E-02  6.562000141E-03  7.329631748E+00 
        24  2.023807354E-02 -2.023807354E-02  6.562000141E-03  7.208196512E+00 
        25  2.031007409E-02 -2.031007409E-02  6.562000141E-03  7.103790240E+00 
        26  2.038207278E-02 -2.038207278E-02  6.562000141E-03  6.956034901E+00 
        27  2.045407332E-02 -2.045407332E-02  6.562000141E-03  6.877884043E+00 
        28  2.052607387E-02 -2.052607387E-02  6.562000141E-03  6.712837061E+00 
        29  2.059807442E-02 -2.059807442E-02  6.562000141E-03  6.572711822E+00 
        30  2.067007311E-02 -2.067007311E-02  6.562000141E-03  6.345260153E+00 
        31  2.074207366E-02 -2.074207366E-02  6.562000141E-03  6.221977242E+00 
        32  2.081407234E-02 -2.081407234E-02  6.562000141E-03  6.110356506E+00 
        33  2.088592015E-02 -2.088592015E-02  6.562000141E-03  5.955756292E+00 
        34  2.093681321E-02 -2.093681321E-02  6.562000606E-03  5.961620225E+00 
        35  2.101956122E-02 -2.101956122E-02  6.562000606E-03  5.972274921E+00 
        36  2.107902244E-02 -2.107902244E-02  6.562000606E-03  6.051720111E+00 
        37  2.110386454E-02 -2.110386454E-02  6.562000606E-03  6.215131253E+00 
        38  2.112595551E-02 -2.112595551E-02  6.562000606E-03  6.357682431E+00 
        39  2.114437334E-02 -2.114437334E-02  6.562000606E-03  6.440744827E+00 
        40  2.115972713E-02 -2.115972713E-02  6.562000606E-03  6.310414370E+00 
        41  4.687494598E-03 -4.687502515E-03  6.562000141E-03  1.114532940E+00 
        42  1.895638742E-02 -1.895638742E-02  6.562000141E-03  7.212472163E+00 
        43  1.889957115E-02 -1.889957115E-02  6.562000606E-03  7.208313050E+00 
        44  1.880222000E-02 -1.880222373E-02  6.562000141E-03  7.146909459E+00 
        45  1.868749410E-02 -1.868750341E-02  6.562000141E-03  7.064724112E+00 
        46  1.856249385E-02 -1.856250316E-02  6.562000141E-03  7.122080241E+00 
        47  1.843749359E-02 -1.843750291E-02  6.562000141E-03  7.487149916E+00 
        48  1.831249334E-02 -1.831250265E-02  6.562000141E-03  7.841827179E+00 
        49  1.818749309E-02 -1.818750240E-02  6.562000141E-03  7.941125894E+00 
        50  1.806249283E-02 -1.806250215E-02  6.562000141E-03  7.912674336E+00 
        51  1.793749444E-02 -1.793750376E-02  6.562000141E-03  7.826711406E+00 
        52  1.781249419E-02 -1.781250350E-02  6.562000141E-03  7.711243516E+00 
        53  1.768749394E-02 -1.768750325E-02  6.562000141E-03  7.563521321E+00 
        54  1.756249368E-02 -1.756250300E-02  6.562000141E-03  7.448521826E+00 
        55  1.743749343E-02 -1.743750274E-02  6.562000141E-03  7.574947619E+00 
        56  1.731249318E-02 -1.731250249E-02  6.562000141E-03  7.815165692E+00 
        57  1.718749292E-02 -1.718750224E-02  6.562000141E-03  7.779295179E+00 
        58  1.706249453E-02 -1.706250384E-02  6.562000141E-03  7.656192678E+00 
        59  1.693749428E-02 -1.693750359E-02  6.562000141E-03  7.540581246E+00 
        60  1.681249402E-02 -1.681250334E-02  6.562000141E-03  7.648358425E+00 
        61  1.668749377E-02 -1.668750308E-02  6.562000141E-03  7.773389753E+00 
        62  1.656249352E-02 -1.656250283E-02  6.562000141E-03  7.636848856E+00 
        63  1.643749326E-02 -1.643750258E-02  6.562000141E-03  7.459802531E+00 
        64  1.631249301E-02 -1.631250232E-02  6.562000141E-03  7.346123045E+00 
        65  1.618749462E-02 -1.618750207E-02  6.562000141E-03  7.255824999E+00 
        66  1.606249437E-02 -1.606250368E-02  6.562000141E-03  7.186927082E+00 
        67  1.593749411E-02 -1.593750343E-02  6.562000141E-03  7.133003579E+00 
        68  1.581249386E-02 -1.581250317E-02  6.562000141E-03  7.031010424E+00 
        69  1.568749361E-02 -1.568750292E-02  6.562000141E-03  6.964181044E+00 
        70  1.556249429E-02 -1.556250267E-02  6.562000141E-03  6.897088456E+00 
        71  1.543749403E-02 -1.543750335E-02  6.562000141E-03  6.767402170E+00 
        72  1.531249378E-02 -1.531250309E-02  6.562000141E-03  6.617999669E+00 
        73  1.518749446E-02 -1.518750284E-02  6.562000141E-03  6.465558106E+00 
        74  1.506249420E-02 -1.506250352E-02  6.562000141E-03  6.338852237E+00 
        75  1.493749395E-02 -1.493750326E-02  6.562000141E-03  6.261593601E+00 
        76  1.481249370E-02 -1.481250301E-02  6.562000141E-03  6.205344768E+00 
        77  1.468749437E-02 -1.468750276E-02  6.562000141E-03  6.095129853E+00 
        78  1.456249412E-02 -1.456250343E-02  6.562000141E-03  5.935250041E+00 
        79  1.443749387E-02 -1.443750318E-02  6.562000141E-03  5.850907157E+00 
        80  1.431249455E-02 -1.431250293E-02  6.562000141E-03  5.857680949E+00 
        81  1.418749429E-02 -1.418750267E-02  6.562000141E-03  5.855981819E+00 
        82  1.406249404E-02 -1.406250335E-02  6.562000141E-03  5.791683210E+00 
        83  2.830386860E-03 -2.830386860E-03  6.562000606E-03  1.419852103E+00 
        84  2.835483057E-03 -2.835483057E-03  6.562000606E-03  1.337527759E+00 
        85  2.841603942E-03 -2.841603942E-03  6.562000606E-03  1.249611135E+00 
        86  2.848957200E-03 -2.848957200E-03  6.562000606E-03  1.160894009E+00 
        87  2.857792191E-03 -2.857792191E-03  6.562000141E-03  1.080599521E+00 
        88  2.868410433E-03 -2.868410433E-03  6.562000141E-03  1.022034228E+00 
        89  2.881176071E-03 -2.881176071E-03  6.562000606E-03  9.955648558E-01 
        90  2.896528924E-03 -2.896528924E-03  6.562000606E-03  9.993507515E-01 
        91  2.915001474E-03 -2.915001474E-03  6.561999675E-03  1.030407393E+00 
        92  2.937239595E-03 -2.937239595E-03  6.562000141E-03  1.071158093E+00 
        93  2.974424278E-03 -2.974424278E-03  6.562000141E-03  1.118160100E+00 
        94  3.062227275E-03 -3.062231001E-03  6.562000141E-03  1.283278465E+00 
        95  3.187494585E-03 -3.187502269E-03  6.562000141E-03  1.351462014E+00 
        96  3.312494606E-03 -3.312502289E-03  6.562000141E-03  1.390202057E+00 
        97  3.437494626E-03 -3.437502310E-03  6.562000141E-03  1.531262082E+00 
        98  3.562494414E-03 -3.562502330E-03  6.562000141E-03  1.516832294E+00 
        99  3.687494434E-03 -3.687502351E-03  6.562000141E-03  1.259686046E+00 
       100  3.812494455E-03 -3.812502371E-03  6.562000141E-03  8.805263399E-01 
       101  3.937494475E-03 -3.937502392E-03  6.562000141E-03  5.968205276E-01 
       102  4.062494729E-03 -4.062502645E-03  6.562000141E-03  3.462523844E-01 
       103  4.187494516E-03 -4.187502433E-03  6.562000141E-03  5.733017920E-01 
       104  4.312494770E-03 -4.312502686E-03  6.562000141E-03  5.567834528E-01 
       105  4.437494557E-03 -4.437502474E-03  6.562000141E-03  4.014449831E-01 
       106  4.562494811E-03 -4.562502727E-03  6.562000141E-03  6.918745265E-01 
       107  4.812494386E-03 -4.812502302E-03  6.562000141E-03  1.211650733E+00 
       108  4.937494639E-03 -4.937502556E-03  6.562000141E-03  1.148475144E+00 
       109  5.062494427E-03 -5.062502343E-03  6.562000141E-03  1.130267180E+00 
       110  5.187494680E-03 -5.187502597E-03  6.562000141E-03  1.116639916E+00 
       111  5.312494468E-03 -5.312502384E-03  6.562000141E-03  1.244288484E+00 
       112  1.081249397E-02 -1.081250329E-02  6.562000141E-03  4.814552687E+00 
       113  1.068749465E-02 -1.068750303E-02  6.562000141E-03  4.692420747E+00 
       114  1.056249440E-02 -1.056250278E-02  6.562000141E-03  4.592607961E+00 
       115  1.043749414E-02 -1.043750253E-02  6.562000141E-03  4.414115535E+00 
       116  1.031249389E-02 -1.031250320E-02  6.562000141E-03  4.146621857E+00 
       117  1.018749457E-02 -1.018750295E-02  6.562000141E-03  3.687684992E+00 
       118  1.006249432E-02 -1.006250270E-02  6.562000141E-03  3.412002931E+00 
       119  9.937494062E-03 -9.937502444E-03  6.562000141E-03  3.472395101E+00 
       120  9.812494740E-03 -9.812503122E-03  6.562000141E-03  4.142499809E+00 
       121  9.687494487E-03 -9.687502868E-03  6.562000141E-03  4.796899861E+00 
       122  9.562494233E-03 -9.562502615E-03  6.562000141E-03  4.369804860E+00 
       123  9.437493980E-03 -9.437502362E-03  6.562000141E-03  3.971228898E+00 
       124  9.312494658E-03 -9.312503040E-03  6.562000141E-03  3.619742271E+00 
       125  9.187494405E-03 -9.187502787E-03  6.562000141E-03  3.206256663E+00 
       126  9.062494151E-03 -9.062502533E-03  6.562000141E-03  2.484117569E+00 
       127  8.937494829E-03 -8.937503211E-03  6.562000141E-03  1.691103746E+00 
       128  8.812494576E-03 -8.812502958E-03  6.562000141E-03  1.608338992E+00 
       129  8.687494323E-03 -8.687502705E-03  6.562000141E-03  1.782883661E+00 
       130  8.562494069E-03 -8.562502451E-03  6.562000141E-03  2.420969922E+00 
       131  8.437494747E-03 -8.437503129E-03  6.562000141E-03  2.971335535E+00 
       132  8.312494494E-03 -8.312502876E-03  6.562000141E-03  3.131150514E+00 
       133  8.187494241E-03 -8.187502623E-03  6.562000141E-03  3.000628294E+00 
       134  8.062493987E-03 -8.062502369E-03  6.562000141E-03  2.425908900E+00 
       135  7.937494665E-03 -7.937503047E-03  6.562000141E-03  1.831084998E+00 
       136  7.812494412E-03 -7.812502794E-03  6.562000141E-03  1.643855448E+00 
       137  7.687494624E-03 -7.687502541E-03  6.562000141E-03  1.731706542E+00 
       138  7.562494371E-03 -7.562502753E-03  6.562000141E-03  1.863656321E+00 
       139  7.437494583E-03 -7.437502500E-03  6.562000141E-03  2.067314903E+00 
       140  7.312494330E-03 -7.312502712E-03  6.562000141E-03  2.145927988E+00 
       141  7.187494542E-03 -7.187502459E-03  6.562000141E-03  2.135267583E+00 
       142  7.062494289E-03 -7.062502671E-03  6.562000141E-03  2.114618550E+00 
       143  6.937494501E-03 -6.937502418E-03  6.562000141E-03  2.083365909E+00 
       144  6.812494248E-03 -6.812502630E-03  6.562000141E-03  1.978891276E+00 
       145  6.687494460E-03 -6.687502842E-03  6.562000141E-03  1.862256106E+00 
       146  6.562494673E-03 -6.562502589E-03  6.562000141E-03  1.779417468E+00 
       147  6.437494420E-03 -6.437502801E-03  6.562000141E-03  1.723105578E+00 
       148  6.312494632E-03 -6.312502548E-03  6.562000141E-03  1.689783071E+00 
       149  6.187494379E-03 -6.187502760E-03  6.562000141E-03  1.682174548E+00 
       150  6.062494591E-03 -6.062502507E-03  6.562000141E-03  1.684299784E+00 
       151  5.937494338E-03 -5.937502719E-03  6.562000141E-03  1.685386071E+00 
       152  5.812494550E-03 -5.812502466E-03  6.562000141E-03  1.720096719E+00 
       153  5.687494297E-03 -5.687502678E-03  6.562000141E-03  1.768971830E+00 
       154  5.562494509E-03 -5.562502425E-03  6.562000141E-03  1.733692926E+00 
       155  5.437494721E-03 -5.437502638E-03  6.562000141E-03  1.523935481E+00 
       156  1.393749379E-02 -1.393750310E-02  6.562000141E-03  5.668204602E+00 
       157  1.381249446E-02 -1.381250285E-02  6.562000141E-03  5.486764668E+00 
       158  1.368749421E-02 -1.368750259E-02  6.562000141E-03  5.277836160E+00 
       159  1.356249396E-02 -1.356250327E-02  6.562000141E-03  5.166384736E+00 
       160  1.343749370E-02 -1.343750302E-02  6.562000141E-03  5.218692230E+00 
       161  1.331249438E-02 -1.331250276E-02  6.562000141E-03  5.294717118E+00 
       162  1.318749413E-02 -1.318750251E-02  6.562000141E-03  5.365369498E+00 
       163  1.306249388E-02 -1.306250319E-02  6.562000141E-03  5.511965001E+00 
       164  1.293749455E-02 -1.293750294E-02  6.562000141E-03  5.585818111E+00 
       165  1.281249430E-02 -1.281250268E-02  6.562000141E-03  5.570914581E+00 
       166  1.268749405E-02 -1.268750336E-02  6.562000141E-03  5.552600547E+00 
       167  1.256249379E-02 -1.256250311E-02  6.562000141E-03  5.479938504E+00 
       168  1.243749447E-02 -1.243750285E-02  6.562000141E-03  5.367121378E+00 
       169  1.231249422E-02 -1.231250260E-02  6.562000141E-03  5.280575280E+00 
       170  1.218749397E-02 -1.218750328E-02  6.562000141E-03  5.291805068E+00 
       171  1.206249464E-02 -1.206250302E-02  6.562000141E-03  5.380813236E+00 
       172  1.193749439E-02 -1.193750277E-02  6.562000141E-03  5.521401619E+00 
       173  1.181249414E-02 -1.181250252E-02  6.562000141E-03  5.669690684E+00 
       174  1.168749388E-02 -1.168750320E-02  6.562000141E-03  5.637143623E+00 
       175  1.156249456E-02 -1.156250294E-02  6.562000141E-03  5.464819073E+00 
       176  1.143749431E-02 -1.143750269E-02  6.562000141E-03  5.264642501E+00 
       177  1.131249405E-02 -1.131250244E-02  6.562000141E-03  5.093151932E+00 
       178  1.118749473E-02 -1.118750311E-02  6.562000141E-03  4.950125289E+00 
       179  1.106249448E-02 -1.106250286E-02  6.562000141E-03  4.859099028E+00 
       180  1.093749423E-02 -1.093750261E-02  6.562000141E-03  4.826656685E+00 
