cellnumber     x-coordinate     y-coordinate     z-coordinate velocity-magnitude 
         1  1.951807365E-02 -1.951807365E-02  6.562000141E-03  6.410983849E+00 
         2  1.944607310E-02 -1.944607310E-02  6.562000141E-03  6.458796487E+00 
         3  1.937407255E-02 -1.937407441E-02  6.562000141E-03  6.487739564E+00 
         4  1.930207387E-02 -1.930207387E-02  6.562000141E-03  6.530550837E+00 
         5  1.923859492E-02 -1.923859492E-02  6.562000141E-03  6.641542899E+00 
         6  1.914011873E-02 -1.914011873E-02  6.562000141E-03  6.743938753E+00 
         7  1.905349456E-02 -1.905349456E-02  6.562000606E-03  6.753362776E+00 
         8  1.899245940E-02 -1.899245940E-02  6.562000606E-03  6.911323704E+00 
         9  2.121082321E-02 -2.121082321E-02  6.562000141E-03  3.556124324E-01 
        10  2.120567486E-02 -2.120567486E-02  6.562000606E-03  1.065730202E+00 
        11  2.119949833E-02 -2.119949833E-02  6.562000141E-03  1.899561669E+00 
        12  2.119208500E-02 -2.119208500E-02  6.562000606E-03  2.855984930E+00 
        13  2.118319459E-02 -2.118319459E-02  6.562000141E-03  3.907138912E+00 
        14  2.117252536E-02 -2.117252536E-02  6.562000141E-03  4.984555247E+00 
        15  1.959007420E-02 -1.959007420E-02  6.562000141E-03  6.536778936E+00 
        16  1.966207288E-02 -1.966207288E-02  6.562000141E-03  6.584829992E+00 
        17  1.973407343E-02 -1.973407343E-02  6.562000141E-03  6.772278131E+00 
        18  1.980607398E-02 -1.980607398E-02  6.562000141E-03  6.761108087E+00 
        19  1.987807266E-02 -1.987807266E-02  6.562000141E-03  6.958779845E+00 
        20  1.995007321E-02 -1.995007321E-02  6.562000141E-03  6.949734496E+00 
        21  2.002207376E-02 -2.002207376E-02  6.562000141E-03  7.164981045E+00 
        22  2.009407245E-02 -2.009407245E-02  6.562000141E-03  7.162881149E+00 
        23  2.016607299E-02 -2.016607299E-02  6.562000141E-03  7.326387250E+00 
        24  2.023807354E-02 -2.023807354E-02  6.562000141E-03  7.274344099E+00 
        25  2.031007409E-02 -2.031007409E-02  6.562000141E-03  7.276457990E+00 
        26  2.038207278E-02 -2.038207278E-02  6.562000141E-03  7.140386644E+00 
        27  2.045407332E-02 -2.045407332E-02  6.562000141E-03  7.144634024E+00 
        28  2.052607387E-02 -2.052607387E-02  6.562000141E-03  7.104311760E+00 
        29  2.059807442E-02 -2.059807442E-02  6.562000141E-03  7.199176493E+00 
        30  2.067007311E-02 -2.067007311E-02  6.562000141E-03  7.132710187E+00 
        31  2.074207366E-02 -2.074207366E-02  6.562000141E-03  7.108830331E+00 
        32  2.081407234E-02 -2.081407234E-02  6.562000141E-03  7.076006683E+00 
        33  2.088592015E-02 -2.088592015E-02  6.562000141E-03  7.115499335E+00 
        34  2.093681321E-02 -2.093681321E-02  6.562000606E-03  7.147639006E+00 
        35  2.101956122E-02 -2.101956122E-02  6.562000606E-03  7.295723514E+00 
        36  2.107902244E-02 -2.107902244E-02  6.562000606E-03  7.378462075E+00 
        37  2.110386454E-02 -2.110386454E-02  6.562000606E-03  7.380047962E+00 
        38  2.112595551E-02 -2.112595551E-02  6.562000606E-03  7.224990696E+00 
        39  2.114437334E-02 -2.114437334E-02  6.562000606E-03  6.764106129E+00 
        40  2.115972713E-02 -2.115972713E-02  6.562000606E-03  5.982597126E+00 
        41  1.895486377E-02 -1.895486377E-02  6.561999675E-03  7.028452209E+00 
        42  1.889866963E-02 -1.889866963E-02  6.562000141E-03  6.934396689E+00 
        43  1.880285516E-02 -1.880285330E-02  6.562000141E-03  7.028367134E+00 
        44  1.868750341E-02 -1.868749969E-02  6.562000141E-03  7.189493164E+00 
        45  1.856250316E-02 -1.856249943E-02  6.562000141E-03  7.252252105E+00 
        46  1.843750291E-02 -1.843749918E-02  6.562000141E-03  7.231669639E+00 
        47  1.831250452E-02 -1.831249893E-02  6.562000141E-03  7.302089104E+00 
        48  1.818750426E-02 -1.818749867E-02  6.562000141E-03  7.305419041E+00 
        49  1.806250401E-02 -1.806249842E-02  6.562000141E-03  7.351396819E+00 
        50  1.793750376E-02 -1.793750003E-02  6.562000141E-03  7.492603738E+00 
        51  1.781250350E-02 -1.781249978E-02  6.562000141E-03  7.512852102E+00 
        52  1.768750325E-02 -1.768749952E-02  6.562000141E-03  7.283327917E+00 
        53  1.756250300E-02 -1.756249927E-02  6.562000141E-03  7.273014892E+00 
        54  1.743750460E-02 -1.743749902E-02  6.562000141E-03  7.446155808E+00 
        55  1.731250435E-02 -1.731249876E-02  6.562000141E-03  7.653861840E+00 
        56  1.718750410E-02 -1.718749851E-02  6.562000141E-03  7.845521344E+00 
        57  1.706250384E-02 -1.706249826E-02  6.562000141E-03  7.976004220E+00 
        58  1.693750359E-02 -1.693749987E-02  6.562000141E-03  8.137769135E+00 
        59  1.681250334E-02 -1.681249961E-02  6.562000141E-03  7.843094344E+00 
        60  1.668750308E-02 -1.668749936E-02  6.562000141E-03  7.709666392E+00 
        61  1.656250283E-02 -1.656249911E-02  6.562000141E-03  7.411471952E+00 
        62  1.643750444E-02 -1.643749885E-02  6.562000141E-03  7.186935179E+00 
        63  1.631250419E-02 -1.631249860E-02  6.562000141E-03  7.029614778E+00 
        64  1.618750393E-02 -1.618749835E-02  6.562000141E-03  6.960924896E+00 
        65  1.606250368E-02 -1.606249996E-02  6.562000141E-03  6.911545043E+00 
        66  1.281250454E-02 -1.281249896E-02  6.562000141E-03  5.884364781E+00 
        67  1.268750429E-02 -1.268749870E-02  6.562000141E-03  5.724761502E+00 
        68  1.256250404E-02 -1.256249938E-02  6.562000141E-03  5.445009754E+00 
        69  1.243750472E-02 -1.243749913E-02  6.562000141E-03  5.170885410E+00 
        70  1.231250446E-02 -1.231249887E-02  6.562000141E-03  5.052936833E+00 
        71  1.218750421E-02 -1.218749862E-02  6.562000141E-03  4.946707833E+00 
        72  1.206250396E-02 -1.206249930E-02  6.562000141E-03  4.803238966E+00 
        73  1.193750463E-02 -1.193749905E-02  6.562000141E-03  4.809010128E+00 
        74  1.181250438E-02 -1.181249879E-02  6.562000141E-03  4.855008596E+00 
        75  1.168750413E-02 -1.168749854E-02  6.562000141E-03  4.871821927E+00 
        76  1.156250481E-02 -1.156249922E-02  6.562000141E-03  4.880635715E+00 
        77  1.143750455E-02 -1.143749896E-02  6.562000141E-03  4.860119286E+00 
        78  1.131250430E-02 -1.131249871E-02  6.562000141E-03  4.837686986E+00 
        79  1.118750405E-02 -1.118749846E-02  6.562000141E-03  4.765052193E+00 
        80  1.106250472E-02 -1.106249914E-02  6.562000141E-03  4.644180426E+00 
        81  1.093750447E-02 -1.093749888E-02  6.562000141E-03  4.508125236E+00 
        82  1.081250422E-02 -1.081249863E-02  6.562000141E-03  4.375347115E+00 
        83  1.068750490E-02 -1.068749931E-02  6.562000141E-03  4.380104553E+00 
        84  1.056250464E-02 -1.056249905E-02  6.562000141E-03  4.341898223E+00 
        85  1.043750439E-02 -1.043749880E-02  6.562000141E-03  3.963565211E+00 
        86  1.031250414E-02 -1.031249855E-02  6.562000141E-03  3.526153794E+00 
        87  1.018750481E-02 -1.018749923E-02  6.562000141E-03  3.438719917E+00 
        88  1.006250456E-02 -1.006249897E-02  6.562000141E-03  3.189992838E+00 
        89  9.937504306E-03 -9.937498719E-03  6.562000141E-03  2.770343980E+00 
        90  9.812504984E-03 -9.812498465E-03  6.562000141E-03  2.335539313E+00 
        91  9.687504731E-03 -9.687499143E-03  6.562000141E-03  2.417614362E+00 
        92  9.562504478E-03 -9.562498890E-03  6.562000141E-03  2.869265820E+00 
        93  9.437504224E-03 -9.437498637E-03  6.562000141E-03  3.768338521E+00 
        94  9.312504902E-03 -9.312498383E-03  6.562000141E-03  4.581975207E+00 
        95  9.187504649E-03 -9.187499061E-03  6.562000141E-03  4.239038206E+00 
        96  9.062504396E-03 -9.062498808E-03  6.562000141E-03  3.913723070E+00 
        97  8.937505074E-03 -8.937498555E-03  6.562000141E-03  3.422089882E+00 
        98  8.812504821E-03 -8.812498301E-03  6.562000141E-03  3.090716680E+00 
        99  8.687504567E-03 -8.687498979E-03  6.562000141E-03  2.985059277E+00 
       100  8.562504314E-03 -8.562498726E-03  6.562000141E-03  2.580369011E+00 
       101  8.437504992E-03 -8.437498473E-03  6.562000141E-03  2.486169594E+00 
       102  8.312504739E-03 -8.312498219E-03  6.562000141E-03  2.580171263E+00 
       103  8.187504485E-03 -8.187498897E-03  6.562000141E-03  1.815350758E+00 
       104  8.062505163E-03 -8.062498644E-03  6.562000141E-03  1.852082870E+00 
       105  1.593750343E-02 -1.593749970E-02  6.562000141E-03  6.874893644E+00 
       106  1.581250317E-02 -1.581249945E-02  6.562000141E-03  6.761104776E+00 
       107  1.568750292E-02 -1.568749920E-02  6.562000141E-03  6.877725619E+00 
       108  1.556250453E-02 -1.556249894E-02  6.562000141E-03  6.999226504E+00 
       109  1.543750428E-02 -1.543749962E-02  6.562000141E-03  7.145978920E+00 
       110  1.531250402E-02 -1.531249937E-02  6.562000141E-03  7.358500405E+00 
       111  1.518750377E-02 -1.518749911E-02  6.562000141E-03  7.302791027E+00 
       112  1.506250445E-02 -1.506249886E-02  6.562000141E-03  7.116953553E+00 
       113  1.493750419E-02 -1.493749954E-02  6.562000141E-03  6.869252072E+00 
       114  1.481250394E-02 -1.481249928E-02  6.562000141E-03  6.679601593E+00 
       115  1.468750462E-02 -1.468749903E-02  6.562000141E-03  6.475678778E+00 
       116  1.456250437E-02 -1.456249878E-02  6.562000141E-03  6.346306307E+00 
       117  1.443750411E-02 -1.443749946E-02  6.562000141E-03  6.295414691E+00 
       118  1.431250386E-02 -1.431249920E-02  6.562000141E-03  6.272292097E+00 
       119  1.418750454E-02 -1.418749895E-02  6.562000141E-03  6.246095214E+00 
       120  1.406250428E-02 -1.406249870E-02  6.562000141E-03  6.231787883E+00 
       121  1.393750403E-02 -1.393749937E-02  6.562000141E-03  6.222150128E+00 
       122  1.381250471E-02 -1.381249912E-02  6.562000141E-03  6.204600419E+00 
       123  1.368750446E-02 -1.368749887E-02  6.562000141E-03  6.185109569E+00 
       124  1.356250420E-02 -1.356249955E-02  6.562000141E-03  6.177594617E+00 
       125  1.343750395E-02 -1.343749929E-02  6.562000141E-03  6.174888301E+00 
       126  1.331250463E-02 -1.331249904E-02  6.562000141E-03  6.159376890E+00 
       127  1.318750437E-02 -1.318749879E-02  6.562000141E-03  6.111164659E+00 
       128  1.306250412E-02 -1.306249946E-02  6.562000141E-03  6.038154795E+00 
       129  1.293750387E-02 -1.293749921E-02  6.562000141E-03  5.964038916E+00 
       130  7.937504910E-03 -7.937498391E-03  6.562000141E-03  2.028365940E+00 
       131  7.812504657E-03 -7.812498603E-03  6.562000141E-03  1.932078599E+00 
       132  7.687504869E-03 -7.687498815E-03  6.562000141E-03  1.799855052E+00 
       133  7.562504616E-03 -7.562498562E-03  6.562000141E-03  1.782784072E+00 
       134  7.437504828E-03 -7.437498774E-03  6.562000141E-03  1.761239186E+00 
       135  7.312504575E-03 -7.312498521E-03  6.562000141E-03  1.726183608E+00 
       136  7.187504787E-03 -7.187498733E-03  6.562000141E-03  1.770701839E+00 
       137  7.062504999E-03 -7.062498480E-03  6.562000141E-03  1.762788895E+00 
       138  6.937504746E-03 -6.937498692E-03  6.562000141E-03  1.702825620E+00 
       139  6.812504958E-03 -6.812498439E-03  6.562000141E-03  1.623132574E+00 
       140  6.687504705E-03 -6.687498651E-03  6.562000141E-03  1.538830120E+00 
       141  6.562504917E-03 -6.562498398E-03  6.562000141E-03  1.469346599E+00 
       142  6.437504664E-03 -6.437498610E-03  6.562000141E-03  1.416142058E+00 
       143  6.312504876E-03 -6.312498357E-03  6.562000141E-03  1.371168178E+00 
       144  6.187505089E-03 -6.187498569E-03  6.562000141E-03  1.296783724E+00 
       145  6.062504835E-03 -6.062498316E-03  6.562000141E-03  1.194949630E+00 
       146  5.937505048E-03 -5.937498529E-03  6.562000141E-03  1.071275622E+00 
       147  5.812504794E-03 -5.812498275E-03  6.562000141E-03  9.338143696E-01 
       148  5.687505007E-03 -5.687498488E-03  6.562000141E-03  8.456769293E-01 
       149  5.562504753E-03 -5.562498234E-03  6.562000141E-03  8.556138580E-01 
       150  5.437504966E-03 -5.437498447E-03  6.562000141E-03  9.288768298E-01 
       151  5.312504712E-03 -5.312498193E-03  6.562000141E-03  1.050869310E+00 
       152  5.187504925E-03 -5.187498406E-03  6.562000141E-03  1.163460319E+00 
       153  5.062505137E-03 -5.062498152E-03  6.562000141E-03  1.184046580E+00 
       154  4.937504884E-03 -4.937498365E-03  6.562000141E-03  1.271103642E+00 
       155  4.812505096E-03 -4.812498577E-03  6.562000141E-03  1.370881926E+00 
       156  4.687504843E-03 -4.687498324E-03  6.562000141E-03  1.381611810E+00 
       157  4.562505055E-03 -4.562498536E-03  6.562000141E-03  1.372745536E+00 
       158  4.437504802E-03 -4.437498283E-03  6.562000141E-03  1.341378123E+00 
       159  4.312505014E-03 -4.312498495E-03  6.562000141E-03  1.322592831E+00 
       160  4.187505227E-03 -4.187498242E-03  6.562000141E-03  1.332682746E+00 
       161  4.062504973E-03 -4.062498454E-03  6.562000141E-03  1.337446619E+00 
       162  3.937505186E-03 -3.937498201E-03  6.562000141E-03  1.331608969E+00 
       163  3.812504932E-03 -3.812498180E-03  6.562000141E-03  1.279738334E+00 
       164  3.687504912E-03 -3.687498160E-03  6.562000141E-03  1.058640269E+00 
       165  3.562504891E-03 -3.562498139E-03  6.562000141E-03  8.983339460E-01 
       166  3.437504871E-03 -3.437498119E-03  6.562000141E-03  8.975266158E-01 
       167  3.312505083E-03 -3.312498098E-03  6.562000141E-03  8.892636583E-01 
       168  3.189918818E-03 -3.189915558E-03  6.562000141E-03  8.944419130E-01 
       169  3.123705974E-03 -3.123705974E-03  6.562000141E-03  9.347692936E-01 
       170  3.059382550E-03 -3.059382550E-03  6.562000606E-03  9.109006395E-01 
       171  2.975319512E-03 -2.975319512E-03  6.562000606E-03  1.244990801E+00 
       172  2.937293379E-03 -2.937293379E-03  6.562000141E-03  1.435883551E+00 
       173  2.915035933E-03 -2.915035933E-03  6.562000141E-03  1.503249632E+00 
       174  2.896548016E-03 -2.896548016E-03  6.562000141E-03  1.527828839E+00 
       175  2.881183056E-03 -2.881183056E-03  6.562000606E-03  1.530241172E+00 
       176  2.868407173E-03 -2.868407173E-03  6.562000606E-03  1.523481223E+00 
       177  2.857780783E-03 -2.857780783E-03  6.562000606E-03  1.513947002E+00 
       178  2.848939039E-03 -2.848939039E-03  6.562000606E-03  1.503895502E+00 
       179  2.841580659E-03 -2.841580659E-03  6.562000141E-03  1.493452945E+00 
       180  2.835455118E-03 -2.835455118E-03  6.562000141E-03  1.482518597E+00 
       181  2.830355195E-03 -2.830355195E-03  6.562000141E-03  1.471361134E+00 
