cellnumber     x-coordinate     y-coordinate     z-coordinate velocity-magnitude 
         1  2.121082321E-02 -2.121082321E-02  6.562000141E-03  2.128264153E-01 
         2  2.120567486E-02 -2.120567486E-02  6.562000606E-03  6.345270663E-01 
         3  2.119949833E-02 -2.119949833E-02  6.562000141E-03  1.120661423E+00 
         4  2.119208500E-02 -2.119208500E-02  6.562000606E-03  1.662830694E+00 
         5  2.118319459E-02 -2.118319459E-02  6.562000141E-03  2.240500480E+00 
         6  2.117252536E-02 -2.117252536E-02  6.562000141E-03  2.834303763E+00 
         7  1.951807365E-02 -1.951807365E-02  6.562000141E-03  7.858004506E+00 
         8  1.944607310E-02 -1.944607310E-02  6.562000141E-03  8.239549138E+00 
         9  1.937407255E-02 -1.937407441E-02  6.562000141E-03  8.268072760E+00 
        10  1.930207387E-02 -1.930207387E-02  6.562000141E-03  8.321545749E+00 
        11  1.923859492E-02 -1.923859492E-02  6.562000141E-03  8.208529304E+00 
        12  1.914011873E-02 -1.914011873E-02  6.562000141E-03  8.072928868E+00 
        13  1.905349456E-02 -1.905349456E-02  6.562000606E-03  8.139255586E+00 
        14  1.899245940E-02 -1.899245940E-02  6.562000606E-03  8.039515409E+00 
        15  1.959007420E-02 -1.959007420E-02  6.562000141E-03  7.374045945E+00 
        16  1.966207288E-02 -1.966207288E-02  6.562000141E-03  7.110367986E+00 
        17  1.973407343E-02 -1.973407343E-02  6.562000141E-03  6.739944724E+00 
        18  1.980607398E-02 -1.980607398E-02  6.562000141E-03  6.661035501E+00 
        19  1.987807266E-02 -1.987807266E-02  6.562000141E-03  6.505680479E+00 
        20  1.995007321E-02 -1.995007321E-02  6.562000141E-03  6.525600217E+00 
        21  2.002207376E-02 -2.002207376E-02  6.562000141E-03  6.586847707E+00 
        22  2.009407245E-02 -2.009407245E-02  6.562000141E-03  6.655016396E+00 
        23  2.016607299E-02 -2.016607299E-02  6.562000141E-03  6.775863882E+00 
        24  2.023807354E-02 -2.023807354E-02  6.562000141E-03  6.802785113E+00 
        25  2.031007409E-02 -2.031007409E-02  6.562000141E-03  6.791356262E+00 
        26  2.038207278E-02 -2.038207278E-02  6.562000141E-03  6.678760965E+00 
        27  2.045407332E-02 -2.045407332E-02  6.562000141E-03  6.514062741E+00 
        28  2.052607387E-02 -2.052607387E-02  6.562000141E-03  6.379635434E+00 
        29  2.059807442E-02 -2.059807442E-02  6.562000141E-03  6.431713820E+00 
        30  2.067007311E-02 -2.067007311E-02  6.562000141E-03  6.430502151E+00 
        31  2.074207366E-02 -2.074207366E-02  6.562000141E-03  6.429600831E+00 
        32  2.081407234E-02 -2.081407234E-02  6.562000141E-03  6.461831796E+00 
        33  2.088592015E-02 -2.088592015E-02  6.562000141E-03  6.440904246E+00 
        34  2.093681321E-02 -2.093681321E-02  6.562000606E-03  6.606427415E+00 
        35  2.101956122E-02 -2.101956122E-02  6.562000606E-03  6.545809937E+00 
        36  2.107902244E-02 -2.107902244E-02  6.562000606E-03  5.968620696E+00 
        37  2.110386454E-02 -2.110386454E-02  6.562000606E-03  5.442444885E+00 
        38  2.112595551E-02 -2.112595551E-02  6.562000606E-03  4.740675007E+00 
        39  2.114437334E-02 -2.114437334E-02  6.562000606E-03  4.069256970E+00 
        40  2.115972713E-02 -2.115972713E-02  6.562000606E-03  3.437044768E+00 
        41  2.830386860E-03 -2.830386860E-03  6.562000606E-03  1.476577737E+00 
        42  2.835483057E-03 -2.835483057E-03  6.562001072E-03  1.500676378E+00 
        43  2.841603942E-03 -2.841603942E-03  6.562000141E-03  1.529367142E+00 
        44  2.848957200E-03 -2.848957200E-03  6.562000141E-03  1.563402034E+00 
        45  2.857792191E-03 -2.857792191E-03  6.562000606E-03  1.603164040E+00 
        46  2.868410433E-03 -2.868410433E-03  6.562000606E-03  1.648209044E+00 
        47  2.881176071E-03 -2.881176071E-03  6.562000606E-03  1.695354611E+00 
        48  2.896528924E-03 -2.896528924E-03  6.562000141E-03  1.739755173E+00 
        49  2.915001474E-03 -2.915001474E-03  6.562000141E-03  1.769509976E+00 
        50  2.937239828E-03 -2.937239828E-03  6.562000141E-03  1.790043288E+00 
        51  2.974424278E-03 -2.974424278E-03  6.562000141E-03  1.787217658E+00 
        52  3.062227042E-03 -3.062231001E-03  6.562000141E-03  1.758469115E+00 
        53  3.187494585E-03 -3.187502269E-03  6.562000141E-03  1.779447792E+00 
        54  3.312494606E-03 -3.312502289E-03  6.562000141E-03  1.771160778E+00 
        55  3.437494626E-03 -3.437502310E-03  6.562000141E-03  1.742121100E+00 
        56  3.562494647E-03 -3.562502330E-03  6.562000141E-03  1.679790096E+00 
        57  3.687494434E-03 -3.687502351E-03  6.562000141E-03  1.593189166E+00 
        58  3.812494455E-03 -3.812502371E-03  6.562000141E-03  1.525254273E+00 
        59  3.937494475E-03 -3.937502392E-03  6.562000141E-03  1.501353220E+00 
        60  4.062494729E-03 -4.062502645E-03  6.562000141E-03  1.486497440E+00 
        61  4.187494516E-03 -4.187502433E-03  6.562000141E-03  1.499989151E+00 
        62  4.312494770E-03 -4.312502686E-03  6.562000141E-03  1.532203173E+00 
        63  4.437494557E-03 -4.437502474E-03  6.562000141E-03  1.554671888E+00 
        64  4.562494811E-03 -4.562502261E-03  6.562000141E-03  1.564356213E+00 
        65  4.812494386E-03 -4.812502302E-03  6.562000141E-03  1.579077864E+00 
        66  4.937494639E-03 -4.937502556E-03  6.562000141E-03  1.572741440E+00 
        67  5.062494427E-03 -5.062502343E-03  6.562000141E-03  1.516939122E+00 
        68  5.187494680E-03 -5.187502597E-03  6.562000141E-03  1.417852331E+00 
        69  5.312494468E-03 -5.312502384E-03  6.562000141E-03  1.376879462E+00 
        70  4.687494598E-03 -4.687502515E-03  6.562000141E-03  1.576834578E+00 
        71  1.895638742E-02 -1.895638742E-02  6.562000141E-03  8.334567710E+00 
        72  1.889957115E-02 -1.889957115E-02  6.562000141E-03  8.165545396E+00 
        73  1.880222000E-02 -1.880222373E-02  6.562000141E-03  8.173908028E+00 
        74  1.868749410E-02 -1.868750341E-02  6.562000141E-03  8.143391433E+00 
        75  1.856249385E-02 -1.856250316E-02  6.562000141E-03  8.085361483E+00 
        76  1.843749359E-02 -1.843750291E-02  6.562000141E-03  7.967801826E+00 
        77  1.831249334E-02 -1.831250265E-02  6.562000141E-03  7.986770415E+00 
        78  1.818749309E-02 -1.818750240E-02  6.562000141E-03  8.125195753E+00 
        79  1.806249470E-02 -1.806250215E-02  6.562000141E-03  8.129648836E+00 
        80  1.793749444E-02 -1.793750376E-02  6.562000141E-03  8.002643880E+00 
        81  1.781249419E-02 -1.781250350E-02  6.562000141E-03  7.621708147E+00 
        82  1.768749394E-02 -1.768750325E-02  6.562000141E-03  7.417453736E+00 
        83  1.756249368E-02 -1.756250300E-02  6.562000141E-03  7.353479239E+00 
        84  1.743749343E-02 -1.743750274E-02  6.562000141E-03  7.388096658E+00 
        85  1.731249318E-02 -1.731250249E-02  6.562000141E-03  7.458675207E+00 
        86  1.718749292E-02 -1.718750224E-02  6.562000141E-03  7.485294919E+00 
        87  1.706249453E-02 -1.706250198E-02  6.562000141E-03  7.421576459E+00 
        88  1.693749428E-02 -1.693750359E-02  6.562000141E-03  7.266009913E+00 
        89  1.681249402E-02 -1.681250334E-02  6.562000141E-03  7.085262511E+00 
        90  1.668749377E-02 -1.668750308E-02  6.562000141E-03  7.024531147E+00 
        91  1.656249352E-02 -1.656250283E-02  6.562000141E-03  7.057948548E+00 
        92  1.643749326E-02 -1.643750258E-02  6.562000141E-03  7.080924320E+00 
        93  1.631249301E-02 -1.631250232E-02  6.562000141E-03  7.035585401E+00 
        94  1.618749462E-02 -1.618750207E-02  6.562000141E-03  6.912602673E+00 
        95  1.606249437E-02 -1.606250368E-02  6.562000141E-03  6.780964680E+00 
        96  1.593749411E-02 -1.593750343E-02  6.562000141E-03  6.663237538E+00 
        97  1.581249386E-02 -1.581250317E-02  6.562000141E-03  6.563348910E+00 
        98  1.568749361E-02 -1.568750292E-02  6.562000141E-03  6.483261412E+00 
        99  1.556249429E-02 -1.556250267E-02  6.562000141E-03  6.421916120E+00 
       100  1.543749403E-02 -1.543750335E-02  6.562000141E-03  6.368377119E+00 
       101  1.531249378E-02 -1.531250309E-02  6.562000141E-03  6.312565182E+00 
       102  1.518749446E-02 -1.518750284E-02  6.562000141E-03  6.251717492E+00 
       103  1.506249420E-02 -1.506250259E-02  6.562000141E-03  6.199251373E+00 
       104  1.493749395E-02 -1.493750326E-02  6.562000141E-03  6.138914169E+00 
       105  1.481249463E-02 -1.481250301E-02  6.562000141E-03  6.068358422E+00 
       106  1.468749437E-02 -1.468750276E-02  6.562000141E-03  6.017869320E+00 
       107  1.456249412E-02 -1.456250250E-02  6.562000141E-03  6.019958749E+00 
       108  1.443749387E-02 -1.443750318E-02  6.562000141E-03  6.046483938E+00 
       109  1.431249455E-02 -1.431250293E-02  6.562000141E-03  6.047627510E+00 
       110  1.418749429E-02 -1.418750267E-02  6.562000141E-03  5.891603116E+00 
       111  1.406249404E-02 -1.406250335E-02  6.562000141E-03  5.785015978E+00 
       112  1.081249397E-02 -1.081250235E-02  6.562000141E-03  4.770777080E+00 
       113  1.068749465E-02 -1.068750303E-02  6.562000141E-03  4.592091776E+00 
       114  1.056249440E-02 -1.056250278E-02  6.562000141E-03  4.341041287E+00 
       115  1.043749414E-02 -1.043750253E-02  6.562000141E-03  4.027868932E+00 
       116  1.031249482E-02 -1.031250320E-02  6.562000141E-03  3.798424796E+00 
       117  1.018749457E-02 -1.018750295E-02  6.562000141E-03  3.787026177E+00 
       118  1.006249432E-02 -1.006250270E-02  6.562000141E-03  3.731127368E+00 
       119  9.937494062E-03 -9.937502444E-03  6.562000141E-03  3.591143827E+00 
       120  9.812494740E-03 -9.812503122E-03  6.562000141E-03  3.548068842E+00 
       121  9.687494487E-03 -9.687502868E-03  6.562000141E-03  3.699074351E+00 
       122  9.562494233E-03 -9.562502615E-03  6.562000141E-03  3.919997919E+00 
       123  9.437493980E-03 -9.437502362E-03  6.562000141E-03  4.115779276E+00 
       124  9.312494658E-03 -9.312503040E-03  6.562000141E-03  4.214219236E+00 
       125  9.187494405E-03 -9.187502787E-03  6.562000141E-03  4.073435321E+00 
       126  9.062494151E-03 -9.062502533E-03  6.562000141E-03  3.578207635E+00 
       127  8.937494829E-03 -8.937502280E-03  6.562000141E-03  3.173083855E+00 
       128  8.812494576E-03 -8.812502958E-03  6.562000141E-03  2.758980921E+00 
       129  8.687494323E-03 -8.687502705E-03  6.562000141E-03  2.393478945E+00 
       130  8.562494069E-03 -8.562502451E-03  6.562000141E-03  2.447905246E+00 
       131  8.437494747E-03 -8.437503129E-03  6.562000141E-03  2.512290102E+00 
       132  8.312494494E-03 -8.312502876E-03  6.562000141E-03  2.512412969E+00 
       133  8.187494241E-03 -8.187502623E-03  6.562000141E-03  2.733578743E+00 
       134  8.062494919E-03 -8.062502369E-03  6.562000141E-03  3.109792437E+00 
       135  7.937494665E-03 -7.937503047E-03  6.562000141E-03  2.759485953E+00 
       136  7.812494412E-03 -7.812502794E-03  6.562000141E-03  1.724523614E+00 
       137  7.687494624E-03 -7.687502541E-03  6.562000141E-03  1.691866029E+00 
       138  7.562494371E-03 -7.562502753E-03  6.562000141E-03  1.821949129E+00 
       139  7.437494583E-03 -7.437502500E-03  6.562000141E-03  1.710849870E+00 
       140  7.312494330E-03 -7.312502712E-03  6.562000141E-03  1.714685620E+00 
       141  7.187494542E-03 -7.187502459E-03  6.562000141E-03  1.820758725E+00 
       142  7.062494289E-03 -7.062502671E-03  6.562000141E-03  1.880514121E+00 
       143  6.937494501E-03 -6.937502418E-03  6.562000141E-03  1.935015248E+00 
       144  6.812494714E-03 -6.812502630E-03  6.562000141E-03  1.998481405E+00 
       145  6.687494460E-03 -6.687502377E-03  6.562000141E-03  1.957966212E+00 
       146  6.562494673E-03 -6.562502589E-03  6.562000141E-03  1.893065489E+00 
       147  6.437494420E-03 -6.437502336E-03  6.562000141E-03  1.641664999E+00 
       148  6.312494632E-03 -6.312502548E-03  6.562000141E-03  1.590155559E+00 
       149  6.187494379E-03 -6.187502760E-03  6.562000141E-03  1.609057020E+00 
       150  6.062494591E-03 -6.062502507E-03  6.562000141E-03  1.540732525E+00 
       151  5.937494338E-03 -5.937502719E-03  6.562000141E-03  1.261835797E+00 
       152  5.812494550E-03 -5.812502466E-03  6.562000141E-03  1.086761611E+00 
       153  5.687494762E-03 -5.687502678E-03  6.562000141E-03  1.044948344E+00 
       154  5.562494509E-03 -5.562502425E-03  6.562000141E-03  1.109028987E+00 
       155  5.437494721E-03 -5.437502638E-03  6.562000141E-03  1.277953564E+00 
       156  1.393749379E-02 -1.393750310E-02  6.562000141E-03  5.720228179E+00 
       157  1.381249446E-02 -1.381250285E-02  6.562000141E-03  5.703999979E+00 
       158  1.368749421E-02 -1.368750259E-02  6.562000141E-03  5.718503445E+00 
       159  1.356249396E-02 -1.356250327E-02  6.562000141E-03  5.741029232E+00 
       160  1.343749464E-02 -1.343750302E-02  6.562000141E-03  5.761857533E+00 
       161  1.331249438E-02 -1.331250276E-02  6.562000141E-03  5.792907968E+00 
       162  1.318749413E-02 -1.318750251E-02  6.562000141E-03  5.785620886E+00 
       163  1.306249388E-02 -1.306250319E-02  6.562000141E-03  5.703800701E+00 
       164  1.293749455E-02 -1.293750294E-02  6.562000141E-03  5.532663365E+00 
       165  1.281249430E-02 -1.281250268E-02  6.562000141E-03  5.282273570E+00 
       166  1.268749405E-02 -1.268750243E-02  6.562000141E-03  5.033238925E+00 
       167  1.256249472E-02 -1.256250311E-02  6.562000141E-03  4.846621889E+00 
       168  1.243749447E-02 -1.243750285E-02  6.562000141E-03  4.736719825E+00 
       169  1.231249422E-02 -1.231250260E-02  6.562000141E-03  4.739789834E+00 
       170  1.218749397E-02 -1.218750328E-02  6.562000141E-03  4.770310157E+00 
       171  1.206249464E-02 -1.206250302E-02  6.562000141E-03  4.778630347E+00 
       172  1.193749439E-02 -1.193750277E-02  6.562000141E-03  4.742783873E+00 
       173  1.181249414E-02 -1.181250252E-02  6.562000141E-03  4.742072978E+00 
       174  1.168749388E-02 -1.168750320E-02  6.562000141E-03  4.784647046E+00 
       175  1.156249456E-02 -1.156250294E-02  6.562000141E-03  4.845014348E+00 
       176  1.143749431E-02 -1.143750269E-02  6.562000141E-03  4.952810184E+00 
       177  1.131249405E-02 -1.131250244E-02  6.562000141E-03  5.041153503E+00 
       178  1.118749473E-02 -1.118750311E-02  6.562000141E-03  4.990932337E+00 
       179  1.106249448E-02 -1.106250286E-02  6.562000141E-03  4.926843646E+00 
       180  1.093749423E-02 -1.093750261E-02  6.562000141E-03  4.873610034E+00 
