cellnumber     x-coordinate     y-coordinate     z-coordinate velocity-magnitude 
         1  2.121082321E-02 -2.121082321E-02  6.562000141E-03  3.137066249E-01 
         2  2.120567486E-02 -2.120567486E-02  6.562000606E-03  9.314318784E-01 
         3  2.119949833E-02 -2.119949833E-02  6.562000141E-03  1.639069640E+00 
         4  2.119208500E-02 -2.119208500E-02  6.562000606E-03  2.423583045E+00 
         5  2.118319459E-02 -2.118319459E-02  6.562000141E-03  3.253570022E+00 
         6  2.117252536E-02 -2.117252536E-02  6.562000141E-03  4.075468818E+00 
         7  1.951807365E-02 -1.951807365E-02  6.562000141E-03  7.843146469E+00 
         8  1.944607310E-02 -1.944607310E-02  6.562000141E-03  7.826686215E+00 
         9  1.937407255E-02 -1.937407441E-02  6.562000141E-03  7.873739193E+00 
        10  1.930207387E-02 -1.930207387E-02  6.562000141E-03  7.824266300E+00 
        11  1.923859492E-02 -1.923859492E-02  6.562000141E-03  7.876858014E+00 
        12  1.914011873E-02 -1.914011873E-02  6.562000141E-03  7.860592955E+00 
        13  1.905349456E-02 -1.905349456E-02  6.562000606E-03  7.887507289E+00 
        14  1.899245940E-02 -1.899245940E-02  6.562000606E-03  7.830101874E+00 
        15  1.959007420E-02 -1.959007420E-02  6.562000141E-03  7.802709942E+00 
        16  1.966207288E-02 -1.966207288E-02  6.562000141E-03  7.823143342E+00 
        17  1.973407343E-02 -1.973407343E-02  6.562000141E-03  7.742379130E+00 
        18  1.980607398E-02 -1.980607398E-02  6.562000141E-03  7.679063361E+00 
        19  1.987807266E-02 -1.987807266E-02  6.562000141E-03  7.644899942E+00 
        20  1.995007321E-02 -1.995007321E-02  6.562000141E-03  7.565270050E+00 
        21  2.002207376E-02 -2.002207376E-02  6.562000141E-03  7.611951022E+00 
        22  2.009407245E-02 -2.009407245E-02  6.562000141E-03  7.547807226E+00 
        23  2.016607299E-02 -2.016607299E-02  6.562000141E-03  7.580219531E+00 
        24  2.023807354E-02 -2.023807354E-02  6.562000141E-03  7.494291938E+00 
        25  2.031007409E-02 -2.031007409E-02  6.562000141E-03  7.487232403E+00 
        26  2.038207278E-02 -2.038207278E-02  6.562000141E-03  7.405932132E+00 
        27  2.045407332E-02 -2.045407332E-02  6.562000141E-03  7.324974854E+00 
        28  2.052607387E-02 -2.052607387E-02  6.562000141E-03  7.215369817E+00 
        29  2.059807442E-02 -2.059807442E-02  6.562000141E-03  7.134225053E+00 
        30  2.067007311E-02 -2.067007311E-02  6.562000141E-03  7.159608152E+00 
        31  2.074207366E-02 -2.074207366E-02  6.562000141E-03  7.133527560E+00 
        32  2.081407234E-02 -2.081407234E-02  6.562000141E-03  7.031884362E+00 
        33  2.088592015E-02 -2.088592015E-02  6.562000141E-03  6.878190039E+00 
        34  2.093681321E-02 -2.093681321E-02  6.562000606E-03  6.756112552E+00 
        35  2.101956122E-02 -2.101956122E-02  6.562000606E-03  6.646661226E+00 
        36  2.107902244E-02 -2.107902244E-02  6.562000606E-03  6.548706442E+00 
        37  2.110386454E-02 -2.110386454E-02  6.562000606E-03  6.244153587E+00 
        38  2.112595551E-02 -2.112595551E-02  6.562000606E-03  5.926654455E+00 
        39  2.114437334E-02 -2.114437334E-02  6.562000606E-03  5.464622572E+00 
        40  2.115972713E-02 -2.115972713E-02  6.562000606E-03  4.830264521E+00 
        41  1.895662397E-02 -1.895662397E-02  6.562000141E-03  7.816040684E+00 
        42  1.890108548E-02 -1.890108548E-02  6.562000141E-03  7.846979050E+00 
        43  1.880351081E-02 -1.880351454E-02  6.562000141E-03  7.822252508E+00 
        44  1.868750155E-02 -1.868750714E-02  6.562000141E-03  7.911943194E+00 
        45  1.856250130E-02 -1.856250688E-02  6.562000141E-03  7.898161316E+00 
        46  1.843750104E-02 -1.843750663E-02  6.562000141E-03  7.789051056E+00 
        47  1.831250079E-02 -1.831250638E-02  6.562000141E-03  7.711929623E+00 
        48  1.818750054E-02 -1.818750612E-02  6.562000141E-03  7.648141299E+00 
        49  1.093750168E-02 -1.093750633E-02  6.562000141E-03  4.658997359E+00 
        50  1.106250193E-02 -1.106250565E-02  6.562000141E-03  4.776620034E+00 
        51  1.118750125E-02 -1.118750591E-02  6.562000141E-03  4.814390323E+00 
        52  1.131250151E-02 -1.131250616E-02  6.562000141E-03  4.823035895E+00 
        53  1.143750176E-02 -1.143750641E-02  6.562000141E-03  4.880527827E+00 
        54  1.156250201E-02 -1.156250574E-02  6.562000141E-03  4.942205913E+00 
        55  1.168750133E-02 -1.168750599E-02  6.562000141E-03  4.966805479E+00 
        56  1.181250159E-02 -1.181250624E-02  6.562000141E-03  5.004375676E+00 
        57  1.193750184E-02 -1.193750650E-02  6.562000141E-03  5.057798661E+00 
        58  1.206250116E-02 -1.206250582E-02  6.562000141E-03  5.155595607E+00 
        59  1.218750142E-02 -1.218750607E-02  6.562000141E-03  5.218317183E+00 
        60  1.231250167E-02 -1.231250633E-02  6.562000141E-03  5.191432398E+00 
        61  1.243750192E-02 -1.243750658E-02  6.562000141E-03  5.109089107E+00 
        62  1.256250124E-02 -1.256250590E-02  6.562000141E-03  5.090443313E+00 
        63  1.268750150E-02 -1.268750615E-02  6.562000141E-03  5.119767075E+00 
        64  1.281250175E-02 -1.281250641E-02  6.562000141E-03  5.162156719E+00 
        65  1.293750107E-02 -1.293750573E-02  6.562000141E-03  5.212762702E+00 
        66  1.306250133E-02 -1.306250598E-02  6.562000141E-03  5.268950478E+00 
        67  1.318750158E-02 -1.318750624E-02  6.562000141E-03  5.302123809E+00 
        68  1.331250183E-02 -1.331250649E-02  6.562000141E-03  5.367810807E+00 
        69  1.343750115E-02 -1.343750581E-02  6.562000141E-03  5.470204501E+00 
        70  1.356250141E-02 -1.356250606E-02  6.562000141E-03  5.577034596E+00 
        71  1.368750166E-02 -1.368750632E-02  6.562000141E-03  5.655484040E+00 
        72  1.381250191E-02 -1.381250657E-02  6.562000141E-03  5.704323599E+00 
        73  1.393750124E-02 -1.393750589E-02  6.562000141E-03  5.754136069E+00 
        74  1.406250149E-02 -1.406250615E-02  6.562000141E-03  5.844553809E+00 
        75  1.418750174E-02 -1.418750640E-02  6.562000141E-03  5.923493974E+00 
        76  1.431250107E-02 -1.431250665E-02  6.562000141E-03  5.965183460E+00 
        77  1.443750132E-02 -1.443750598E-02  6.562000141E-03  6.005988059E+00 
        78  1.081250142E-02 -1.081250608E-02  6.562000141E-03  4.472869508E+00 
        79  1.068750210E-02 -1.068750583E-02  6.562000141E-03  4.291236494E+00 
        80  1.056250185E-02 -1.056250650E-02  6.562000141E-03  4.117319317E+00 
        81  1.043750159E-02 -1.043750625E-02  6.562000141E-03  3.988423924E+00 
        82  1.031250134E-02 -1.031250600E-02  6.562000141E-03  4.196270521E+00 
        83  1.018750202E-02 -1.018750574E-02  6.562000141E-03  3.740206308E+00 
        84  1.006250177E-02 -1.006250642E-02  6.562000141E-03  3.414452030E+00 
        85  9.937501512E-03 -9.937506169E-03  6.562000141E-03  3.433709694E+00 
        86  9.812501259E-03 -9.812505916E-03  6.562000141E-03  3.530232599E+00 
        87  9.687501937E-03 -9.687505662E-03  6.562000141E-03  3.264801180E+00 
        88  9.562501684E-03 -9.562506340E-03  6.562000141E-03  3.157705431E+00 
        89  9.437501431E-03 -9.437506087E-03  6.562000141E-03  3.374000129E+00 
        90  9.312502109E-03 -9.312505834E-03  6.562000141E-03  3.052326275E+00 
        91  9.187501855E-03 -9.187505580E-03  6.562000141E-03  3.233017268E+00 
        92  9.062501602E-03 -9.062506258E-03  6.562000141E-03  3.091737112E+00 
        93  8.937501349E-03 -8.937506005E-03  6.562000141E-03  2.599155796E+00 
        94  8.812502027E-03 -8.812505752E-03  6.562000141E-03  1.984392234E+00 
        95  8.687501773E-03 -8.687505499E-03  6.562000141E-03  1.601339812E+00 
        96  8.562501520E-03 -8.562506177E-03  6.562000141E-03  1.540061676E+00 
        97  8.437502198E-03 -8.437505923E-03  6.562000141E-03  1.546006454E+00 
        98  8.312501945E-03 -8.312505670E-03  6.562000141E-03  1.304338606E+00 
        99  8.187501691E-03 -8.187506348E-03  6.562000141E-03  8.942827748E-01 
       100  8.062501438E-03 -8.062506095E-03  6.562000141E-03  7.206758835E-01 
       101  7.937502116E-03 -7.937505841E-03  6.562000141E-03  8.334098607E-01 
       102  7.812501863E-03 -7.812505588E-03  6.562000141E-03  1.121584323E+00 
       103  7.687501609E-03 -7.687505800E-03  6.562000141E-03  1.600698177E+00 
       104  7.562501822E-03 -7.562506013E-03  6.562000141E-03  1.820842150E+00 
       105  7.437502034E-03 -7.437505759E-03  6.562000141E-03  1.879672432E+00 
       106  7.312501781E-03 -7.312505972E-03  6.562000141E-03  1.931292095E+00 
       107  7.187501993E-03 -7.187505718E-03  6.562000141E-03  2.009736512E+00 
       108  7.062501740E-03 -7.062505931E-03  6.562000141E-03  2.040794347E+00 
       109  6.937501952E-03 -6.937505677E-03  6.562000141E-03  1.980115235E+00 
       110  6.812501699E-03 -6.812505890E-03  6.562000141E-03  1.942343407E+00 
       111  6.687501911E-03 -6.687505636E-03  6.562000141E-03  1.927636786E+00 
       112  6.562501658E-03 -6.562505849E-03  6.562000141E-03  1.918475451E+00 
       113  2.830280224E-03 -2.830280224E-03  6.562000606E-03  1.494974593E+00 
       114  2.835373860E-03 -2.835373860E-03  6.562000606E-03  1.560351597E+00 
       115  2.841493115E-03 -2.841493115E-03  6.562000141E-03  1.643110467E+00 
       116  2.848849166E-03 -2.848849166E-03  6.562000141E-03  1.745256991E+00 
       117  2.857688349E-03 -2.857688349E-03  6.562000141E-03  1.866283991E+00 
       118  2.868303098E-03 -2.868303098E-03  6.562000606E-03  2.000812964E+00 
       119  2.881055698E-03 -2.881055698E-03  6.562000606E-03  2.136103033E+00 
       120  2.896386897E-03 -2.896386897E-03  6.562000606E-03  2.250149488E+00 
       121  2.914825454E-03 -2.914825454E-03  6.562000606E-03  2.317350372E+00 
       122  2.937011421E-03 -2.937011421E-03  6.562000606E-03  2.318846795E+00 
       123  2.967901761E-03 -2.967901761E-03  6.562000141E-03  2.234701159E+00 
       124  3.022594377E-03 -3.022594377E-03  6.562000141E-03  2.061216413E+00 
       125  3.099788679E-03 -3.099788679E-03  6.562000606E-03  1.813340024E+00 
       126  3.195532598E-03 -3.195534227E-03  6.562000606E-03  1.451561769E+00 
       127  3.312502056E-03 -3.312505549E-03  6.562000141E-03  7.059018891E-01 
       128  3.437501844E-03 -3.437505569E-03  6.562000141E-03  4.610957282E-01 
       129  3.562501865E-03 -3.562505590E-03  6.562000141E-03  5.888295645E-01 
       130  3.687501885E-03 -3.687505610E-03  6.562000141E-03  8.220952503E-01 
       131  3.812501905E-03 -3.812505398E-03  6.562000141E-03  8.065874027E-01 
       132  3.937501926E-03 -3.937505651E-03  6.562000141E-03  6.641596372E-01 
       133  4.062502179E-03 -4.062505439E-03  6.562000141E-03  5.965155571E-01 
       134  4.187501967E-03 -4.187505692E-03  6.562000141E-03  6.375038467E-01 
       135  4.312502220E-03 -4.312505480E-03  6.562000141E-03  7.274839885E-01 
       136  4.437502008E-03 -4.437505733E-03  6.562000141E-03  7.488604022E-01 
       137  4.562501796E-03 -4.562505521E-03  6.562000141E-03  7.180114986E-01 
       138  4.687502049E-03 -4.687505774E-03  6.562000141E-03  6.981190658E-01 
       139  4.812501837E-03 -4.812505562E-03  6.562000141E-03  6.773687841E-01 
       140  4.937502090E-03 -4.937505815E-03  6.562000141E-03  6.334239056E-01 
       141  5.062501878E-03 -5.062505603E-03  6.562000141E-03  6.373828423E-01 
       142  5.187502131E-03 -5.187505856E-03  6.562000141E-03  7.129420099E-01 
       143  5.312501919E-03 -5.312505644E-03  6.562000141E-03  7.478199513E-01 
       144  5.437501706E-03 -5.437505897E-03  6.562000141E-03  8.138054244E-01 
       145  5.562501960E-03 -5.562505685E-03  6.562000141E-03  8.935605923E-01 
       146  5.687501747E-03 -5.687505938E-03  6.562000141E-03  1.008822917E+00 
       147  5.812502000E-03 -5.812505726E-03  6.562000141E-03  1.167878641E+00 
       148  5.937501788E-03 -5.937505979E-03  6.562000141E-03  1.305079570E+00 
       149  6.062502041E-03 -6.062505767E-03  6.562000141E-03  1.457458412E+00 
       150  6.187501829E-03 -6.187505554E-03  6.562000141E-03  1.660690059E+00 
       151  6.312502082E-03 -6.312505808E-03  6.562000141E-03  1.828507381E+00 
       152  6.437501870E-03 -6.437505595E-03  6.562000141E-03  1.901888079E+00 
       153  1.456250157E-02 -1.456250623E-02  6.562000141E-03  6.040187550E+00 
       154  1.468750183E-02 -1.468750648E-02  6.562000141E-03  6.054043367E+00 
       155  1.481250115E-02 -1.481250674E-02  6.562000141E-03  6.073897572E+00 
       156  1.493750140E-02 -1.493750606E-02  6.562000141E-03  6.125993445E+00 
       157  1.506250165E-02 -1.506250631E-02  6.562000141E-03  6.208558719E+00 
       158  1.518750098E-02 -1.518750656E-02  6.562000141E-03  6.303423509E+00 
       159  1.531250123E-02 -1.531250589E-02  6.562000141E-03  6.411673110E+00 
       160  1.543750148E-02 -1.543750614E-02  6.562000141E-03  6.497271725E+00 
       161  1.556250174E-02 -1.556250639E-02  6.562000141E-03  6.555828841E+00 
       162  1.568750106E-02 -1.568750665E-02  6.562000141E-03  6.605646285E+00 
       163  1.581250131E-02 -1.581250690E-02  6.562000141E-03  6.666660908E+00 
       164  1.593750156E-02 -1.593750529E-02  6.562000141E-03  6.749296504E+00 
       165  1.606250182E-02 -1.606250554E-02  6.562000141E-03  6.858690748E+00 
       166  1.618750021E-02 -1.618750580E-02  6.562000141E-03  6.975739537E+00 
       167  1.631250046E-02 -1.631250605E-02  6.562000141E-03  7.139819248E+00 
       168  1.643750072E-02 -1.643750630E-02  6.562000141E-03  7.292244443E+00 
       169  1.656250097E-02 -1.656250656E-02  6.562000141E-03  7.378722259E+00 
       170  1.668750122E-02 -1.668750681E-02  6.562000141E-03  7.398739606E+00 
       171  1.681250148E-02 -1.681250706E-02  6.562000141E-03  7.507112464E+00 
       172  1.693750173E-02 -1.693750545E-02  6.562000141E-03  7.672371189E+00 
       173  1.706250012E-02 -1.706250571E-02  6.562000141E-03  7.850839843E+00 
       174  1.718750037E-02 -1.718750596E-02  6.562000141E-03  8.027513002E+00 
       175  1.731250063E-02 -1.731250621E-02  6.562000141E-03  8.116790561E+00 
       176  1.743750088E-02 -1.743750647E-02  6.562000141E-03  8.144923639E+00 
       177  1.756250113E-02 -1.756250672E-02  6.562000141E-03  8.107550201E+00 
       178  1.768750139E-02 -1.768750697E-02  6.562000141E-03  8.050174486E+00 
       179  1.781250164E-02 -1.781250536E-02  6.562000141E-03  7.922053644E+00 
       180  1.793750003E-02 -1.793750562E-02  6.562000141E-03  7.729806670E+00 
       181  1.806250028E-02 -1.806250587E-02  6.562000141E-03  7.646375635E+00 
