cellnumber     x-coordinate     y-coordinate     z-coordinate velocity-magnitude 
         1  2.121082321E-02 -2.121082321E-02  6.562000141E-03  3.249846155E-01 
         2  2.120567486E-02 -2.120567486E-02  6.562000606E-03  9.709687248E-01 
         3  2.119949833E-02 -2.119949833E-02  6.562000141E-03  1.733766354E+00 
         4  2.119208500E-02 -2.119208500E-02  6.562000606E-03  2.624053492E+00 
         5  2.118319459E-02 -2.118319459E-02  6.562000141E-03  3.627744717E+00 
         6  2.117252536E-02 -2.117252536E-02  6.562000141E-03  4.686579150E+00 
         7  1.951807365E-02 -1.951807365E-02  6.562000141E-03  8.049231171E+00 
         8  1.944607310E-02 -1.944607310E-02  6.562000141E-03  8.090022930E+00 
         9  1.937407255E-02 -1.937407441E-02  6.562000141E-03  8.060798429E+00 
        10  1.930207387E-02 -1.930207387E-02  6.562000141E-03  8.039633167E+00 
        11  1.923859492E-02 -1.923859492E-02  6.562000141E-03  7.944863427E+00 
        12  1.914011873E-02 -1.914011873E-02  6.562000141E-03  7.780817110E+00 
        13  1.905349456E-02 -1.905349456E-02  6.562000606E-03  7.662846303E+00 
        14  1.899245940E-02 -1.899245940E-02  6.562000606E-03  7.482691262E+00 
        15  1.959007420E-02 -1.959007420E-02  6.562000141E-03  8.047500800E+00 
        16  1.966207288E-02 -1.966207288E-02  6.562000141E-03  8.003027484E+00 
        17  1.973407343E-02 -1.973407343E-02  6.562000141E-03  8.006979819E+00 
        18  1.980607398E-02 -1.980607398E-02  6.562000141E-03  7.894320993E+00 
        19  1.987807266E-02 -1.987807266E-02  6.562000141E-03  7.907381595E+00 
        20  1.995007321E-02 -1.995007321E-02  6.562000141E-03  7.790877629E+00 
        21  2.002207376E-02 -2.002207376E-02  6.562000141E-03  7.785455243E+00 
        22  2.009407245E-02 -2.009407245E-02  6.562000141E-03  7.568432780E+00 
        23  2.016607299E-02 -2.016607299E-02  6.562000141E-03  7.558327402E+00 
        24  2.023807354E-02 -2.023807354E-02  6.562000141E-03  7.355082506E+00 
        25  2.031007409E-02 -2.031007409E-02  6.562000141E-03  7.286410745E+00 
        26  2.038207278E-02 -2.038207278E-02  6.562000141E-03  6.929386086E+00 
        27  2.045407332E-02 -2.045407332E-02  6.562000141E-03  6.697438375E+00 
        28  2.052607387E-02 -2.052607387E-02  6.562000141E-03  6.358832266E+00 
        29  2.059807442E-02 -2.059807442E-02  6.562000141E-03  6.226141960E+00 
        30  2.067007311E-02 -2.067007311E-02  6.562000141E-03  6.207394704E+00 
        31  2.074207366E-02 -2.074207366E-02  6.562000141E-03  6.126797639E+00 
        32  2.081407234E-02 -2.081407234E-02  6.562000141E-03  6.270135074E+00 
        33  2.088592015E-02 -2.088592015E-02  6.562000141E-03  6.497754063E+00 
        34  2.093681321E-02 -2.093681321E-02  6.562000606E-03  6.769539303E+00 
        35  2.101956122E-02 -2.101956122E-02  6.562000606E-03  7.005688139E+00 
        36  2.107902244E-02 -2.107902244E-02  6.562000606E-03  7.158723134E+00 
        37  2.110386454E-02 -2.110386454E-02  6.562000606E-03  7.106261199E+00 
        38  2.112595551E-02 -2.112595551E-02  6.562000606E-03  6.922051152E+00 
        39  2.114437334E-02 -2.114437334E-02  6.562000606E-03  6.461564441E+00 
        40  2.115972713E-02 -2.115972713E-02  6.562000606E-03  5.683293108E+00 
        41  2.830280224E-03 -2.830280224E-03  6.562000606E-03  1.438910910E+00 
        42  2.835373627E-03 -2.835373627E-03  6.562000141E-03  1.385745560E+00 
        43  2.841493115E-03 -2.841493115E-03  6.562000141E-03  1.320893150E+00 
        44  2.848849166E-03 -2.848849166E-03  6.562000141E-03  1.242916266E+00 
        45  2.857688349E-03 -2.857688349E-03  6.562000141E-03  1.151136295E+00 
        46  2.868303098E-03 -2.868303098E-03  6.562000606E-03  1.047498990E+00 
        47  2.881055698E-03 -2.881055698E-03  6.562000606E-03  9.402961305E-01 
        48  2.896386897E-03 -2.896386897E-03  6.562000606E-03  8.474808148E-01 
        49  2.914825454E-03 -2.914825454E-03  6.562000606E-03  7.934570211E-01 
        50  2.937011421E-03 -2.937011421E-03  6.562000606E-03  7.915719368E-01 
        51  2.967901994E-03 -2.967901994E-03  6.562000606E-03  8.407613638E-01 
        52  3.022594377E-03 -3.022594377E-03  6.562000141E-03  9.080872075E-01 
        53  3.099788679E-03 -3.099788679E-03  6.562000141E-03  1.089720935E+00 
        54  3.195532598E-03 -3.195534227E-03  6.562000606E-03  1.115559852E+00 
        55  3.312502056E-03 -3.312505549E-03  6.562000141E-03  1.103420321E+00 
        56  3.437502077E-03 -3.437505569E-03  6.562000141E-03  1.060840701E+00 
        57  3.562501865E-03 -3.562505357E-03  6.562000141E-03  1.144914699E+00 
        58  3.687501885E-03 -3.687505377E-03  6.562000141E-03  1.152579226E+00 
        59  3.812501905E-03 -3.812505398E-03  6.562000141E-03  9.096067863E-01 
        60  3.937501926E-03 -3.937505651E-03  6.562000141E-03  5.719543027E-01 
        61  4.062502179E-03 -4.062505439E-03  6.562000141E-03  3.664084328E-01 
        62  4.187501967E-03 -4.187505692E-03  6.562000141E-03  4.049655703E-01 
        63  4.312502220E-03 -4.312505480E-03  6.562000141E-03  4.456061889E-01 
        64  4.437502008E-03 -4.437505733E-03  6.562000141E-03  3.446147121E-01 
        65  4.562501796E-03 -4.562505521E-03  6.562000141E-03  6.994129547E-01 
        66  4.687502049E-03 -4.687505774E-03  6.562000141E-03  1.665870825E+00 
        67  4.812501837E-03 -4.812505562E-03  6.562000141E-03  2.287828128E+00 
        68  4.937502090E-03 -4.937505815E-03  6.562000141E-03  2.309064143E+00 
        69  5.062501878E-03 -5.062505603E-03  6.562000141E-03  2.067239288E+00 
        70  5.187502131E-03 -5.187505856E-03  6.562000141E-03  1.856121875E+00 
        71  5.312501919E-03 -5.312505644E-03  6.562000141E-03  1.695340755E+00 
        72  5.437502172E-03 -5.437505897E-03  6.562000141E-03  1.445981204E+00 
        73  5.562501960E-03 -5.562505685E-03  6.562000141E-03  1.358486568E+00 
        74  5.687501747E-03 -5.687505472E-03  6.562000141E-03  1.233511826E+00 
        75  5.812502000E-03 -5.812505726E-03  6.562000141E-03  1.004568935E+00 
        76  5.937501788E-03 -5.937505513E-03  6.562000141E-03  1.107068235E+00 
        77  6.062502041E-03 -6.062505767E-03  6.562000141E-03  1.329084230E+00 
        78  6.187501829E-03 -6.187505554E-03  6.562000141E-03  1.448976191E+00 
        79  6.312502082E-03 -6.312505808E-03  6.562000141E-03  1.407019332E+00 
        80  6.437501870E-03 -6.437505595E-03  6.562000141E-03  1.600190084E+00 
        81  1.093750168E-02 -1.093750633E-02  6.562000141E-03  4.617536768E+00 
        82  1.106250193E-02 -1.106250565E-02  6.562000141E-03  4.738063603E+00 
        83  1.118750125E-02 -1.118750591E-02  6.562000141E-03  4.786649510E+00 
        84  1.131250151E-02 -1.131250616E-02  6.562000141E-03  4.858048200E+00 
        85  1.143750176E-02 -1.143750641E-02  6.562000141E-03  4.935782529E+00 
        86  1.156250201E-02 -1.156250574E-02  6.562000141E-03  4.980166890E+00 
        87  1.168750133E-02 -1.168750599E-02  6.562000141E-03  5.060704359E+00 
        88  1.181250159E-02 -1.181250624E-02  6.562000141E-03  5.215006055E+00 
        89  1.193750184E-02 -1.193750650E-02  6.562000141E-03  5.356735652E+00 
        90  1.206250209E-02 -1.206250582E-02  6.562000141E-03  5.434100652E+00 
        91  1.218750142E-02 -1.218750607E-02  6.562000141E-03  5.476006758E+00 
        92  1.231250167E-02 -1.231250633E-02  6.562000141E-03  5.529370974E+00 
        93  1.243750192E-02 -1.243750565E-02  6.562000141E-03  5.585636933E+00 
        94  1.256250124E-02 -1.256250590E-02  6.562000141E-03  5.608148732E+00 
        95  1.268750150E-02 -1.268750615E-02  6.562000141E-03  5.608331358E+00 
        96  1.281250175E-02 -1.281250641E-02  6.562000141E-03  5.603481825E+00 
        97  1.293750200E-02 -1.293750573E-02  6.562000141E-03  5.606611291E+00 
        98  1.306250133E-02 -1.306250598E-02  6.562000141E-03  5.616998173E+00 
        99  1.318750158E-02 -1.318750624E-02  6.562000141E-03  5.610885712E+00 
       100  1.331250183E-02 -1.331250649E-02  6.562000141E-03  5.576267535E+00 
       101  1.343750115E-02 -1.343750581E-02  6.562000141E-03  5.557665414E+00 
       102  1.356250141E-02 -1.356250606E-02  6.562000141E-03  5.557626525E+00 
       103  1.368750166E-02 -1.368750632E-02  6.562000141E-03  5.610723122E+00 
       104  1.381250191E-02 -1.381250657E-02  6.562000141E-03  5.716924883E+00 
       105  1.393750124E-02 -1.393750589E-02  6.562000141E-03  5.823460585E+00 
       106  1.406250149E-02 -1.406250615E-02  6.562000141E-03  5.885497797E+00 
       107  1.418750174E-02 -1.418750640E-02  6.562000141E-03  5.935614929E+00 
       108  1.431250107E-02 -1.431250572E-02  6.562000141E-03  5.960611708E+00 
       109  1.443750132E-02 -1.443750598E-02  6.562000141E-03  5.969850064E+00 
       110  1.081250142E-02 -1.081250608E-02  6.562000141E-03  4.404066543E+00 
       111  1.068750210E-02 -1.068750583E-02  6.562000141E-03  4.223470200E+00 
       112  1.056250185E-02 -1.056250557E-02  6.562000141E-03  4.187815589E+00 
       113  1.043750159E-02 -1.043750625E-02  6.562000141E-03  4.209850087E+00 
       114  1.031250134E-02 -1.031250600E-02  6.562000141E-03  4.075188229E+00 
       115  1.018750202E-02 -1.018750574E-02  6.562000141E-03  3.696574917E+00 
       116  1.006250177E-02 -1.006250549E-02  6.562000141E-03  3.206601432E+00 
       117  9.937501512E-03 -9.937506169E-03  6.562000141E-03  2.963913904E+00 
       118  9.812502190E-03 -9.812505916E-03  6.562000141E-03  3.011257656E+00 
       119  9.687501937E-03 -9.687505662E-03  6.562000141E-03  3.186361471E+00 
       120  9.562501684E-03 -9.562506340E-03  6.562000141E-03  3.198983738E+00 
       121  9.437501431E-03 -9.437506087E-03  6.562000141E-03  2.959993346E+00 
       122  9.312502109E-03 -9.312505834E-03  6.562000141E-03  3.070001437E+00 
       123  9.187501855E-03 -9.187505580E-03  6.562000141E-03  2.910793497E+00 
       124  9.062501602E-03 -9.062506258E-03  6.562000141E-03  2.885675679E+00 
       125  8.937501349E-03 -8.937506005E-03  6.562000141E-03  2.676838563E+00 
       126  8.812502027E-03 -8.812505752E-03  6.562000141E-03  2.453626476E+00 
       127  8.687501773E-03 -8.687505499E-03  6.562000141E-03  2.471872072E+00 
       128  8.562501520E-03 -8.562506177E-03  6.562000141E-03  2.474849390E+00 
       129  8.437502198E-03 -8.437505923E-03  6.562000141E-03  2.219160448E+00 
       130  8.312501945E-03 -8.312505670E-03  6.562000141E-03  2.219958594E+00 
       131  8.187501691E-03 -8.187505417E-03  6.562000141E-03  2.128855125E+00 
       132  8.062501438E-03 -8.062506095E-03  6.562000141E-03  1.819552288E+00 
       133  7.937502116E-03 -7.937505841E-03  6.562000141E-03  1.437872276E+00 
       134  7.812501863E-03 -7.812505588E-03  6.562000141E-03  1.223720202E+00 
       135  7.687502075E-03 -7.687505800E-03  6.562000141E-03  1.228891784E+00 
       136  7.562501822E-03 -7.562506013E-03  6.562000141E-03  1.341483721E+00 
       137  7.437502034E-03 -7.437505759E-03  6.562000141E-03  1.405355547E+00 
       138  7.312501781E-03 -7.312505972E-03  6.562000141E-03  1.419039638E+00 
       139  7.187501993E-03 -7.187505718E-03  6.562000141E-03  1.573584980E+00 
       140  7.062501740E-03 -7.062505931E-03  6.562000141E-03  1.783282263E+00 
       141  6.937501952E-03 -6.937505677E-03  6.562000141E-03  1.937830298E+00 
       142  6.812501699E-03 -6.812505890E-03  6.562000141E-03  1.479925706E+00 
       143  6.687501911E-03 -6.687505636E-03  6.562000141E-03  1.516362233E+00 
       144  6.562502123E-03 -6.562505849E-03  6.562000141E-03  1.731545510E+00 
       145  1.456250157E-02 -1.456250623E-02  6.562000141E-03  5.963827477E+00 
       146  1.468750183E-02 -1.468750648E-02  6.562000141E-03  5.931002051E+00 
       147  1.481250115E-02 -1.481250580E-02  6.562000141E-03  5.826162547E+00 
       148  1.493750140E-02 -1.493750606E-02  6.562000141E-03  5.719919572E+00 
       149  1.506250165E-02 -1.506250631E-02  6.562000141E-03  5.726075097E+00 
       150  1.518750191E-02 -1.518750656E-02  6.562000141E-03  5.853254055E+00 
       151  1.531250123E-02 -1.531250589E-02  6.562000141E-03  5.984185475E+00 
       152  1.543750148E-02 -1.543750614E-02  6.562000141E-03  6.090712158E+00 
       153  1.556250174E-02 -1.556250639E-02  6.562000141E-03  6.126601034E+00 
       154  1.568750106E-02 -1.568750665E-02  6.562000141E-03  6.289118936E+00 
       155  1.581250131E-02 -1.581250690E-02  6.562000141E-03  7.328884854E+00 
       156  1.593750156E-02 -1.593750529E-02  6.562000141E-03  8.046983885E+00 
       157  1.606250182E-02 -1.606250554E-02  6.562000141E-03  8.292557923E+00 
       158  1.618750207E-02 -1.618750580E-02  6.562000141E-03  8.372244154E+00 
       159  1.631250046E-02 -1.631250605E-02  6.562000141E-03  8.459466759E+00 
       160  1.643750072E-02 -1.643750630E-02  6.562000141E-03  8.372872005E+00 
       161  1.656250097E-02 -1.656250656E-02  6.562000141E-03  8.118617103E+00 
       162  1.668750122E-02 -1.668750681E-02  6.562000141E-03  7.875550576E+00 
       163  1.681250148E-02 -1.681250520E-02  6.562000141E-03  7.678543493E+00 
       164  1.693750173E-02 -1.693750545E-02  6.562000141E-03  7.592730636E+00 
       165  1.706250198E-02 -1.706250571E-02  6.562000141E-03  7.443840271E+00 
       166  1.718750037E-02 -1.718750596E-02  6.562000141E-03  7.248155575E+00 
       167  1.731250063E-02 -1.731250621E-02  6.562000141E-03  7.113208791E+00 
       168  1.743750088E-02 -1.743750647E-02  6.562000141E-03  7.113361041E+00 
       169  1.756250113E-02 -1.756250672E-02  6.562000141E-03  7.073420348E+00 
       170  1.768750139E-02 -1.768750697E-02  6.562000141E-03  7.080550562E+00 
       171  1.781250164E-02 -1.781250536E-02  6.562000141E-03  7.176489974E+00 
       172  1.793750189E-02 -1.793750562E-02  6.562000141E-03  7.275434424E+00 
       173  1.806250028E-02 -1.806250587E-02  6.562000141E-03  7.374681670E+00 
       174  1.895662583E-02 -1.895662583E-02  6.562000141E-03  7.487066071E+00 
       175  1.890108548E-02 -1.890108548E-02  6.562000141E-03  7.429950616E+00 
       176  1.880351081E-02 -1.880351454E-02  6.562000141E-03  7.426855814E+00 
       177  1.868750155E-02 -1.868750528E-02  6.562000141E-03  7.345496436E+00 
       178  1.856250130E-02 -1.856250688E-02  6.562000141E-03  7.367689315E+00 
       179  1.843750104E-02 -1.843750663E-02  6.562000141E-03  7.469299264E+00 
       180  1.831250079E-02 -1.831250638E-02  6.562000141E-03  7.511275566E+00 
       181  1.818750054E-02 -1.818750612E-02  6.562000141E-03  7.474879704E+00 
