cellnumber     x-coordinate     y-coordinate     z-coordinate velocity-magnitude 
         1  2.830350772E-03 -2.830350772E-03  6.562000141E-03  1.466294188E+00 
         2  2.835454186E-03 -2.835454186E-03  6.562000141E-03  1.469610518E+00 
         3  2.841583686E-03 -2.841583686E-03  6.562000141E-03  1.472646251E+00 
         4  2.848947188E-03 -2.848947188E-03  6.562000141E-03  1.473969229E+00 
         5  2.857794985E-03 -2.857794985E-03  6.562000141E-03  1.470944068E+00 
         6  2.868429292E-03 -2.868429292E-03  6.562000141E-03  1.460379213E+00 
         7  2.881214023E-03 -2.881214023E-03  6.562000606E-03  1.439110347E+00 
         8  2.896590624E-03 -2.896590624E-03  6.562000141E-03  1.403844625E+00 
         9  2.915092511E-03 -2.915092511E-03  6.561999675E-03  1.352486347E+00 
        10  2.937367884E-03 -2.937367652E-03  6.561999675E-03  1.279565913E+00 
        11  2.973292954E-03 -2.973292954E-03  6.562000141E-03  1.147071811E+00 
        12  3.061023075E-03 -3.061021678E-03  6.562000141E-03  8.668731311E-01 
        13  3.187497612E-03 -3.187495051E-03  6.562000141E-03  6.891994670E-01 
        14  3.312497633E-03 -3.312494839E-03  6.562000141E-03  5.982856243E-01 
        15  3.437497653E-03 -3.437494859E-03  6.562000141E-03  6.055006527E-01 
        16  3.562497674E-03 -3.562494880E-03  6.562000141E-03  6.883199188E-01 
        17  3.687497461E-03 -3.687494900E-03  6.562000141E-03  8.891808279E-01 
        18  3.812497482E-03 -3.812494921E-03  6.562000141E-03  1.058603640E+00 
        19  3.937497735E-03 -3.937494941E-03  6.562000141E-03  1.173335843E+00 
        20  4.812497646E-03 -4.812495317E-03  6.562000141E-03  1.700023807E+00 
        21  4.687497392E-03 -4.687495064E-03  6.562000141E-03  1.625907616E+00 
        22  4.562497605E-03 -4.562495276E-03  6.562000141E-03  1.471698460E+00 
        23  4.437497817E-03 -4.437495023E-03  6.562000141E-03  1.246168589E+00 
        24  4.312497564E-03 -4.312495235E-03  6.562000141E-03  1.090692169E+00 
        25  4.187497776E-03 -4.187494982E-03  6.562000141E-03  1.049685916E+00 
        26  4.062497523E-03 -4.062495194E-03  6.562000141E-03  1.137340058E+00 
        27  4.937497433E-03 -4.937495105E-03  6.562000141E-03  1.713903411E+00 
        28  5.062497687E-03 -5.062495358E-03  6.562000141E-03  1.665173686E+00 
        29  5.187497474E-03 -5.187495146E-03  6.562000141E-03  1.588065712E+00 
        30  5.312497728E-03 -5.312495399E-03  6.562000141E-03  1.470931911E+00 
        31  5.437497515E-03 -5.437495187E-03  6.562000141E-03  1.418856662E+00 
        32  5.562497769E-03 -5.562495440E-03  6.562000141E-03  1.503864339E+00 
        33  5.687497556E-03 -5.687495228E-03  6.562000141E-03  1.789333401E+00 
        34  5.812497344E-03 -5.812495481E-03  6.562000141E-03  2.030545089E+00 
        35  5.937497597E-03 -5.937495269E-03  6.562000141E-03  2.071141381E+00 
        36  6.062497385E-03 -6.062495057E-03  6.562000141E-03  1.868254060E+00 
        37  6.187497638E-03 -6.187495310E-03  6.562000141E-03  1.731562445E+00 
        38  6.312497426E-03 -6.312495098E-03  6.562000141E-03  1.730427053E+00 
        39  6.437497679E-03 -6.437495351E-03  6.562000141E-03  1.650330368E+00 
        40  6.562497467E-03 -6.562495138E-03  6.562000141E-03  1.326267744E+00 
        41  6.687497254E-03 -6.687495392E-03  6.562000141E-03  1.270550742E+00 
        42  6.812497508E-03 -6.812495179E-03  6.562000141E-03  1.504759695E+00 
        43  6.937497295E-03 -6.937495433E-03  6.562000141E-03  1.655275280E+00 
        44  7.062497549E-03 -7.062495220E-03  6.562000141E-03  1.826243382E+00 
        45  7.187497336E-03 -7.187495474E-03  6.562000141E-03  2.040831124E+00 
        46  7.312497590E-03 -7.312495261E-03  6.562000141E-03  2.138837308E+00 
        47  7.437497377E-03 -7.437495515E-03  6.562000141E-03  2.186258079E+00 
        48  7.562497165E-03 -7.562495302E-03  6.562000141E-03  2.238409412E+00 
        49  7.687497418E-03 -7.687495556E-03  6.562000141E-03  2.197941086E+00 
        50  7.812497206E-03 -7.812495343E-03  6.562000141E-03  2.085623577E+00 
        51  7.937497459E-03 -7.937495597E-03  6.562000141E-03  2.013004666E+00 
        52  8.062497713E-03 -8.062495850E-03  6.562000141E-03  1.750129466E+00 
        53  8.187497035E-03 -8.187495172E-03  6.562000141E-03  1.765679598E+00 
        54  8.312497288E-03 -8.312495425E-03  6.562000141E-03  1.437819740E+00 
        55  8.437497541E-03 -8.437495679E-03  6.562000141E-03  1.651450583E+00 
        56  8.562497795E-03 -8.562495001E-03  6.562000141E-03  1.815725319E+00 
        57  8.687497117E-03 -8.687495254E-03  6.562000141E-03  2.011830930E+00 
        58  8.812497370E-03 -8.812495507E-03  6.562000141E-03  2.404490368E+00 
        59  8.937497623E-03 -8.937495761E-03  6.562000141E-03  2.720358730E+00 
        60  9.062496945E-03 -9.062495083E-03  6.562000141E-03  3.006275968E+00 
        61  9.187497199E-03 -9.187495336E-03  6.562000141E-03  3.132924804E+00 
        62  9.312497452E-03 -9.312495589E-03  6.562000141E-03  3.562630885E+00 
        63  9.437497705E-03 -9.437495843E-03  6.562000141E-03  3.649329659E+00 
        64  9.562497027E-03 -9.562495165E-03  6.562000141E-03  3.522795494E+00 
        65  9.687497281E-03 -9.687495418E-03  6.562000141E-03  3.931260493E+00 
        66  9.812497534E-03 -9.812495671E-03  6.562000141E-03  4.237855559E+00 
        67  9.937496856E-03 -9.937495925E-03  6.562000141E-03  4.198546085E+00 
        68  1.006249711E-02 -1.006249525E-02  6.562000141E-03  4.285484856E+00 
        69  1.018749736E-02 -1.018749550E-02  6.562000141E-03  4.417044398E+00 
        70  1.306249667E-02 -1.306249574E-02  6.562000141E-03  5.463225139E+00 
        71  1.318749692E-02 -1.318749599E-02  6.562000141E-03  5.482098638E+00 
        72  1.331249718E-02 -1.331249624E-02  6.562000141E-03  5.527804704E+00 
        73  1.343749743E-02 -1.343749557E-02  6.562000141E-03  5.630937966E+00 
        74  1.356249675E-02 -1.356249582E-02  6.562000141E-03  5.788292656E+00 
        75  1.368749700E-02 -1.368749607E-02  6.562000141E-03  5.972647366E+00 
        76  1.381249726E-02 -1.381249540E-02  6.562000141E-03  6.152455267E+00 
        77  1.393749658E-02 -1.393749565E-02  6.562000141E-03  6.301751183E+00 
        78  1.406249683E-02 -1.406249590E-02  6.562000141E-03  6.417974544E+00 
        79  1.418749709E-02 -1.418749616E-02  6.562000141E-03  6.507715138E+00 
        80  1.431249734E-02 -1.431249548E-02  6.562000141E-03  6.578994746E+00 
        81  1.443749666E-02 -1.443749573E-02  6.562000141E-03  6.641085974E+00 
        82  1.456249692E-02 -1.456249598E-02  6.562000141E-03  6.705269225E+00 
        83  1.468749717E-02 -1.468749624E-02  6.562000141E-03  6.769555713E+00 
        84  1.481249649E-02 -1.481249556E-02  6.562000141E-03  6.832587949E+00 
        85  1.493749674E-02 -1.493749581E-02  6.562000141E-03  6.893508262E+00 
        86  1.506249700E-02 -1.506249607E-02  6.562000141E-03  6.946406840E+00 
        87  1.518749725E-02 -1.518749632E-02  6.562000141E-03  6.973075361E+00 
        88  1.531249657E-02 -1.531249564E-02  6.562000141E-03  6.971731631E+00 
        89  1.543749683E-02 -1.543749589E-02  6.562000141E-03  6.974537378E+00 
        90  1.556249708E-02 -1.556249615E-02  6.562000141E-03  6.983338830E+00 
        91  1.568749733E-02 -1.568749547E-02  6.562000141E-03  7.006096465E+00 
        92  1.581249572E-02 -1.581249572E-02  6.562000141E-03  7.055034598E+00 
        93  1.593749598E-02 -1.593749598E-02  6.562000141E-03  7.055608068E+00 
        94  1.606249623E-02 -1.606249623E-02  6.562000141E-03  7.146817734E+00 
        95  1.618749648E-02 -1.618749648E-02  6.562000141E-03  7.190016088E+00 
        96  1.631249674E-02 -1.631249487E-02  6.562000141E-03  7.163693636E+00 
        97  1.643749699E-02 -1.643749513E-02  6.562000141E-03  7.273302926E+00 
        98  1.656249724E-02 -1.656249538E-02  6.562000141E-03  7.563558873E+00 
        99  1.668749563E-02 -1.668749563E-02  6.562000141E-03  7.702566850E+00 
       100  1.293749735E-02 -1.293749548E-02  6.562000141E-03  5.448566289E+00 
       101  1.281249709E-02 -1.281249616E-02  6.562000141E-03  5.373558833E+00 
       102  1.268749684E-02 -1.268749591E-02  6.562000141E-03  5.226983103E+00 
       103  1.256249752E-02 -1.256249566E-02  6.562000141E-03  5.041796029E+00 
       104  1.243749727E-02 -1.243749540E-02  6.562000141E-03  4.865218331E+00 
       105  1.231249701E-02 -1.231249608E-02  6.562000141E-03  4.835559849E+00 
       106  1.218749676E-02 -1.218749583E-02  6.562000141E-03  4.979937338E+00 
       107  1.206249744E-02 -1.206249557E-02  6.562000141E-03  5.090059073E+00 
       108  1.193749718E-02 -1.193749532E-02  6.562000141E-03  5.098338705E+00 
       109  1.181249693E-02 -1.181249600E-02  6.562000141E-03  5.113542126E+00 
       110  1.168749668E-02 -1.168749575E-02  6.562000141E-03  5.092809710E+00 
       111  1.156249736E-02 -1.156249549E-02  6.562000141E-03  5.134744090E+00 
       112  1.143749710E-02 -1.143749524E-02  6.562000141E-03  5.057355898E+00 
       113  1.131249685E-02 -1.131249592E-02  6.562000141E-03  4.579406045E+00 
       114  1.118749753E-02 -1.118749566E-02  6.562000141E-03  4.320466411E+00 
       115  1.106249727E-02 -1.106249541E-02  6.562000141E-03  4.297090002E+00 
       116  1.093749702E-02 -1.093749609E-02  6.562000141E-03  4.273149847E+00 
       117  1.081249677E-02 -1.081249584E-02  6.562000141E-03  4.291598794E+00 
       118  1.068749744E-02 -1.068749558E-02  6.562000141E-03  4.328167263E+00 
       119  1.056249719E-02 -1.056249533E-02  6.562000141E-03  4.421512821E+00 
       120  1.043749694E-02 -1.043749601E-02  6.562000141E-03  4.585415388E+00 
       121  1.031249762E-02 -1.031249575E-02  6.562000141E-03  4.548109225E+00 
       122  1.959007420E-02 -1.959007420E-02  6.562000141E-03  7.225831696E+00 
       123  1.966207288E-02 -1.966207288E-02  6.562000141E-03  7.479010558E+00 
       124  1.973407343E-02 -1.973407343E-02  6.562000141E-03  7.469972010E+00 
       125  1.980607398E-02 -1.980607398E-02  6.562000141E-03  7.679341632E+00 
       126  1.987807266E-02 -1.987807266E-02  6.562000141E-03  7.514199662E+00 
       127  1.995007321E-02 -1.995007321E-02  6.562000141E-03  7.561803210E+00 
       128  2.002207376E-02 -2.002207376E-02  6.562000141E-03  7.347781383E+00 
       129  2.009407245E-02 -2.009407245E-02  6.562000141E-03  7.266924361E+00 
       130  2.016607299E-02 -2.016607299E-02  6.562000141E-03  7.090387825E+00 
       131  2.023807354E-02 -2.023807354E-02  6.562000141E-03  7.048854918E+00 
       132  2.031007409E-02 -2.031007409E-02  6.562000141E-03  7.067223173E+00 
       133  2.038207278E-02 -2.038207278E-02  6.562000141E-03  7.004308904E+00 
       134  2.045407332E-02 -2.045407332E-02  6.562000141E-03  6.899352797E+00 
       135  2.052607387E-02 -2.052607387E-02  6.562000141E-03  6.787135587E+00 
       136  2.059807442E-02 -2.059807442E-02  6.562000141E-03  6.809112343E+00 
       137  2.067007311E-02 -2.067007311E-02  6.562000141E-03  6.858367031E+00 
       138  2.074207366E-02 -2.074207366E-02  6.562000141E-03  6.966046916E+00 
       139  2.081407234E-02 -2.081407234E-02  6.562000141E-03  7.031073792E+00 
       140  2.088592015E-02 -2.088592015E-02  6.562000141E-03  7.017511727E+00 
       141  2.093681321E-02 -2.093681321E-02  6.562000606E-03  6.998748948E+00 
       142  2.101956122E-02 -2.101956122E-02  6.562000606E-03  6.760840808E+00 
       143  2.107902244E-02 -2.107902244E-02  6.562000606E-03  6.442340379E+00 
       144  2.110386454E-02 -2.110386454E-02  6.562000606E-03  5.908608767E+00 
       145  2.112595551E-02 -2.112595551E-02  6.562000606E-03  5.409379139E+00 
       146  2.114437334E-02 -2.114437334E-02  6.562000606E-03  4.802154153E+00 
       147  2.115972713E-02 -2.115972713E-02  6.562000606E-03  4.075270466E+00 
       148  2.121082321E-02 -2.121082321E-02  6.562000141E-03  2.242178640E-01 
       149  2.120567486E-02 -2.120567486E-02  6.562000606E-03  6.693723765E-01 
       150  2.119949833E-02 -2.119949833E-02  6.562000141E-03  1.194318942E+00 
       151  2.119208500E-02 -2.119208500E-02  6.562000606E-03  1.809084012E+00 
       152  2.118319459E-02 -2.118319459E-02  6.562000141E-03  2.513321164E+00 
       153  2.117252536E-02 -2.117252536E-02  6.562000141E-03  3.284503508E+00 
       154  1.895096339E-02 -1.895096339E-02  6.562000141E-03  6.759817925E+00 
       155  1.890101843E-02 -1.890101843E-02  6.562000141E-03  6.727594714E+00 
       156  1.880909875E-02 -1.880909875E-02  6.562000141E-03  6.897514432E+00 
       157  1.868749596E-02 -1.868749596E-02  6.562000141E-03  7.127035426E+00 
       158  1.856249571E-02 -1.856249571E-02  6.562000141E-03  7.319694559E+00 
       159  1.843749546E-02 -1.843749546E-02  6.562000141E-03  7.343337811E+00 
       160  1.831249706E-02 -1.831249520E-02  6.562000141E-03  7.047282299E+00 
       161  1.818749681E-02 -1.818749681E-02  6.562000141E-03  6.910392061E+00 
       162  1.806249656E-02 -1.806249656E-02  6.562000141E-03  7.019965568E+00 
       163  1.793749630E-02 -1.793749630E-02  6.562000141E-03  7.158435787E+00 
       164  1.781249605E-02 -1.781249605E-02  6.562000141E-03  7.221172670E+00 
       165  1.768749580E-02 -1.768749580E-02  6.562000141E-03  7.265847611E+00 
       166  1.756249554E-02 -1.756249554E-02  6.562000141E-03  7.282700617E+00 
       167  1.743749715E-02 -1.743749529E-02  6.562000141E-03  7.448986894E+00 
       168  1.731249690E-02 -1.731249504E-02  6.562000141E-03  7.518328621E+00 
       169  1.718749665E-02 -1.718749665E-02  6.562000141E-03  7.359667975E+00 
       170  1.706249639E-02 -1.706249639E-02  6.562000141E-03  7.280533545E+00 
       171  1.693749614E-02 -1.693749614E-02  6.562000141E-03  7.350486666E+00 
       172  1.681249589E-02 -1.681249589E-02  6.562000141E-03  7.560682041E+00 
       173  1.951807365E-02 -1.951807365E-02  6.562000141E-03  7.061686645E+00 
       174  1.944607310E-02 -1.944607310E-02  6.562000141E-03  6.900160059E+00 
       175  1.937407255E-02 -1.937407441E-02  6.562000141E-03  6.722396176E+00 
       176  1.930207387E-02 -1.930207387E-02  6.562000141E-03  6.721734484E+00 
       177  1.923859492E-02 -1.923859492E-02  6.562000141E-03  6.617288355E+00 
       178  1.914011873E-02 -1.914011873E-02  6.562000141E-03  6.789116994E+00 
       179  1.905349456E-02 -1.905349456E-02  6.562000606E-03  6.700843968E+00 
       180  1.899245940E-02 -1.899245940E-02  6.562000606E-03  6.822359802E+00 
