cellnumber     x-coordinate     y-coordinate     z-coordinate velocity-magnitude 
         1  1.959007420E-02 -1.959007420E-02  6.562000141E-03  7.189749357E+00 
         2  1.966207288E-02 -1.966207288E-02  6.562000141E-03  7.032479660E+00 
         3  1.973407343E-02 -1.973407343E-02  6.562000141E-03  6.979145359E+00 
         4  1.980607398E-02 -1.980607398E-02  6.562000141E-03  6.725758511E+00 
         5  1.987807266E-02 -1.987807266E-02  6.562000141E-03  6.659088809E+00 
         6  1.995007321E-02 -1.995007321E-02  6.562000141E-03  6.515065250E+00 
         7  2.002207376E-02 -2.002207376E-02  6.562000141E-03  6.613211277E+00 
         8  2.009407245E-02 -2.009407245E-02  6.562000141E-03  6.530260013E+00 
         9  2.016607299E-02 -2.016607299E-02  6.562000141E-03  6.549462252E+00 
        10  2.023807354E-02 -2.023807354E-02  6.562000141E-03  6.534467205E+00 
        11  2.031007409E-02 -2.031007409E-02  6.562000141E-03  6.386698642E+00 
        12  2.038207278E-02 -2.038207278E-02  6.562000141E-03  6.347162834E+00 
        13  2.045407332E-02 -2.045407332E-02  6.562000141E-03  6.165227076E+00 
        14  2.052607387E-02 -2.052607387E-02  6.562000141E-03  6.076420648E+00 
        15  2.059807442E-02 -2.059807442E-02  6.562000141E-03  5.952481096E+00 
        16  2.067007311E-02 -2.067007311E-02  6.562000141E-03  5.823337444E+00 
        17  2.074207366E-02 -2.074207366E-02  6.562000141E-03  5.883503828E+00 
        18  2.081407234E-02 -2.081407234E-02  6.562000141E-03  5.911625947E+00 
        19  2.088592015E-02 -2.088592015E-02  6.562000141E-03  6.091118862E+00 
        20  2.093681321E-02 -2.093681321E-02  6.562000606E-03  6.400329374E+00 
        21  2.101956122E-02 -2.101956122E-02  6.562000606E-03  6.892184918E+00 
        22  2.107902244E-02 -2.107902244E-02  6.562000606E-03  7.237955027E+00 
        23  2.110386454E-02 -2.110386454E-02  6.562000606E-03  7.148985180E+00 
        24  2.112595551E-02 -2.112595551E-02  6.562000606E-03  6.651378001E+00 
        25  2.114437334E-02 -2.114437334E-02  6.562000606E-03  5.875556756E+00 
        26  2.115972713E-02 -2.115972713E-02  6.562000606E-03  4.964795882E+00 
        27  1.895096339E-02 -1.895096339E-02  6.562000141E-03  7.097206568E+00 
        28  1.890101843E-02 -1.890101843E-02  6.562000141E-03  7.081010207E+00 
        29  1.880909875E-02 -1.880909875E-02  6.562000606E-03  6.896290228E+00 
        30  1.868749596E-02 -1.868749596E-02  6.562000141E-03  6.862773618E+00 
        31  1.856249571E-02 -1.856249571E-02  6.562000141E-03  6.829488723E+00 
        32  1.843749546E-02 -1.843749732E-02  6.562000141E-03  7.009216636E+00 
        33  1.831249520E-02 -1.831249706E-02  6.562000141E-03  7.484072623E+00 
        34  1.818749495E-02 -1.818749681E-02  6.562000141E-03  7.504798420E+00 
        35  1.806249656E-02 -1.806249656E-02  6.562000141E-03  7.304497666E+00 
        36  1.793749630E-02 -1.793749630E-02  6.562000141E-03  7.300145019E+00 
        37  1.781249605E-02 -1.781249605E-02  6.562000141E-03  7.370478280E+00 
        38  1.768749580E-02 -1.768749580E-02  6.562000141E-03  7.535215807E+00 
        39  1.756249554E-02 -1.756249554E-02  6.562000141E-03  7.475333174E+00 
        40  1.743749529E-02 -1.743749715E-02  6.562000141E-03  7.426037024E+00 
        41  1.731249504E-02 -1.731249690E-02  6.562000141E-03  7.453844542E+00 
        42  1.718749665E-02 -1.718749665E-02  6.562000141E-03  7.376084743E+00 
        43  1.706249639E-02 -1.706249639E-02  6.562000141E-03  7.331751051E+00 
        44  1.693749614E-02 -1.693749614E-02  6.562000141E-03  7.392953334E+00 
        45  1.681249589E-02 -1.681249589E-02  6.562000141E-03  7.462819386E+00 
        46  1.951807365E-02 -1.951807365E-02  6.562000141E-03  7.131693611E+00 
        47  1.944607310E-02 -1.944607310E-02  6.562000141E-03  7.303679751E+00 
        48  1.937407255E-02 -1.937407441E-02  6.562000141E-03  7.193387549E+00 
        49  1.930207387E-02 -1.930207387E-02  6.562000141E-03  7.254532712E+00 
        50  1.923859492E-02 -1.923859492E-02  6.562000141E-03  7.094585853E+00 
        51  1.914011873E-02 -1.914011873E-02  6.562000141E-03  6.844369981E+00 
        52  1.905349456E-02 -1.905349456E-02  6.562000606E-03  6.810090381E+00 
        53  1.899245940E-02 -1.899245940E-02  6.562000606E-03  6.874200112E+00 
        54  2.121082321E-02 -2.121082321E-02  6.562000141E-03  2.718376906E-01 
        55  2.120567486E-02 -2.120567486E-02  6.562000606E-03  8.196016530E-01 
        56  2.119949833E-02 -2.119949833E-02  6.562000141E-03  1.469739399E+00 
        57  2.119208500E-02 -2.119208500E-02  6.562000606E-03  2.227787915E+00 
        58  2.118319459E-02 -2.118319459E-02  6.562000141E-03  3.085153740E+00 
        59  2.117252536E-02 -2.117252536E-02  6.562000141E-03  4.014394995E+00 
        60  1.293749642E-02 -1.293749642E-02  6.562000141E-03  5.749951440E+00 
        61  1.281249709E-02 -1.281249616E-02  6.562000141E-03  5.758213690E+00 
        62  1.268749684E-02 -1.268749591E-02  6.562000141E-03  5.774317828E+00 
        63  1.256249659E-02 -1.256249566E-02  6.562000141E-03  5.747742914E+00 
        64  1.243749633E-02 -1.243749633E-02  6.562000141E-03  5.665847276E+00 
        65  1.231249701E-02 -1.231249608E-02  6.562000141E-03  5.566665115E+00 
        66  1.218749676E-02 -1.218749583E-02  6.562000141E-03  5.477032436E+00 
        67  1.206249651E-02 -1.206249651E-02  6.562000141E-03  5.397858323E+00 
        68  1.193749718E-02 -1.193749625E-02  6.562000141E-03  5.318552555E+00 
        69  1.181249693E-02 -1.181249600E-02  6.562000141E-03  5.160409306E+00 
        70  1.168749668E-02 -1.168749575E-02  6.562000141E-03  4.994036903E+00 
        71  1.156249642E-02 -1.156249642E-02  6.562000141E-03  4.887720863E+00 
        72  1.143749710E-02 -1.143749617E-02  6.562000141E-03  4.734558077E+00 
        73  1.131249685E-02 -1.131249592E-02  6.562000141E-03  4.566848897E+00 
        74  1.118749660E-02 -1.118749566E-02  6.562000141E-03  4.206186593E+00 
        75  1.106249727E-02 -1.106249634E-02  6.562000141E-03  4.208910161E+00 
        76  1.093749702E-02 -1.093749609E-02  6.562000141E-03  4.052772649E+00 
        77  1.081249677E-02 -1.081249584E-02  6.562000141E-03  3.805614115E+00 
        78  1.068749651E-02 -1.068749558E-02  6.562000141E-03  3.771410372E+00 
        79  1.056249719E-02 -1.056249626E-02  6.562000141E-03  3.823446772E+00 
        80  1.043749694E-02 -1.043749601E-02  6.562000141E-03  3.945954439E+00 
        81  1.031249668E-02 -1.031249575E-02  6.562000141E-03  4.136619205E+00 
        82  1.306249667E-02 -1.306249574E-02  6.562000141E-03  5.780960999E+00 
        83  1.318749692E-02 -1.318749599E-02  6.562000141E-03  5.846126001E+00 
        84  1.331249624E-02 -1.331249624E-02  6.562000141E-03  5.912044260E+00 
        85  1.343749650E-02 -1.343749650E-02  6.562000141E-03  5.963955381E+00 
        86  1.356249675E-02 -1.356249582E-02  6.562000141E-03  5.995359235E+00 
        87  1.368749700E-02 -1.368749607E-02  6.562000141E-03  5.990483735E+00 
        88  1.381249633E-02 -1.381249633E-02  6.562000141E-03  5.952507196E+00 
        89  1.393749658E-02 -1.393749658E-02  6.562000141E-03  5.899945877E+00 
        90  1.406249683E-02 -1.406249590E-02  6.562000141E-03  5.840156592E+00 
        91  1.418749616E-02 -1.418749616E-02  6.562000141E-03  5.782921920E+00 
        92  1.431249641E-02 -1.431249641E-02  6.562000141E-03  5.744483945E+00 
        93  1.443749666E-02 -1.443749666E-02  6.562000141E-03  5.792006118E+00 
        94  1.456249692E-02 -1.456249598E-02  6.562000141E-03  5.872985317E+00 
        95  1.468749624E-02 -1.468749624E-02  6.562000141E-03  5.918781597E+00 
        96  1.481249649E-02 -1.481249649E-02  6.562000141E-03  6.045623448E+00 
        97  1.493749674E-02 -1.493749674E-02  6.562000141E-03  6.276976259E+00 
        98  1.506249607E-02 -1.506249607E-02  6.562000141E-03  6.527666108E+00 
        99  1.518749632E-02 -1.518749632E-02  6.562000141E-03  6.829988531E+00 
       100  1.531249657E-02 -1.531249657E-02  6.562000141E-03  7.060348657E+00 
       101  1.543749683E-02 -1.543749683E-02  6.562000141E-03  7.154456323E+00 
       102  1.556249615E-02 -1.556249615E-02  6.562000141E-03  7.187825380E+00 
       103  1.568749547E-02 -1.568749547E-02  6.562000141E-03  7.222572527E+00 
       104  1.581249572E-02 -1.581249572E-02  6.562000141E-03  7.260808851E+00 
       105  1.593749598E-02 -1.593749598E-02  6.562000141E-03  7.307093182E+00 
       106  1.606249623E-02 -1.606249623E-02  6.562000141E-03  7.361310974E+00 
       107  1.618749648E-02 -1.618749648E-02  6.562000141E-03  7.397188595E+00 
       108  1.631249674E-02 -1.631249674E-02  6.562000141E-03  7.398103340E+00 
       109  1.643749513E-02 -1.643749699E-02  6.562000141E-03  7.415603904E+00 
       110  1.656249538E-02 -1.656249538E-02  6.562000141E-03  7.456472103E+00 
       111  1.668749563E-02 -1.668749563E-02  6.562000141E-03  7.493187879E+00 
       112  4.937497433E-03 -4.937495105E-03  6.562000141E-03  1.150921491E+00 
       113  5.062497221E-03 -5.062495358E-03  6.562000141E-03  1.305772952E+00 
       114  5.187497474E-03 -5.187495146E-03  6.562000141E-03  1.456550604E+00 
       115  5.312497262E-03 -5.312495399E-03  6.562000141E-03  1.463248184E+00 
       116  5.437497515E-03 -5.437495187E-03  6.562000141E-03  1.397787344E+00 
       117  5.562497303E-03 -5.562495440E-03  6.562000141E-03  1.227698025E+00 
       118  5.687497556E-03 -5.687495228E-03  6.562000141E-03  9.723069015E-01 
       119  5.812497344E-03 -5.812495481E-03  6.562000141E-03  8.351478776E-01 
       120  5.937497132E-03 -5.937495269E-03  6.562000141E-03  9.134883255E-01 
       121  6.062497385E-03 -6.062495522E-03  6.562000141E-03  1.023028883E+00 
       122  6.187497173E-03 -6.187495310E-03  6.562000141E-03  1.170547177E+00 
       123  6.312497426E-03 -6.312495563E-03  6.562000141E-03  1.305282798E+00 
       124  6.437497213E-03 -6.437495351E-03  6.562000141E-03  1.444446437E+00 
       125  6.562497467E-03 -6.562495604E-03  6.562000141E-03  1.678030766E+00 
       126  6.687497254E-03 -6.687495392E-03  6.562000141E-03  1.890964574E+00 
       127  6.812497042E-03 -6.812495645E-03  6.562000141E-03  2.093471946E+00 
       128  6.937497295E-03 -6.937495433E-03  6.562000141E-03  2.181151904E+00 
       129  7.062497083E-03 -7.062495686E-03  6.562000141E-03  2.116713242E+00 
       130  7.187497336E-03 -7.187495474E-03  6.562000141E-03  1.488411237E+00 
       131  7.312497124E-03 -7.312495727E-03  6.562000141E-03  1.435476634E+00 
       132  7.437497377E-03 -7.437495515E-03  6.562000141E-03  2.384409489E+00 
       133  7.562497165E-03 -7.562495768E-03  6.562000141E-03  1.930989015E+00 
       134  7.687496953E-03 -7.687495556E-03  6.562000141E-03  1.668680635E+00 
       135  7.812497206E-03 -7.812495809E-03  6.562000141E-03  1.619675337E+00 
       136  7.937497459E-03 -7.937495597E-03  6.562000141E-03  1.824464336E+00 
       137  8.062496781E-03 -8.062495850E-03  6.562000141E-03  1.699748405E+00 
       138  8.187497035E-03 -8.187496103E-03  6.562000141E-03  1.393780826E+00 
       139  8.312497288E-03 -8.312495425E-03  6.562000141E-03  1.532465851E+00 
       140  8.437497541E-03 -8.437495679E-03  6.562000141E-03  1.513211888E+00 
       141  8.562496863E-03 -8.562495932E-03  6.562000141E-03  1.342276375E+00 
       142  8.687497117E-03 -8.687495254E-03  6.562000141E-03  1.305365172E+00 
       143  8.812497370E-03 -8.812495507E-03  6.562000141E-03  1.304848508E+00 
       144  8.937496692E-03 -8.937495761E-03  6.562000141E-03  1.544888395E+00 
       145  9.062496945E-03 -9.062496014E-03  6.562000141E-03  1.841090589E+00 
       146  9.187497199E-03 -9.187495336E-03  6.562000141E-03  2.142222990E+00 
       147  9.312497452E-03 -9.312495589E-03  6.562000141E-03  2.349246024E+00 
       148  9.437496774E-03 -9.437495843E-03  6.562000141E-03  2.445229187E+00 
       149  9.562497027E-03 -9.562496096E-03  6.562000141E-03  3.085473326E+00 
       150  9.687497281E-03 -9.687495418E-03  6.562000141E-03  4.116093582E+00 
       151  9.812496603E-03 -9.812495671E-03  6.562000141E-03  4.426182279E+00 
       152  9.937496856E-03 -9.937495925E-03  6.562000141E-03  4.517175264E+00 
       153  1.006249711E-02 -1.006249618E-02  6.562000141E-03  4.424350801E+00 
       154  1.018749736E-02 -1.018749550E-02  6.562000141E-03  4.265773464E+00 
       155  2.830350772E-03 -2.830350772E-03  6.562000141E-03  1.451507750E+00 
       156  2.835454186E-03 -2.835454186E-03  6.562000606E-03  1.426619532E+00 
       157  2.841583686E-03 -2.841583686E-03  6.562000606E-03  1.398927744E+00 
       158  2.848947421E-03 -2.848947421E-03  6.562000141E-03  1.369692631E+00 
       159  2.857794985E-03 -2.857794985E-03  6.562000141E-03  1.340796909E+00 
       160  2.868429292E-03 -2.868429292E-03  6.561999675E-03  1.314634830E+00 
       161  2.881214023E-03 -2.881214023E-03  6.562000141E-03  1.291924444E+00 
       162  2.896590624E-03 -2.896590624E-03  6.562000606E-03  1.272178612E+00 
       163  2.915092744E-03 -2.915092744E-03  6.562000606E-03  1.240465178E+00 
       164  2.937367652E-03 -2.937367652E-03  6.562000141E-03  1.193774990E+00 
       165  2.973292954E-03 -2.973292954E-03  6.562000141E-03  1.052008927E+00 
       166  3.061022842E-03 -3.061021678E-03  6.562000141E-03  7.916825398E-01 
       167  3.187497612E-03 -3.187495051E-03  6.562000141E-03  7.699077944E-01 
       168  3.312497400E-03 -3.312495071E-03  6.562000141E-03  1.214971375E+00 
       169  3.437497420E-03 -3.437495092E-03  6.562000141E-03  1.577255033E+00 
       170  3.562497441E-03 -3.562495112E-03  6.562000141E-03  1.655483268E+00 
       171  3.687497461E-03 -3.687495133E-03  6.562000141E-03  1.353767702E+00 
       172  3.812497482E-03 -3.812495153E-03  6.562000141E-03  1.286504857E+00 
       173  3.937497269E-03 -3.937494941E-03  6.562000141E-03  1.388739330E+00 
       174  4.812497646E-03 -4.812495317E-03  6.562000141E-03  1.118359966E+00 
       175  4.687497392E-03 -4.687495530E-03  6.562000141E-03  1.135154255E+00 
       176  4.562497605E-03 -4.562495276E-03  6.562000141E-03  1.044512957E+00 
       177  4.437497351E-03 -4.437495489E-03  6.562000141E-03  1.052556086E+00 
       178  4.312497564E-03 -4.312495235E-03  6.562000141E-03  1.189252157E+00 
       179  4.187497310E-03 -4.187495448E-03  6.562000141E-03  1.322004845E+00 
       180  4.062497523E-03 -4.062495194E-03  6.562000141E-03  1.403983571E+00 
