cellnumber     x-coordinate     y-coordinate     z-coordinate velocity-magnitude 
         1  4.937497433E-03 -4.937495571E-03  6.562000141E-03  7.978213544E-01 
         2  5.062497221E-03 -5.062495358E-03  6.562000141E-03  8.127469267E-01 
         3  5.187497474E-03 -5.187495612E-03  6.562000141E-03  1.014806306E+00 
         4  5.312497262E-03 -5.312495399E-03  6.562000141E-03  1.109532275E+00 
         5  5.437497515E-03 -5.437495653E-03  6.562000141E-03  1.232903909E+00 
         6  5.562497303E-03 -5.562495440E-03  6.562000141E-03  1.357279239E+00 
         7  5.687497091E-03 -5.687495228E-03  6.562000141E-03  1.227274934E+00 
         8  5.812497344E-03 -5.812495481E-03  6.562000141E-03  1.263827805E+00 
         9  5.937497132E-03 -5.937495269E-03  6.562000141E-03  1.623633048E+00 
        10  6.062497385E-03 -6.062495522E-03  6.562000141E-03  2.151103607E+00 
        11  6.187497173E-03 -6.187495310E-03  6.562000141E-03  2.516568034E+00 
        12  6.312497426E-03 -6.312495563E-03  6.562000141E-03  2.206979515E+00 
        13  6.437497213E-03 -6.437495351E-03  6.562000141E-03  1.898567226E+00 
        14  6.562497001E-03 -6.562495604E-03  6.562000141E-03  1.764202073E+00 
        15  6.687497254E-03 -6.687495392E-03  6.562000141E-03  1.781095610E+00 
        16  6.812497042E-03 -6.812495645E-03  6.562000141E-03  1.922218555E+00 
        17  6.937497295E-03 -6.937495433E-03  6.562000141E-03  2.030573321E+00 
        18  7.062497083E-03 -7.062495686E-03  6.562000141E-03  2.080831115E+00 
        19  7.187497336E-03 -7.187495474E-03  6.562000141E-03  2.057316595E+00 
        20  7.312497124E-03 -7.312495727E-03  6.562000141E-03  1.993948800E+00 
        21  7.437496912E-03 -7.437495515E-03  6.562000141E-03  1.933199957E+00 
        22  7.562497165E-03 -7.562495768E-03  6.562000141E-03  1.905009744E+00 
        23  7.687496953E-03 -7.687495556E-03  6.562000141E-03  1.923179876E+00 
        24  7.812497206E-03 -7.812495809E-03  6.562000141E-03  1.568278159E+00 
        25  7.937497459E-03 -7.937495597E-03  6.562000141E-03  2.243581821E+00 
        26  8.062496781E-03 -8.062495850E-03  6.562000141E-03  2.139330130E+00 
        27  8.187497035E-03 -8.187496103E-03  6.562000141E-03  2.243115450E+00 
        28  8.312497288E-03 -8.312495425E-03  6.562000141E-03  2.519735095E+00 
        29  8.437496610E-03 -8.437495679E-03  6.562000141E-03  3.225912740E+00 
        30  8.562496863E-03 -8.562495932E-03  6.562000141E-03  3.606672423E+00 
        31  8.687497117E-03 -8.687496185E-03  6.562000141E-03  3.462945460E+00 
        32  8.812497370E-03 -8.812495507E-03  6.562000141E-03  3.321610652E+00 
        33  8.937496692E-03 -8.937495761E-03  6.562000141E-03  3.116160898E+00 
        34  9.062496945E-03 -9.062496014E-03  6.562000141E-03  2.845114014E+00 
        35  9.187497199E-03 -9.187496267E-03  6.562000141E-03  2.539704085E+00 
        36  9.312496521E-03 -9.312495589E-03  6.562000141E-03  2.436208925E+00 
        37  9.437496774E-03 -9.437495843E-03  6.562000141E-03  2.554045835E+00 
        38  9.562497027E-03 -9.562496096E-03  6.562000141E-03  2.715676691E+00 
        39  9.687497281E-03 -9.687496349E-03  6.562000141E-03  2.814859940E+00 
        40  9.812496603E-03 -9.812495671E-03  6.562000141E-03  2.763390257E+00 
        41  9.937496856E-03 -9.937495925E-03  6.562000141E-03  2.853197322E+00 
        42  1.006249711E-02 -1.006249618E-02  6.562000141E-03  3.415126742E+00 
        43  1.018749643E-02 -1.018749550E-02  6.562000141E-03  4.025245760E+00 
        44  1.293749642E-02 -1.293749642E-02  6.562000141E-03  5.283781681E+00 
        45  1.281249616E-02 -1.281249616E-02  6.562000141E-03  5.261001925E+00 
        46  1.268749684E-02 -1.268749591E-02  6.562000141E-03  5.285861847E+00 
        47  1.256249659E-02 -1.256249659E-02  6.562000141E-03  5.323420580E+00 
        48  1.243749633E-02 -1.243749633E-02  6.562000141E-03  5.336765430E+00 
        49  1.231249701E-02 -1.231249608E-02  6.562000141E-03  5.317856339E+00 
        50  1.218749676E-02 -1.218749583E-02  6.562000141E-03  5.296415724E+00 
        51  1.206249651E-02 -1.206249651E-02  6.562000141E-03  5.269563719E+00 
        52  1.193749625E-02 -1.193749625E-02  6.562000141E-03  5.220576456E+00 
        53  1.181249693E-02 -1.181249600E-02  6.562000141E-03  5.139096106E+00 
        54  1.168749668E-02 -1.168749575E-02  6.562000141E-03  5.057708437E+00 
        55  1.156249642E-02 -1.156249642E-02  6.562000141E-03  5.041383434E+00 
        56  1.143749710E-02 -1.143749617E-02  6.562000141E-03  5.069699450E+00 
        57  1.131249685E-02 -1.131249592E-02  6.562000141E-03  5.003492215E+00 
        58  1.118749660E-02 -1.118749566E-02  6.562000141E-03  4.905017091E+00 
        59  1.106249634E-02 -1.106249634E-02  6.562000141E-03  4.800892938E+00 
        60  1.093749702E-02 -1.093749609E-02  6.562000141E-03  4.681028715E+00 
        61  1.081249677E-02 -1.081249584E-02  6.562000141E-03  4.550039725E+00 
        62  1.068749651E-02 -1.068749558E-02  6.562000141E-03  4.405299031E+00 
        63  1.056249719E-02 -1.056249626E-02  6.562000141E-03  4.256608658E+00 
        64  1.043749694E-02 -1.043749601E-02  6.562000141E-03  4.194481528E+00 
        65  1.031249668E-02 -1.031249575E-02  6.562000141E-03  4.256455597E+00 
        66  1.306249667E-02 -1.306249667E-02  6.562000141E-03  5.344637779E+00 
        67  1.318749692E-02 -1.318749599E-02  6.562000141E-03  5.367184386E+00 
        68  1.331249624E-02 -1.331249624E-02  6.562000141E-03  5.272547988E+00 
        69  1.343749650E-02 -1.343749650E-02  6.562000141E-03  5.167086731E+00 
        70  1.356249675E-02 -1.356249675E-02  6.562000141E-03  5.165812368E+00 
        71  1.368749607E-02 -1.368749607E-02  6.562000141E-03  5.244167734E+00 
        72  1.381249633E-02 -1.381249633E-02  6.562000141E-03  5.387569081E+00 
        73  1.393749658E-02 -1.393749658E-02  6.562000141E-03  5.551884607E+00 
        74  1.406249683E-02 -1.406249590E-02  6.562000141E-03  5.737369620E+00 
        75  1.418749616E-02 -1.418749616E-02  6.562000141E-03  5.908634163E+00 
        76  1.431249641E-02 -1.431249641E-02  6.562000141E-03  6.038862086E+00 
        77  1.443749666E-02 -1.443749666E-02  6.562000141E-03  6.117403387E+00 
        78  1.456249598E-02 -1.456249598E-02  6.562000141E-03  6.161059569E+00 
        79  1.468749624E-02 -1.468749624E-02  6.562000141E-03  6.209907529E+00 
        80  1.481249649E-02 -1.481249649E-02  6.562000141E-03  6.271846995E+00 
        81  1.493749674E-02 -1.493749674E-02  6.562000141E-03  6.337812935E+00 
        82  1.506249607E-02 -1.506249607E-02  6.562000141E-03  6.422098396E+00 
        83  1.518749632E-02 -1.518749632E-02  6.562000141E-03  6.522864652E+00 
        84  1.531249657E-02 -1.531249657E-02  6.562000141E-03  6.636977060E+00 
        85  1.543749589E-02 -1.543749683E-02  6.562000141E-03  6.753859995E+00 
        86  1.556249615E-02 -1.556249615E-02  6.562000141E-03  6.859483149E+00 
        87  1.568749547E-02 -1.568749547E-02  6.562000141E-03  6.950967921E+00 
        88  1.581249572E-02 -1.581249572E-02  6.562000141E-03  7.040689218E+00 
        89  1.593749598E-02 -1.593749598E-02  6.562000141E-03  7.141878966E+00 
        90  1.606249623E-02 -1.606249623E-02  6.562000141E-03  7.276284847E+00 
        91  1.618749648E-02 -1.618749648E-02  6.562000141E-03  7.413620246E+00 
        92  1.631249674E-02 -1.631249674E-02  6.562000141E-03  7.580939111E+00 
        93  1.643749513E-02 -1.643749699E-02  6.562000141E-03  7.695107196E+00 
        94  1.656249538E-02 -1.656249724E-02  6.562000141E-03  7.796569350E+00 
        95  1.668749563E-02 -1.668749563E-02  6.562000141E-03  7.947678498E+00 
        96  2.121082321E-02 -2.121082321E-02  6.562000141E-03  2.453407212E-01 
        97  2.120567486E-02 -2.120567486E-02  6.562000606E-03  7.339916525E-01 
        98  2.119949833E-02 -2.119949833E-02  6.562000141E-03  1.326908932E+00 
        99  2.119208500E-02 -2.119208500E-02  6.562000606E-03  2.064580955E+00 
       100  2.118319459E-02 -2.118319459E-02  6.562000141E-03  2.993270391E+00 
       101  2.117252536E-02 -2.117252536E-02  6.562000141E-03  4.138338250E+00 
       102  1.959007420E-02 -1.959007420E-02  6.562000141E-03  6.835040779E+00 
       103  1.966207288E-02 -1.966207288E-02  6.562000141E-03  6.862220868E+00 
       104  1.973407343E-02 -1.973407343E-02  6.562000141E-03  6.757984557E+00 
       105  1.980607398E-02 -1.980607398E-02  6.562000141E-03  6.801492460E+00 
       106  1.987807266E-02 -1.987807266E-02  6.562000141E-03  6.706620762E+00 
       107  1.995007321E-02 -1.995007321E-02  6.562000141E-03  6.812417854E+00 
       108  2.002207376E-02 -2.002207376E-02  6.562000141E-03  6.794859788E+00 
       109  2.009407245E-02 -2.009407245E-02  6.562000141E-03  6.954015099E+00 
       110  2.016607299E-02 -2.016607299E-02  6.562000141E-03  6.929156192E+00 
       111  2.023807354E-02 -2.023807354E-02  6.562000141E-03  7.065529369E+00 
       112  2.031007409E-02 -2.031007409E-02  6.562000141E-03  7.066322707E+00 
       113  2.038207278E-02 -2.038207278E-02  6.562000141E-03  7.070806229E+00 
       114  2.045407332E-02 -2.045407332E-02  6.562000141E-03  7.025309108E+00 
       115  2.052607387E-02 -2.052607387E-02  6.562000141E-03  6.950351989E+00 
       116  2.059807442E-02 -2.059807442E-02  6.562000141E-03  7.098899782E+00 
       117  2.067007311E-02 -2.067007311E-02  6.562000141E-03  7.152676740E+00 
       118  2.074207366E-02 -2.074207366E-02  6.562000141E-03  7.392392809E+00 
       119  2.081407234E-02 -2.081407234E-02  6.562000141E-03  7.185101271E+00 
       120  2.088592015E-02 -2.088592015E-02  6.562000141E-03  7.043422317E+00 
       121  2.093681321E-02 -2.093681321E-02  6.562000606E-03  7.061681593E+00 
       122  2.101956122E-02 -2.101956122E-02  6.562000606E-03  7.102799803E+00 
       123  2.107902244E-02 -2.107902244E-02  6.562000606E-03  7.173366047E+00 
       124  2.110386454E-02 -2.110386454E-02  6.562000606E-03  7.273697436E+00 
       125  2.112595551E-02 -2.112595551E-02  6.562000606E-03  7.169691163E+00 
       126  2.114437334E-02 -2.114437334E-02  6.562000606E-03  6.563724466E+00 
       127  2.115972713E-02 -2.115972713E-02  6.562000606E-03  5.419531772E+00 
       128  2.830350772E-03 -2.830350772E-03  6.562000141E-03  1.436960419E+00 
       129  2.835454186E-03 -2.835454186E-03  6.562000606E-03  1.383634103E+00 
       130  2.841583686E-03 -2.841583686E-03  6.562000606E-03  1.323161063E+00 
       131  2.848947421E-03 -2.848947421E-03  6.562000141E-03  1.255573062E+00 
       132  2.857794985E-03 -2.857794985E-03  6.562000606E-03  1.182217200E+00 
       133  2.868429059E-03 -2.868429059E-03  6.562000141E-03  1.104745842E+00 
       134  2.881214023E-03 -2.881214023E-03  6.562000141E-03  1.029155824E+00 
       135  2.896590624E-03 -2.896590624E-03  6.562000141E-03  9.609886464E-01 
       136  2.915092744E-03 -2.915092744E-03  6.562000141E-03  9.255631233E-01 
       137  2.937367884E-03 -2.937367884E-03  6.562000606E-03  9.293020291E-01 
       138  2.973292954E-03 -2.973292954E-03  6.562000606E-03  1.208315055E+00 
       139  3.061023075E-03 -3.061021911E-03  6.562000141E-03  2.110955101E+00 
       140  3.187497379E-03 -3.187495051E-03  6.562000141E-03  2.190408787E+00 
       141  3.312497400E-03 -3.312495071E-03  6.562000141E-03  1.841291474E+00 
       142  3.437497420E-03 -3.437495092E-03  6.562000141E-03  1.662991483E+00 
       143  3.562497441E-03 -3.562495112E-03  6.562000141E-03  1.679958515E+00 
       144  3.687497461E-03 -3.687495133E-03  6.562000141E-03  1.675028322E+00 
       145  3.812497482E-03 -3.812495153E-03  6.562000141E-03  1.680544062E+00 
       146  3.937497269E-03 -3.937494941E-03  6.562000141E-03  1.843247870E+00 
       147  4.812497646E-03 -4.812495317E-03  6.562000141E-03  9.311836685E-01 
       148  4.687497392E-03 -4.687495530E-03  6.562000141E-03  1.099575774E+00 
       149  4.562497605E-03 -4.562495276E-03  6.562000141E-03  1.461719513E+00 
       150  4.437497351E-03 -4.437495489E-03  6.562000141E-03  1.654094128E+00 
       151  4.312497564E-03 -4.312495235E-03  6.562000141E-03  1.798558793E+00 
       152  4.187497310E-03 -4.187495448E-03  6.562000141E-03  2.043989560E+00 
       153  4.062497523E-03 -4.062495194E-03  6.562000141E-03  2.014218517E+00 
       154  1.895096339E-02 -1.895096339E-02  6.562000141E-03  7.029067205E+00 
       155  1.890101843E-02 -1.890101843E-02  6.562000141E-03  7.101489957E+00 
       156  1.880909875E-02 -1.880909875E-02  6.562000141E-03  7.058240673E+00 
       157  1.868749596E-02 -1.868749596E-02  6.562000141E-03  7.213836845E+00 
       158  1.856249571E-02 -1.856249571E-02  6.562000141E-03  7.530619113E+00 
       159  1.843749546E-02 -1.843749732E-02  6.562000141E-03  7.627906287E+00 
       160  1.831249520E-02 -1.831249706E-02  6.562000141E-03  7.664065450E+00 
       161  1.818749495E-02 -1.818749681E-02  6.562000141E-03  7.637046073E+00 
       162  1.806249656E-02 -1.806249656E-02  6.562000141E-03  7.538102060E+00 
       163  1.793749630E-02 -1.793749630E-02  6.562000141E-03  7.486624773E+00 
       164  1.781249605E-02 -1.781249605E-02  6.562000141E-03  7.576751771E+00 
       165  1.768749580E-02 -1.768749580E-02  6.562000141E-03  7.659348331E+00 
       166  1.756249554E-02 -1.756249741E-02  6.562000141E-03  7.619583328E+00 
       167  1.743749529E-02 -1.743749715E-02  6.562000141E-03  7.463488181E+00 
       168  1.731249504E-02 -1.731249690E-02  6.562000141E-03  7.294944929E+00 
       169  1.718749665E-02 -1.718749665E-02  6.562000141E-03  7.292035275E+00 
       170  1.706249639E-02 -1.706249639E-02  6.562000141E-03  7.410775753E+00 
       171  1.693749614E-02 -1.693749614E-02  6.562000141E-03  7.658417615E+00 
       172  1.681249589E-02 -1.681249589E-02  6.562000141E-03  7.867129532E+00 
       173  1.951807365E-02 -1.951807365E-02  6.562000141E-03  6.954519769E+00 
       174  1.944607310E-02 -1.944607310E-02  6.562000141E-03  6.962264327E+00 
       175  1.937407255E-02 -1.937407441E-02  6.562000141E-03  7.078288511E+00 
       176  1.930207387E-02 -1.930207387E-02  6.562000141E-03  7.087950469E+00 
       177  1.923859492E-02 -1.923859492E-02  6.562000141E-03  7.124119759E+00 
       178  1.914011873E-02 -1.914011873E-02  6.562000141E-03  7.162378212E+00 
       179  1.905349456E-02 -1.905349456E-02  6.562000606E-03  7.087755632E+00 
       180  1.899245940E-02 -1.899245940E-02  6.562000606E-03  7.212878903E+00 
