cellnumber     x-coordinate     y-coordinate     z-coordinate velocity-magnitude 
         1  2.830350772E-03 -2.830350772E-03  6.562000141E-03  1.466353983E+00 
         2  2.835454186E-03 -2.835454186E-03  6.562000606E-03  1.469749909E+00 
         3  2.841583686E-03 -2.841583686E-03  6.562000141E-03  1.472701929E+00 
         4  2.848947421E-03 -2.848947421E-03  6.562000606E-03  1.473781086E+00 
         5  2.857794985E-03 -2.857794985E-03  6.562000606E-03  1.470506291E+00 
         6  2.868429059E-03 -2.868429059E-03  6.562000141E-03  1.460194324E+00 
         7  2.881214023E-03 -2.881214023E-03  6.562000141E-03  1.440458262E+00 
         8  2.896590624E-03 -2.896590624E-03  6.562000141E-03  1.411760214E+00 
         9  2.915092511E-03 -2.915092511E-03  6.562000141E-03  1.378940035E+00 
        10  2.937367652E-03 -2.937367652E-03  6.562000141E-03  1.353376109E+00 
        11  2.973292954E-03 -2.973292954E-03  6.562000141E-03  1.342883232E+00 
        12  3.061023075E-03 -3.061021678E-03  6.562000141E-03  1.316054669E+00 
        13  3.187497612E-03 -3.187494818E-03  6.562000141E-03  1.253485746E+00 
        14  3.312497633E-03 -3.312494839E-03  6.562000141E-03  1.072553067E+00 
        15  3.437497653E-03 -3.437494859E-03  6.562000141E-03  8.919705669E-01 
        16  3.562497674E-03 -3.562494880E-03  6.562000141E-03  7.808604243E-01 
        17  3.687497694E-03 -3.687494900E-03  6.562000141E-03  7.561298598E-01 
        18  3.812497715E-03 -3.812494921E-03  6.562000141E-03  7.451127629E-01 
        19  3.937497735E-03 -3.937494941E-03  6.562000141E-03  7.367626448E-01 
        20  4.062497988E-03 -4.062495194E-03  6.562000141E-03  7.295717209E-01 
        21  4.187497776E-03 -4.187494982E-03  6.562000141E-03  7.061624320E-01 
        22  4.312497564E-03 -4.312494770E-03  6.562000141E-03  6.599748273E-01 
        23  4.437497817E-03 -4.437495023E-03  6.562000141E-03  5.987950482E-01 
        24  4.562497605E-03 -4.562494811E-03  6.562000141E-03  5.031562746E-01 
        25  1.106249727E-02 -1.106249541E-02  6.562000141E-03  4.855784918E+00 
        26  1.093749795E-02 -1.093749516E-02  6.562000141E-03  4.756440654E+00 
        27  1.081249770E-02 -1.081249490E-02  6.562000141E-03  4.630533531E+00 
        28  1.068749744E-02 -1.068749558E-02  6.562000141E-03  4.576486758E+00 
        29  1.056249719E-02 -1.056249533E-02  6.562000141E-03  4.512878448E+00 
        30  1.043749787E-02 -1.043749508E-02  6.562000141E-03  4.401349194E+00 
        31  1.031249762E-02 -1.031249482E-02  6.562000141E-03  4.261559014E+00 
        32  1.018749736E-02 -1.018749550E-02  6.562000141E-03  4.326518766E+00 
        33  1.006249804E-02 -1.006249525E-02  6.562000141E-03  4.540073208E+00 
        34  9.937497787E-03 -9.937494993E-03  6.562000141E-03  4.627427815E+00 
        35  9.812497534E-03 -9.812494740E-03  6.562000141E-03  4.404095198E+00 
        36  9.687497281E-03 -9.687495418E-03  6.562000141E-03  4.125751979E+00 
        37  9.562497959E-03 -9.562495165E-03  6.562000141E-03  4.158046310E+00 
        38  9.437497705E-03 -9.437494911E-03  6.562000141E-03  4.216637294E+00 
        39  9.312497452E-03 -9.312495589E-03  6.562000141E-03  3.969236192E+00 
        40  9.187497199E-03 -9.187495336E-03  6.562000141E-03  2.848326245E+00 
        41  9.062497877E-03 -9.062495083E-03  6.562000141E-03  1.788996823E+00 
        42  8.937497623E-03 -8.937494829E-03  6.562000141E-03  1.701710731E+00 
        43  8.812497370E-03 -8.812495507E-03  6.562000141E-03  1.376049513E+00 
        44  8.687498048E-03 -8.687495254E-03  6.562000141E-03  1.597320703E+00 
        45  8.562497795E-03 -8.562495001E-03  6.562000141E-03  2.024858522E+00 
        46  8.437497541E-03 -8.437494747E-03  6.562000141E-03  2.220124165E+00 
        47  8.312497288E-03 -8.312495425E-03  6.562000141E-03  2.195191112E+00 
        48  8.187497966E-03 -8.187495172E-03  6.562000141E-03  2.286566835E+00 
        49  8.062497713E-03 -8.062494919E-03  6.562000141E-03  2.634353625E+00 
        50  7.937497459E-03 -7.937495597E-03  6.562000141E-03  2.759142532E+00 
        51  7.812497672E-03 -7.812495343E-03  6.562000141E-03  2.497670365E+00 
        52  7.687497884E-03 -7.687495090E-03  6.562000141E-03  2.382864753E+00 
        53  7.562497631E-03 -7.562495302E-03  6.562000141E-03  2.120052859E+00 
        54  7.437497843E-03 -7.437495049E-03  6.562000141E-03  1.728666785E+00 
        55  7.312497590E-03 -7.312495261E-03  6.562000141E-03  1.748939158E+00 
        56  7.187497802E-03 -7.187495008E-03  6.562000141E-03  1.933002723E+00 
        57  7.062497549E-03 -7.062495220E-03  6.562000141E-03  1.829752788E+00 
        58  6.937497761E-03 -6.937494967E-03  6.562000141E-03  1.873915606E+00 
        59  6.812497508E-03 -6.812495179E-03  6.562000141E-03  1.874293493E+00 
        60  6.687497720E-03 -6.687494926E-03  6.562000141E-03  1.849752508E+00 
        61  6.562497932E-03 -6.562495138E-03  6.562000141E-03  1.871901353E+00 
        62  6.437497679E-03 -6.437494885E-03  6.562000141E-03  1.856533794E+00 
        63  6.312497891E-03 -6.312495098E-03  6.562000141E-03  1.833170642E+00 
        64  6.187497638E-03 -6.187494844E-03  6.562000141E-03  1.796544705E+00 
        65  6.062497851E-03 -6.062495057E-03  6.562000141E-03  1.817860472E+00 
        66  1.818749681E-02 -1.818749495E-02  6.562000141E-03  6.982439736E+00 
        67  1.806249656E-02 -1.806249470E-02  6.562000141E-03  6.650571993E+00 
        68  1.793749630E-02 -1.793749444E-02  6.562000141E-03  6.555153889E+00 
        69  1.781249791E-02 -1.781249605E-02  6.562000141E-03  6.686425630E+00 
        70  1.768749766E-02 -1.768749580E-02  6.562000141E-03  6.694956774E+00 
        71  1.756249741E-02 -1.756249554E-02  6.562000141E-03  6.541911155E+00 
        72  1.743749715E-02 -1.743749529E-02  6.562000141E-03  6.585467852E+00 
        73  1.731249690E-02 -1.731249504E-02  6.562000141E-03  6.587225714E+00 
        74  1.718749665E-02 -1.718749478E-02  6.562000141E-03  6.528101383E+00 
        75  1.706249639E-02 -1.706249453E-02  6.562000141E-03  6.680079992E+00 
        76  1.693749800E-02 -1.693749428E-02  6.562000141E-03  6.999022052E+00 
        77  1.681249775E-02 -1.681249589E-02  6.562000141E-03  7.125572502E+00 
        78  1.668749750E-02 -1.668749563E-02  6.562000141E-03  7.204484431E+00 
        79  1.656249724E-02 -1.656249538E-02  6.562000141E-03  7.347188736E+00 
        80  1.643749699E-02 -1.643749513E-02  6.562000141E-03  7.482848343E+00 
        81  1.631249674E-02 -1.631249487E-02  6.562000141E-03  7.474902942E+00 
        82  1.618749648E-02 -1.618749462E-02  6.562000141E-03  7.454169024E+00 
        83  1.606249623E-02 -1.606249437E-02  6.562000141E-03  7.443940423E+00 
        84  1.593749784E-02 -1.593749598E-02  6.562000141E-03  7.152621262E+00 
        85  1.581249759E-02 -1.581249572E-02  6.562000141E-03  7.103188969E+00 
        86  1.568749733E-02 -1.568749547E-02  6.562000141E-03  7.049860632E+00 
        87  1.556249708E-02 -1.556249522E-02  6.562000141E-03  6.962379400E+00 
        88  1.543749776E-02 -1.543749496E-02  6.562000141E-03  6.854915525E+00 
        89  1.531249750E-02 -1.531249564E-02  6.562000141E-03  6.695764230E+00 
        90  1.518749725E-02 -1.518749539E-02  6.562000141E-03  6.494030640E+00 
        91  1.506249700E-02 -1.506249513E-02  6.562000141E-03  6.277979693E+00 
        92  1.493749768E-02 -1.493749581E-02  6.562000141E-03  6.172766225E+00 
        93  1.481249742E-02 -1.481249556E-02  6.562000141E-03  6.182188384E+00 
        94  1.468749717E-02 -1.468749531E-02  6.562000141E-03  6.203005721E+00 
        95  1.456249785E-02 -1.456249505E-02  6.562000141E-03  6.214943723E+00 
        96  1.443749759E-02 -1.443749573E-02  6.562000141E-03  6.047122007E+00 
        97  1.431249734E-02 -1.431249548E-02  6.562000141E-03  5.895456946E+00 
        98  1.418749709E-02 -1.418749522E-02  6.562000141E-03  5.801393865E+00 
        99  1.406249776E-02 -1.406249497E-02  6.562000141E-03  5.768498468E+00 
       100  1.393749751E-02 -1.393749565E-02  6.562000141E-03  5.756748874E+00 
       101  1.381249726E-02 -1.381249540E-02  6.562000141E-03  5.740169664E+00 
       102  1.368749794E-02 -1.368749514E-02  6.562000141E-03  5.730420869E+00 
       103  1.356249768E-02 -1.356249489E-02  6.562000141E-03  5.648015256E+00 
       104  1.343749743E-02 -1.343749557E-02  6.562000141E-03  5.567140221E+00 
       105  1.331249718E-02 -1.331249531E-02  6.562000141E-03  5.506720376E+00 
       106  1.318749785E-02 -1.318749506E-02  6.562000141E-03  5.438285522E+00 
       107  1.306249760E-02 -1.306249574E-02  6.562000141E-03  5.386253847E+00 
       108  1.293749735E-02 -1.293749548E-02  6.562000141E-03  5.336670953E+00 
       109  1.281249709E-02 -1.281249523E-02  6.562000141E-03  5.303930325E+00 
       110  1.268749777E-02 -1.268749498E-02  6.562000141E-03  5.273988091E+00 
       111  1.256249752E-02 -1.256249566E-02  6.562000141E-03  5.308252071E+00 
       112  1.243749727E-02 -1.243749540E-02  6.562000141E-03  5.383639660E+00 
       113  1.231249794E-02 -1.231249515E-02  6.562000141E-03  5.305035042E+00 
       114  1.218749769E-02 -1.218749490E-02  6.562000141E-03  5.192707290E+00 
       115  1.206249744E-02 -1.206249557E-02  6.562000141E-03  5.088958565E+00 
       116  1.193749718E-02 -1.193749532E-02  6.562000141E-03  5.005282979E+00 
       117  1.181249786E-02 -1.181249507E-02  6.562000141E-03  5.010117480E+00 
       118  1.168749761E-02 -1.168749481E-02  6.562000141E-03  5.061340094E+00 
       119  1.156249736E-02 -1.156249549E-02  6.562000141E-03  5.004121846E+00 
       120  1.143749710E-02 -1.143749524E-02  6.562000141E-03  4.924583276E+00 
       121  1.131249778E-02 -1.131249499E-02  6.562000141E-03  4.882643124E+00 
       122  1.118749753E-02 -1.118749566E-02  6.562000141E-03  4.873114970E+00 
       123  4.687497858E-03 -4.687495064E-03  6.562000141E-03  5.222233020E-01 
       124  4.812497646E-03 -4.812494852E-03  6.562000141E-03  6.218297265E-01 
       125  4.937497899E-03 -4.937495105E-03  6.562000141E-03  6.474897681E-01 
       126  5.062497687E-03 -5.062494893E-03  6.562000141E-03  7.417686119E-01 
       127  5.187497940E-03 -5.187495146E-03  6.562000141E-03  8.347145910E-01 
       128  5.312497728E-03 -5.312494934E-03  6.562000141E-03  8.312540223E-01 
       129  5.437497515E-03 -5.437495187E-03  6.562000141E-03  8.746026137E-01 
       130  5.562497769E-03 -5.562494975E-03  6.562000141E-03  1.201399697E+00 
       131  5.687497556E-03 -5.687495228E-03  6.562000141E-03  1.557700056E+00 
       132  5.812497810E-03 -5.812495016E-03  6.562000141E-03  1.989240646E+00 
       133  5.937497597E-03 -5.937495269E-03  6.562000141E-03  1.991423321E+00 
       134  1.831249706E-02 -1.831249520E-02  6.562000141E-03  7.556155819E+00 
       135  1.843749732E-02 -1.843749546E-02  6.562000141E-03  8.044746818E+00 
       136  1.856249757E-02 -1.856249571E-02  6.562000141E-03  8.193535167E+00 
       137  1.868749782E-02 -1.868749596E-02  6.562000141E-03  8.176179292E+00 
       138  1.880909875E-02 -1.880909875E-02  6.562000141E-03  8.252732854E+00 
       139  1.890101843E-02 -1.890101843E-02  6.562000606E-03  8.237121861E+00 
       140  1.895096339E-02 -1.895096339E-02  6.562000141E-03  8.366807242E+00 
       141  1.899245940E-02 -1.899245940E-02  6.562000606E-03  8.242247697E+00 
       142  1.905349456E-02 -1.905349456E-02  6.562000606E-03  8.539461248E+00 
       143  1.914011873E-02 -1.914011873E-02  6.562000141E-03  8.451872816E+00 
       144  1.923859492E-02 -1.923859492E-02  6.561999675E-03  8.501641026E+00 
       145  1.930207387E-02 -1.930207387E-02  6.562000141E-03  8.512547604E+00 
       146  1.937407255E-02 -1.937407255E-02  6.562000141E-03  8.322765315E+00 
       147  1.944607310E-02 -1.944607310E-02  6.562000141E-03  8.233008261E+00 
       148  1.951807365E-02 -1.951807365E-02  6.562000141E-03  8.022633865E+00 
       149  1.959007420E-02 -1.959007420E-02  6.562000141E-03  7.724938458E+00 
       150  1.966207288E-02 -1.966207288E-02  6.562000141E-03  7.336475799E+00 
       151  1.973407343E-02 -1.973407343E-02  6.562000141E-03  6.959495990E+00 
       152  1.980607398E-02 -1.980607398E-02  6.562000141E-03  6.649082893E+00 
       153  1.987807266E-02 -1.987807266E-02  6.562000141E-03  6.417491642E+00 
       154  1.995007321E-02 -1.995007321E-02  6.562000141E-03  6.270899624E+00 
       155  2.002207376E-02 -2.002207376E-02  6.562000141E-03  6.137898444E+00 
       156  2.009407245E-02 -2.009407245E-02  6.562000141E-03  6.118241403E+00 
       157  2.016607299E-02 -2.016607299E-02  6.562000141E-03  6.083454232E+00 
       158  2.023807354E-02 -2.023807354E-02  6.562000141E-03  6.076050155E+00 
       159  2.031007409E-02 -2.031007409E-02  6.562000141E-03  6.163873448E+00 
       160  2.045407332E-02 -2.045407332E-02  6.562000141E-03  6.479606876E+00 
       161  2.121082321E-02 -2.121082321E-02  6.562000141E-03  3.804994415E-01 
       162  2.120567486E-02 -2.120567486E-02  6.562000141E-03  1.142725549E+00 
       163  2.119949646E-02 -2.119949646E-02  6.562000141E-03  2.047644703E+00 
       164  2.119208500E-02 -2.119208500E-02  6.562000141E-03  3.093001546E+00 
       165  2.118319459E-02 -2.118319459E-02  6.562000141E-03  4.210531594E+00 
       166  2.117252536E-02 -2.117252536E-02  6.562000141E-03  5.219443496E+00 
       167  2.115972713E-02 -2.115972713E-02  6.562000606E-03  5.871085312E+00 
       168  2.114437334E-02 -2.114437334E-02  6.562000606E-03  6.121204892E+00 
       169  2.112595551E-02 -2.112595551E-02  6.562000606E-03  6.156785773E+00 
       170  2.110386454E-02 -2.110386454E-02  6.562000606E-03  6.170376396E+00 
       171  2.107902244E-02 -2.107902244E-02  6.562000606E-03  6.192383904E+00 
       172  2.101955935E-02 -2.101955935E-02  6.562000141E-03  6.252435175E+00 
       173  2.093681321E-02 -2.093681321E-02  6.562000141E-03  6.359330473E+00 
       174  2.088592015E-02 -2.088592015E-02  6.562000141E-03  6.490325431E+00 
       175  2.081407420E-02 -2.081407420E-02  6.562000141E-03  6.566951220E+00 
       176  2.074207366E-02 -2.074207366E-02  6.562000141E-03  6.584655500E+00 
       177  2.067007311E-02 -2.067007311E-02  6.562000141E-03  6.572181891E+00 
       178  2.059807256E-02 -2.059807256E-02  6.562000141E-03  6.572324475E+00 
       179  2.052607387E-02 -2.052607387E-02  6.562000141E-03  6.546873393E+00 
       180  2.038207278E-02 -2.038207278E-02  6.562000141E-03  6.318312778E+00 
