cellnumber     x-coordinate     y-coordinate     z-coordinate velocity-magnitude 
         1  2.830280224E-03 -2.830280224E-03  6.562001072E-03  1.462206032E+00 
         2  2.835373627E-03 -2.835373627E-03  6.562001072E-03  1.462164603E+00 
         3  2.841493115E-03 -2.841493115E-03  6.562000606E-03  1.467491616E+00 
         4  2.848849166E-03 -2.848849166E-03  6.562000141E-03  1.479868620E+00 
         5  2.857688349E-03 -2.857688349E-03  6.562000141E-03  1.500359135E+00 
         6  2.868303098E-03 -2.868303098E-03  6.562000141E-03  1.528547897E+00 
         7  2.881055698E-03 -2.881055698E-03  6.562000606E-03  1.563046586E+00 
         8  2.896386897E-03 -2.896386897E-03  6.562000606E-03  1.598898200E+00 
         9  2.914825454E-03 -2.914825454E-03  6.562000606E-03  1.637383527E+00 
        10  2.937011421E-03 -2.937011421E-03  6.562000606E-03  1.662816465E+00 
        11  2.967901994E-03 -2.967901994E-03  6.562000606E-03  1.701798455E+00 
        12  3.022594377E-03 -3.022594377E-03  6.562000141E-03  1.808990427E+00 
        13  3.099788679E-03 -3.099788679E-03  6.562000606E-03  1.815877283E+00 
        14  3.195532598E-03 -3.195534227E-03  6.562000606E-03  1.943608592E+00 
        15  3.312502056E-03 -3.312505316E-03  6.562000141E-03  2.021404496E+00 
        16  3.437502077E-03 -3.437505336E-03  6.562000141E-03  1.937217107E+00 
        17  3.562502097E-03 -3.562505357E-03  6.562000141E-03  1.908799682E+00 
        18  3.687502118E-03 -3.687505377E-03  6.562000141E-03  1.750037403E+00 
        19  3.812501905E-03 -3.812505398E-03  6.562000141E-03  1.502703702E+00 
        20  3.937501926E-03 -3.937505651E-03  6.562000141E-03  1.399612548E+00 
        21  4.062502179E-03 -4.062505439E-03  6.562000141E-03  1.406475100E+00 
        22  4.187501967E-03 -4.187505692E-03  6.562000141E-03  1.391793473E+00 
        23  4.312502220E-03 -4.312505480E-03  6.562000141E-03  1.380194072E+00 
        24  4.437502008E-03 -4.437505733E-03  6.562000141E-03  1.345368766E+00 
        25  4.562502261E-03 -4.562505521E-03  6.562000141E-03  1.337754029E+00 
        26  4.687502049E-03 -4.687505774E-03  6.562000141E-03  1.340745976E+00 
        27  4.812502302E-03 -4.812505562E-03  6.562000141E-03  1.347999088E+00 
        28  4.937502090E-03 -4.937505350E-03  6.562000141E-03  1.406992210E+00 
        29  5.062501878E-03 -5.062505603E-03  6.562000141E-03  1.551053762E+00 
        30  5.187502131E-03 -5.187505390E-03  6.562000141E-03  1.643206552E+00 
        31  5.312501919E-03 -5.312505644E-03  6.562000141E-03  1.571460269E+00 
        32  5.437502172E-03 -5.437505431E-03  6.562000141E-03  1.422679351E+00 
        33  5.562501960E-03 -5.562505685E-03  6.562000141E-03  1.293198412E+00 
        34  5.687502213E-03 -5.687505472E-03  6.562000141E-03  1.413088880E+00 
        35  5.812502000E-03 -5.812505726E-03  6.562000141E-03  1.671205118E+00 
        36  5.937502254E-03 -5.937505513E-03  6.562000141E-03  1.796053617E+00 
        37  6.062502041E-03 -6.062505767E-03  6.562000141E-03  1.824208201E+00 
        38  6.187501829E-03 -6.187505554E-03  6.562000141E-03  1.793567289E+00 
        39  6.312502082E-03 -6.312505808E-03  6.562000141E-03  1.703719561E+00 
        40  6.437501870E-03 -6.437505595E-03  6.562000141E-03  1.548204454E+00 
        41  1.093750168E-02 -1.093750540E-02  6.562000141E-03  4.766483731E+00 
        42  1.106250193E-02 -1.106250565E-02  6.562000141E-03  4.962909487E+00 
        43  1.118750218E-02 -1.118750591E-02  6.562000141E-03  5.016713793E+00 
        44  1.131250151E-02 -1.131250616E-02  6.562000141E-03  5.010601261E+00 
        45  1.143750176E-02 -1.143750548E-02  6.562000141E-03  5.046691091E+00 
        46  1.156250201E-02 -1.156250574E-02  6.562000141E-03  5.091635309E+00 
        47  1.168750226E-02 -1.168750599E-02  6.562000141E-03  5.132960896E+00 
        48  1.181250159E-02 -1.181250624E-02  6.562000141E-03  5.184439336E+00 
        49  1.193750184E-02 -1.193750557E-02  6.562000141E-03  5.192234692E+00 
        50  1.206250209E-02 -1.206250582E-02  6.562000141E-03  5.176718043E+00 
        51  1.218750142E-02 -1.218750607E-02  6.562000141E-03  5.146317192E+00 
        52  1.231250167E-02 -1.231250633E-02  6.562000141E-03  5.192009582E+00 
        53  1.243750192E-02 -1.243750565E-02  6.562000141E-03  5.299484439E+00 
        54  1.256250218E-02 -1.256250590E-02  6.562000141E-03  5.416947160E+00 
        55  1.268750150E-02 -1.268750615E-02  6.562000141E-03  5.498196305E+00 
        56  1.281250175E-02 -1.281250548E-02  6.562000141E-03  5.534400322E+00 
        57  1.293750200E-02 -1.293750573E-02  6.562000141E-03  5.545782667E+00 
        58  1.306250133E-02 -1.306250598E-02  6.562000141E-03  5.550192376E+00 
        59  1.318750158E-02 -1.318750624E-02  6.562000141E-03  5.569093854E+00 
        60  1.331250183E-02 -1.331250556E-02  6.562000141E-03  5.605487535E+00 
        61  1.343750209E-02 -1.343750581E-02  6.562000141E-03  5.639354876E+00 
        62  1.356250141E-02 -1.356250606E-02  6.562000141E-03  5.664698277E+00 
        63  1.368750166E-02 -1.368750632E-02  6.562000141E-03  5.694407784E+00 
        64  1.381250191E-02 -1.381250564E-02  6.562000141E-03  5.752710466E+00 
        65  1.393750217E-02 -1.393750589E-02  6.562000141E-03  5.830523136E+00 
        66  1.406250149E-02 -1.406250615E-02  6.562000141E-03  5.909702416E+00 
        67  1.418750174E-02 -1.418750640E-02  6.562000141E-03  5.975658383E+00 
        68  1.431250200E-02 -1.431250572E-02  6.562000141E-03  6.036119992E+00 
        69  1.443750132E-02 -1.443750598E-02  6.562000141E-03  6.072155811E+00 
        70  1.081250142E-02 -1.081250608E-02  6.562000141E-03  4.351503772E+00 
        71  1.068750210E-02 -1.068750583E-02  6.562000141E-03  4.058112779E+00 
        72  1.056250185E-02 -1.056250557E-02  6.562000141E-03  4.236422061E+00 
        73  1.043750159E-02 -1.043750625E-02  6.562000141E-03  4.761853929E+00 
        74  1.031250227E-02 -1.031250600E-02  6.562000141E-03  4.981297824E+00 
        75  1.018750202E-02 -1.018750574E-02  6.562000141E-03  4.835087943E+00 
        76  1.006250177E-02 -1.006250549E-02  6.562000141E-03  4.626914281E+00 
        77  9.937501512E-03 -9.937506169E-03  6.562000141E-03  4.185565636E+00 
        78  9.812502190E-03 -9.812505916E-03  6.562000141E-03  3.889116133E+00 
        79  9.687501937E-03 -9.687505662E-03  6.562000141E-03  3.629177561E+00 
        80  9.562501684E-03 -9.562505409E-03  6.562000141E-03  3.078863541E+00 
        81  9.437502362E-03 -9.437506087E-03  6.562000141E-03  2.234005094E+00 
        82  9.312502109E-03 -9.312505834E-03  6.562000141E-03  2.019960638E+00 
        83  9.187501855E-03 -9.187505580E-03  6.562000141E-03  2.368669986E+00 
        84  9.062501602E-03 -9.062505327E-03  6.562000141E-03  2.533396517E+00 
        85  8.937502280E-03 -8.937506005E-03  6.562000141E-03  2.486561097E+00 
        86  8.812502027E-03 -8.812505752E-03  6.562000141E-03  2.386322052E+00 
        87  8.687501773E-03 -8.687505499E-03  6.562000141E-03  2.324823143E+00 
        88  8.562501520E-03 -8.562506177E-03  6.562000141E-03  2.348254891E+00 
        89  8.437502198E-03 -8.437505923E-03  6.562000141E-03  2.337885060E+00 
        90  8.312501945E-03 -8.312505670E-03  6.562000141E-03  1.975054714E+00 
        91  8.187501691E-03 -8.187505417E-03  6.562000141E-03  1.158182547E+00 
        92  8.062502369E-03 -8.062506095E-03  6.562000141E-03  6.595712240E-01 
        93  7.937502116E-03 -7.937505841E-03  6.562000141E-03  6.999957763E-01 
        94  7.812501863E-03 -7.812505588E-03  6.562000141E-03  9.342640488E-01 
        95  7.687502075E-03 -7.687505800E-03  6.562000141E-03  1.311457389E+00 
        96  7.562501822E-03 -7.562505547E-03  6.562000141E-03  1.539181400E+00 
        97  7.437502034E-03 -7.437505759E-03  6.562000141E-03  1.774297363E+00 
        98  7.312501781E-03 -7.312505506E-03  6.562000141E-03  1.890532262E+00 
        99  7.187501993E-03 -7.187505718E-03  6.562000141E-03  1.130055984E+00 
       100  7.062502205E-03 -7.062505465E-03  6.562000141E-03  1.188897780E+00 
       101  6.937501952E-03 -6.937505677E-03  6.562000141E-03  1.307096019E+00 
       102  6.812502164E-03 -6.812505424E-03  6.562000141E-03  1.093057406E+00 
       103  6.687501911E-03 -6.687505636E-03  6.562000141E-03  1.136829168E+00 
       104  6.562502123E-03 -6.562505849E-03  6.562000141E-03  1.318071963E+00 
       105  1.456250157E-02 -1.456250623E-02  6.562000141E-03  6.093457399E+00 
       106  1.468750183E-02 -1.468750555E-02  6.562000141E-03  6.129320062E+00 
       107  1.481250208E-02 -1.481250580E-02  6.562000141E-03  6.185459653E+00 
       108  1.493750140E-02 -1.493750606E-02  6.562000141E-03  6.257776286E+00 
       109  1.506250165E-02 -1.506250631E-02  6.562000141E-03  6.320863515E+00 
       110  1.518750191E-02 -1.518750563E-02  6.562000141E-03  6.344714396E+00 
       111  1.531250123E-02 -1.531250589E-02  6.562000141E-03  6.331250114E+00 
       112  1.543750148E-02 -1.543750614E-02  6.562000141E-03  6.330094106E+00 
       113  1.556250174E-02 -1.556250639E-02  6.562000141E-03  6.336629405E+00 
       114  1.568750106E-02 -1.568750665E-02  6.562000141E-03  6.365811493E+00 
       115  1.581250131E-02 -1.581250504E-02  6.562000141E-03  6.467145805E+00 
       116  1.593750156E-02 -1.593750529E-02  6.562000141E-03  6.624694311E+00 
       117  1.606250182E-02 -1.606250554E-02  6.562000141E-03  6.742544892E+00 
       118  1.618750207E-02 -1.618750580E-02  6.562000141E-03  6.822860280E+00 
       119  1.631250046E-02 -1.631250605E-02  6.562000141E-03  6.870409400E+00 
       120  1.643750072E-02 -1.643750630E-02  6.562000141E-03  6.945944942E+00 
       121  1.656250097E-02 -1.656250656E-02  6.562000141E-03  7.079574766E+00 
       122  1.668750122E-02 -1.668750495E-02  6.562000141E-03  7.265229655E+00 
       123  1.681250148E-02 -1.681250520E-02  6.562000141E-03  7.465295074E+00 
       124  1.693750173E-02 -1.693750545E-02  6.562000141E-03  7.610151101E+00 
       125  1.706250198E-02 -1.706250571E-02  6.562000141E-03  7.602318970E+00 
       126  1.718750224E-02 -1.718750596E-02  6.562000141E-03  7.489106937E+00 
       127  1.731250063E-02 -1.731250621E-02  6.562000141E-03  7.263861727E+00 
       128  1.743750088E-02 -1.743750647E-02  6.562000141E-03  6.963755145E+00 
       129  1.756250113E-02 -1.756250672E-02  6.562000141E-03  6.938889767E+00 
       130  1.768750139E-02 -1.768750511E-02  6.562000141E-03  7.131400560E+00 
       131  1.781250164E-02 -1.781250536E-02  6.562000141E-03  7.403996776E+00 
       132  1.793750189E-02 -1.793750562E-02  6.562000141E-03  7.463187012E+00 
       133  1.806250215E-02 -1.806250587E-02  6.562000141E-03  7.604706525E+00 
       134  1.895662583E-02 -1.895662583E-02  6.562000141E-03  7.667174837E+00 
       135  1.890108548E-02 -1.890108548E-02  6.562000141E-03  7.839396606E+00 
       136  1.880351081E-02 -1.880351454E-02  6.562000141E-03  7.727200738E+00 
       137  1.868750155E-02 -1.868750528E-02  6.562000141E-03  7.733997575E+00 
       138  1.856250130E-02 -1.856250502E-02  6.562000141E-03  7.756721999E+00 
       139  1.843750104E-02 -1.843750663E-02  6.562000141E-03  7.749115319E+00 
       140  1.831250079E-02 -1.831250638E-02  6.562000141E-03  7.767858366E+00 
       141  1.818750054E-02 -1.818750612E-02  6.562000141E-03  7.869972120E+00 
       142  1.951807365E-02 -1.951807365E-02  6.562000141E-03  7.966242954E+00 
       143  1.944607310E-02 -1.944607310E-02  6.562000141E-03  7.902267482E+00 
       144  1.937407255E-02 -1.937407441E-02  6.562000141E-03  7.936419046E+00 
       145  1.930207387E-02 -1.930207387E-02  6.562000141E-03  7.844547155E+00 
       146  1.923859492E-02 -1.923859492E-02  6.562000141E-03  7.900328075E+00 
       147  1.914011873E-02 -1.914011873E-02  6.562000141E-03  7.832517246E+00 
       148  1.905349456E-02 -1.905349456E-02  6.562000606E-03  7.817934253E+00 
       149  1.899245940E-02 -1.899245940E-02  6.562000606E-03  7.934106767E+00 
       150  1.959007420E-02 -1.959007420E-02  6.562000141E-03  7.893764422E+00 
       151  1.966207288E-02 -1.966207288E-02  6.562000141E-03  7.907165736E+00 
       152  1.973407343E-02 -1.973407343E-02  6.562000141E-03  7.834547061E+00 
       153  1.980607398E-02 -1.980607398E-02  6.562000141E-03  7.818709102E+00 
       154  1.987807266E-02 -1.987807266E-02  6.562000141E-03  7.738625255E+00 
       155  1.995007321E-02 -1.995007321E-02  6.562000141E-03  7.707711503E+00 
       156  2.002207376E-02 -2.002207376E-02  6.562000141E-03  7.627963135E+00 
       157  2.009407245E-02 -2.009407245E-02  6.562000141E-03  7.627168629E+00 
       158  2.016607299E-02 -2.016607299E-02  6.562000141E-03  7.494282570E+00 
       159  2.023807354E-02 -2.023807354E-02  6.562000141E-03  7.433278042E+00 
       160  2.031007409E-02 -2.031007409E-02  6.562000141E-03  7.229178154E+00 
       161  2.038207278E-02 -2.038207278E-02  6.562000141E-03  7.122574410E+00 
       162  2.045407332E-02 -2.045407332E-02  6.562000141E-03  6.960353817E+00 
       163  2.052607387E-02 -2.052607387E-02  6.562000141E-03  6.881219465E+00 
       164  2.059807442E-02 -2.059807442E-02  6.562000141E-03  6.936234245E+00 
       165  2.067007311E-02 -2.067007311E-02  6.562000141E-03  6.914773328E+00 
       166  2.074207366E-02 -2.074207366E-02  6.562000141E-03  7.047357301E+00 
       167  2.081407234E-02 -2.081407234E-02  6.562000141E-03  6.976307102E+00 
       168  2.088592015E-02 -2.088592015E-02  6.562000141E-03  7.015812512E+00 
       169  2.093681321E-02 -2.093681321E-02  6.562000606E-03  6.960760633E+00 
       170  2.101956122E-02 -2.101956122E-02  6.562000606E-03  6.980700692E+00 
       171  2.107902244E-02 -2.107902244E-02  6.562000606E-03  6.970390400E+00 
       172  2.110386454E-02 -2.110386454E-02  6.562000606E-03  6.961912752E+00 
       173  2.112595551E-02 -2.112595551E-02  6.562000606E-03  6.890872263E+00 
       174  2.114437334E-02 -2.114437334E-02  6.562000606E-03  6.602311153E+00 
       175  2.115972713E-02 -2.115972713E-02  6.562000606E-03  5.918974772E+00 
       176  2.121082321E-02 -2.121082321E-02  6.562000141E-03  3.437881103E-01 
       177  2.120567486E-02 -2.120567486E-02  6.562000606E-03  1.028480911E+00 
       178  2.119949833E-02 -2.119949833E-02  6.562000141E-03  1.834551250E+00 
       179  2.119208500E-02 -2.119208500E-02  6.562000606E-03  2.770247383E+00 
       180  2.118319459E-02 -2.118319459E-02  6.562000141E-03  3.821656945E+00 
       181  2.117252536E-02 -2.117252536E-02  6.562000141E-03  4.922295021E+00 
