cellnumber     x-coordinate     y-coordinate     z-coordinate velocity-magnitude 
         1  2.121082321E-02 -2.121082321E-02  6.562000141E-03  3.300921210E-01 
         2  2.120567486E-02 -2.120567486E-02  6.562000606E-03  9.954684333E-01 
         3  2.119949833E-02 -2.119949833E-02  6.562000141E-03  1.781818489E+00 
         4  2.119208500E-02 -2.119208500E-02  6.562000606E-03  2.681029999E+00 
         5  2.118319459E-02 -2.118319459E-02  6.562000141E-03  3.644128891E+00 
         6  2.117252536E-02 -2.117252536E-02  6.562000141E-03  4.570898083E+00 
         7  1.895096339E-02 -1.895096339E-02  6.562000606E-03  7.467831285E+00 
         8  1.890101843E-02 -1.890101843E-02  6.562000141E-03  7.269194266E+00 
         9  1.880909875E-02 -1.880909875E-02  6.562000141E-03  7.048784230E+00 
        10  1.868749782E-02 -1.868749596E-02  6.562000141E-03  6.995780519E+00 
        11  1.856249757E-02 -1.856249571E-02  6.562000141E-03  6.843608810E+00 
        12  1.843749732E-02 -1.843749546E-02  6.562000141E-03  6.747061761E+00 
        13  1.831249706E-02 -1.831249520E-02  6.562000141E-03  6.699490048E+00 
        14  1.818749681E-02 -1.818749495E-02  6.562000141E-03  6.611853466E+00 
        15  1.806249656E-02 -1.806249470E-02  6.562000141E-03  6.665846005E+00 
        16  1.793749630E-02 -1.793749444E-02  6.562000141E-03  6.890056088E+00 
        17  1.781249605E-02 -1.781249605E-02  6.562000141E-03  7.073827814E+00 
        18  1.768749766E-02 -1.768749580E-02  6.562000141E-03  7.259632870E+00 
        19  1.756249741E-02 -1.756249554E-02  6.562000141E-03  7.385177396E+00 
        20  1.743749715E-02 -1.743749529E-02  6.562000141E-03  7.457603459E+00 
        21  1.731249690E-02 -1.731249504E-02  6.562000141E-03  7.503722377E+00 
        22  1.718749665E-02 -1.718749478E-02  6.562000141E-03  7.529600144E+00 
        23  1.706249639E-02 -1.706249453E-02  6.562000141E-03  7.511377775E+00 
        24  1.693749614E-02 -1.693749614E-02  6.562000141E-03  7.408221289E+00 
        25  1.681249775E-02 -1.681249589E-02  6.562000141E-03  7.254955449E+00 
        26  1.951807365E-02 -1.951807365E-02  6.562000141E-03  7.770215087E+00 
        27  1.944607310E-02 -1.944607310E-02  6.562000141E-03  7.827142076E+00 
        28  1.937407255E-02 -1.937407441E-02  6.562000141E-03  7.950481425E+00 
        29  1.930207387E-02 -1.930207387E-02  6.562000141E-03  8.031404813E+00 
        30  1.923859492E-02 -1.923859492E-02  6.562000141E-03  8.103431095E+00 
        31  1.914011873E-02 -1.914011873E-02  6.562000141E-03  8.031147952E+00 
        32  1.905349456E-02 -1.905349456E-02  6.562000606E-03  8.000706128E+00 
        33  1.899245940E-02 -1.899245940E-02  6.562000606E-03  7.704658246E+00 
        34  1.959007420E-02 -1.959007420E-02  6.562000141E-03  7.645370963E+00 
        35  1.966207288E-02 -1.966207288E-02  6.562000141E-03  7.568764582E+00 
        36  1.973407343E-02 -1.973407343E-02  6.562000141E-03  7.539316970E+00 
        37  1.980607398E-02 -1.980607398E-02  6.562000141E-03  7.494392394E+00 
        38  1.987807266E-02 -1.987807266E-02  6.562000141E-03  7.563536583E+00 
        39  1.995007321E-02 -1.995007321E-02  6.562000141E-03  7.476121672E+00 
        40  2.002207376E-02 -2.002207376E-02  6.562000141E-03  7.486440362E+00 
        41  2.009407245E-02 -2.009407245E-02  6.562000141E-03  7.245937875E+00 
        42  2.016607299E-02 -2.016607299E-02  6.562000141E-03  7.125465315E+00 
        43  2.023807354E-02 -2.023807354E-02  6.562000141E-03  6.908115938E+00 
        44  2.031007409E-02 -2.031007409E-02  6.562000141E-03  6.837943158E+00 
        45  2.038207278E-02 -2.038207278E-02  6.562000141E-03  6.785447221E+00 
        46  2.045407332E-02 -2.045407332E-02  6.562000141E-03  6.892109842E+00 
        47  2.052607387E-02 -2.052607387E-02  6.562000141E-03  6.933394416E+00 
        48  2.059807442E-02 -2.059807442E-02  6.562000141E-03  6.990452366E+00 
        49  2.067007311E-02 -2.067007311E-02  6.562000141E-03  6.951369891E+00 
        50  2.074207366E-02 -2.074207366E-02  6.562000141E-03  6.928008172E+00 
        51  2.081407234E-02 -2.081407234E-02  6.562000141E-03  6.824530745E+00 
        52  2.088592015E-02 -2.088592015E-02  6.562000141E-03  6.803887779E+00 
        53  2.093681321E-02 -2.093681321E-02  6.562000606E-03  6.706288513E+00 
        54  2.101956122E-02 -2.101956122E-02  6.562000606E-03  6.642439934E+00 
        55  2.107902244E-02 -2.107902244E-02  6.562000606E-03  6.604611968E+00 
        56  2.110386454E-02 -2.110386454E-02  6.562000606E-03  6.476479101E+00 
        57  2.112595551E-02 -2.112595551E-02  6.562000606E-03  6.255835645E+00 
        58  2.114437334E-02 -2.114437334E-02  6.562000606E-03  5.893253178E+00 
        59  2.115972713E-02 -2.115972713E-02  6.562000606E-03  5.340766828E+00 
        60  1.306249760E-02 -1.306249574E-02  6.562000141E-03  5.525982326E+00 
        61  1.318749785E-02 -1.318749506E-02  6.562000141E-03  5.538814475E+00 
        62  1.331249718E-02 -1.331249531E-02  6.562000141E-03  5.539923924E+00 
        63  1.343749743E-02 -1.343749557E-02  6.562000141E-03  5.544718601E+00 
        64  1.356249768E-02 -1.356249582E-02  6.562000141E-03  5.570895626E+00 
        65  1.368749700E-02 -1.368749514E-02  6.562000141E-03  5.639069602E+00 
        66  1.381249726E-02 -1.381249540E-02  6.562000141E-03  5.716167246E+00 
        67  1.393749751E-02 -1.393749565E-02  6.562000141E-03  5.768383115E+00 
        68  1.406249776E-02 -1.406249590E-02  6.562000141E-03  5.832424862E+00 
        69  1.418749709E-02 -1.418749522E-02  6.562000141E-03  5.869645985E+00 
        70  1.431249734E-02 -1.431249548E-02  6.562000141E-03  5.851642089E+00 
        71  1.443749759E-02 -1.443749573E-02  6.562000141E-03  5.837112423E+00 
        72  1.456249692E-02 -1.456249505E-02  6.562000141E-03  5.899224330E+00 
        73  1.468749717E-02 -1.468749531E-02  6.562000141E-03  6.039748170E+00 
        74  1.481249742E-02 -1.481249556E-02  6.562000141E-03  6.189285945E+00 
        75  1.493749768E-02 -1.493749581E-02  6.562000141E-03  6.395392367E+00 
        76  1.506249700E-02 -1.506249513E-02  6.562000141E-03  6.610996209E+00 
        77  1.518749725E-02 -1.518749539E-02  6.562000141E-03  6.758730616E+00 
        78  1.531249750E-02 -1.531249564E-02  6.562000141E-03  6.922527828E+00 
        79  1.543749776E-02 -1.543749589E-02  6.562000141E-03  7.072929814E+00 
        80  1.556249708E-02 -1.556249522E-02  6.562000141E-03  7.069350168E+00 
        81  1.568749733E-02 -1.568749547E-02  6.562000141E-03  6.966968635E+00 
        82  1.581249759E-02 -1.581249572E-02  6.562000141E-03  6.931972061E+00 
        83  1.593749784E-02 -1.593749598E-02  6.562000141E-03  6.961547288E+00 
        84  1.606249623E-02 -1.606249437E-02  6.562000141E-03  7.032748322E+00 
        85  1.618749648E-02 -1.618749462E-02  6.562000141E-03  7.127898005E+00 
        86  1.631249674E-02 -1.631249487E-02  6.562000141E-03  7.128734624E+00 
        87  1.643749699E-02 -1.643749513E-02  6.562000141E-03  7.075121347E+00 
        88  1.656249724E-02 -1.656249538E-02  6.562000141E-03  7.067022051E+00 
        89  1.668749750E-02 -1.668749563E-02  6.562000141E-03  7.128251283E+00 
        90  4.937497899E-03 -4.937495105E-03  6.562000141E-03  1.058076317E+00 
        91  5.062497687E-03 -5.062494893E-03  6.562000141E-03  1.214954306E+00 
        92  5.187497940E-03 -5.187495146E-03  6.562000141E-03  1.365465467E+00 
        93  5.312497728E-03 -5.312494934E-03  6.562000141E-03  1.342254749E+00 
        94  5.437497515E-03 -5.437495187E-03  6.562000141E-03  1.058964207E+00 
        95  5.562497769E-03 -5.562494975E-03  6.562000141E-03  1.180034448E+00 
        96  5.687497556E-03 -5.687495228E-03  6.562000141E-03  1.645772021E+00 
        97  5.812497810E-03 -5.812495016E-03  6.562000141E-03  1.893888585E+00 
        98  5.937497597E-03 -5.937495269E-03  6.562000141E-03  1.629349755E+00 
        99  6.062497851E-03 -6.062495057E-03  6.562000141E-03  1.266799335E+00 
       100  6.187497638E-03 -6.187495310E-03  6.562000141E-03  1.069819377E+00 
       101  6.312497891E-03 -6.312495098E-03  6.562000141E-03  1.000812207E+00 
       102  6.437497679E-03 -6.437494885E-03  6.562000141E-03  9.832515314E-01 
       103  6.562497467E-03 -6.562495138E-03  6.562000141E-03  1.094065598E+00 
       104  6.687497720E-03 -6.687494926E-03  6.562000141E-03  1.319653631E+00 
       105  6.812497508E-03 -6.812495179E-03  6.562000141E-03  1.545900486E+00 
       106  6.937497761E-03 -6.937494967E-03  6.562000141E-03  1.615704173E+00 
       107  7.062497549E-03 -7.062495220E-03  6.562000141E-03  1.487429104E+00 
       108  7.187497802E-03 -7.187495008E-03  6.562000141E-03  1.345290054E+00 
       109  7.312497590E-03 -7.312495261E-03  6.562000141E-03  1.401667014E+00 
       110  7.437497843E-03 -7.437495049E-03  6.562000141E-03  1.604969045E+00 
       111  7.562497631E-03 -7.562495302E-03  6.562000141E-03  1.822487601E+00 
       112  7.687497418E-03 -7.687495090E-03  6.562000141E-03  1.736982709E+00 
       113  7.812497672E-03 -7.812495343E-03  6.562000141E-03  1.668400882E+00 
       114  7.937497459E-03 -7.937495597E-03  6.562000141E-03  1.555693404E+00 
       115  8.062497713E-03 -8.062494919E-03  6.562000141E-03  1.417085321E+00 
       116  8.187497966E-03 -8.187495172E-03  6.562000141E-03  1.332530902E+00 
       117  8.312497288E-03 -8.312495425E-03  6.562000141E-03  1.333375066E+00 
       118  8.437497541E-03 -8.437494747E-03  6.562000141E-03  1.373540973E+00 
       119  8.562497795E-03 -8.562495001E-03  6.562000141E-03  1.454723178E+00 
       120  8.687498048E-03 -8.687495254E-03  6.562000141E-03  1.740375004E+00 
       121  8.812497370E-03 -8.812495507E-03  6.562000141E-03  1.692122587E+00 
       122  8.937497623E-03 -8.937494829E-03  6.562000141E-03  1.822301737E+00 
       123  9.062497877E-03 -9.062495083E-03  6.562000141E-03  2.431844606E+00 
       124  9.187497199E-03 -9.187495336E-03  6.562000141E-03  3.073669825E+00 
       125  9.312497452E-03 -9.312495589E-03  6.562000141E-03  3.609382985E+00 
       126  9.437497705E-03 -9.437494911E-03  6.562000141E-03  3.942319619E+00 
       127  9.562497959E-03 -9.562495165E-03  6.562000141E-03  4.130005996E+00 
       128  9.687497281E-03 -9.687495418E-03  6.562000141E-03  4.204112766E+00 
       129  9.812497534E-03 -9.812495671E-03  6.562000141E-03  4.253185987E+00 
       130  9.937497787E-03 -9.937494993E-03  6.562000141E-03  4.232497986E+00 
       131  1.006249711E-02 -1.006249525E-02  6.562000141E-03  4.219507810E+00 
       132  1.018749736E-02 -1.018749550E-02  6.562000141E-03  4.165990482E+00 
       133  1.293749735E-02 -1.293749548E-02  6.562000141E-03  5.494014552E+00 
       134  1.281249709E-02 -1.281249523E-02  6.562000141E-03  5.452028160E+00 
       135  1.268749777E-02 -1.268749498E-02  6.562000141E-03  5.405086197E+00 
       136  1.256249752E-02 -1.256249566E-02  6.562000141E-03  5.351596316E+00 
       137  1.243749727E-02 -1.243749540E-02  6.562000141E-03  5.283503729E+00 
       138  1.231249701E-02 -1.231249515E-02  6.562000141E-03  5.237846280E+00 
       139  1.218749769E-02 -1.218749583E-02  6.562000141E-03  5.247085935E+00 
       140  1.206249744E-02 -1.206249557E-02  6.562000141E-03  5.234258823E+00 
       141  1.193749718E-02 -1.193749532E-02  6.562000141E-03  5.137244031E+00 
       142  1.181249786E-02 -1.181249507E-02  6.562000141E-03  4.982538319E+00 
       143  1.168749761E-02 -1.168749575E-02  6.562000141E-03  4.784579992E+00 
       144  1.156249736E-02 -1.156249549E-02  6.562000141E-03  4.604516399E+00 
       145  1.143749710E-02 -1.143749524E-02  6.562000141E-03  4.542027083E+00 
       146  1.131249778E-02 -1.131249499E-02  6.562000141E-03  4.546226574E+00 
       147  1.118749753E-02 -1.118749566E-02  6.562000141E-03  4.604272736E+00 
       148  1.106249727E-02 -1.106249541E-02  6.562000141E-03  4.581793796E+00 
       149  1.093749795E-02 -1.093749516E-02  6.562000141E-03  4.498048237E+00 
       150  1.081249770E-02 -1.081249490E-02  6.562000141E-03  4.379289433E+00 
       151  1.068749744E-02 -1.068749558E-02  6.562000141E-03  4.271773310E+00 
       152  1.056249719E-02 -1.056249533E-02  6.562000141E-03  4.225182758E+00 
       153  1.043749787E-02 -1.043749508E-02  6.562000141E-03  4.155022749E+00 
       154  1.031249762E-02 -1.031249575E-02  6.562000141E-03  4.103954348E+00 
       155  2.830350772E-03 -2.830350772E-03  6.562000141E-03  1.421690001E+00 
       156  2.835453954E-03 -2.835453954E-03  6.562000141E-03  1.356692187E+00 
       157  2.841583686E-03 -2.841583686E-03  6.562000606E-03  1.300282239E+00 
       158  2.848947188E-03 -2.848947188E-03  6.562000606E-03  1.253880945E+00 
       159  2.857794985E-03 -2.857794985E-03  6.562000141E-03  1.216055406E+00 
       160  2.868429059E-03 -2.868429059E-03  6.562000141E-03  1.185337888E+00 
       161  2.881213790E-03 -2.881214023E-03  6.562000141E-03  1.162688120E+00 
       162  2.896590391E-03 -2.896590391E-03  6.562000606E-03  1.160304451E+00 
       163  2.915092744E-03 -2.915092744E-03  6.562000606E-03  1.191266838E+00 
       164  2.937367884E-03 -2.937367884E-03  6.562000141E-03  1.280888698E+00 
       165  2.973292954E-03 -2.973292954E-03  6.562000141E-03  1.436314669E+00 
       166  3.061023075E-03 -3.061021678E-03  6.562000606E-03  2.057699019E+00 
       167  3.187497612E-03 -3.187494818E-03  6.562000141E-03  2.547856196E+00 
       168  3.312497633E-03 -3.312494839E-03  6.562000141E-03  2.022751730E+00 
       169  3.437497653E-03 -3.437494859E-03  6.562000141E-03  1.452424811E+00 
       170  3.562497674E-03 -3.562494880E-03  6.562000141E-03  1.690197052E+00 
       171  3.687497694E-03 -3.687494900E-03  6.562000141E-03  1.840283198E+00 
       172  3.812497715E-03 -3.812494921E-03  6.562000141E-03  1.474223069E+00 
       173  3.937497735E-03 -3.937494941E-03  6.562000141E-03  1.098608624E+00 
       174  4.812497646E-03 -4.812494852E-03  6.562000141E-03  1.009556879E+00 
       175  4.687497858E-03 -4.687495064E-03  6.562000141E-03  1.048846554E+00 
       176  4.562497605E-03 -4.562494811E-03  6.562000141E-03  1.125182322E+00 
       177  4.437497817E-03 -4.437495023E-03  6.562000141E-03  1.250051351E+00 
       178  4.312497564E-03 -4.312495235E-03  6.562000141E-03  1.275177929E+00 
       179  4.187497776E-03 -4.187494982E-03  6.562000141E-03  1.126234675E+00 
       180  4.062497988E-03 -4.062495194E-03  6.562000141E-03  9.836977237E-01 
