cellnumber     x-coordinate     y-coordinate     z-coordinate velocity-magnitude 
         1  3.500000015E-02 -2.428504266E-02  6.561999675E-03  3.983099160E-01 
         2  3.500000015E-02 -2.414104342E-02  6.561999675E-03  2.676805327E-01 
         3  3.500000015E-02 -2.399704233E-02  6.561999675E-03  1.915059731E-01 
         4  3.500000015E-02 -2.385304309E-02  6.561999675E-03  1.978546885E-01 
         5  3.500000015E-02 -2.370904200E-02  6.561999675E-03  1.975000194E-01 
         6  3.500000015E-02 -2.356504276E-02  6.562000141E-03  1.894923543E-01 
         7  3.500000015E-02 -2.344694175E-02  6.562000141E-03  1.789888375E-01 
         8  3.500000015E-02 -2.332915738E-02  6.562000141E-03  1.995520541E-01 
         9  3.500000015E-02 -2.320699580E-02  6.562000141E-03  2.097584394E-01 
        10  3.500000015E-02 -2.314046025E-02  6.562000141E-03  2.028490192E-01 
        11  3.500000015E-02 -2.310776524E-02  6.561999675E-03  1.865047779E-01 
        12  3.500000015E-02 -2.307719551E-02  6.561999675E-03  1.729105037E-01 
        13  3.500000015E-02 -2.305160835E-02  6.562000141E-03  1.522673947E-01 
        14  3.500000015E-02 -2.303021587E-02  6.561999675E-03  1.302031755E-01 
        15  3.500000015E-02 -2.301233262E-02  6.562000141E-03  1.068629377E-01 
        16  3.499999642E-02 -2.299739420E-02  6.562000141E-03  8.399640868E-02 
        17  3.500000015E-02 -2.298492938E-02  6.562000141E-03  6.229088299E-02 
        18  3.500000015E-02 -2.297452837E-02  6.562000141E-03  4.230870649E-02 
        19  3.500000015E-02 -2.296585403E-02  6.562000141E-03  2.429592702E-02 
        20  3.500000015E-02 -2.296095528E-02  6.562000141E-03  8.327709873E-03 
        21  3.500000015E-02 -2.615704201E-02  6.561999675E-03  2.751453131E-01 
        22  3.500000015E-02 -2.630104311E-02  6.562000141E-03  2.296272887E-01 
        23  3.500000015E-02 -2.644504234E-02  6.562000141E-03  2.151152793E-01 
        24  3.500000015E-02 -2.658904344E-02  6.561999675E-03  4.660487756E-01 
        25  3.500000015E-02 -2.673304267E-02  6.561999675E-03  8.627146077E-01 
        26  3.500000015E-02 -2.687704191E-02  6.561999675E-03  1.138188964E+00 
        27  3.500000015E-02 -2.702104300E-02  6.561999675E-03  1.461813663E+00 
        28  3.500000015E-02 -2.716504224E-02  6.561999675E-03  1.966603360E+00 
        29  3.500000015E-02 -2.730904333E-02  6.561999675E-03  2.348073923E+00 
        30  3.500000015E-02 -2.745304257E-02  6.561999675E-03  2.460225907E+00 
        31  3.500000015E-02 -2.759704180E-02  6.561999675E-03  2.249211645E+00 
        32  3.500000015E-02 -2.774104290E-02  6.561999675E-03  1.808256726E+00 
        33  3.500000015E-02 -2.788504213E-02  6.561999675E-03  1.310789382E+00 
        34  3.500000015E-02 -2.802904323E-02  6.561999675E-03  1.147120969E+00 
        35  3.500000015E-02 -2.817304246E-02  6.561999675E-03  1.127370476E+00 
        36  3.500000015E-02 -2.831704356E-02  6.561999675E-03  1.236367325E+00 
        37  3.500000015E-02 -2.846104279E-02  6.561999675E-03  1.814154025E+00 
        38  3.500000015E-02 -2.860504203E-02  6.561999675E-03  2.552493537E+00 
        39  3.500000015E-02 -2.874904312E-02  6.561999675E-03  2.657474089E+00 
        40  3.500000015E-02 -2.889304236E-02  6.561999675E-03  2.555723563E+00 
        41  3.500000015E-02 -2.903704345E-02  6.562000141E-03  2.384668953E+00 
        42  3.500000015E-02 -2.918104269E-02  6.561999675E-03  1.979025862E+00 
        43  3.500000015E-02 -2.932504192E-02  6.561999675E-03  1.686237938E+00 
        44  3.500000015E-02 -2.946904302E-02  6.561999675E-03  1.389075740E+00 
        45  3.500000015E-02 -2.961304225E-02  6.561999675E-03  1.158256698E+00 
        46  3.500000015E-02 -2.975704335E-02  6.561999675E-03  9.749337064E-01 
        47  3.500000015E-02 -2.990104258E-02  6.561999675E-03  9.353221488E-01 
        48  3.500000015E-02 -3.004504181E-02  6.561999675E-03  1.038102958E+00 
        49  3.500000015E-02 -3.018904291E-02  6.561999675E-03  1.255325491E+00 
        50  3.500000015E-02 -3.033304214E-02  6.561999675E-03  1.258255053E+00 
        51  3.500000015E-02 -3.047704324E-02  6.561999675E-03  1.209034892E+00 
        52  3.500000015E-02 -3.062104248E-02  6.562000141E-03  1.114805002E+00 
        53  3.500000015E-02 -3.076504171E-02  6.562000141E-03  9.638146647E-01 
        54  3.500000015E-02 -3.090904281E-02  6.561999675E-03  7.984935082E-01 
        55  3.500000015E-02 -3.105304204E-02  6.562000141E-03  6.782603159E-01 
        56  3.500000015E-02 -3.119704314E-02  6.562000141E-03  5.295853738E-01 
        57  3.500000015E-02 -3.134104237E-02  6.562000141E-03  4.109022979E-01 
        58  3.500000015E-02 -3.148504347E-02  6.561999675E-03  3.641032442E-01 
        59  3.500000015E-02 -3.162904084E-02  6.561999675E-03  3.744041206E-01 
        60  3.500000015E-02 -3.177304193E-02  6.562000141E-03  4.616986029E-01 
        61  3.500000015E-02 -3.191704303E-02  6.562000141E-03  4.871994407E-01 
        62  3.500000015E-02 -3.206104040E-02  6.562000141E-03  3.978796520E-01 
        63  3.500000015E-02 -3.219095245E-02  6.562000141E-03  2.354003828E-01 
        64  3.500000015E-02 -3.232943267E-02  6.562000141E-03  2.474663336E-01 
        65  3.500000015E-02 -2.601304278E-02  6.561999675E-03  2.524827159E-01 
        66  3.500000015E-02 -2.586904354E-02  6.561999675E-03  2.732936986E-01 
        67  3.500000015E-02 -2.572504245E-02  6.561999675E-03  3.831202204E-01 
        68  3.500000015E-02 -2.558104321E-02  6.561999675E-03  4.929232455E-01 
        69  3.500000015E-02 -2.543704212E-02  6.561999675E-03  5.345533147E-01 
        70  3.500000015E-02 -2.529304288E-02  6.561999675E-03  5.422724177E-01 
        71  3.500000015E-02 -2.514904365E-02  6.561999675E-03  5.568324908E-01 
        72  3.500000015E-02 -2.500504255E-02  6.561999675E-03  5.761082914E-01 
        73  3.500000015E-02 -2.486104332E-02  6.561999675E-03  5.788229581E-01 
        74  3.500000015E-02 -2.471704222E-02  6.561999675E-03  5.682362161E-01 
        75  3.500000015E-02 -2.457304299E-02  6.561999675E-03  5.448120136E-01 
        76  3.500000015E-02 -2.442904189E-02  6.561999675E-03  4.992919715E-01 
