cellnumber     x-coordinate     y-coordinate     z-coordinate velocity-magnitude 
         1  3.500000015E-02 -2.428504266E-02  6.561999675E-03  3.068485375E-01 
         2  3.500000015E-02 -2.414104342E-02  6.561999675E-03  2.810156594E-01 
         3  3.500000015E-02 -2.399704233E-02  6.561999675E-03  3.010237034E-01 
         4  3.500000015E-02 -2.385304309E-02  6.561999675E-03  3.498151026E-01 
         5  3.500000015E-02 -2.370904200E-02  6.561999675E-03  3.717988033E-01 
         6  3.500000015E-02 -2.356504276E-02  6.562000141E-03  4.064885997E-01 
         7  3.500000015E-02 -2.344694175E-02  6.562000141E-03  4.045423474E-01 
         8  3.500000015E-02 -2.332915738E-02  6.562000141E-03  3.490337840E-01 
         9  3.500000015E-02 -2.320699580E-02  6.562000141E-03  2.730431510E-01 
        10  3.500000015E-02 -2.314046025E-02  6.562000141E-03  2.195400724E-01 
        11  3.500000015E-02 -2.310776524E-02  6.561999675E-03  1.723158176E-01 
        12  3.500000015E-02 -2.307719551E-02  6.561999675E-03  1.369016854E-01 
        13  3.500000015E-02 -2.305160835E-02  6.562000141E-03  1.069117802E-01 
        14  3.500000015E-02 -2.303021587E-02  6.561999675E-03  8.228612837E-02 
        15  3.500000015E-02 -2.301233262E-02  6.562000141E-03  6.218823478E-02 
        16  3.499999642E-02 -2.299739420E-02  6.562000141E-03  4.585309081E-02 
        17  3.500000015E-02 -2.298492938E-02  6.562000141E-03  3.247171681E-02 
        18  3.500000015E-02 -2.297452837E-02  6.562000141E-03  2.136834241E-02 
        19  3.500000015E-02 -2.296585403E-02  6.562000141E-03  1.202368392E-02 
        20  3.500000015E-02 -2.296095528E-02  6.562000141E-03  4.065670255E-03 
        21  3.500000015E-02 -2.615704201E-02  6.561999675E-03  2.922206812E+00 
        22  3.500000015E-02 -2.630104311E-02  6.562000141E-03  2.917074399E+00 
        23  3.500000015E-02 -2.644504234E-02  6.562000141E-03  2.888096460E+00 
        24  3.500000015E-02 -2.658904344E-02  6.561999675E-03  2.847808700E+00 
        25  3.500000015E-02 -2.673304267E-02  6.561999675E-03  2.763645872E+00 
        26  3.500000015E-02 -2.687704191E-02  6.561999675E-03  2.683177548E+00 
        27  3.500000015E-02 -2.702104300E-02  6.561999675E-03  2.546362870E+00 
        28  3.500000015E-02 -2.716504224E-02  6.561999675E-03  2.404315226E+00 
        29  3.500000015E-02 -2.730904333E-02  6.561999675E-03  2.280148071E+00 
        30  3.500000015E-02 -2.745304257E-02  6.561999675E-03  2.292970886E+00 
        31  3.500000015E-02 -2.759704180E-02  6.561999675E-03  2.395052758E+00 
        32  3.500000015E-02 -2.774104290E-02  6.561999675E-03  2.308942113E+00 
        33  3.500000015E-02 -2.788504213E-02  6.561999675E-03  1.903502351E+00 
        34  3.500000015E-02 -2.802904323E-02  6.561999675E-03  1.540502732E+00 
        35  3.500000015E-02 -2.817304246E-02  6.561999675E-03  1.347215812E+00 
        36  3.500000015E-02 -2.831704356E-02  6.561999675E-03  1.401244494E+00 
        37  3.500000015E-02 -2.846104279E-02  6.561999675E-03  1.382201014E+00 
        38  3.500000015E-02 -2.860504203E-02  6.561999675E-03  1.431110570E+00 
        39  3.500000015E-02 -2.874904312E-02  6.561999675E-03  1.621023935E+00 
        40  3.500000015E-02 -2.889304236E-02  6.561999675E-03  1.847918229E+00 
        41  3.500000015E-02 -2.903704345E-02  6.562000141E-03  1.933446082E+00 
        42  3.500000015E-02 -2.918104269E-02  6.561999675E-03  1.789451507E+00 
        43  3.500000015E-02 -2.932504192E-02  6.561999675E-03  1.580534906E+00 
        44  3.500000015E-02 -2.946904302E-02  6.561999675E-03  1.531020759E+00 
        45  3.500000015E-02 -2.961304225E-02  6.561999675E-03  1.522652076E+00 
        46  3.500000015E-02 -2.975704335E-02  6.561999675E-03  1.575886819E+00 
        47  3.500000015E-02 -2.990104258E-02  6.561999675E-03  2.232591823E+00 
        48  3.500000015E-02 -3.004504181E-02  6.561999675E-03  2.176738475E+00 
        49  3.500000015E-02 -3.018904291E-02  6.561999675E-03  1.510124888E+00 
        50  3.500000015E-02 -3.033304214E-02  6.561999675E-03  1.095090080E+00 
        51  3.500000015E-02 -3.047704324E-02  6.561999675E-03  1.098528560E+00 
        52  3.500000015E-02 -3.062104248E-02  6.562000141E-03  9.917226435E-01 
        53  3.500000015E-02 -3.076504171E-02  6.562000141E-03  8.360222968E-01 
        54  3.500000015E-02 -3.090904281E-02  6.561999675E-03  6.710019639E-01 
        55  3.500000015E-02 -3.105304204E-02  6.562000141E-03  4.782904307E-01 
        56  3.500000015E-02 -3.119704314E-02  6.562000141E-03  3.352337924E-01 
        57  3.500000015E-02 -3.134104237E-02  6.562000141E-03  3.889280631E-01 
        58  3.500000015E-02 -3.148504347E-02  6.561999675E-03  4.629454620E-01 
        59  3.500000015E-02 -3.162904084E-02  6.561999675E-03  5.508739819E-01 
        60  3.500000015E-02 -3.177304193E-02  6.562000141E-03  6.033937299E-01 
        61  3.500000015E-02 -3.191704303E-02  6.562000141E-03  6.076173462E-01 
        62  3.500000015E-02 -3.206104040E-02  6.562000141E-03  5.411221671E-01 
        63  3.500000015E-02 -3.219095245E-02  6.562000141E-03  3.413107103E-01 
        64  3.500000015E-02 -3.232943267E-02  6.562000141E-03  1.888887537E-01 
        65  3.500000015E-02 -2.601304278E-02  6.561999675E-03  2.774967602E+00 
        66  3.500000015E-02 -2.586904354E-02  6.561999675E-03  2.620211148E+00 
        67  3.500000015E-02 -2.572504245E-02  6.561999675E-03  2.339519368E+00 
        68  3.500000015E-02 -2.558104321E-02  6.561999675E-03  2.009596681E+00 
        69  3.500000015E-02 -2.543704212E-02  6.561999675E-03  1.754851614E+00 
        70  3.500000015E-02 -2.529304288E-02  6.561999675E-03  1.258946656E+00 
        71  3.500000015E-02 -2.514904365E-02  6.561999675E-03  9.493162435E-01 
        72  3.500000015E-02 -2.500504255E-02  6.561999675E-03  7.768775343E-01 
        73  3.500000015E-02 -2.486104332E-02  6.561999675E-03  6.090605531E-01 
        74  3.500000015E-02 -2.471704222E-02  6.561999675E-03  5.027651537E-01 
        75  3.500000015E-02 -2.457304299E-02  6.561999675E-03  5.382361547E-01 
        76  3.500000015E-02 -2.442904189E-02  6.561999675E-03  4.436383072E-01 
