cellnumber     x-coordinate     y-coordinate     z-coordinate velocity-magnitude 
         1  3.500000015E-02 -2.428504266E-02  6.561999675E-03  9.593869273E-01 
         2  3.500000015E-02 -2.414104342E-02  6.561999675E-03  6.610651645E-01 
         3  3.500000015E-02 -2.399704233E-02  6.561999675E-03  4.039458161E-01 
         4  3.500000015E-02 -2.385304309E-02  6.561999675E-03  2.997797926E-01 
         5  3.500000015E-02 -2.370904200E-02  6.561999675E-03  2.825620737E-01 
         6  3.500000015E-02 -2.356504276E-02  6.562000141E-03  2.848302030E-01 
         7  3.500000015E-02 -2.344694175E-02  6.562000141E-03  2.725295282E-01 
         8  3.500000015E-02 -2.332915738E-02  6.562000141E-03  2.894847448E-01 
         9  3.500000015E-02 -2.320699580E-02  6.562000141E-03  2.633110210E-01 
        10  3.500000015E-02 -2.314046025E-02  6.562000141E-03  2.397297051E-01 
        11  3.500000015E-02 -2.310776524E-02  6.561999675E-03  2.511120482E-01 
        12  3.500000015E-02 -2.307719551E-02  6.561999675E-03  2.517811783E-01 
        13  3.500000015E-02 -2.305160835E-02  6.562000141E-03  2.410650388E-01 
        14  3.500000015E-02 -2.303021587E-02  6.561999675E-03  2.187485338E-01 
        15  3.500000015E-02 -2.301233262E-02  6.562000141E-03  1.882396174E-01 
        16  3.499999642E-02 -2.299739420E-02  6.562000141E-03  1.530703096E-01 
        17  3.500000015E-02 -2.298492938E-02  6.562000141E-03  1.164700861E-01 
        18  3.500000015E-02 -2.297452837E-02  6.562000141E-03  8.065007772E-02 
        19  3.500000015E-02 -2.296585403E-02  6.562000141E-03  4.702121907E-02 
        20  3.500000015E-02 -2.296095528E-02  6.562000141E-03  1.634132162E-02 
        21  3.500000015E-02 -2.615704201E-02  6.561999675E-03  1.197569671E+00 
        22  3.500000015E-02 -2.630104311E-02  6.562000141E-03  1.224536724E+00 
        23  3.500000015E-02 -2.644504234E-02  6.562000141E-03  1.496458312E+00 
        24  3.500000015E-02 -2.658904344E-02  6.561999675E-03  2.025103071E+00 
        25  3.500000015E-02 -2.673304267E-02  6.561999675E-03  2.370512731E+00 
        26  3.500000015E-02 -2.687704191E-02  6.561999675E-03  2.468015478E+00 
        27  3.500000015E-02 -2.702104300E-02  6.561999675E-03  2.407565918E+00 
        28  3.500000015E-02 -2.716504224E-02  6.561999675E-03  2.333428325E+00 
        29  3.500000015E-02 -2.730904333E-02  6.561999675E-03  2.279837594E+00 
        30  3.500000015E-02 -2.745304257E-02  6.561999675E-03  2.112419925E+00 
        31  3.500000015E-02 -2.759704180E-02  6.561999675E-03  1.511705119E+00 
        32  3.500000015E-02 -2.774104290E-02  6.561999675E-03  1.238970871E+00 
        33  3.500000015E-02 -2.788504213E-02  6.561999675E-03  1.259801162E+00 
        34  3.500000015E-02 -2.802904323E-02  6.561999675E-03  1.355660046E+00 
        35  3.500000015E-02 -2.817304246E-02  6.561999675E-03  1.442139859E+00 
        36  3.500000015E-02 -2.831704356E-02  6.561999675E-03  1.484570424E+00 
        37  3.500000015E-02 -2.846104279E-02  6.561999675E-03  1.530060233E+00 
        38  3.500000015E-02 -2.860504203E-02  6.561999675E-03  1.507238067E+00 
        39  3.500000015E-02 -2.874904312E-02  6.561999675E-03  1.218718856E+00 
        40  3.500000015E-02 -2.889304236E-02  6.561999675E-03  9.525107355E-01 
        41  3.500000015E-02 -2.903704345E-02  6.562000141E-03  8.806871594E-01 
        42  3.500000015E-02 -2.918104269E-02  6.561999675E-03  9.044451756E-01 
        43  3.500000015E-02 -2.932504192E-02  6.561999675E-03  1.073313864E+00 
        44  3.500000015E-02 -2.946904302E-02  6.561999675E-03  1.195258671E+00 
        45  3.500000015E-02 -2.961304225E-02  6.561999675E-03  1.105502772E+00 
        46  3.500000015E-02 -2.975704335E-02  6.561999675E-03  7.986020894E-01 
        47  3.500000015E-02 -2.990104258E-02  6.561999675E-03  4.185555636E-01 
        48  3.500000015E-02 -3.004504181E-02  6.561999675E-03  4.667010918E-01 
        49  3.500000015E-02 -3.018904291E-02  6.561999675E-03  5.398772049E-01 
        50  3.500000015E-02 -3.033304214E-02  6.561999675E-03  5.243586565E-01 
        51  3.500000015E-02 -3.047704324E-02  6.561999675E-03  5.359746942E-01 
        52  3.500000015E-02 -3.062104248E-02  6.562000141E-03  6.577528068E-01 
        53  3.500000015E-02 -3.076504171E-02  6.562000141E-03  8.521675681E-01 
        54  3.500000015E-02 -3.090904281E-02  6.561999675E-03  9.347443043E-01 
        55  3.500000015E-02 -3.105304204E-02  6.562000141E-03  9.277173948E-01 
        56  3.500000015E-02 -3.119704314E-02  6.562000141E-03  8.629914705E-01 
        57  3.500000015E-02 -3.134104237E-02  6.562000141E-03  7.901542794E-01 
        58  3.500000015E-02 -3.148504347E-02  6.561999675E-03  7.084961415E-01 
        59  3.500000015E-02 -3.162904084E-02  6.561999675E-03  6.105574735E-01 
        60  3.500000015E-02 -3.177304193E-02  6.562000141E-03  5.104028550E-01 
        61  3.500000015E-02 -3.191704303E-02  6.562000141E-03  4.169264814E-01 
        62  3.500000015E-02 -3.206104040E-02  6.562000141E-03  3.485010497E-01 
        63  3.500000015E-02 -3.219095245E-02  6.562000141E-03  2.805360535E-01 
        64  3.500000015E-02 -3.232943267E-02  6.562000141E-03  1.793961215E-01 
        65  3.500000015E-02 -2.601304278E-02  6.561999675E-03  1.252326555E+00 
        66  3.500000015E-02 -2.586904354E-02  6.561999675E-03  1.344917611E+00 
        67  3.500000015E-02 -2.572504245E-02  6.561999675E-03  1.499694345E+00 
        68  3.500000015E-02 -2.558104321E-02  6.561999675E-03  1.597404163E+00 
        69  3.500000015E-02 -2.543704212E-02  6.561999675E-03  1.532280843E+00 
        70  3.500000015E-02 -2.529304288E-02  6.561999675E-03  1.315256747E+00 
        71  3.500000015E-02 -2.514904365E-02  6.561999675E-03  1.061332278E+00 
        72  3.500000015E-02 -2.500504255E-02  6.561999675E-03  8.637526566E-01 
        73  3.500000015E-02 -2.486104332E-02  6.561999675E-03  7.427839575E-01 
        74  3.500000015E-02 -2.471704222E-02  6.561999675E-03  8.226013696E-01 
        75  3.500000015E-02 -2.457304299E-02  6.561999675E-03  1.031404954E+00 
        76  3.500000015E-02 -2.442904189E-02  6.561999675E-03  1.066280263E+00 
