cellnumber     x-coordinate     y-coordinate     z-coordinate velocity-magnitude 
         1  3.500000015E-02 -2.428504266E-02  6.561999675E-03  2.829863666E-01 
         2  3.500000015E-02 -2.414104342E-02  6.561999675E-03  2.314103508E-01 
         3  3.500000015E-02 -2.399704233E-02  6.562000141E-03  1.455472851E-01 
         4  3.500000015E-02 -2.385304309E-02  6.561999675E-03  6.163702358E-02 
         5  3.500000015E-02 -2.370904200E-02  6.561999675E-03  3.993372374E-02 
         6  3.500000015E-02 -2.356504276E-02  6.561999675E-03  1.193750960E-01 
         7  3.500000015E-02 -2.344694175E-02  6.562000141E-03  1.636926953E-01 
         8  3.500000015E-02 -2.332915738E-02  6.562000141E-03  1.639040713E-01 
         9  3.500000015E-02 -2.320699580E-02  6.562000141E-03  1.197715312E-01 
        10  3.500000015E-02 -2.314046025E-02  6.562000141E-03  7.156816514E-02 
        11  3.500000015E-02 -2.310776524E-02  6.561999675E-03  4.358246050E-02 
        12  3.500000015E-02 -2.307719551E-02  6.561999675E-03  3.042140585E-02 
        13  3.500000015E-02 -2.305160835E-02  6.562000141E-03  2.403504816E-02 
        14  3.500000015E-02 -2.303021587E-02  6.561999675E-03  2.300192089E-02 
        15  3.500000015E-02 -2.301233262E-02  6.562000141E-03  2.113527026E-02 
        16  3.499999642E-02 -2.299739420E-02  6.562000141E-03  1.818549620E-02 
        17  3.499999642E-02 -2.298492752E-02  6.562000141E-03  1.431597498E-02 
        18  3.500000015E-02 -2.297452837E-02  6.562000141E-03  1.011766427E-02 
        19  3.500000015E-02 -2.296585403E-02  6.562000141E-03  5.958939461E-03 
        20  3.500000015E-02 -2.296095528E-02  6.562000141E-03  2.079918885E-03 
        21  3.500000015E-02 -3.033304214E-02  6.561999675E-03  4.963483728E-01 
        22  3.500000015E-02 -3.018904291E-02  6.561999675E-03  7.035847879E-01 
        23  3.500000015E-02 -3.004504181E-02  6.561999675E-03  9.776983216E-01 
        24  3.500000015E-02 -2.990104258E-02  6.561999675E-03  1.045542691E+00 
        25  3.500000015E-02 -2.975704335E-02  6.561999675E-03  6.984917039E-01 
        26  3.500000015E-02 -2.961304225E-02  6.561999675E-03  7.793464963E-01 
        27  3.500000015E-02 -2.946904302E-02  6.561999675E-03  1.033302929E+00 
        28  3.500000015E-02 -2.932504192E-02  6.561999675E-03  1.033622787E+00 
        29  3.500000015E-02 -2.918104269E-02  6.561999675E-03  9.914621135E-01 
        30  3.500000015E-02 -2.903704345E-02  6.561999675E-03  1.152085546E+00 
        31  3.500000015E-02 -2.889304236E-02  6.561999675E-03  1.635923139E+00 
        32  3.500000015E-02 -2.874904312E-02  6.561999675E-03  1.942511271E+00 
        33  3.500000015E-02 -2.860504203E-02  6.561999675E-03  1.902463517E+00 
        34  3.500000015E-02 -2.846104279E-02  6.561999675E-03  1.799915979E+00 
        35  3.500000015E-02 -2.831704356E-02  6.561999675E-03  1.842540385E+00 
        36  3.500000015E-02 -2.817304246E-02  6.561999675E-03  1.943739086E+00 
        37  3.500000015E-02 -2.802904323E-02  6.561999675E-03  2.041703705E+00 
        38  3.500000015E-02 -2.788504213E-02  6.561999675E-03  2.164049799E+00 
        39  3.500000015E-02 -2.774104290E-02  6.561999675E-03  2.316441140E+00 
        40  3.500000015E-02 -2.759704180E-02  6.561999675E-03  2.467198789E+00 
        41  3.500000015E-02 -2.745304257E-02  6.561999675E-03  2.564486205E+00 
        42  3.500000015E-02 -2.730904333E-02  6.561999675E-03  2.609343111E+00 
        43  3.500000015E-02 -2.716504224E-02  6.561999675E-03  2.607121500E+00 
        44  3.500000015E-02 -2.702104300E-02  6.561999675E-03  2.556295491E+00 
        45  3.500000015E-02 -2.687704191E-02  6.561999675E-03  2.476235413E+00 
        46  3.500000015E-02 -2.673304267E-02  6.561999675E-03  2.353708548E+00 
        47  3.500000015E-02 -2.658904344E-02  6.561999675E-03  2.168313546E+00 
        48  3.500000015E-02 -2.644504234E-02  6.561999675E-03  1.933010298E+00 
        49  3.500000015E-02 -2.630104311E-02  6.562000141E-03  1.690919974E+00 
        50  3.500000015E-02 -2.615704201E-02  6.561999675E-03  1.497727002E+00 
        51  3.500000015E-02 -3.047704324E-02  6.561999675E-03  2.714750324E-01 
        52  3.500000015E-02 -3.062104248E-02  6.561999675E-03  5.826062522E-01 
        53  3.500000015E-02 -3.076504171E-02  6.562000141E-03  6.919946464E-01 
        54  3.500000015E-02 -3.090904281E-02  6.561999675E-03  6.015876597E-01 
        55  3.500000015E-02 -3.105304204E-02  6.561999675E-03  4.695540171E-01 
        56  3.500000015E-02 -3.119704314E-02  6.561999675E-03  3.979557590E-01 
        57  3.500000015E-02 -3.134104237E-02  6.561999675E-03  4.140285429E-01 
        58  3.500000015E-02 -3.148504347E-02  6.561999675E-03  4.160759200E-01 
        59  3.500000015E-02 -3.162904084E-02  6.561999675E-03  3.284617131E-01 
        60  3.500000015E-02 -3.177304193E-02  6.561999675E-03  2.178811153E-01 
        61  3.500000015E-02 -3.191704303E-02  6.561999675E-03  7.589469814E-02 
        62  3.500000015E-02 -3.206104040E-02  6.561999675E-03  1.412364117E-01 
        63  3.500000015E-02 -3.219095245E-02  6.562000141E-03  1.659049022E-01 
        64  3.500000015E-02 -3.232943267E-02  6.562000141E-03  2.612712511E-01 
        65  3.500000015E-02 -2.442904189E-02  6.561999675E-03  2.795426169E-01 
        66  3.500000015E-02 -2.457304299E-02  6.561999675E-03  2.544897992E-01 
        67  3.500000015E-02 -2.471704222E-02  6.561999675E-03  4.307944518E-01 
        68  3.500000015E-02 -2.486104332E-02  6.561999675E-03  7.400661750E-01 
        69  3.500000015E-02 -2.500504255E-02  6.561999675E-03  8.333658928E-01 
        70  3.500000015E-02 -2.514904365E-02  6.561999675E-03  8.471256911E-01 
        71  3.500000015E-02 -2.529304288E-02  6.561999675E-03  8.835792914E-01 
        72  3.500000015E-02 -2.543704212E-02  6.561999675E-03  9.658592688E-01 
        73  3.500000015E-02 -2.558104321E-02  6.561999675E-03  1.098652172E+00 
        74  3.500000015E-02 -2.572504245E-02  6.561999675E-03  1.212121807E+00 
        75  3.500000015E-02 -2.586904354E-02  6.562000141E-03  1.305107357E+00 
        76  3.500000015E-02 -2.601304278E-02  6.562000141E-03  1.388724585E+00 
