cellnumber     x-coordinate     y-coordinate     z-coordinate velocity-magnitude 
         1  3.500000015E-02 -2.428504266E-02  6.561999675E-03  1.497648904E-01 
         2  3.500000015E-02 -2.414104342E-02  6.561999675E-03  2.631555076E-01 
         3  3.500000015E-02 -2.399704233E-02  6.561999675E-03  4.581649433E-01 
         4  3.500000015E-02 -2.385304309E-02  6.561999675E-03  4.798471947E-01 
         5  3.500000015E-02 -2.370904200E-02  6.561999675E-03  3.344503914E-01 
         6  3.500000015E-02 -2.356504276E-02  6.562000141E-03  5.741935075E-01 
         7  3.500000015E-02 -2.344694175E-02  6.562000141E-03  5.181559429E-01 
         8  3.500000015E-02 -2.332915738E-02  6.562000141E-03  2.041720510E-01 
         9  3.500000015E-02 -2.320699580E-02  6.562000141E-03  3.134870864E-01 
        10  3.500000015E-02 -2.314046025E-02  6.562000141E-03  4.485065112E-01 
        11  3.500000015E-02 -2.310776524E-02  6.561999675E-03  5.014194626E-01 
        12  3.500000015E-02 -2.307719551E-02  6.561999675E-03  5.023396998E-01 
        13  3.500000015E-02 -2.305160835E-02  6.562000141E-03  4.741847278E-01 
        14  3.500000015E-02 -2.303021587E-02  6.561999675E-03  4.209753809E-01 
        15  3.500000015E-02 -2.301233262E-02  6.562000141E-03  3.546770083E-01 
        16  3.499999642E-02 -2.299739420E-02  6.562000141E-03  2.829037883E-01 
        17  3.500000015E-02 -2.298492938E-02  6.562000141E-03  2.117599968E-01 
        18  3.500000015E-02 -2.297452837E-02  6.562000141E-03  1.446515878E-01 
        19  3.500000015E-02 -2.296585403E-02  6.562000141E-03  8.336815170E-02 
        20  3.500000015E-02 -2.296095528E-02  6.562000141E-03  2.865279220E-02 
        21  3.500000015E-02 -2.615704201E-02  6.561999675E-03  1.995389086E+00 
        22  3.500000015E-02 -2.630104311E-02  6.562000141E-03  2.012563289E+00 
        23  3.500000015E-02 -2.644504234E-02  6.562000141E-03  1.883724967E+00 
        24  3.500000015E-02 -2.658904344E-02  6.561999675E-03  1.766931322E+00 
        25  3.500000015E-02 -2.673304267E-02  6.561999675E-03  1.778034842E+00 
        26  3.500000015E-02 -2.687704191E-02  6.561999675E-03  1.884135119E+00 
        27  3.500000015E-02 -2.702104300E-02  6.561999675E-03  1.950433170E+00 
        28  3.500000015E-02 -2.716504224E-02  6.561999675E-03  1.910844071E+00 
        29  3.500000015E-02 -2.730904333E-02  6.561999675E-03  1.720826043E+00 
        30  3.500000015E-02 -2.745304257E-02  6.561999675E-03  1.491065828E+00 
        31  3.500000015E-02 -2.759704180E-02  6.561999675E-03  1.307455891E+00 
        32  3.500000015E-02 -2.774104290E-02  6.561999675E-03  1.143087903E+00 
        33  3.500000015E-02 -2.788504213E-02  6.561999675E-03  1.171972915E+00 
        34  3.500000015E-02 -2.802904323E-02  6.561999675E-03  1.674121355E+00 
        35  3.500000015E-02 -2.817304246E-02  6.561999675E-03  2.170808138E+00 
        36  3.500000015E-02 -2.831704356E-02  6.561999675E-03  2.327724214E+00 
        37  3.500000015E-02 -2.846104279E-02  6.561999675E-03  2.328143676E+00 
        38  3.500000015E-02 -2.860504203E-02  6.561999675E-03  2.360536753E+00 
        39  3.500000015E-02 -2.874904312E-02  6.561999675E-03  2.322378135E+00 
        40  3.500000015E-02 -2.889304236E-02  6.561999675E-03  2.283564816E+00 
        41  3.500000015E-02 -2.903704345E-02  6.562000141E-03  2.366490998E+00 
        42  3.500000015E-02 -2.918104269E-02  6.561999675E-03  2.191829553E+00 
        43  3.500000015E-02 -2.932504192E-02  6.561999675E-03  1.496081920E+00 
        44  3.500000015E-02 -2.946904302E-02  6.561999675E-03  7.621609400E-01 
        45  3.500000015E-02 -2.961304225E-02  6.561999675E-03  2.888041230E-01 
        46  3.500000015E-02 -2.975704335E-02  6.561999675E-03  2.413405473E-01 
        47  3.500000015E-02 -2.990104258E-02  6.561999675E-03  3.883922426E-01 
        48  3.500000015E-02 -3.004504181E-02  6.561999675E-03  4.592954993E-01 
        49  3.500000015E-02 -3.018904291E-02  6.561999675E-03  4.183667949E-01 
        50  3.500000015E-02 -3.033304214E-02  6.561999675E-03  2.785990407E-01 
        51  3.500000015E-02 -3.047704324E-02  6.561999675E-03  2.143181520E-01 
        52  3.500000015E-02 -3.062104248E-02  6.562000141E-03  3.889388664E-01 
        53  3.500000015E-02 -3.076504171E-02  6.562000141E-03  4.374499598E-01 
        54  3.500000015E-02 -3.090904281E-02  6.561999675E-03  4.358684096E-01 
        55  3.500000015E-02 -3.105304204E-02  6.562000141E-03  4.756018996E-01 
        56  3.500000015E-02 -3.119704314E-02  6.562000141E-03  4.397100787E-01 
        57  3.500000015E-02 -3.134104237E-02  6.562000141E-03  3.628611785E-01 
        58  3.500000015E-02 -3.148504347E-02  6.561999675E-03  3.449807382E-01 
        59  3.500000015E-02 -3.162904084E-02  6.561999675E-03  3.475091254E-01 
        60  3.500000015E-02 -3.177304193E-02  6.562000141E-03  3.444764847E-01 
        61  3.500000015E-02 -3.191704303E-02  6.562000141E-03  3.435291282E-01 
        62  3.500000015E-02 -3.206104040E-02  6.562000141E-03  3.758031064E-01 
        63  3.500000015E-02 -3.219095245E-02  6.562000141E-03  3.746538516E-01 
        64  3.500000015E-02 -3.232943267E-02  6.562000141E-03  3.296903420E-01 
        65  3.500000015E-02 -2.601304278E-02  6.561999675E-03  1.803381442E+00 
        66  3.500000015E-02 -2.586904354E-02  6.561999675E-03  1.426130850E+00 
        67  3.500000015E-02 -2.572504245E-02  6.561999675E-03  1.097177597E+00 
        68  3.500000015E-02 -2.558104321E-02  6.561999675E-03  8.323256732E-01 
        69  3.500000015E-02 -2.543704212E-02  6.561999675E-03  6.320767964E-01 
        70  3.500000015E-02 -2.529304288E-02  6.561999675E-03  5.373793634E-01 
        71  3.500000015E-02 -2.514904365E-02  6.561999675E-03  4.425375803E-01 
        72  3.500000015E-02 -2.500504255E-02  6.561999675E-03  4.503198009E-01 
        73  3.500000015E-02 -2.486104332E-02  6.561999675E-03  6.342263908E-01 
        74  3.500000015E-02 -2.471704222E-02  6.561999675E-03  7.178885450E-01 
        75  3.500000015E-02 -2.457304299E-02  6.561999675E-03  6.296557689E-01 
        76  3.500000015E-02 -2.442904189E-02  6.561999675E-03  3.297243879E-01 
