cellnumber     x-coordinate     y-coordinate     z-coordinate velocity-magnitude 
         1  3.500000015E-02 -2.428504266E-02  6.561999675E-03  5.035058756E-01 
         2  3.500000015E-02 -2.414104342E-02  6.561999675E-03  3.780138150E-01 
         3  3.500000015E-02 -2.399704233E-02  6.561999675E-03  3.191783593E-01 
         4  3.500000015E-02 -2.385304309E-02  6.561999675E-03  3.474337669E-01 
         5  3.500000015E-02 -2.370904200E-02  6.561999675E-03  4.761232171E-01 
         6  3.500000015E-02 -2.356504276E-02  6.562000141E-03  5.484709287E-01 
         7  3.500000015E-02 -2.344694175E-02  6.562000141E-03  4.286693227E-01 
         8  3.500000015E-02 -2.332915738E-02  6.562000141E-03  3.065687383E-01 
         9  3.500000015E-02 -2.320699580E-02  6.562000141E-03  2.345139210E-01 
        10  3.500000015E-02 -2.314046025E-02  6.562000141E-03  2.336415720E-01 
        11  3.500000015E-02 -2.310776524E-02  6.561999675E-03  2.174677281E-01 
        12  3.500000015E-02 -2.307719551E-02  6.561999675E-03  1.787781199E-01 
        13  3.500000015E-02 -2.305160835E-02  6.562000141E-03  1.373103941E-01 
        14  3.500000015E-02 -2.303021587E-02  6.561999675E-03  9.831049251E-02 
        15  3.500000015E-02 -2.301233262E-02  6.562000141E-03  6.767343119E-02 
        16  3.499999642E-02 -2.299739420E-02  6.562000141E-03  4.462303095E-02 
        17  3.500000015E-02 -2.298492938E-02  6.562000141E-03  2.790292192E-02 
        18  3.500000015E-02 -2.297452837E-02  6.562000141E-03  1.603035341E-02 
        19  3.500000015E-02 -2.296585403E-02  6.562000141E-03  7.787546169E-03 
        20  3.500000015E-02 -2.296095528E-02  6.562000141E-03  2.374751905E-03 
        21  3.500000015E-02 -2.615704201E-02  6.561999675E-03  7.030410945E-01 
        22  3.500000015E-02 -2.630104311E-02  6.562000141E-03  4.921877751E-01 
        23  3.500000015E-02 -2.644504234E-02  6.562000141E-03  2.597322402E-01 
        24  3.500000015E-02 -2.658904344E-02  6.561999675E-03  2.414986068E-01 
        25  3.500000015E-02 -2.673304267E-02  6.561999675E-03  6.046577242E-01 
        26  3.500000015E-02 -2.687704191E-02  6.561999675E-03  1.384741955E+00 
        27  3.500000015E-02 -2.702104300E-02  6.561999675E-03  2.079942770E+00 
        28  3.500000015E-02 -2.716504224E-02  6.561999675E-03  2.690432106E+00 
        29  3.500000015E-02 -2.730904333E-02  6.561999675E-03  3.065129547E+00 
        30  3.500000015E-02 -2.745304257E-02  6.561999675E-03  3.038020294E+00 
        31  3.500000015E-02 -2.759704180E-02  6.561999675E-03  2.910609965E+00 
        32  3.500000015E-02 -2.774104290E-02  6.561999675E-03  2.807503455E+00 
        33  3.500000015E-02 -2.788504213E-02  6.561999675E-03  2.726239314E+00 
        34  3.500000015E-02 -2.802904323E-02  6.561999675E-03  2.706854740E+00 
        35  3.500000015E-02 -2.817304246E-02  6.561999675E-03  2.707566482E+00 
        36  3.500000015E-02 -2.831704356E-02  6.561999675E-03  2.723316281E+00 
        37  3.500000015E-02 -2.846104279E-02  6.561999675E-03  2.681785039E+00 
        38  3.500000015E-02 -2.860504203E-02  6.561999675E-03  2.609619552E+00 
        39  3.500000015E-02 -2.874904312E-02  6.561999675E-03  2.599078875E+00 
        40  3.500000015E-02 -2.889304236E-02  6.561999675E-03  2.450861321E+00 
        41  3.500000015E-02 -2.903704345E-02  6.562000141E-03  2.229208980E+00 
        42  3.500000015E-02 -2.918104269E-02  6.561999675E-03  2.122733022E+00 
        43  3.500000015E-02 -2.932504192E-02  6.561999675E-03  1.619703365E+00 
        44  3.500000015E-02 -2.946904302E-02  6.561999675E-03  1.036046005E+00 
        45  3.500000015E-02 -2.961304225E-02  6.561999675E-03  1.145180789E+00 
        46  3.500000015E-02 -2.975704335E-02  6.561999675E-03  1.344277834E+00 
        47  3.500000015E-02 -2.990104258E-02  6.561999675E-03  1.442819231E+00 
        48  3.500000015E-02 -3.004504181E-02  6.561999675E-03  1.438388078E+00 
        49  3.500000015E-02 -3.018904291E-02  6.561999675E-03  1.343095418E+00 
        50  3.500000015E-02 -3.033304214E-02  6.561999675E-03  1.229219584E+00 
        51  3.500000015E-02 -3.047704324E-02  6.561999675E-03  1.145933834E+00 
        52  3.500000015E-02 -3.062104248E-02  6.562000141E-03  1.088829022E+00 
        53  3.500000015E-02 -3.076504171E-02  6.562000141E-03  1.025949651E+00 
        54  3.500000015E-02 -3.090904281E-02  6.561999675E-03  9.853771224E-01 
        55  3.500000015E-02 -3.105304204E-02  6.562000141E-03  9.057513524E-01 
        56  3.500000015E-02 -3.119704314E-02  6.562000141E-03  8.046642480E-01 
        57  3.500000015E-02 -3.134104237E-02  6.562000141E-03  6.731112664E-01 
        58  3.500000015E-02 -3.148504347E-02  6.561999675E-03  5.937983465E-01 
        59  3.500000015E-02 -3.162904084E-02  6.561999675E-03  7.661043552E-01 
        60  3.500000015E-02 -3.177304193E-02  6.562000141E-03  9.440205034E-01 
        61  3.500000015E-02 -3.191704303E-02  6.562000141E-03  9.796135216E-01 
        62  3.500000015E-02 -3.206104040E-02  6.562000141E-03  9.909839892E-01 
        63  3.500000015E-02 -3.219095245E-02  6.562000141E-03  9.060350272E-01 
        64  3.500000015E-02 -3.232943267E-02  6.562000141E-03  5.113524604E-01 
        65  3.500000015E-02 -2.601304278E-02  6.561999675E-03  8.203428245E-01 
        66  3.500000015E-02 -2.586904354E-02  6.561999675E-03  9.082825767E-01 
        67  3.500000015E-02 -2.572504245E-02  6.561999675E-03  1.060513018E+00 
        68  3.500000015E-02 -2.558104321E-02  6.561999675E-03  1.138909971E+00 
        69  3.500000015E-02 -2.543704212E-02  6.561999675E-03  1.034376409E+00 
        70  3.500000015E-02 -2.529304288E-02  6.561999675E-03  8.480871922E-01 
        71  3.500000015E-02 -2.514904365E-02  6.561999675E-03  8.297520967E-01 
        72  3.500000015E-02 -2.500504255E-02  6.561999675E-03  7.988574113E-01 
        73  3.500000015E-02 -2.486104332E-02  6.561999675E-03  7.575918406E-01 
        74  3.500000015E-02 -2.471704222E-02  6.561999675E-03  7.277200217E-01 
        75  3.500000015E-02 -2.457304299E-02  6.561999675E-03  6.501136785E-01 
        76  3.500000015E-02 -2.442904189E-02  6.561999675E-03  6.036661275E-01 
