cellnumber     x-coordinate     y-coordinate     z-coordinate velocity-magnitude 
         1  3.500000015E-02 -2.990104258E-02  6.561999675E-03  3.700375396E-01 
         2  3.500000015E-02 -2.975704335E-02  6.561999675E-03  3.271213829E-01 
         3  3.500000015E-02 -2.961304225E-02  6.562000141E-03  2.923507079E-01 
         4  3.500000015E-02 -2.946904302E-02  6.561999675E-03  2.928993887E-01 
         5  3.500000015E-02 -2.932504192E-02  6.562000141E-03  3.593242766E-01 
         6  3.500000015E-02 -2.918104269E-02  6.561999675E-03  4.896139242E-01 
         7  3.500000015E-02 -2.903704345E-02  6.561999675E-03  6.652506041E-01 
         8  3.500000015E-02 -2.889304236E-02  6.561999675E-03  8.699407637E-01 
         9  3.500000015E-02 -2.874904312E-02  6.561999675E-03  1.089695207E+00 
        10  3.500000015E-02 -2.860504203E-02  6.561999675E-03  1.312716397E+00 
        11  3.500000015E-02 -2.846104279E-02  6.561999675E-03  1.531094650E+00 
        12  3.500000015E-02 -2.831704356E-02  6.561999675E-03  1.745573196E+00 
        13  3.500000015E-02 -2.817304246E-02  6.561999675E-03  1.959544383E+00 
        14  3.500000015E-02 -2.802904323E-02  6.561999675E-03  2.168205763E+00 
        15  3.500000015E-02 -2.788504213E-02  6.561999675E-03  2.362783287E+00 
        16  3.500000015E-02 -2.774104290E-02  6.561999675E-03  2.534721856E+00 
        17  3.500000015E-02 -2.759704180E-02  6.561999675E-03  2.679387780E+00 
        18  3.500000015E-02 -2.745304257E-02  6.561999675E-03  2.798809186E+00 
        19  3.500000015E-02 -2.730904333E-02  6.561999675E-03  2.898091076E+00 
        20  3.500000015E-02 -2.716504224E-02  6.561999675E-03  2.981602608E+00 
        21  3.500000015E-02 -2.702104300E-02  6.561999675E-03  3.051206352E+00 
        22  3.500000015E-02 -2.687704191E-02  6.561999675E-03  3.106985284E+00 
        23  3.500000015E-02 -2.673304267E-02  6.561999675E-03  3.148358214E+00 
        24  3.500000015E-02 -2.658904344E-02  6.561999675E-03  3.175232573E+00 
        25  3.500000015E-02 -2.644504234E-02  6.561999675E-03  3.187654128E+00 
        26  3.500000015E-02 -2.630104311E-02  6.561999675E-03  3.185680472E+00 
        27  3.500000015E-02 -2.615704201E-02  6.562000141E-03  3.168803877E+00 
        28  3.500000015E-02 -2.601304278E-02  6.561999675E-03  3.135453665E+00 
        29  3.500000015E-02 -2.586904354E-02  6.561999675E-03  3.081897547E+00 
        30  3.500000015E-02 -2.572504245E-02  6.561999675E-03  3.001922914E+00 
        31  3.500000015E-02 -2.558104321E-02  6.562000141E-03  2.890570392E+00 
        32  3.500000015E-02 -2.543704212E-02  6.561999675E-03  2.749824246E+00 
        33  3.500000015E-02 -2.529304288E-02  6.562000141E-03  2.588280736E+00 
        34  3.500000015E-02 -2.514904365E-02  6.561999675E-03  2.414499208E+00 
        35  3.500000015E-02 -2.500504255E-02  6.561999675E-03  2.233691568E+00 
        36  3.500000015E-02 -2.486104332E-02  6.561999675E-03  2.060730251E+00 
        37  3.500000015E-02 -2.471704222E-02  6.562000141E-03  1.917078363E+00 
        38  3.500000015E-02 -2.457304299E-02  6.562000141E-03  1.813688611E+00 
        39  3.500000015E-02 -2.442904375E-02  6.561999675E-03  1.749973919E+00 
        40  3.500000015E-02 -2.310776524E-02  6.562000141E-03  4.885797771E-01 
        41  3.500000015E-02 -2.307719551E-02  6.561999675E-03  3.861994308E-01 
        42  3.500000015E-02 -2.296095528E-02  6.562000141E-03  1.126451093E-02 
        43  3.500000015E-02 -2.296585403E-02  6.562000141E-03  3.373104628E-02 
        44  3.500000015E-02 -2.297452837E-02  6.562000141E-03  6.047037308E-02 
        45  3.499999642E-02 -2.298492752E-02  6.562000141E-03  9.242951213E-02 
        46  3.499999642E-02 -2.299739420E-02  6.562000141E-03  1.308151801E-01 
        47  3.500000015E-02 -2.301233448E-02  6.562000141E-03  1.771888479E-01 
        48  3.500000015E-02 -2.303021587E-02  6.562000141E-03  2.334846353E-01 
        49  3.500000015E-02 -2.305160835E-02  6.562000141E-03  3.021309406E-01 
        50  3.500000015E-02 -2.314046025E-02  6.562000141E-03  6.275276647E-01 
        51  3.500000015E-02 -2.320699580E-02  6.562000141E-03  7.928185536E-01 
        52  3.500000015E-02 -2.332915738E-02  6.562000141E-03  1.124999152E+00 
        53  3.500000015E-02 -2.344694175E-02  6.562000141E-03  1.424673138E+00 
        54  3.500000015E-02 -2.356504276E-02  6.561999675E-03  1.641610788E+00 
        55  3.500000015E-02 -2.370904200E-02  6.561999675E-03  1.733417870E+00 
        56  3.500000015E-02 -2.385304309E-02  6.562000141E-03  1.750009801E+00 
        57  3.500000015E-02 -2.399704233E-02  6.561999675E-03  1.738120423E+00 
        58  3.500000015E-02 -2.414104342E-02  6.562000141E-03  1.722503783E+00 
        59  3.500000015E-02 -2.428504266E-02  6.562000141E-03  1.722298059E+00 
        60  3.500000015E-02 -3.232943267E-02  6.562000141E-03  4.773877625E-01 
        61  3.500000015E-02 -3.219095245E-02  6.562000141E-03  5.841223642E-01 
        62  3.500000015E-02 -3.206104040E-02  6.561999675E-03  6.231463370E-01 
        63  3.500000015E-02 -3.191704303E-02  6.561999675E-03  6.313619153E-01 
        64  3.500000015E-02 -3.177304193E-02  6.561999675E-03  6.286744468E-01 
        65  3.500000015E-02 -3.162904084E-02  6.561999675E-03  6.215827665E-01 
        66  3.500000015E-02 -3.148504347E-02  6.562000141E-03  6.122042859E-01 
        67  3.500000015E-02 -3.134104237E-02  6.561999675E-03  6.014722796E-01 
        68  3.500000015E-02 -3.119704314E-02  6.561999675E-03  5.897789496E-01 
        69  3.500000015E-02 -3.105304204E-02  6.561999675E-03  5.771946927E-01 
        70  3.500000015E-02 -3.090904281E-02  6.561999675E-03  5.627636111E-01 
        71  3.500000015E-02 -3.076504171E-02  6.561999675E-03  5.455168015E-01 
        72  3.500000015E-02 -3.062104248E-02  6.561999675E-03  5.253735320E-01 
        73  3.500000015E-02 -3.047704324E-02  6.561999675E-03  5.022483715E-01 
        74  3.500000015E-02 -3.033304214E-02  6.561999675E-03  4.757635696E-01 
        75  3.500000015E-02 -3.018904291E-02  6.561999675E-03  4.453172530E-01 
        76  3.500000015E-02 -3.004504181E-02  6.561999675E-03  4.101803124E-01 
