cellnumber     x-coordinate     y-coordinate     z-coordinate velocity-magnitude 
         1  3.500000015E-02 -2.990104258E-02  6.561999675E-03  1.195477298E-01 
         2  3.500000015E-02 -2.975704335E-02  6.561999675E-03  1.130043976E-01 
         3  3.500000015E-02 -2.961304225E-02  6.562000141E-03  1.506610404E-01 
         4  3.500000015E-02 -2.946904302E-02  6.561999675E-03  2.162026507E-01 
         5  3.500000015E-02 -2.932504192E-02  6.562000141E-03  2.973616562E-01 
         6  3.500000015E-02 -2.918104269E-02  6.561999675E-03  3.896790536E-01 
         7  3.500000015E-02 -2.903704345E-02  6.561999675E-03  4.913473063E-01 
         8  3.500000015E-02 -2.889304236E-02  6.561999675E-03  6.012898914E-01 
         9  3.500000015E-02 -2.874904312E-02  6.561999675E-03  7.183331583E-01 
        10  3.500000015E-02 -2.860504203E-02  6.561999675E-03  8.405475663E-01 
        11  3.500000015E-02 -2.846104279E-02  6.561999675E-03  9.653220445E-01 
        12  3.500000015E-02 -2.831704356E-02  6.561999675E-03  1.091464830E+00 
        13  3.500000015E-02 -2.817304246E-02  6.561999675E-03  1.221802963E+00 
        14  3.500000015E-02 -2.802904323E-02  6.561999675E-03  1.359128710E+00 
        15  3.500000015E-02 -2.788504213E-02  6.561999675E-03  1.503630936E+00 
        16  3.500000015E-02 -2.774104290E-02  6.561999675E-03  1.655091708E+00 
        17  3.500000015E-02 -2.759704180E-02  6.561999675E-03  1.812870766E+00 
        18  3.500000015E-02 -2.745304257E-02  6.561999675E-03  1.975775850E+00 
        19  3.500000015E-02 -2.730904333E-02  6.561999675E-03  2.142006747E+00 
        20  3.500000015E-02 -2.716504224E-02  6.561999675E-03  2.308947436E+00 
        21  3.500000015E-02 -2.702104300E-02  6.561999675E-03  2.472737278E+00 
        22  3.500000015E-02 -2.687704191E-02  6.561999675E-03  2.627495822E+00 
        23  3.500000015E-02 -2.673304267E-02  6.561999675E-03  2.763965856E+00 
        24  3.500000015E-02 -2.658904344E-02  6.561999675E-03  2.868245887E+00 
        25  3.500000015E-02 -2.644504234E-02  6.561999675E-03  2.925469280E+00 
        26  3.500000015E-02 -2.630104311E-02  6.561999675E-03  2.936156829E+00 
        27  3.500000015E-02 -2.615704201E-02  6.562000141E-03  2.910739680E+00 
        28  3.500000015E-02 -2.601304278E-02  6.561999675E-03  2.864306213E+00 
        29  3.500000015E-02 -2.586904354E-02  6.561999675E-03  2.810900688E+00 
        30  3.500000015E-02 -2.572504245E-02  6.561999675E-03  2.760544076E+00 
        31  3.500000015E-02 -2.558104321E-02  6.562000141E-03  2.719259025E+00 
        32  3.500000015E-02 -2.543704212E-02  6.561999675E-03  2.689882082E+00 
        33  3.500000015E-02 -2.529304288E-02  6.562000141E-03  2.672145167E+00 
        34  3.500000015E-02 -2.514904365E-02  6.561999675E-03  2.662451952E+00 
        35  3.500000015E-02 -2.500504255E-02  6.561999675E-03  2.653193785E+00 
        36  3.500000015E-02 -2.486104332E-02  6.561999675E-03  2.632315851E+00 
        37  3.500000015E-02 -2.471704222E-02  6.562000141E-03  2.584214727E+00 
        38  3.500000015E-02 -2.457304299E-02  6.562000141E-03  2.494745479E+00 
        39  3.500000015E-02 -2.442904375E-02  6.561999675E-03  2.356440825E+00 
        40  3.500000015E-02 -2.310776524E-02  6.562000141E-03  5.104778672E-01 
        41  3.500000015E-02 -2.307719551E-02  6.561999675E-03  4.343238193E-01 
        42  3.500000015E-02 -2.296095528E-02  6.562000141E-03  1.316068705E-02 
        43  3.500000015E-02 -2.296585403E-02  6.562000141E-03  3.989181703E-02 
        44  3.500000015E-02 -2.297452837E-02  6.562000141E-03  7.221831593E-02 
        45  3.499999642E-02 -2.298492752E-02  6.562000141E-03  1.112325893E-01 
        46  3.499999642E-02 -2.299739420E-02  6.562000141E-03  1.581505168E-01 
        47  3.500000015E-02 -2.301233448E-02  6.562000141E-03  2.141980559E-01 
        48  3.500000015E-02 -2.303021587E-02  6.562000141E-03  2.801059787E-01 
        49  3.500000015E-02 -2.305160835E-02  6.562000141E-03  3.549695626E-01 
        50  3.500000015E-02 -2.314046025E-02  6.562000141E-03  5.866636595E-01 
        51  3.500000015E-02 -2.320699580E-02  6.562000141E-03  6.206963573E-01 
        52  3.500000015E-02 -2.332915738E-02  6.562000141E-03  7.408739325E-01 
        53  3.500000015E-02 -2.344694175E-02  6.562000141E-03  8.913805123E-01 
        54  3.500000015E-02 -2.356504276E-02  6.561999675E-03  1.016493644E+00 
        55  3.500000015E-02 -2.370904200E-02  6.561999675E-03  1.181890052E+00 
        56  3.500000015E-02 -2.385304309E-02  6.562000141E-03  1.390482104E+00 
        57  3.500000015E-02 -2.399704233E-02  6.561999675E-03  1.641395041E+00 
        58  3.500000015E-02 -2.414104342E-02  6.562000141E-03  1.911953572E+00 
        59  3.500000015E-02 -2.428504266E-02  6.562000141E-03  2.161187257E+00 
        60  3.500000015E-02 -3.232943267E-02  6.562000141E-03  4.779739780E-01 
        61  3.500000015E-02 -3.219095245E-02  6.562000141E-03  5.529617059E-01 
        62  3.500000015E-02 -3.206104040E-02  6.561999675E-03  5.733137821E-01 
        63  3.500000015E-02 -3.191704303E-02  6.561999675E-03  5.718788164E-01 
        64  3.500000015E-02 -3.177304193E-02  6.561999675E-03  5.616474667E-01 
        65  3.500000015E-02 -3.162904084E-02  6.561999675E-03  5.471908085E-01 
        66  3.500000015E-02 -3.148504347E-02  6.562000141E-03  5.297389135E-01 
        67  3.500000015E-02 -3.134104237E-02  6.561999675E-03  5.095327864E-01 
        68  3.500000015E-02 -3.119704314E-02  6.561999675E-03  4.863721909E-01 
        69  3.500000015E-02 -3.105304204E-02  6.561999675E-03  4.597818252E-01 
        70  3.500000015E-02 -3.090904281E-02  6.561999675E-03  4.291230371E-01 
        71  3.500000015E-02 -3.076504171E-02  6.561999675E-03  3.938534063E-01 
        72  3.500000015E-02 -3.062104248E-02  6.561999675E-03  3.537739947E-01 
        73  3.500000015E-02 -3.047704324E-02  6.561999675E-03  3.090642710E-01 
        74  3.500000015E-02 -3.033304214E-02  6.561999675E-03  2.603558990E-01 
        75  3.500000015E-02 -3.018904291E-02  6.561999675E-03  2.091180032E-01 
        76  3.500000015E-02 -3.004504181E-02  6.561999675E-03  1.589152444E-01 
