cellnumber     x-coordinate     y-coordinate     z-coordinate velocity-magnitude 
         1  2.999999933E-02 -2.903704345E-02  6.562000141E-03  5.773645176E+00 
         2  2.999999933E-02 -2.889304422E-02  6.562000141E-03  5.715329989E+00 
         3  2.999999933E-02 -2.874904312E-02  6.562000141E-03  5.662154946E+00 
         4  2.999999933E-02 -2.860504389E-02  6.562000141E-03  5.615419808E+00 
         5  2.999999933E-02 -2.846104279E-02  6.562000141E-03  5.575319511E+00 
         6  2.999999933E-02 -2.831704356E-02  6.562000141E-03  5.541548380E+00 
         7  2.999999933E-02 -2.817304246E-02  6.562000141E-03  5.513618209E+00 
         8  2.999999933E-02 -2.802904323E-02  6.562000141E-03  5.491009601E+00 
         9  2.999999933E-02 -2.788504399E-02  6.562000141E-03  5.473020240E+00 
        10  2.999999933E-02 -2.774104290E-02  6.562000141E-03  5.458436531E+00 
        11  2.999999933E-02 -2.759704366E-02  6.562000141E-03  5.444656528E+00 
        12  2.999999933E-02 -2.745304257E-02  6.562000141E-03  5.425589173E+00 
        13  2.999999933E-02 -2.730904333E-02  6.562000141E-03  5.387774308E+00 
        14  2.999999933E-02 -2.716504410E-02  6.562000141E-03  5.306655817E+00 
        15  2.999999933E-02 -2.702104300E-02  6.562000141E-03  5.151067772E+00 
        16  2.999999933E-02 -2.687704377E-02  6.562000141E-03  4.902765173E+00 
        17  2.999999933E-02 -2.673304267E-02  6.562000141E-03  4.575209348E+00 
        18  2.999999933E-02 -2.658904344E-02  6.562000141E-03  4.198493600E+00 
        19  2.999999933E-02 -2.644504420E-02  6.562000141E-03  3.797361134E+00 
        20  2.999999933E-02 -2.630104311E-02  6.562000141E-03  3.389632557E+00 
        21  2.999999933E-02 -2.615704387E-02  6.562000141E-03  2.983713650E+00 
        22  2.999999933E-02 -2.601304278E-02  6.562000141E-03  2.563901815E+00 
        23  2.999999933E-02 -2.586904354E-02  6.562000141E-03  2.132822231E+00 
        24  2.999999933E-02 -2.572504245E-02  6.562000141E-03  1.716324683E+00 
        25  2.999999933E-02 -2.558104321E-02  6.562000141E-03  1.341200532E+00 
        26  2.999999933E-02 -2.543704398E-02  6.562000141E-03  1.026859398E+00 
        27  2.999999933E-02 -2.529304288E-02  6.562000141E-03  7.854240262E-01 
        28  2.999999933E-02 -2.514904365E-02  6.562000141E-03  6.124277300E-01 
        29  2.999999933E-02 -2.500504255E-02  6.562000141E-03  5.030711583E-01 
        30  2.999999933E-02 -2.486104332E-02  6.562000141E-03  4.544712104E-01 
        31  2.999999933E-02 -2.471704409E-02  6.562000141E-03  4.522855746E-01 
        32  2.999999933E-02 -2.457304299E-02  6.562000141E-03  4.765478133E-01 
        33  2.999999933E-02 -2.442904375E-02  6.562000141E-03  5.117291423E-01 
        34  2.999999933E-02 -2.429169975E-02  6.562000141E-03  5.468736274E-01 
        35  2.999999933E-02 -2.420346625E-02  6.562000606E-03  5.868104720E-01 
        36  3.000000119E-02 -2.412424982E-02  6.562000606E-03  6.034537101E-01 
        37  2.999999933E-02 -2.404091880E-02  6.562000141E-03  5.871339021E-01 
        38  2.999999933E-02 -2.401195839E-02  6.562000606E-03  5.699196150E-01 
        39  3.000000119E-02 -3.145632893E-02  6.562000141E-03  5.466965035E-01 
        40  2.999999933E-02 -3.133584931E-02  6.562000141E-03  6.974116042E-01 
        41  2.999999933E-02 -3.119704314E-02  6.562000141E-03  8.588759581E-01 
        42  2.999999933E-02 -3.105304390E-02  6.562000141E-03  1.078241348E+00 
        43  2.999999933E-02 -3.090904281E-02  6.562000141E-03  1.371648528E+00 
        44  2.999999933E-02 -3.076504357E-02  6.562000141E-03  1.772296960E+00 
        45  2.999999933E-02 -3.062104248E-02  6.562000141E-03  2.314158334E+00 
        46  2.999999933E-02 -3.047704324E-02  6.562000141E-03  2.974139438E+00 
        47  2.999999933E-02 -3.033304401E-02  6.562000141E-03  3.672245234E+00 
        48  2.999999933E-02 -3.018904291E-02  6.562000141E-03  4.333014585E+00 
        49  2.999999933E-02 -3.004504368E-02  6.562000141E-03  4.934484434E+00 
        50  2.999999933E-02 -2.990104258E-02  6.562000141E-03  5.456516334E+00 
        51  2.999999933E-02 -2.975704335E-02  6.562000141E-03  5.801234954E+00 
        52  2.999999933E-02 -2.961304411E-02  6.562000141E-03  5.931411855E+00 
        53  2.999999933E-02 -2.946904302E-02  6.562000141E-03  5.935120190E+00 
        54  2.999999933E-02 -2.932504378E-02  6.562000141E-03  5.892295999E+00 
        55  2.999999933E-02 -2.918104269E-02  6.562000141E-03  5.834488913E+00 
