cellnumber     x-coordinate     y-coordinate     z-coordinate velocity-magnitude 
         1  2.999999933E-02 -2.903704345E-02  6.562000141E-03  5.268330948E+00 
         2  2.999999933E-02 -2.889304422E-02  6.562000141E-03  5.399606812E+00 
         3  2.999999933E-02 -2.874904312E-02  6.562000141E-03  5.513894905E+00 
         4  2.999999933E-02 -2.860504389E-02  6.562000141E-03  5.617075800E+00 
         5  2.999999933E-02 -2.846104279E-02  6.562000141E-03  5.710276054E+00 
         6  2.999999933E-02 -2.831704356E-02  6.562000141E-03  5.790695488E+00 
         7  2.999999933E-02 -2.817304246E-02  6.562000141E-03  5.855448497E+00 
         8  2.999999933E-02 -2.802904323E-02  6.562000141E-03  5.906045293E+00 
         9  2.999999933E-02 -2.788504399E-02  6.562000141E-03  5.942286175E+00 
        10  2.999999933E-02 -2.774104290E-02  6.562000141E-03  5.963333019E+00 
        11  2.999999933E-02 -2.759704366E-02  6.562000141E-03  5.968392165E+00 
        12  2.999999933E-02 -2.745304257E-02  6.562000141E-03  5.956445577E+00 
        13  2.999999933E-02 -2.730904333E-02  6.562000141E-03  5.925742667E+00 
        14  2.999999933E-02 -2.716504410E-02  6.562000141E-03  5.872520384E+00 
        15  2.999999933E-02 -2.702104300E-02  6.562000141E-03  5.790447876E+00 
        16  2.999999933E-02 -2.687704377E-02  6.562000141E-03  5.670133126E+00 
        17  2.999999933E-02 -2.673304267E-02  6.562000141E-03  5.500763315E+00 
        18  2.999999933E-02 -2.658904344E-02  6.562000141E-03  5.273610796E+00 
        19  2.999999933E-02 -2.644504420E-02  6.562000141E-03  4.988766581E+00 
        20  2.999999933E-02 -2.630104311E-02  6.562000141E-03  4.659051446E+00 
        21  2.999999933E-02 -2.615704387E-02  6.562000141E-03  4.301344692E+00 
        22  2.999999933E-02 -2.601304278E-02  6.562000141E-03  3.924030211E+00 
        23  2.999999933E-02 -2.586904354E-02  6.562000141E-03  3.517271416E+00 
        24  2.999999933E-02 -2.572504245E-02  6.562000141E-03  3.069638753E+00 
        25  2.999999933E-02 -2.558104321E-02  6.562000141E-03  2.598569297E+00 
        26  2.999999933E-02 -2.543704398E-02  6.562000141E-03  2.135312013E+00 
        27  2.999999933E-02 -2.529304288E-02  6.562000141E-03  1.706285761E+00 
        28  2.999999933E-02 -2.514904365E-02  6.562000141E-03  1.327801804E+00 
        29  2.999999933E-02 -2.500504255E-02  6.562000141E-03  1.012263118E+00 
        30  2.999999933E-02 -2.486104332E-02  6.562000141E-03  7.691425330E-01 
        31  2.999999933E-02 -2.471704409E-02  6.562000141E-03  5.970621056E-01 
        32  2.999999933E-02 -2.457304299E-02  6.562000141E-03  4.835460444E-01 
        33  2.999999933E-02 -2.442904375E-02  6.562000141E-03  4.192658133E-01 
        34  2.999999933E-02 -2.429169975E-02  6.562000141E-03  3.925708870E-01 
        35  2.999999933E-02 -2.420346625E-02  6.562000606E-03  3.914628876E-01 
        36  3.000000119E-02 -2.412424982E-02  6.562000606E-03  3.952532329E-01 
        37  2.999999933E-02 -2.404091880E-02  6.562000141E-03  3.834465233E-01 
        38  2.999999933E-02 -2.401195839E-02  6.562000606E-03  3.706745848E-01 
        39  3.000000119E-02 -3.145632893E-02  6.562000141E-03  4.329678538E-01 
        40  2.999999933E-02 -3.133584931E-02  6.562000141E-03  5.351280448E-01 
        41  2.999999933E-02 -3.119704314E-02  6.562000141E-03  6.369921582E-01 
        42  2.999999933E-02 -3.105304390E-02  6.562000141E-03  7.665100849E-01 
        43  2.999999933E-02 -3.090904281E-02  6.562000141E-03  9.295595317E-01 
        44  2.999999933E-02 -3.076504357E-02  6.562000141E-03  1.141310536E+00 
        45  2.999999933E-02 -3.062104248E-02  6.562000141E-03  1.425536509E+00 
        46  2.999999933E-02 -3.047704324E-02  6.562000141E-03  1.796420536E+00 
        47  2.999999933E-02 -3.033304401E-02  6.562000141E-03  2.244249436E+00 
        48  2.999999933E-02 -3.018904291E-02  6.562000141E-03  2.733420489E+00 
        49  2.999999933E-02 -3.004504368E-02  6.562000141E-03  3.212605485E+00 
        50  2.999999933E-02 -2.990104258E-02  6.562000141E-03  3.642106874E+00 
        51  2.999999933E-02 -2.975704335E-02  6.562000141E-03  4.013586743E+00 
        52  2.999999933E-02 -2.961304411E-02  6.562000141E-03  4.348169274E+00 
        53  2.999999933E-02 -2.946904302E-02  6.562000141E-03  4.650104219E+00 
        54  2.999999933E-02 -2.932504378E-02  6.562000141E-03  4.905986561E+00 
        55  2.999999933E-02 -2.918104269E-02  6.562000141E-03  5.108851552E+00 
