cellnumber     x-coordinate     y-coordinate     z-coordinate velocity-magnitude 
         1  2.999999933E-02 -3.145632520E-02  6.562000141E-03  3.131109907E-01 
         2  2.999999933E-02 -3.133584931E-02  6.562000141E-03  4.489097296E-01 
         3  2.999999933E-02 -3.119704314E-02  6.562000141E-03  5.225009116E-01 
         4  2.999999933E-02 -3.105304390E-02  6.562000141E-03  4.695687971E-01 
         5  2.999999933E-02 -3.090904281E-02  6.562000141E-03  2.637215550E-01 
         6  2.999999933E-02 -3.076504357E-02  6.562000141E-03  2.763785865E-01 
         7  2.999999933E-02 -3.062104248E-02  6.562000141E-03  3.557583830E-01 
         8  2.999999933E-02 -3.047704324E-02  6.562000141E-03  4.452834089E-01 
         9  2.999999933E-02 -3.033304401E-02  6.562000141E-03  5.056279132E-01 
        10  2.999999933E-02 -3.018904291E-02  6.562000141E-03  5.392843376E-01 
        11  2.999999933E-02 -3.004504368E-02  6.562000141E-03  7.943342080E-01 
        12  2.999999933E-02 -2.990104258E-02  6.562000141E-03  1.714093796E+00 
        13  2.999999933E-02 -2.975704335E-02  6.562000141E-03  1.953815263E+00 
        14  2.999999933E-02 -2.961304411E-02  6.562000141E-03  2.007306521E+00 
        15  2.999999933E-02 -2.946904302E-02  6.562000141E-03  2.012119386E+00 
        16  2.999999933E-02 -2.932504378E-02  6.562000141E-03  2.058900199E+00 
        17  2.999999933E-02 -2.918104269E-02  6.562000141E-03  2.257083452E+00 
        18  2.999999933E-02 -2.903704345E-02  6.562000141E-03  2.578628512E+00 
        19  2.999999933E-02 -2.889304422E-02  6.562000141E-03  2.758615728E+00 
        20  2.999999933E-02 -2.874904312E-02  6.562000141E-03  2.856135398E+00 
        21  2.999999933E-02 -2.860504389E-02  6.562000141E-03  2.863163057E+00 
        22  2.999999933E-02 -2.846104279E-02  6.562000141E-03  2.836348034E+00 
        23  2.999999933E-02 -2.831704356E-02  6.562000141E-03  2.786559127E+00 
        24  2.999999933E-02 -2.817304432E-02  6.562000141E-03  2.757472089E+00 
        25  2.999999933E-02 -2.802904323E-02  6.562000141E-03  2.660663724E+00 
        26  2.999999933E-02 -2.788504399E-02  6.562000141E-03  2.590849924E+00 
        27  2.999999933E-02 -2.774104290E-02  6.562000141E-03  2.582849660E+00 
        28  2.999999933E-02 -2.759704366E-02  6.562000141E-03  2.596226574E+00 
        29  2.999999933E-02 -2.745304257E-02  6.562000141E-03  2.590884300E+00 
        30  2.999999933E-02 -2.730904333E-02  6.562000141E-03  2.504527000E+00 
        31  2.999999933E-02 -2.716504410E-02  6.562000141E-03  2.312352416E+00 
        32  2.999999933E-02 -2.702104300E-02  6.562000141E-03  2.099926887E+00 
        33  2.999999933E-02 -2.687704377E-02  6.562000141E-03  1.956493165E+00 
        34  2.999999933E-02 -2.673304267E-02  6.562000141E-03  1.664511668E+00 
        35  2.999999933E-02 -2.658904344E-02  6.562000141E-03  1.488523385E+00 
        36  2.999999933E-02 -2.644504420E-02  6.562000141E-03  1.430538307E+00 
        37  2.999999933E-02 -2.401195839E-02  6.562000606E-03  2.918097728E-01 
        38  2.999999933E-02 -2.404091880E-02  6.562000141E-03  3.284203183E-01 
        39  3.000000119E-02 -2.412424982E-02  6.562000606E-03  3.759592988E-01 
        40  2.999999933E-02 -2.420346625E-02  6.562000606E-03  4.069386979E-01 
        41  2.999999933E-02 -2.429169975E-02  6.562000141E-03  3.674404492E-01 
        42  2.999999933E-02 -2.442904375E-02  6.562000141E-03  3.730965208E-01 
        43  2.999999933E-02 -2.457304299E-02  6.562000141E-03  2.605379712E-01 
        44  2.999999933E-02 -2.471704409E-02  6.562000141E-03  1.923583208E-01 
        45  2.999999933E-02 -2.486104332E-02  6.562000141E-03  2.431144279E-01 
        46  2.999999933E-02 -2.500504255E-02  6.562000141E-03  2.794092344E-01 
        47  2.999999933E-02 -2.514904365E-02  6.562000141E-03  3.116965506E-01 
        48  2.999999933E-02 -2.529304288E-02  6.562000141E-03  3.766312089E-01 
        49  2.999999933E-02 -2.543704398E-02  6.562000141E-03  3.784814642E-01 
        50  2.999999933E-02 -2.558104321E-02  6.562000141E-03  4.288480107E-01 
        51  2.999999933E-02 -2.572504245E-02  6.562000141E-03  6.729229756E-01 
        52  2.999999933E-02 -2.586904354E-02  6.562000141E-03  7.302395794E-01 
        53  2.999999933E-02 -2.601304278E-02  6.562000141E-03  9.423291045E-01 
        54  2.999999933E-02 -2.615704387E-02  6.562000141E-03  1.201093626E+00 
        55  2.999999933E-02 -2.630104311E-02  6.562000141E-03  1.311419991E+00 
