cellnumber     x-coordinate     y-coordinate     z-coordinate velocity-magnitude 
         1  3.500000015E-02 -2.860504203E-02  6.561999675E-03  1.554424132E+00 
         2  3.500000015E-02 -2.874904312E-02  6.562000141E-03  1.732826891E+00 
         3  3.500000015E-02 -2.889304236E-02  6.562000141E-03  1.979229423E+00 
         4  3.500000015E-02 -2.903704345E-02  6.562000141E-03  2.206299466E+00 
         5  3.500000015E-02 -2.918104269E-02  6.562000141E-03  2.217386747E+00 
         6  3.500000015E-02 -2.932504192E-02  6.562000141E-03  2.137569457E+00 
         7  3.500000015E-02 -2.946904302E-02  6.562000141E-03  2.032086049E+00 
         8  3.500000015E-02 -2.961304225E-02  6.562000141E-03  1.922906193E+00 
         9  3.500000015E-02 -2.975704335E-02  6.561999675E-03  1.891677751E+00 
        10  3.500000015E-02 -2.990104258E-02  6.561999675E-03  1.961843373E+00 
        11  3.500000015E-02 -2.296095341E-02  6.562000141E-03  3.280231998E-03 
        12  3.500000015E-02 -2.296585403E-02  6.562000141E-03  9.265462429E-03 
        13  3.500000015E-02 -2.297452837E-02  6.562000141E-03  1.564210185E-02 
        14  3.500000015E-02 -2.298492938E-02  6.562000141E-03  2.221275082E-02 
        15  3.500000015E-02 -2.299739420E-02  6.562000141E-03  2.870230344E-02 
        16  3.500000015E-02 -2.301233262E-02  6.562000141E-03  3.475741207E-02 
        17  3.500000015E-02 -2.303021587E-02  6.561999675E-03  3.997114067E-02 
        18  3.500000015E-02 -2.305160835E-02  6.562000141E-03  4.404179657E-02 
        19  3.500000015E-02 -2.307719551E-02  6.561999675E-03  4.680043171E-02 
        20  3.500000015E-02 -2.310776524E-02  6.562000141E-03  4.885451034E-02 
        21  3.500000015E-02 -2.314046025E-02  6.562000141E-03  5.004635072E-02 
        22  3.500000015E-02 -2.320699580E-02  6.562000141E-03  8.553801730E-02 
        23  3.500000015E-02 -2.332915738E-02  6.562000141E-03  1.092783749E-01 
        24  3.500000015E-02 -2.344694175E-02  6.562000141E-03  1.088961446E-01 
        25  3.500000015E-02 -2.356504276E-02  6.562000141E-03  1.671001797E-01 
        26  3.500000015E-02 -2.370904200E-02  6.562000141E-03  2.231737560E-01 
        27  3.500000015E-02 -2.385304309E-02  6.562000141E-03  3.545213515E-01 
        28  3.500000015E-02 -3.232943267E-02  6.562000141E-03  9.704898870E-01 
        29  3.500000015E-02 -3.219095245E-02  6.562000141E-03  9.025104802E-01 
        30  3.500000015E-02 -3.206104040E-02  6.561999675E-03  6.261886130E-01 
        31  3.500000015E-02 -3.191704303E-02  6.561999675E-03  3.903935156E-01 
        32  3.500000015E-02 -3.177304193E-02  6.561999675E-03  3.916927134E-01 
        33  3.500000015E-02 -3.162904084E-02  6.561999675E-03  4.825918054E-01 
        34  3.500000015E-02 -3.148504347E-02  6.561999675E-03  6.475322203E-01 
        35  3.500000015E-02 -3.134104237E-02  6.561999675E-03  7.594719777E-01 
        36  3.500000015E-02 -3.119704314E-02  6.562000141E-03  8.430695533E-01 
        37  3.500000015E-02 -3.105304204E-02  6.562000141E-03  8.735783026E-01 
        38  3.500000015E-02 -3.090904281E-02  6.562000141E-03  8.042554280E-01 
        39  3.500000015E-02 -3.076504357E-02  6.562000141E-03  7.763774781E-01 
        40  3.500000015E-02 -3.062104248E-02  6.561999675E-03  8.703773852E-01 
        41  3.500000015E-02 -3.047704324E-02  6.561999675E-03  1.070721785E+00 
        42  3.500000015E-02 -3.033304214E-02  6.561999675E-03  1.287073214E+00 
        43  3.500000015E-02 -3.018904291E-02  6.561999675E-03  1.571477226E+00 
        44  3.500000015E-02 -3.004504181E-02  6.561999675E-03  1.913590244E+00 
        45  3.500000015E-02 -2.399704233E-02  6.561999675E-03  4.895644636E-01 
        46  3.500000015E-02 -2.414104342E-02  6.561999675E-03  5.145421329E-01 
        47  3.500000015E-02 -2.428504266E-02  6.561999675E-03  4.422685992E-01 
        48  3.500000015E-02 -2.442904375E-02  6.562000141E-03  5.545257975E-01 
        49  3.500000015E-02 -2.457304299E-02  6.562000141E-03  6.554108026E-01 
        50  3.500000015E-02 -2.471704222E-02  6.562000141E-03  7.109713315E-01 
        51  3.500000015E-02 -2.486104332E-02  6.561999675E-03  5.452643896E-01 
        52  3.500000015E-02 -2.500504255E-02  6.562000141E-03  5.829887127E-01 
        53  3.500000015E-02 -2.514904365E-02  6.562000141E-03  5.330829236E-01 
        54  3.500000015E-02 -2.529304288E-02  6.562000141E-03  3.823693106E-01 
        55  3.500000015E-02 -2.543704212E-02  6.562000141E-03  2.556802689E-01 
        56  3.500000015E-02 -2.558104321E-02  6.562000141E-03  2.743052779E-01 
        57  3.500000015E-02 -2.572504245E-02  6.562000141E-03  6.305466605E-01 
        58  3.500000015E-02 -2.586904354E-02  6.562000141E-03  1.716849721E+00 
        59  3.500000015E-02 -2.601304278E-02  6.561999675E-03  2.293434264E+00 
        60  3.500000015E-02 -2.615704201E-02  6.561999675E-03  2.242129187E+00 
        61  3.500000015E-02 -2.630104311E-02  6.561999675E-03  2.085989572E+00 
        62  3.500000015E-02 -2.644504234E-02  6.561999675E-03  2.057817954E+00 
        63  3.500000015E-02 -2.658904344E-02  6.561999675E-03  2.084399578E+00 
        64  3.500000015E-02 -2.673304267E-02  6.562000141E-03  1.851487820E+00 
        65  3.500000015E-02 -2.687704191E-02  6.562000141E-03  1.593412734E+00 
        66  3.500000015E-02 -2.702104300E-02  6.562000141E-03  1.569154256E+00 
        67  3.500000015E-02 -2.716504224E-02  6.562000141E-03  1.662650874E+00 
        68  3.500000015E-02 -2.730904333E-02  6.561999675E-03  2.307718035E+00 
        69  3.500000015E-02 -2.745304257E-02  6.561999675E-03  2.444142826E+00 
        70  3.500000015E-02 -2.759704180E-02  6.561999675E-03  2.011713112E+00 
        71  3.500000015E-02 -2.774104290E-02  6.561999675E-03  1.694825072E+00 
        72  3.500000015E-02 -2.788504213E-02  6.561999675E-03  1.474816177E+00 
        73  3.500000015E-02 -2.802904323E-02  6.561999675E-03  1.335116130E+00 
        74  3.500000015E-02 -2.817304246E-02  6.561999675E-03  1.319410044E+00 
        75  3.500000015E-02 -2.831704356E-02  6.561999675E-03  1.268782462E+00 
        76  3.500000015E-02 -2.846104279E-02  6.562000141E-03  1.299044889E+00 
