cellnumber     x-coordinate     y-coordinate     z-coordinate velocity-magnitude 
         1  3.500000015E-02 -3.232943267E-02  6.562000141E-03  7.897391473E-01 
         2  3.500000015E-02 -3.219095245E-02  6.562000141E-03  6.242686260E-01 
         3  3.500000015E-02 -3.206104040E-02  6.561999675E-03  3.779464141E-01 
         4  3.500000015E-02 -3.191704303E-02  6.561999675E-03  3.383034432E-01 
         5  3.500000015E-02 -3.177304193E-02  6.561999675E-03  3.808062381E-01 
         6  3.500000015E-02 -3.162904084E-02  6.561999675E-03  5.422663909E-01 
         7  3.500000015E-02 -3.148504347E-02  6.561999675E-03  4.942734086E-01 
         8  3.500000015E-02 -3.134104237E-02  6.561999675E-03  5.096876760E-01 
         9  3.500000015E-02 -3.119704314E-02  6.562000141E-03  6.171736952E-01 
        10  3.500000015E-02 -3.105304204E-02  6.562000141E-03  7.274073109E-01 
        11  3.500000015E-02 -3.090904281E-02  6.562000141E-03  9.053353852E-01 
        12  3.500000015E-02 -3.076504357E-02  6.562000141E-03  9.261284896E-01 
        13  3.500000015E-02 -3.062104248E-02  6.561999675E-03  9.961483514E-01 
        14  3.500000015E-02 -3.047704324E-02  6.561999675E-03  1.151643291E+00 
        15  3.500000015E-02 -3.033304214E-02  6.561999675E-03  1.316988902E+00 
        16  3.500000015E-02 -3.018904291E-02  6.561999675E-03  1.379353027E+00 
        17  3.500000015E-02 -3.004504181E-02  6.561999675E-03  1.289967926E+00 
        18  3.500000015E-02 -2.990104258E-02  6.561999675E-03  1.104713454E+00 
        19  3.500000015E-02 -2.975704335E-02  6.561999675E-03  1.019377296E+00 
        20  3.500000015E-02 -2.961304225E-02  6.562000141E-03  9.807500435E-01 
        21  3.500000015E-02 -2.946904302E-02  6.562000141E-03  1.043064959E+00 
        22  3.500000015E-02 -2.932504192E-02  6.562000141E-03  1.045315452E+00 
        23  3.500000015E-02 -2.918104269E-02  6.562000141E-03  8.828492486E-01 
        24  3.500000015E-02 -2.903704345E-02  6.561999675E-03  6.964261192E-01 
        25  3.500000015E-02 -2.399704233E-02  6.561999675E-03  3.918258586E-01 
        26  3.500000015E-02 -2.414104342E-02  6.561999675E-03  4.129859596E-01 
        27  3.500000015E-02 -2.428504266E-02  6.561999675E-03  2.906021849E-01 
        28  3.500000015E-02 -2.442904375E-02  6.562000141E-03  4.958564990E-01 
        29  3.500000015E-02 -2.457304299E-02  6.562000141E-03  7.754431519E-01 
        30  3.500000015E-02 -2.471704222E-02  6.562000141E-03  9.197885737E-01 
        31  3.500000015E-02 -2.486104332E-02  6.561999675E-03  9.336371542E-01 
        32  3.500000015E-02 -2.500504255E-02  6.562000141E-03  8.894913074E-01 
        33  3.500000015E-02 -2.514904365E-02  6.562000141E-03  9.728133110E-01 
        34  3.500000015E-02 -2.529304288E-02  6.562000141E-03  1.302735530E+00 
        35  3.500000015E-02 -2.543704212E-02  6.562000141E-03  1.454664707E+00 
        36  3.500000015E-02 -2.558104321E-02  6.562000141E-03  1.723838392E+00 
        37  3.500000015E-02 -2.572504245E-02  6.562000141E-03  1.911200274E+00 
        38  3.500000015E-02 -2.586904354E-02  6.562000141E-03  1.762695034E+00 
        39  3.500000015E-02 -2.601304278E-02  6.561999675E-03  1.568914374E+00 
        40  3.500000015E-02 -2.615704201E-02  6.561999675E-03  1.563232355E+00 
        41  3.500000015E-02 -2.630104311E-02  6.561999675E-03  1.569082964E+00 
        42  3.500000015E-02 -2.644504234E-02  6.561999675E-03  1.581552070E+00 
        43  3.500000015E-02 -2.658904344E-02  6.561999675E-03  1.594218936E+00 
        44  3.500000015E-02 -2.673304267E-02  6.562000141E-03  1.616364954E+00 
        45  3.500000015E-02 -2.687704191E-02  6.562000141E-03  1.620538723E+00 
        46  3.500000015E-02 -2.702104300E-02  6.562000141E-03  1.607331466E+00 
        47  3.500000015E-02 -2.716504224E-02  6.562000141E-03  1.620163640E+00 
        48  3.500000015E-02 -2.730904333E-02  6.561999675E-03  1.652224500E+00 
        49  3.500000015E-02 -2.745304257E-02  6.561999675E-03  1.683816186E+00 
        50  3.500000015E-02 -2.759704180E-02  6.561999675E-03  1.745489177E+00 
        51  3.500000015E-02 -2.774104290E-02  6.561999675E-03  1.810132368E+00 
        52  3.500000015E-02 -2.788504213E-02  6.561999675E-03  2.024285182E+00 
        53  3.500000015E-02 -2.802904323E-02  6.561999675E-03  2.119970458E+00 
        54  3.500000015E-02 -2.817304246E-02  6.561999675E-03  2.030269417E+00 
        55  3.500000015E-02 -2.831704356E-02  6.561999675E-03  1.690294523E+00 
        56  3.500000015E-02 -2.846104279E-02  6.562000141E-03  1.412194359E+00 
        57  3.500000015E-02 -2.860504203E-02  6.562000141E-03  1.294789765E+00 
        58  3.500000015E-02 -2.874904312E-02  6.562000141E-03  1.209592377E+00 
        59  3.500000015E-02 -2.889304236E-02  6.562000141E-03  8.283698985E-01 
        60  3.500000015E-02 -2.296095341E-02  6.562000141E-03  1.228939342E-02 
        61  3.500000015E-02 -2.296585403E-02  6.562000141E-03  3.535544361E-02 
        62  3.500000015E-02 -2.297452837E-02  6.562000141E-03  6.064130144E-02 
        63  3.500000015E-02 -2.298492938E-02  6.562000141E-03  8.765983920E-02 
        64  3.500000015E-02 -2.299739420E-02  6.562000141E-03  1.155613137E-01 
        65  3.500000015E-02 -2.301233262E-02  6.562000141E-03  1.430776813E-01 
        66  3.500000015E-02 -2.303021587E-02  6.561999675E-03  1.684816525E-01 
        67  3.500000015E-02 -2.305160835E-02  6.562000141E-03  1.896468263E-01 
        68  3.500000015E-02 -2.307719551E-02  6.561999675E-03  2.043525635E-01 
        69  3.500000015E-02 -2.310776524E-02  6.562000141E-03  2.102598720E-01 
        70  3.500000015E-02 -2.314046025E-02  6.562000141E-03  2.061564686E-01 
        71  3.500000015E-02 -2.320699580E-02  6.562000141E-03  1.950534736E-01 
        72  3.500000015E-02 -2.332915738E-02  6.562000141E-03  1.934753394E-01 
        73  3.500000015E-02 -2.344694175E-02  6.562000141E-03  1.691182060E-01 
        74  3.500000015E-02 -2.356504276E-02  6.562000141E-03  2.205115624E-01 
        75  3.500000015E-02 -2.370904200E-02  6.562000141E-03  2.707301627E-01 
        76  3.500000015E-02 -2.385304309E-02  6.562000141E-03  3.169730312E-01 
