cellnumber     x-coordinate     y-coordinate     z-coordinate velocity-magnitude 
         1  3.500000015E-02 -2.296095528E-02  6.562000141E-03  8.991557327E-03 
         2  3.500000015E-02 -2.296585217E-02  6.562000141E-03  2.670284327E-02 
         3  3.500000015E-02 -2.297452837E-02  6.562000141E-03  4.718671213E-02 
         4  3.500000015E-02 -2.298492938E-02  6.562000141E-03  7.040495237E-02 
         5  3.500000015E-02 -2.299739420E-02  6.562000141E-03  9.598801843E-02 
         6  3.500000015E-02 -2.301233262E-02  6.562000141E-03  1.231163050E-01 
         7  3.500000015E-02 -2.303021587E-02  6.561999675E-03  1.504552275E-01 
         8  3.500000015E-02 -2.305160835E-02  6.562000141E-03  1.765098430E-01 
         9  3.500000015E-02 -2.307719551E-02  6.561999675E-03  2.006777695E-01 
        10  3.500000015E-02 -2.310776524E-02  6.561999675E-03  2.236289744E-01 
        11  3.500000015E-02 -2.314046025E-02  6.562000141E-03  2.545130969E-01 
        12  3.500000015E-02 -2.320699580E-02  6.562000141E-03  2.849722388E-01 
        13  3.500000015E-02 -2.332915738E-02  6.562000141E-03  3.163182801E-01 
        14  3.500000015E-02 -2.344694175E-02  6.562000141E-03  3.931416492E-01 
        15  3.500000015E-02 -2.356504276E-02  6.562000141E-03  4.579930088E-01 
        16  3.500000015E-02 -2.370904200E-02  6.562000141E-03  5.417018050E-01 
        17  3.500000015E-02 -2.385304309E-02  6.561999675E-03  5.914507017E-01 
        18  3.500000015E-02 -2.399704233E-02  6.561999675E-03  5.977653233E-01 
        19  3.500000015E-02 -2.414104342E-02  6.561999675E-03  5.803825318E-01 
        20  3.500000015E-02 -2.428504266E-02  6.562000141E-03  5.570008058E-01 
        21  3.500000015E-02 -2.442904189E-02  6.561999675E-03  5.887398548E-01 
        22  3.500000015E-02 -2.457304299E-02  6.561999675E-03  6.950094540E-01 
        23  3.500000015E-02 -2.471704222E-02  6.562000141E-03  9.464935056E-01 
        24  3.500000015E-02 -2.486104332E-02  6.562000141E-03  1.359717570E+00 
        25  3.500000015E-02 -2.500504255E-02  6.561999675E-03  1.664916248E+00 
        26  3.500000015E-02 -2.514904365E-02  6.561999675E-03  1.621660811E+00 
        27  3.500000015E-02 -2.529304288E-02  6.562000141E-03  1.365620141E+00 
        28  3.500000015E-02 -2.543704212E-02  6.561999675E-03  1.192576601E+00 
        29  3.500000015E-02 -2.601304278E-02  6.561999675E-03  8.828950760E-01 
        30  3.500000015E-02 -2.586904354E-02  6.562000141E-03  9.714716219E-01 
        31  3.500000015E-02 -2.572504245E-02  6.561999675E-03  1.040929843E+00 
        32  3.500000015E-02 -2.558104321E-02  6.561999675E-03  1.118000643E+00 
        33  3.500000015E-02 -2.745304257E-02  6.561999675E-03  1.808334634E+00 
        34  3.500000015E-02 -2.759704180E-02  6.561999675E-03  1.654689407E+00 
        35  3.500000015E-02 -2.774104290E-02  6.561999675E-03  1.457033310E+00 
        36  3.500000015E-02 -2.788504213E-02  6.561999675E-03  1.328812717E+00 
        37  3.500000015E-02 -2.802904323E-02  6.561999675E-03  1.252930470E+00 
        38  3.500000015E-02 -2.817304246E-02  6.562000141E-03  1.218741250E+00 
        39  3.500000015E-02 -2.831704356E-02  6.562000141E-03  1.267529155E+00 
        40  3.500000015E-02 -2.846104279E-02  6.561999675E-03  1.295103737E+00 
        41  3.500000015E-02 -2.860504203E-02  6.561999675E-03  1.264432143E+00 
        42  3.500000015E-02 -2.874904312E-02  6.561999675E-03  1.298343150E+00 
        43  3.500000015E-02 -2.889304236E-02  6.561999675E-03  1.366402956E+00 
        44  3.500000015E-02 -2.903704345E-02  6.561999675E-03  1.341247222E+00 
        45  3.500000015E-02 -2.918104269E-02  6.561999675E-03  1.126175469E+00 
        46  3.500000015E-02 -2.932504192E-02  6.561999675E-03  8.684824543E-01 
        47  3.500000015E-02 -2.946904302E-02  6.561999675E-03  4.303937318E-01 
        48  3.500000015E-02 -2.961304225E-02  6.561999675E-03  1.833173727E-01 
        49  3.500000015E-02 -2.975704335E-02  6.561999675E-03  2.981873529E-01 
        50  3.500000015E-02 -2.990104258E-02  6.561999675E-03  4.282111073E-01 
        51  3.500000015E-02 -3.004504181E-02  6.561999675E-03  5.335231172E-01 
        52  3.500000015E-02 -3.018904291E-02  6.561999675E-03  6.508252432E-01 
        53  3.500000015E-02 -3.033304214E-02  6.561999675E-03  7.352913335E-01 
        54  3.500000015E-02 -3.047704324E-02  6.561999675E-03  3.395528759E-01 
        55  3.500000015E-02 -3.062104248E-02  6.561999675E-03  3.691392236E-01 
        56  3.500000015E-02 -3.076504171E-02  6.561999675E-03  5.913411967E-01 
        57  3.500000015E-02 -3.090904281E-02  6.561999675E-03  5.697055625E-01 
        58  3.500000015E-02 -3.105304204E-02  6.561999675E-03  5.484281974E-01 
        59  3.500000015E-02 -3.119704314E-02  6.561999675E-03  5.142307198E-01 
        60  3.500000015E-02 -3.134104237E-02  6.561999675E-03  4.687791612E-01 
        61  3.500000015E-02 -3.148504347E-02  6.561999675E-03  4.691608678E-01 
        62  3.500000015E-02 -3.162904084E-02  6.561999675E-03  4.248221724E-01 
        63  3.500000015E-02 -3.177304193E-02  6.561999675E-03  3.300199430E-01 
        64  3.500000015E-02 -3.191704303E-02  6.561999675E-03  1.807836432E-01 
        65  3.500000015E-02 -3.206104040E-02  6.561999675E-03  1.725593764E-01 
        66  3.500000015E-02 -3.219095245E-02  6.562000141E-03  2.815369686E-01 
        67  3.500000015E-02 -3.232943267E-02  6.562000141E-03  4.313722034E-01 
        68  3.500000015E-02 -2.615704201E-02  6.561999675E-03  8.510447338E-01 
        69  3.500000015E-02 -2.630104311E-02  6.561999675E-03  8.953517366E-01 
        70  3.500000015E-02 -2.644504234E-02  6.561999675E-03  1.105709433E+00 
        71  3.500000015E-02 -2.658904344E-02  6.561999675E-03  1.425804686E+00 
        72  3.500000015E-02 -2.673304267E-02  6.561999675E-03  1.906494946E+00 
        73  3.500000015E-02 -2.687704191E-02  6.562000141E-03  2.370576507E+00 
        74  3.500000015E-02 -2.702104300E-02  6.561999675E-03  2.377276931E+00 
        75  3.500000015E-02 -2.716504224E-02  6.561999675E-03  2.355879515E+00 
        76  3.500000015E-02 -2.730904333E-02  6.561999675E-03  2.140467059E+00 
