cellnumber     x-coordinate     y-coordinate     z-coordinate velocity-magnitude 
         1  2.500000037E-02 -2.529304288E-02  6.562000141E-03  5.258924744E+00 
         2  2.500000224E-02 -2.543704398E-02  6.562000141E-03  5.182980273E+00 
         3  2.500000224E-02 -2.558104321E-02  6.562000141E-03  5.121694446E+00 
         4  2.500000224E-02 -2.572504431E-02  6.562000141E-03  4.623655209E+00 
         5  2.500000224E-02 -2.586904354E-02  6.561999675E-03  3.523457347E+00 
         6  2.500000037E-02 -2.601304278E-02  6.562000141E-03  3.279926456E+00 
         7  2.500000224E-02 -2.615704387E-02  6.562000141E-03  3.755707272E+00 
         8  2.500000224E-02 -2.630104497E-02  6.562000141E-03  4.970131925E+00 
         9  2.500000224E-02 -2.644504420E-02  6.562000141E-03  6.070775987E+00 
        10  2.500000224E-02 -2.658904344E-02  6.562000141E-03  5.920419910E+00 
        11  2.500000224E-02 -2.673304453E-02  6.562000141E-03  5.727361384E+00 
        12  2.500000224E-02 -2.687704377E-02  6.562000141E-03  5.886614784E+00 
        13  2.500000224E-02 -2.702104487E-02  6.562000141E-03  6.432491119E+00 
        14  2.500000224E-02 -2.716504410E-02  6.562000141E-03  6.431322789E+00 
        15  2.500000224E-02 -2.730904333E-02  6.562000141E-03  6.189524225E+00 
        16  2.500000224E-02 -2.745304443E-02  6.562000141E-03  6.193028527E+00 
        17  2.500000224E-02 -2.759704366E-02  6.562000141E-03  6.179241976E+00 
        18  2.500000224E-02 -2.774104476E-02  6.562000141E-03  6.128200249E+00 
        19  2.500000224E-02 -2.788504399E-02  6.562000141E-03  6.096804379E+00 
        20  2.500000224E-02 -2.802904509E-02  6.562000141E-03  6.075656624E+00 
        21  2.500000224E-02 -2.817304432E-02  6.562000141E-03  6.061747713E+00 
        22  2.500000224E-02 -2.831704356E-02  6.562000141E-03  6.042919703E+00 
        23  2.500000224E-02 -2.846104465E-02  6.562000141E-03  6.019451038E+00 
        24  2.500000224E-02 -2.860504389E-02  6.562000141E-03  6.093743615E+00 
        25  2.500000224E-02 -2.874904498E-02  6.562000141E-03  6.200547688E+00 
        26  2.500000224E-02 -2.889304422E-02  6.562000141E-03  6.296165257E+00 
        27  2.500000224E-02 -2.903704345E-02  6.562000141E-03  6.431083980E+00 
        28  2.500000224E-02 -2.918104455E-02  6.562000141E-03  6.615131962E+00 
        29  2.500000224E-02 -2.932504378E-02  6.562000141E-03  6.694100733E+00 
        30  2.500000224E-02 -2.946904488E-02  6.562000141E-03  6.665813328E+00 
        31  2.500000224E-02 -2.961304411E-02  6.562000141E-03  6.761668062E+00 
        32  2.500000224E-02 -2.975704335E-02  6.561999675E-03  6.594104325E+00 
        33  2.500000037E-02 -2.990104258E-02  6.561999675E-03  4.815480165E+00 
        34  2.500000037E-02 -3.004504368E-02  6.562000141E-03  3.370464573E+00 
        35  2.500000224E-02 -3.018904291E-02  6.561999675E-03  3.208134431E+00 
        36  2.500000037E-02 -3.033304401E-02  6.562000141E-03  2.238096375E+00 
        37  2.500000037E-02 -3.046895750E-02  6.562000141E-03  1.369351400E+00 
        38  2.500000037E-02 -3.057143651E-02  6.562000141E-03  1.385877680E+00 
        39  2.500000037E-02 -2.476578765E-02  6.562000606E-03  2.155495331E+00 
        40  2.500000037E-02 -2.477990650E-02  6.562000141E-03  2.513215355E+00 
        41  2.500000037E-02 -2.479819022E-02  6.562000141E-03  2.555663037E+00 
        42  2.500000037E-02 -2.482001111E-02  6.561999675E-03  2.529382839E+00 
        43  2.500000037E-02 -2.484604716E-02  6.562000141E-03  2.687486148E+00 
        44  2.500000037E-02 -2.487709001E-02  6.562000141E-03  2.974010566E+00 
        45  2.500000037E-02 -2.492471598E-02  6.562000141E-03  3.327787459E+00 
        46  2.500000037E-02 -2.501806431E-02  6.562000141E-03  3.822132369E+00 
        47  2.500000037E-02 -2.515085414E-02  6.562000141E-03  4.766614513E+00 
