cellnumber     x-coordinate     y-coordinate     z-coordinate velocity-magnitude 
         1  2.500000037E-02 -2.529304288E-02  6.562000141E-03  2.762610027E+00 
         2  2.500000224E-02 -2.543704398E-02  6.562000141E-03  2.258630978E+00 
         3  2.500000224E-02 -2.558104321E-02  6.562000141E-03  3.283390434E+00 
         4  2.500000224E-02 -2.572504431E-02  6.562000141E-03  3.013039181E+00 
         5  2.500000224E-02 -2.586904354E-02  6.561999675E-03  2.948877522E+00 
         6  2.500000037E-02 -2.601304278E-02  6.562000141E-03  5.059582527E+00 
         7  2.500000224E-02 -2.615704387E-02  6.562000141E-03  5.715260083E+00 
         8  2.500000224E-02 -2.630104497E-02  6.562000141E-03  6.132225561E+00 
         9  2.500000224E-02 -2.644504420E-02  6.562000141E-03  6.540793080E+00 
        10  2.500000224E-02 -2.658904344E-02  6.562000141E-03  6.832558396E+00 
        11  2.500000224E-02 -2.673304453E-02  6.562000141E-03  6.936581924E+00 
        12  2.500000224E-02 -2.687704377E-02  6.562000141E-03  6.987022118E+00 
        13  2.500000224E-02 -2.702104487E-02  6.562000141E-03  7.173971819E+00 
        14  2.500000224E-02 -2.716504410E-02  6.562000141E-03  7.216896435E+00 
        15  2.500000224E-02 -2.730904333E-02  6.562000141E-03  7.301656989E+00 
        16  2.500000224E-02 -2.745304443E-02  6.562000141E-03  7.411276319E+00 
        17  2.500000224E-02 -2.759704366E-02  6.562000141E-03  7.427678442E+00 
        18  2.500000224E-02 -2.774104476E-02  6.562000141E-03  7.347848757E+00 
        19  2.500000224E-02 -2.788504399E-02  6.562000141E-03  7.272865119E+00 
        20  2.500000224E-02 -2.802904509E-02  6.562000141E-03  7.248826380E+00 
        21  2.500000224E-02 -2.817304432E-02  6.562000141E-03  7.255332388E+00 
        22  2.500000224E-02 -2.831704356E-02  6.562000141E-03  7.239218802E+00 
        23  2.500000224E-02 -2.846104465E-02  6.562000141E-03  7.223376892E+00 
        24  2.500000224E-02 -2.860504389E-02  6.562000141E-03  7.300918704E+00 
        25  2.500000224E-02 -2.874904498E-02  6.562000141E-03  7.493403727E+00 
        26  2.500000224E-02 -2.889304422E-02  6.562000141E-03  7.731624520E+00 
        27  2.500000224E-02 -2.903704345E-02  6.562000141E-03  7.901446074E+00 
        28  2.500000224E-02 -2.918104455E-02  6.562000141E-03  7.808869734E+00 
        29  2.500000224E-02 -2.932504378E-02  6.562000141E-03  7.664892227E+00 
        30  2.500000224E-02 -2.946904488E-02  6.562000141E-03  7.726324880E+00 
        31  2.500000224E-02 -2.961304411E-02  6.562000141E-03  7.718546886E+00 
        32  2.500000224E-02 -2.975704335E-02  6.561999675E-03  7.287171048E+00 
        33  2.500000037E-02 -2.990104258E-02  6.561999675E-03  5.600522351E+00 
        34  2.500000037E-02 -3.004504368E-02  6.562000141E-03  3.184399114E+00 
        35  2.500000224E-02 -3.018904291E-02  6.561999675E-03  2.143460012E+00 
        36  2.500000037E-02 -3.033304401E-02  6.562000141E-03  1.394446720E+00 
        37  2.500000037E-02 -3.046895750E-02  6.562000141E-03  1.330155431E+00 
        38  2.500000037E-02 -3.057143651E-02  6.562000141E-03  1.339715112E+00 
        39  2.500000037E-02 -2.476578765E-02  6.562000606E-03  5.584098952E-01 
        40  2.500000037E-02 -2.477990650E-02  6.562000141E-03  1.930850611E-01 
        41  2.500000037E-02 -2.479819022E-02  6.562000141E-03  3.905743671E-01 
        42  2.500000037E-02 -2.482001111E-02  6.561999675E-03  1.037303794E+00 
        43  2.500000037E-02 -2.484604716E-02  6.562000141E-03  1.798431066E+00 
        44  2.500000037E-02 -2.487709001E-02  6.562000141E-03  2.486532209E+00 
        45  2.500000037E-02 -2.492471598E-02  6.562000141E-03  3.016472177E+00 
        46  2.500000037E-02 -2.501806431E-02  6.562000141E-03  3.201018899E+00 
        47  2.500000037E-02 -2.515085414E-02  6.562000141E-03  3.213164234E+00 
