cellnumber     x-coordinate     y-coordinate     z-coordinate velocity-magnitude 
         1  2.500000037E-02 -2.529304288E-02  6.562000141E-03  6.887468533E+00 
         2  2.500000224E-02 -2.543704398E-02  6.562000141E-03  7.182244167E+00 
         3  2.500000224E-02 -2.558104321E-02  6.562000141E-03  7.081208960E+00 
         4  2.500000224E-02 -2.572504431E-02  6.562000141E-03  6.324193578E+00 
         5  2.500000224E-02 -2.586904354E-02  6.561999675E-03  5.973119628E+00 
         6  2.500000037E-02 -2.601304278E-02  6.562000141E-03  6.221042321E+00 
         7  2.500000224E-02 -2.615704387E-02  6.562000141E-03  6.339529627E+00 
         8  2.500000224E-02 -2.630104497E-02  6.562000141E-03  6.312715440E+00 
         9  2.500000224E-02 -2.644504420E-02  6.562000141E-03  6.474119069E+00 
        10  2.500000224E-02 -2.658904344E-02  6.562000141E-03  6.761075321E+00 
        11  2.500000224E-02 -2.673304453E-02  6.562000141E-03  6.763156920E+00 
        12  2.500000224E-02 -2.687704377E-02  6.562000141E-03  6.744881664E+00 
        13  2.500000224E-02 -2.702104487E-02  6.562000141E-03  6.890037811E+00 
        14  2.500000224E-02 -2.716504410E-02  6.562000141E-03  7.297441367E+00 
        15  2.500000224E-02 -2.730904333E-02  6.562000141E-03  7.650123460E+00 
        16  2.500000224E-02 -2.745304443E-02  6.562000141E-03  7.652747163E+00 
        17  2.500000224E-02 -2.759704366E-02  6.562000141E-03  7.532310742E+00 
        18  2.500000224E-02 -2.774104476E-02  6.562000141E-03  7.466322235E+00 
        19  2.500000224E-02 -2.788504399E-02  6.562000141E-03  7.381502763E+00 
        20  2.500000224E-02 -2.802904509E-02  6.562000141E-03  7.275401959E+00 
        21  2.500000224E-02 -2.817304432E-02  6.562000141E-03  7.231280537E+00 
        22  2.500000224E-02 -2.831704356E-02  6.562000141E-03  7.313425758E+00 
        23  2.500000224E-02 -2.846104465E-02  6.562000141E-03  7.509312487E+00 
        24  2.500000224E-02 -2.860504389E-02  6.562000141E-03  7.730623271E+00 
        25  2.500000224E-02 -2.874904498E-02  6.562000141E-03  7.939804146E+00 
        26  2.500000224E-02 -2.889304422E-02  6.562000141E-03  8.083610580E+00 
        27  2.500000224E-02 -2.903704345E-02  6.562000141E-03  8.244335815E+00 
        28  2.500000224E-02 -2.918104455E-02  6.562000141E-03  8.366614396E+00 
        29  2.500000224E-02 -2.932504378E-02  6.562000141E-03  8.306599471E+00 
        30  2.500000224E-02 -2.946904488E-02  6.562000141E-03  8.250639084E+00 
        31  2.500000224E-02 -2.961304411E-02  6.562000141E-03  8.151496985E+00 
        32  2.500000224E-02 -2.975704335E-02  6.561999675E-03  7.485445475E+00 
        33  2.500000037E-02 -2.990104258E-02  6.561999675E-03  5.175765263E+00 
        34  2.500000037E-02 -3.004504368E-02  6.562000141E-03  4.235657505E+00 
        35  2.500000224E-02 -3.018904291E-02  6.561999675E-03  4.024876723E+00 
        36  2.500000037E-02 -3.033304401E-02  6.562000141E-03  3.059235681E+00 
        37  2.500000037E-02 -3.046895750E-02  6.562000141E-03  1.887724344E+00 
        38  2.500000037E-02 -3.057143651E-02  6.562000141E-03  2.107644887E+00 
        39  2.500000037E-02 -2.476578765E-02  6.562000606E-03  1.099101976E+00 
        40  2.500000037E-02 -2.477990650E-02  6.562000141E-03  1.255113476E+00 
        41  2.500000037E-02 -2.479819022E-02  6.562000141E-03  1.568555326E+00 
        42  2.500000037E-02 -2.482001111E-02  6.561999675E-03  1.955625007E+00 
        43  2.500000037E-02 -2.484604716E-02  6.562000141E-03  2.165724192E+00 
        44  2.500000037E-02 -2.487709001E-02  6.562000141E-03  2.231240632E+00 
        45  2.500000037E-02 -2.492471598E-02  6.562000141E-03  3.263085625E+00 
        46  2.500000037E-02 -2.501806431E-02  6.562000141E-03  5.840456981E+00 
        47  2.500000037E-02 -2.515085414E-02  6.562000141E-03  6.904082516E+00 
