cellnumber     x-coordinate     y-coordinate     z-coordinate velocity-magnitude 
         1  2.500000037E-02 -2.529304288E-02  6.562000141E-03  4.642735837E+00 
         2  2.500000224E-02 -2.543704398E-02  6.562000141E-03  5.424939405E+00 
         3  2.500000224E-02 -2.558104321E-02  6.562000141E-03  5.383205456E+00 
         4  2.500000224E-02 -2.572504431E-02  6.562000141E-03  5.239614360E+00 
         5  2.500000224E-02 -2.586904354E-02  6.561999675E-03  5.336436758E+00 
         6  2.500000037E-02 -2.601304278E-02  6.562000141E-03  6.090878469E+00 
         7  2.500000224E-02 -2.615704387E-02  6.562000141E-03  6.803251263E+00 
         8  2.500000224E-02 -2.630104497E-02  6.562000141E-03  6.799488525E+00 
         9  2.500000224E-02 -2.644504420E-02  6.562000141E-03  6.560900197E+00 
        10  2.500000224E-02 -2.658904344E-02  6.562000141E-03  6.486309923E+00 
        11  2.500000224E-02 -2.673304453E-02  6.562000141E-03  6.522877435E+00 
        12  2.500000224E-02 -2.687704377E-02  6.562000141E-03  6.426617860E+00 
        13  2.500000224E-02 -2.702104487E-02  6.562000141E-03  6.307506858E+00 
        14  2.500000224E-02 -2.716504410E-02  6.562000141E-03  6.149036719E+00 
        15  2.500000224E-02 -2.730904333E-02  6.562000141E-03  6.055276150E+00 
        16  2.500000224E-02 -2.745304443E-02  6.562000141E-03  6.358492923E+00 
        17  2.500000224E-02 -2.759704366E-02  6.562000141E-03  6.563550625E+00 
        18  2.500000224E-02 -2.774104476E-02  6.562000141E-03  6.404907563E+00 
        19  2.500000224E-02 -2.788504399E-02  6.562000141E-03  5.928922168E+00 
        20  2.500000224E-02 -2.802904509E-02  6.562000141E-03  5.709443742E+00 
        21  2.500000224E-02 -2.817304432E-02  6.562000141E-03  5.886965901E+00 
        22  2.500000224E-02 -2.831704356E-02  6.562000141E-03  6.162114164E+00 
        23  2.500000224E-02 -2.846104465E-02  6.562000141E-03  6.712032424E+00 
        24  2.500000224E-02 -2.860504389E-02  6.562000141E-03  7.041959733E+00 
        25  2.500000224E-02 -2.874904498E-02  6.562000141E-03  7.077522335E+00 
        26  2.500000224E-02 -2.889304422E-02  6.562000141E-03  6.982673803E+00 
        27  2.500000224E-02 -2.903704345E-02  6.562000141E-03  6.862167982E+00 
        28  2.500000224E-02 -2.918104455E-02  6.562000141E-03  6.778115029E+00 
        29  2.500000224E-02 -2.932504378E-02  6.562000141E-03  6.770902160E+00 
        30  2.500000224E-02 -2.946904488E-02  6.562000141E-03  6.779882604E+00 
        31  2.500000224E-02 -2.961304411E-02  6.562000141E-03  6.770424458E+00 
        32  2.500000224E-02 -2.975704335E-02  6.561999675E-03  6.444209210E+00 
        33  2.500000037E-02 -2.990104258E-02  6.561999675E-03  4.701971262E+00 
        34  2.500000037E-02 -3.004504368E-02  6.562000141E-03  8.930199028E-01 
        35  2.500000224E-02 -3.018904291E-02  6.561999675E-03  2.057836526E+00 
        36  2.500000037E-02 -3.033304401E-02  6.562000141E-03  1.909315285E+00 
        37  2.500000037E-02 -3.046895750E-02  6.562000141E-03  1.573618979E+00 
        38  2.500000037E-02 -3.057143651E-02  6.562000141E-03  1.623479941E+00 
        39  2.500000037E-02 -2.476578765E-02  6.562000606E-03  1.276050603E+00 
        40  2.500000037E-02 -2.477990650E-02  6.562000141E-03  1.721342503E+00 
        41  2.500000037E-02 -2.479819022E-02  6.562000141E-03  2.089175117E+00 
        42  2.500000037E-02 -2.482001111E-02  6.561999675E-03  2.223347573E+00 
        43  2.500000037E-02 -2.484604716E-02  6.562000141E-03  2.201603334E+00 
        44  2.500000037E-02 -2.487709001E-02  6.562000141E-03  2.090037982E+00 
        45  2.500000037E-02 -2.492471598E-02  6.562000141E-03  2.089266242E+00 
        46  2.500000037E-02 -2.501806431E-02  6.562000141E-03  2.594313332E+00 
        47  2.500000037E-02 -2.515085414E-02  6.562000141E-03  3.770947918E+00 
