cellnumber     x-coordinate     y-coordinate     z-coordinate velocity-magnitude 
         1  2.500000037E-02 -2.529304288E-02  6.562000141E-03  4.864454681E+00 
         2  2.500000224E-02 -2.543704398E-02  6.562000141E-03  4.472939282E+00 
         3  2.500000224E-02 -2.558104321E-02  6.562000141E-03  4.122961510E+00 
         4  2.500000224E-02 -2.572504431E-02  6.562000141E-03  4.458452568E+00 
         5  2.500000224E-02 -2.586904354E-02  6.561999675E-03  5.295533958E+00 
         6  2.500000037E-02 -2.601304278E-02  6.562000141E-03  5.403460927E+00 
         7  2.500000224E-02 -2.615704387E-02  6.562000141E-03  5.431072298E+00 
         8  2.500000224E-02 -2.630104497E-02  6.562000141E-03  5.644906364E+00 
         9  2.500000224E-02 -2.644504420E-02  6.562000141E-03  6.015673542E+00 
        10  2.500000224E-02 -2.658904344E-02  6.562000141E-03  6.526764489E+00 
        11  2.500000224E-02 -2.673304453E-02  6.562000141E-03  6.776700214E+00 
        12  2.500000224E-02 -2.687704377E-02  6.562000141E-03  6.488404291E+00 
        13  2.500000224E-02 -2.702104487E-02  6.562000141E-03  6.525525157E+00 
        14  2.500000224E-02 -2.716504410E-02  6.562000141E-03  6.649875281E+00 
        15  2.500000224E-02 -2.730904333E-02  6.562000141E-03  6.639863951E+00 
        16  2.500000224E-02 -2.745304443E-02  6.562000141E-03  6.766137767E+00 
        17  2.500000224E-02 -2.759704366E-02  6.562000141E-03  6.934235464E+00 
        18  2.500000224E-02 -2.774104476E-02  6.562000141E-03  6.981176488E+00 
        19  2.500000224E-02 -2.788504399E-02  6.562000141E-03  6.936477126E+00 
        20  2.500000224E-02 -2.802904509E-02  6.562000141E-03  6.886998099E+00 
        21  2.500000224E-02 -2.817304432E-02  6.562000141E-03  6.892253674E+00 
        22  2.500000224E-02 -2.831704356E-02  6.562000141E-03  6.951488736E+00 
        23  2.500000224E-02 -2.846104465E-02  6.562000141E-03  7.108443258E+00 
        24  2.500000224E-02 -2.860504389E-02  6.562000141E-03  7.381840191E+00 
        25  2.500000224E-02 -2.874904498E-02  6.562000141E-03  7.659100444E+00 
        26  2.500000224E-02 -2.889304422E-02  6.562000141E-03  7.572536515E+00 
        27  2.500000224E-02 -2.903704345E-02  6.562000141E-03  7.363674671E+00 
        28  2.500000224E-02 -2.918104455E-02  6.562000141E-03  7.128075281E+00 
        29  2.500000224E-02 -2.932504378E-02  6.562000141E-03  6.982748169E+00 
        30  2.500000224E-02 -2.946904488E-02  6.562000141E-03  6.881045240E+00 
        31  2.500000224E-02 -2.961304411E-02  6.562000141E-03  6.454061650E+00 
        32  2.500000224E-02 -2.975704335E-02  6.561999675E-03  4.475308813E+00 
        33  2.500000037E-02 -2.990104258E-02  6.561999675E-03  4.380201251E+00 
        34  2.500000037E-02 -3.004504368E-02  6.562000141E-03  4.149158731E+00 
        35  2.500000224E-02 -3.018904291E-02  6.561999675E-03  3.169445370E+00 
        36  2.500000037E-02 -3.033304401E-02  6.562000141E-03  1.952793703E+00 
        37  2.500000037E-02 -3.046895750E-02  6.562000141E-03  1.561303227E+00 
        38  2.500000037E-02 -3.057143651E-02  6.562000141E-03  2.153933701E+00 
        39  2.500000037E-02 -2.476578765E-02  6.562000606E-03  2.281414913E+00 
        40  2.500000037E-02 -2.477990650E-02  6.562000141E-03  3.228478257E+00 
        41  2.500000037E-02 -2.479819022E-02  6.562000141E-03  4.024798453E+00 
        42  2.500000037E-02 -2.482001111E-02  6.561999675E-03  4.511495245E+00 
        43  2.500000037E-02 -2.484604716E-02  6.562000141E-03  4.809860677E+00 
        44  2.500000037E-02 -2.487709001E-02  6.562000141E-03  5.094461529E+00 
        45  2.500000037E-02 -2.492471598E-02  6.562000141E-03  5.330327616E+00 
        46  2.500000037E-02 -2.501806431E-02  6.562000141E-03  5.387855440E+00 
        47  2.500000037E-02 -2.515085414E-02  6.562000141E-03  5.233052561E+00 
