cellnumber     x-coordinate     y-coordinate     z-coordinate velocity-magnitude 
         1  2.500000037E-02 -2.529304288E-02  6.562000141E-03  5.199055364E+00 
         2  2.500000224E-02 -2.543704398E-02  6.562000141E-03  6.282275361E+00 
         3  2.500000224E-02 -2.558104321E-02  6.562000141E-03  7.354029354E+00 
         4  2.500000224E-02 -2.572504431E-02  6.562000141E-03  7.269011869E+00 
         5  2.500000224E-02 -2.586904354E-02  6.561999675E-03  7.091472071E+00 
         6  2.500000037E-02 -2.601304278E-02  6.562000141E-03  6.960519560E+00 
         7  2.500000224E-02 -2.615704387E-02  6.562000141E-03  6.643613081E+00 
         8  2.500000224E-02 -2.630104497E-02  6.562000141E-03  6.548083659E+00 
         9  2.500000224E-02 -2.644504420E-02  6.562000141E-03  6.248252079E+00 
        10  2.500000224E-02 -2.658904344E-02  6.562000141E-03  6.131604759E+00 
        11  2.500000224E-02 -2.673304453E-02  6.562000141E-03  6.255931290E+00 
        12  2.500000224E-02 -2.687704377E-02  6.562000141E-03  6.157467514E+00 
        13  2.500000224E-02 -2.702104487E-02  6.562000141E-03  6.107661447E+00 
        14  2.500000224E-02 -2.716504410E-02  6.562000141E-03  6.392981956E+00 
        15  2.500000224E-02 -2.730904333E-02  6.562000141E-03  6.596765619E+00 
        16  2.500000224E-02 -2.745304443E-02  6.562000141E-03  6.720558659E+00 
        17  2.500000224E-02 -2.759704366E-02  6.562000141E-03  6.859393001E+00 
        18  2.500000224E-02 -2.774104476E-02  6.562000141E-03  7.009689448E+00 
        19  2.500000224E-02 -2.788504399E-02  6.562000141E-03  7.080517428E+00 
        20  2.500000224E-02 -2.802904509E-02  6.562000141E-03  7.062465119E+00 
        21  2.500000224E-02 -2.817304432E-02  6.562000141E-03  7.028386878E+00 
        22  2.500000224E-02 -2.831704356E-02  6.562000141E-03  6.986455886E+00 
        23  2.500000224E-02 -2.846104465E-02  6.562000141E-03  6.990212070E+00 
        24  2.500000224E-02 -2.860504389E-02  6.562000141E-03  7.035450738E+00 
        25  2.500000224E-02 -2.874904498E-02  6.562000141E-03  7.064552124E+00 
        26  2.500000224E-02 -2.889304422E-02  6.562000141E-03  6.948655142E+00 
        27  2.500000224E-02 -2.903704345E-02  6.562000141E-03  7.184599030E+00 
        28  2.500000224E-02 -2.918104455E-02  6.562000141E-03  7.504828592E+00 
        29  2.500000224E-02 -2.932504378E-02  6.562000141E-03  7.849541575E+00 
        30  2.500000224E-02 -2.946904488E-02  6.562000141E-03  8.315112614E+00 
        31  2.500000224E-02 -2.961304411E-02  6.562000141E-03  8.470775304E+00 
        32  2.500000224E-02 -2.975704335E-02  6.561999675E-03  6.726149260E+00 
        33  2.500000037E-02 -2.990104258E-02  6.561999675E-03  4.629276592E+00 
        34  2.500000037E-02 -3.004504368E-02  6.562000141E-03  4.309673578E+00 
        35  2.500000224E-02 -3.018904291E-02  6.561999675E-03  3.365644198E+00 
        36  2.500000037E-02 -3.033304401E-02  6.562000141E-03  2.384332899E+00 
        37  2.500000037E-02 -3.046895750E-02  6.562000141E-03  1.952644526E+00 
        38  2.500000037E-02 -3.057143651E-02  6.562000141E-03  2.567384226E+00 
        39  2.500000037E-02 -2.476578765E-02  6.562000606E-03  2.131856335E+00 
        40  2.500000037E-02 -2.477990650E-02  6.562000141E-03  2.830808395E+00 
        41  2.500000037E-02 -2.479819022E-02  6.562000141E-03  3.213017037E+00 
        42  2.500000037E-02 -2.482001111E-02  6.561999675E-03  3.236770174E+00 
        43  2.500000037E-02 -2.484604716E-02  6.562000141E-03  3.207777667E+00 
        44  2.500000037E-02 -2.487709001E-02  6.562000141E-03  3.300398204E+00 
        45  2.500000037E-02 -2.492471598E-02  6.562000141E-03  3.465385175E+00 
        46  2.500000037E-02 -2.501806431E-02  6.562000141E-03  3.778601126E+00 
        47  2.500000037E-02 -2.515085414E-02  6.562000141E-03  4.638070781E+00 
