cellnumber     x-coordinate     y-coordinate     z-coordinate velocity-magnitude 
         1  2.500000037E-02 -2.529304288E-02  6.562000141E-03  3.907798507E+00 
         2  2.500000224E-02 -2.543704398E-02  6.562000141E-03  3.775833208E+00 
         3  2.500000224E-02 -2.558104321E-02  6.562000141E-03  3.634813762E+00 
         4  2.500000224E-02 -2.572504431E-02  6.562000141E-03  3.261128691E+00 
         5  2.500000224E-02 -2.586904354E-02  6.561999675E-03  3.542747610E+00 
         6  2.500000037E-02 -2.601304278E-02  6.562000141E-03  4.553435818E+00 
         7  2.500000224E-02 -2.615704387E-02  6.562000141E-03  5.526391180E+00 
         8  2.500000224E-02 -2.630104497E-02  6.562000141E-03  5.824252954E+00 
         9  2.500000224E-02 -2.644504420E-02  6.562000141E-03  5.920155647E+00 
        10  2.500000224E-02 -2.658904344E-02  6.562000141E-03  5.927275580E+00 
        11  2.500000224E-02 -2.673304453E-02  6.562000141E-03  6.037855225E+00 
        12  2.500000224E-02 -2.687704377E-02  6.562000141E-03  6.151580046E+00 
        13  2.500000224E-02 -2.702104487E-02  6.562000141E-03  6.302364273E+00 
        14  2.500000224E-02 -2.716504410E-02  6.562000141E-03  6.424468999E+00 
        15  2.500000224E-02 -2.730904333E-02  6.562000141E-03  6.481413107E+00 
        16  2.500000224E-02 -2.745304443E-02  6.562000141E-03  6.560594908E+00 
        17  2.500000224E-02 -2.759704366E-02  6.562000141E-03  6.581734106E+00 
        18  2.500000224E-02 -2.774104476E-02  6.562000141E-03  6.771781806E+00 
        19  2.500000224E-02 -2.788504399E-02  6.562000141E-03  7.071424600E+00 
        20  2.500000224E-02 -2.802904509E-02  6.562000141E-03  7.270194047E+00 
        21  2.500000224E-02 -2.817304432E-02  6.562000141E-03  7.446128829E+00 
        22  2.500000224E-02 -2.831704356E-02  6.562000141E-03  7.513144615E+00 
        23  2.500000224E-02 -2.846104465E-02  6.562000141E-03  7.417552876E+00 
        24  2.500000224E-02 -2.860504389E-02  6.562000141E-03  7.387030961E+00 
        25  2.500000224E-02 -2.874904498E-02  6.562000141E-03  7.560175618E+00 
        26  2.500000224E-02 -2.889304422E-02  6.562000141E-03  7.672342478E+00 
        27  2.500000224E-02 -2.903704345E-02  6.562000141E-03  7.695721440E+00 
        28  2.500000224E-02 -2.918104455E-02  6.562000141E-03  7.671111126E+00 
        29  2.500000224E-02 -2.932504378E-02  6.562000141E-03  7.553187870E+00 
        30  2.500000224E-02 -2.946904488E-02  6.562000141E-03  7.196650857E+00 
        31  2.500000224E-02 -2.961304411E-02  6.562000141E-03  5.681338839E+00 
        32  2.500000224E-02 -2.975704335E-02  6.561999675E-03  4.058504324E+00 
        33  2.500000037E-02 -2.990104258E-02  6.561999675E-03  3.794935285E+00 
        34  2.500000037E-02 -3.004504368E-02  6.562000141E-03  3.284570195E+00 
        35  2.500000224E-02 -3.018904291E-02  6.561999675E-03  2.616817507E+00 
        36  2.500000037E-02 -3.033304401E-02  6.562000141E-03  2.772578556E+00 
        37  2.500000037E-02 -3.046895750E-02  6.562000141E-03  2.965910984E+00 
        38  2.500000037E-02 -3.057143651E-02  6.562000141E-03  2.101081619E+00 
        39  2.500000037E-02 -2.476578765E-02  6.562000606E-03  7.800239061E-01 
        40  2.500000037E-02 -2.477990650E-02  6.562000141E-03  1.029039162E+00 
        41  2.500000037E-02 -2.479819022E-02  6.562000141E-03  1.371513891E+00 
        42  2.500000037E-02 -2.482001111E-02  6.561999675E-03  1.839137562E+00 
        43  2.500000037E-02 -2.484604716E-02  6.562000141E-03  2.361251708E+00 
        44  2.500000037E-02 -2.487709001E-02  6.562000141E-03  2.881694759E+00 
        45  2.500000037E-02 -2.492471598E-02  6.562000141E-03  3.490425485E+00 
        46  2.500000037E-02 -2.501806431E-02  6.562000141E-03  4.021677395E+00 
        47  2.500000037E-02 -2.515085414E-02  6.562000141E-03  4.087106231E+00 
