cellnumber     x-coordinate     y-coordinate     z-coordinate velocity-magnitude 
         1  2.500000037E-02 -2.529304288E-02  6.562000141E-03  2.490701258E+00 
         2  2.500000224E-02 -2.543704398E-02  6.562000141E-03  2.529089859E+00 
         3  2.500000224E-02 -2.558104321E-02  6.562000141E-03  2.455655919E+00 
         4  2.500000224E-02 -2.572504431E-02  6.562000141E-03  3.101131853E+00 
         5  2.500000224E-02 -2.586904354E-02  6.561999675E-03  3.325443409E+00 
         6  2.500000037E-02 -2.601304278E-02  6.562000141E-03  3.682924040E+00 
         7  2.500000224E-02 -2.615704387E-02  6.562000141E-03  4.338947387E+00 
         8  2.500000224E-02 -2.630104497E-02  6.562000141E-03  4.471625242E+00 
         9  2.500000224E-02 -2.644504420E-02  6.562000141E-03  5.049844092E+00 
        10  2.500000224E-02 -2.658904344E-02  6.562000141E-03  5.932865926E+00 
        11  2.500000224E-02 -2.673304453E-02  6.562000141E-03  6.474970879E+00 
        12  2.500000224E-02 -2.687704377E-02  6.562000141E-03  6.729437575E+00 
        13  2.500000224E-02 -2.702104487E-02  6.562000141E-03  6.661146599E+00 
        14  2.500000224E-02 -2.716504410E-02  6.562000141E-03  6.662669473E+00 
        15  2.500000224E-02 -2.730904333E-02  6.562000141E-03  6.634664193E+00 
        16  2.500000224E-02 -2.745304443E-02  6.562000141E-03  6.611757584E+00 
        17  2.500000224E-02 -2.759704366E-02  6.562000141E-03  6.571759061E+00 
        18  2.500000224E-02 -2.774104476E-02  6.562000141E-03  6.604347236E+00 
        19  2.500000224E-02 -2.788504399E-02  6.562000141E-03  6.658194460E+00 
        20  2.500000224E-02 -2.802904509E-02  6.562000141E-03  6.749384733E+00 
        21  2.500000224E-02 -2.817304432E-02  6.562000141E-03  6.805721799E+00 
        22  2.500000224E-02 -2.831704356E-02  6.562000141E-03  6.833321863E+00 
        23  2.500000224E-02 -2.846104465E-02  6.562000141E-03  6.885246010E+00 
        24  2.500000224E-02 -2.860504389E-02  6.562000141E-03  6.956161990E+00 
        25  2.500000224E-02 -2.874904498E-02  6.562000141E-03  6.918789027E+00 
        26  2.500000224E-02 -2.889304422E-02  6.562000141E-03  6.868328688E+00 
        27  2.500000224E-02 -2.903704345E-02  6.562000141E-03  6.861270474E+00 
        28  2.500000224E-02 -2.918104455E-02  6.562000141E-03  6.919381116E+00 
        29  2.500000224E-02 -2.932504378E-02  6.562000141E-03  7.119809241E+00 
        30  2.500000224E-02 -2.946904488E-02  6.562000141E-03  7.327775066E+00 
        31  2.500000224E-02 -2.961304411E-02  6.562000141E-03  7.115956431E+00 
        32  2.500000224E-02 -2.975704335E-02  6.561999675E-03  5.420127214E+00 
        33  2.500000037E-02 -2.990104258E-02  6.561999675E-03  3.176597796E+00 
        34  2.500000037E-02 -3.004504368E-02  6.562000141E-03  3.486260085E+00 
        35  2.500000224E-02 -3.018904291E-02  6.561999675E-03  2.153429430E+00 
        36  2.500000037E-02 -3.033304401E-02  6.562000141E-03  2.224570814E+00 
        37  2.500000037E-02 -3.046895750E-02  6.562000141E-03  2.339137231E+00 
        38  2.500000037E-02 -3.057143651E-02  6.562000141E-03  1.427579937E-01 
        39  2.500000037E-02 -2.476578765E-02  6.562000606E-03  6.403974643E-01 
        40  2.500000037E-02 -2.477990650E-02  6.562000141E-03  8.722528684E-01 
        41  2.500000037E-02 -2.479819022E-02  6.562000141E-03  1.243343458E+00 
        42  2.500000037E-02 -2.482001111E-02  6.561999675E-03  1.773144127E+00 
        43  2.500000037E-02 -2.484604716E-02  6.562000141E-03  2.397008016E+00 
        44  2.500000037E-02 -2.487709001E-02  6.562000141E-03  2.904096250E+00 
        45  2.500000037E-02 -2.492471598E-02  6.562000141E-03  3.197904483E+00 
        46  2.500000037E-02 -2.501806431E-02  6.562000141E-03  2.943509509E+00 
        47  2.500000037E-02 -2.515085414E-02  6.562000141E-03  2.376123426E+00 
