cellnumber     x-coordinate     y-coordinate     z-coordinate velocity-magnitude 
         1  2.500000037E-02 -2.529304288E-02  6.562000141E-03  3.422572880E+00 
         2  2.500000224E-02 -2.543704398E-02  6.562000141E-03  3.967046432E+00 
         3  2.500000224E-02 -2.558104321E-02  6.562000141E-03  3.894045524E+00 
         4  2.500000224E-02 -2.572504431E-02  6.562000141E-03  4.598652072E+00 
         5  2.500000224E-02 -2.586904354E-02  6.561999675E-03  5.493017437E+00 
         6  2.500000037E-02 -2.601304278E-02  6.562000141E-03  6.112622610E+00 
         7  2.500000224E-02 -2.615704387E-02  6.562000141E-03  6.459055505E+00 
         8  2.500000224E-02 -2.630104497E-02  6.562000141E-03  6.048168298E+00 
         9  2.500000224E-02 -2.644504420E-02  6.562000141E-03  5.354162513E+00 
        10  2.500000224E-02 -2.658904344E-02  6.562000141E-03  4.948471950E+00 
        11  2.500000224E-02 -2.673304453E-02  6.562000141E-03  4.830777840E+00 
        12  2.500000224E-02 -2.687704377E-02  6.562000141E-03  5.380396059E+00 
        13  2.500000224E-02 -2.702104487E-02  6.562000141E-03  5.989348739E+00 
        14  2.500000224E-02 -2.716504410E-02  6.562000141E-03  6.297185342E+00 
        15  2.500000224E-02 -2.730904333E-02  6.562000141E-03  6.299855664E+00 
        16  2.500000224E-02 -2.745304443E-02  6.562000141E-03  6.316682526E+00 
        17  2.500000224E-02 -2.759704366E-02  6.562000141E-03  6.544077140E+00 
        18  2.500000224E-02 -2.774104476E-02  6.562000141E-03  6.713209506E+00 
        19  2.500000224E-02 -2.788504399E-02  6.562000141E-03  6.733406230E+00 
        20  2.500000224E-02 -2.802904509E-02  6.562000141E-03  6.715871332E+00 
        21  2.500000224E-02 -2.817304432E-02  6.562000141E-03  6.703092948E+00 
        22  2.500000224E-02 -2.831704356E-02  6.562000141E-03  6.690289963E+00 
        23  2.500000224E-02 -2.846104465E-02  6.562000141E-03  6.675024943E+00 
        24  2.500000224E-02 -2.860504389E-02  6.562000141E-03  6.643059757E+00 
        25  2.500000224E-02 -2.874904498E-02  6.562000141E-03  6.586517720E+00 
        26  2.500000224E-02 -2.889304422E-02  6.562000141E-03  6.502865126E+00 
        27  2.500000224E-02 -2.903704345E-02  6.562000141E-03  6.476395048E+00 
        28  2.500000224E-02 -2.918104455E-02  6.562000141E-03  6.254554697E+00 
        29  2.500000224E-02 -2.932504378E-02  6.562000141E-03  5.727214076E+00 
        30  2.500000224E-02 -2.946904488E-02  6.562000141E-03  4.891918816E+00 
        31  2.500000224E-02 -2.961304411E-02  6.562000141E-03  4.803142039E+00 
        32  2.500000224E-02 -2.975704335E-02  6.561999675E-03  4.268109264E+00 
        33  2.500000037E-02 -2.990104258E-02  6.561999675E-03  4.432090974E+00 
        34  2.500000037E-02 -3.004504368E-02  6.562000141E-03  3.618386166E+00 
        35  2.500000224E-02 -3.018904291E-02  6.561999675E-03  2.676786323E+00 
        36  2.500000037E-02 -3.033304401E-02  6.562000141E-03  1.836387701E+00 
        37  2.500000037E-02 -3.046895750E-02  6.562000141E-03  1.091330353E+00 
        38  2.500000037E-02 -3.057143651E-02  6.562000141E-03  5.661072690E-01 
        39  2.500000037E-02 -2.476578765E-02  6.562000606E-03  1.239861975E+00 
        40  2.500000037E-02 -2.477990650E-02  6.562000141E-03  1.461411401E+00 
        41  2.500000037E-02 -2.479819022E-02  6.562000141E-03  1.831051719E+00 
        42  2.500000037E-02 -2.482001111E-02  6.561999675E-03  2.448108300E+00 
        43  2.500000037E-02 -2.484604716E-02  6.562000141E-03  3.282710227E+00 
        44  2.500000037E-02 -2.487709001E-02  6.562000141E-03  4.154239589E+00 
        45  2.500000037E-02 -2.492471598E-02  6.562000141E-03  4.601023196E+00 
        46  2.500000037E-02 -2.501806431E-02  6.562000141E-03  3.772346713E+00 
        47  2.500000037E-02 -2.515085414E-02  6.562000141E-03  3.309672224E+00 
