cellnumber     x-coordinate     y-coordinate     z-coordinate velocity-magnitude 
         1  2.500000037E-02 -2.529304288E-02  6.562000141E-03  1.922847852E+00 
         2  2.500000224E-02 -2.543704398E-02  6.562000141E-03  2.506083504E+00 
         3  2.500000224E-02 -2.558104321E-02  6.562000141E-03  2.803643488E+00 
         4  2.500000224E-02 -2.572504431E-02  6.562000141E-03  3.625330525E+00 
         5  2.500000224E-02 -2.586904354E-02  6.561999675E-03  4.971197198E+00 
         6  2.500000037E-02 -2.601304278E-02  6.562000141E-03  5.668666840E+00 
         7  2.500000224E-02 -2.615704387E-02  6.562000141E-03  5.122678100E+00 
         8  2.500000224E-02 -2.630104497E-02  6.562000141E-03  3.149717041E+00 
         9  2.500000224E-02 -2.644504420E-02  6.562000141E-03  3.016494589E+00 
        10  2.500000224E-02 -2.658904344E-02  6.562000141E-03  2.955632148E+00 
        11  2.500000224E-02 -2.673304453E-02  6.562000141E-03  3.802565078E+00 
        12  2.500000224E-02 -2.687704377E-02  6.562000141E-03  5.299180449E+00 
        13  2.500000224E-02 -2.702104487E-02  6.562000141E-03  6.748876904E+00 
        14  2.500000224E-02 -2.716504410E-02  6.562000141E-03  6.917548962E+00 
        15  2.500000224E-02 -2.730904333E-02  6.562000141E-03  6.733413934E+00 
        16  2.500000224E-02 -2.745304443E-02  6.562000141E-03  6.614782507E+00 
        17  2.500000224E-02 -2.759704366E-02  6.562000141E-03  6.621320198E+00 
        18  2.500000224E-02 -2.774104476E-02  6.562000141E-03  6.669165869E+00 
        19  2.500000224E-02 -2.788504399E-02  6.562000141E-03  6.730690452E+00 
        20  2.500000224E-02 -2.802904509E-02  6.562000141E-03  6.830523842E+00 
        21  2.500000224E-02 -2.817304432E-02  6.562000141E-03  6.980432847E+00 
        22  2.500000224E-02 -2.831704356E-02  6.562000141E-03  7.115278628E+00 
        23  2.500000224E-02 -2.846104465E-02  6.562000141E-03  7.178816033E+00 
        24  2.500000224E-02 -2.860504389E-02  6.562000141E-03  7.160633021E+00 
        25  2.500000224E-02 -2.874904498E-02  6.562000141E-03  6.876053539E+00 
        26  2.500000224E-02 -2.889304422E-02  6.562000141E-03  6.499411154E+00 
        27  2.500000224E-02 -2.903704345E-02  6.562000141E-03  6.232312123E+00 
        28  2.500000224E-02 -2.918104455E-02  6.562000141E-03  6.096704707E+00 
        29  2.500000224E-02 -2.932504378E-02  6.562000141E-03  5.949328692E+00 
        30  2.500000224E-02 -2.946904488E-02  6.562000141E-03  5.797492614E+00 
        31  2.500000224E-02 -2.961304411E-02  6.562000141E-03  5.688975628E+00 
        32  2.500000224E-02 -2.975704335E-02  6.561999675E-03  5.965674855E+00 
        33  2.500000037E-02 -2.990104258E-02  6.561999675E-03  5.548725473E+00 
        34  2.500000037E-02 -3.004504368E-02  6.562000141E-03  4.809850767E+00 
        35  2.500000224E-02 -3.018904291E-02  6.561999675E-03  3.631701017E+00 
        36  2.500000037E-02 -3.033304401E-02  6.562000141E-03  2.133208530E+00 
        37  2.500000037E-02 -3.046895750E-02  6.562000141E-03  1.173571722E+00 
        38  2.500000037E-02 -3.057143651E-02  6.562000141E-03  2.605331731E+00 
        39  2.500000037E-02 -2.476578765E-02  6.562000606E-03  1.700005125E-01 
        40  2.500000037E-02 -2.477990650E-02  6.562000141E-03  2.476866038E-01 
        41  2.500000037E-02 -2.479819022E-02  6.562000141E-03  3.755322117E-01 
        42  2.500000037E-02 -2.482001111E-02  6.561999675E-03  5.308347478E-01 
        43  2.500000037E-02 -2.484604716E-02  6.562000141E-03  7.633649093E-01 
        44  2.500000037E-02 -2.487709001E-02  6.562000141E-03  1.032583197E+00 
        45  2.500000037E-02 -2.492471598E-02  6.562000141E-03  1.462263293E+00 
        46  2.500000037E-02 -2.501806431E-02  6.562000141E-03  1.642328318E+00 
        47  2.500000037E-02 -2.515085414E-02  6.562000141E-03  1.441401496E+00 
