cellnumber     x-coordinate     y-coordinate     z-coordinate velocity-magnitude 
         1  2.500000037E-02 -2.529304288E-02  6.562000141E-03  6.219936025E+00 
         2  2.500000224E-02 -2.543704398E-02  6.562000141E-03  6.024223108E+00 
         3  2.500000224E-02 -2.558104321E-02  6.562000141E-03  5.350994692E+00 
         4  2.500000224E-02 -2.572504431E-02  6.562000141E-03  4.726135120E+00 
         5  2.500000224E-02 -2.586904354E-02  6.561999675E-03  4.478728825E+00 
         6  2.500000037E-02 -2.601304278E-02  6.562000141E-03  4.921837042E+00 
         7  2.500000224E-02 -2.615704387E-02  6.562000141E-03  5.358843769E+00 
         8  2.500000224E-02 -2.630104497E-02  6.562000141E-03  5.959465377E+00 
         9  2.500000224E-02 -2.644504420E-02  6.562000141E-03  6.894739701E+00 
        10  2.500000224E-02 -2.658904344E-02  6.562000141E-03  7.318267870E+00 
        11  2.500000224E-02 -2.673304453E-02  6.562000141E-03  7.480009585E+00 
        12  2.500000224E-02 -2.687704377E-02  6.562000141E-03  7.855342320E+00 
        13  2.500000224E-02 -2.702104487E-02  6.562000141E-03  7.999057749E+00 
        14  2.500000224E-02 -2.716504410E-02  6.562000141E-03  7.972627517E+00 
        15  2.500000224E-02 -2.730904333E-02  6.562000141E-03  7.754628455E+00 
        16  2.500000224E-02 -2.745304443E-02  6.562000141E-03  7.433096823E+00 
        17  2.500000224E-02 -2.759704366E-02  6.562000141E-03  7.107503610E+00 
        18  2.500000224E-02 -2.774104476E-02  6.562000141E-03  6.930585474E+00 
        19  2.500000224E-02 -2.788504399E-02  6.562000141E-03  6.899814752E+00 
        20  2.500000224E-02 -2.802904509E-02  6.562000141E-03  6.892688955E+00 
        21  2.500000224E-02 -2.817304432E-02  6.562000141E-03  6.903957528E+00 
        22  2.500000224E-02 -2.831704356E-02  6.562000141E-03  6.994633636E+00 
        23  2.500000224E-02 -2.846104465E-02  6.562000141E-03  7.120184999E+00 
        24  2.500000224E-02 -2.860504389E-02  6.562000141E-03  7.110465979E+00 
        25  2.500000224E-02 -2.874904498E-02  6.562000141E-03  6.951424492E+00 
        26  2.500000224E-02 -2.889304422E-02  6.562000141E-03  6.889417125E+00 
        27  2.500000224E-02 -2.903704345E-02  6.562000141E-03  6.843540155E+00 
        28  2.500000224E-02 -2.918104455E-02  6.562000141E-03  6.695633403E+00 
        29  2.500000224E-02 -2.932504378E-02  6.562000141E-03  6.597251750E+00 
        30  2.500000224E-02 -2.946904488E-02  6.562000141E-03  6.421430102E+00 
        31  2.500000224E-02 -2.961304411E-02  6.562000141E-03  6.033440202E+00 
        32  2.500000224E-02 -2.975704335E-02  6.561999675E-03  5.851972075E+00 
        33  2.500000037E-02 -2.990104258E-02  6.561999675E-03  5.043922502E+00 
        34  2.500000037E-02 -3.004504368E-02  6.562000141E-03  4.081097228E+00 
        35  2.500000224E-02 -3.018904291E-02  6.561999675E-03  3.137231236E+00 
        36  2.500000037E-02 -3.033304401E-02  6.562000141E-03  2.601635837E+00 
        37  2.500000037E-02 -3.046895750E-02  6.562000141E-03  1.044774117E+00 
        38  2.500000037E-02 -3.057143651E-02  6.562000141E-03  4.733102555E-01 
        39  2.500000037E-02 -2.476578765E-02  6.562000606E-03  1.092224206E+00 
        40  2.500000037E-02 -2.477990650E-02  6.562000141E-03  1.320908402E+00 
        41  2.500000037E-02 -2.479819022E-02  6.562000141E-03  1.526522092E+00 
        42  2.500000037E-02 -2.482001111E-02  6.561999675E-03  1.746195635E+00 
        43  2.500000037E-02 -2.484604716E-02  6.562000141E-03  2.100603866E+00 
        44  2.500000037E-02 -2.487709001E-02  6.562000141E-03  2.519464519E+00 
        45  2.500000037E-02 -2.492471598E-02  6.562000141E-03  3.362983966E+00 
        46  2.500000037E-02 -2.501806431E-02  6.562000141E-03  4.547268206E+00 
        47  2.500000037E-02 -2.515085414E-02  6.562000141E-03  5.635691238E+00 
