cellnumber     x-coordinate     y-coordinate     z-coordinate velocity-magnitude 
         1  2.500000037E-02 -2.529304288E-02  6.562000141E-03  5.116658343E+00 
         2  2.500000224E-02 -2.543704398E-02  6.562000141E-03  5.041778195E+00 
         3  2.500000224E-02 -2.558104321E-02  6.562000141E-03  4.666879929E+00 
         4  2.500000224E-02 -2.572504431E-02  6.562000141E-03  4.574541922E+00 
         5  2.500000224E-02 -2.586904354E-02  6.561999675E-03  4.557139668E+00 
         6  2.500000037E-02 -2.601304278E-02  6.562000141E-03  4.415577430E+00 
         7  2.500000224E-02 -2.615704387E-02  6.562000141E-03  4.429680555E+00 
         8  2.500000224E-02 -2.630104497E-02  6.562000141E-03  4.637102432E+00 
         9  2.500000224E-02 -2.644504420E-02  6.562000141E-03  5.221533591E+00 
        10  2.500000224E-02 -2.658904344E-02  6.562000141E-03  5.825850517E+00 
        11  2.500000224E-02 -2.673304453E-02  6.562000141E-03  6.385561570E+00 
        12  2.500000224E-02 -2.687704377E-02  6.562000141E-03  6.492338393E+00 
        13  2.500000224E-02 -2.702104487E-02  6.562000141E-03  6.371664569E+00 
        14  2.500000224E-02 -2.716504410E-02  6.562000141E-03  6.561312493E+00 
        15  2.500000224E-02 -2.730904333E-02  6.562000141E-03  6.811605605E+00 
        16  2.500000224E-02 -2.745304443E-02  6.562000141E-03  6.942843430E+00 
        17  2.500000224E-02 -2.759704366E-02  6.562000141E-03  7.018479328E+00 
        18  2.500000224E-02 -2.774104476E-02  6.562000141E-03  7.027125157E+00 
        19  2.500000224E-02 -2.788504399E-02  6.562000141E-03  6.914680989E+00 
        20  2.500000224E-02 -2.802904509E-02  6.562000141E-03  6.782588525E+00 
        21  2.500000224E-02 -2.817304432E-02  6.562000141E-03  6.793038781E+00 
        22  2.500000224E-02 -2.831704356E-02  6.562000141E-03  6.926945917E+00 
        23  2.500000224E-02 -2.846104465E-02  6.562000141E-03  7.027301778E+00 
        24  2.500000224E-02 -2.860504389E-02  6.562000141E-03  6.987942825E+00 
        25  2.500000224E-02 -2.874904498E-02  6.562000141E-03  6.925780598E+00 
        26  2.500000224E-02 -2.889304422E-02  6.562000141E-03  6.857199124E+00 
        27  2.500000224E-02 -2.903704345E-02  6.562000141E-03  6.788667059E+00 
        28  2.500000224E-02 -2.918104455E-02  6.562000141E-03  6.661712240E+00 
        29  2.500000224E-02 -2.932504378E-02  6.562000141E-03  6.362730361E+00 
        30  2.500000224E-02 -2.946904488E-02  6.562000141E-03  5.501993890E+00 
        31  2.500000224E-02 -2.961304411E-02  6.562000141E-03  3.076477125E+00 
        32  2.500000224E-02 -2.975704335E-02  6.561999675E-03  2.428824103E+00 
        33  2.500000037E-02 -2.990104258E-02  6.561999675E-03  2.704056553E+00 
        34  2.500000037E-02 -3.004504368E-02  6.562000141E-03  5.893366850E-01 
        35  2.500000224E-02 -3.018904291E-02  6.561999675E-03  3.256466257E+00 
        36  2.500000037E-02 -3.033304401E-02  6.562000141E-03  4.827808456E+00 
        37  2.500000037E-02 -3.046895750E-02  6.562000141E-03  3.539719286E+00 
        38  2.500000037E-02 -3.057143651E-02  6.562000141E-03  3.367790237E+00 
        39  2.500000037E-02 -2.476578765E-02  6.562000606E-03  9.467128799E-01 
        40  2.500000037E-02 -2.477990650E-02  6.562000141E-03  9.162817515E-01 
        41  2.500000037E-02 -2.479819022E-02  6.562000141E-03  7.809076904E-01 
        42  2.500000037E-02 -2.482001111E-02  6.561999675E-03  9.037177032E-01 
        43  2.500000037E-02 -2.484604716E-02  6.562000141E-03  1.650552419E+00 
        44  2.500000037E-02 -2.487709001E-02  6.562000141E-03  2.444847652E+00 
        45  2.500000037E-02 -2.492471598E-02  6.562000141E-03  3.136927901E+00 
        46  2.500000037E-02 -2.501806431E-02  6.562000141E-03  3.703632394E+00 
        47  2.500000037E-02 -2.515085414E-02  6.562000141E-03  4.641377719E+00 
