cellnumber     x-coordinate     y-coordinate     z-coordinate velocity-magnitude 
         1  2.500000037E-02 -2.529304288E-02  6.562000141E-03  5.471886874E+00 
         2  2.500000224E-02 -2.543704398E-02  6.562000141E-03  6.327283170E+00 
         3  2.500000224E-02 -2.558104321E-02  6.562000141E-03  5.824960105E+00 
         4  2.500000224E-02 -2.572504431E-02  6.562000141E-03  5.536920784E+00 
         5  2.500000224E-02 -2.586904354E-02  6.561999675E-03  5.497037744E+00 
         6  2.500000037E-02 -2.601304278E-02  6.562000141E-03  5.361735136E+00 
         7  2.500000224E-02 -2.615704387E-02  6.562000141E-03  5.334610633E+00 
         8  2.500000224E-02 -2.630104497E-02  6.562000141E-03  5.466778720E+00 
         9  2.500000224E-02 -2.644504420E-02  6.562000141E-03  5.622424320E+00 
        10  2.500000224E-02 -2.658904344E-02  6.562000141E-03  5.796049911E+00 
        11  2.500000224E-02 -2.673304453E-02  6.562000141E-03  5.882321534E+00 
        12  2.500000224E-02 -2.687704377E-02  6.562000141E-03  6.366514258E+00 
        13  2.500000224E-02 -2.702104487E-02  6.562000141E-03  6.608909807E+00 
        14  2.500000224E-02 -2.716504410E-02  6.562000141E-03  6.813963767E+00 
        15  2.500000224E-02 -2.730904333E-02  6.562000141E-03  7.142882805E+00 
        16  2.500000224E-02 -2.745304443E-02  6.562000141E-03  7.334477266E+00 
        17  2.500000224E-02 -2.759704366E-02  6.562000141E-03  7.398249267E+00 
        18  2.500000224E-02 -2.774104476E-02  6.562000141E-03  7.347712428E+00 
        19  2.500000224E-02 -2.788504399E-02  6.562000141E-03  7.422220605E+00 
        20  2.500000224E-02 -2.802904509E-02  6.562000141E-03  7.553659838E+00 
        21  2.500000224E-02 -2.817304432E-02  6.562000141E-03  7.677804728E+00 
        22  2.500000224E-02 -2.831704356E-02  6.562000141E-03  7.826895167E+00 
        23  2.500000224E-02 -2.846104465E-02  6.562000141E-03  7.998730245E+00 
        24  2.500000224E-02 -2.860504389E-02  6.562000141E-03  8.085141800E+00 
        25  2.500000224E-02 -2.874904498E-02  6.562000141E-03  7.835573117E+00 
        26  2.500000224E-02 -2.889304422E-02  6.562000141E-03  6.675535620E+00 
        27  2.500000224E-02 -2.903704345E-02  6.562000141E-03  5.611622659E+00 
        28  2.500000224E-02 -2.918104455E-02  6.562000141E-03  5.378321092E+00 
        29  2.500000224E-02 -2.932504378E-02  6.562000141E-03  5.106207320E+00 
        30  2.500000224E-02 -2.946904488E-02  6.562000141E-03  3.562937480E+00 
        31  2.500000224E-02 -2.961304411E-02  6.562000141E-03  2.977586588E+00 
        32  2.500000224E-02 -2.975704335E-02  6.561999675E-03  2.745465461E+00 
        33  2.500000037E-02 -2.990104258E-02  6.561999675E-03  2.508650548E+00 
        34  2.500000037E-02 -3.004504368E-02  6.562000141E-03  1.275947173E+00 
        35  2.500000224E-02 -3.018904291E-02  6.561999675E-03  9.800378152E-01 
        36  2.500000037E-02 -3.033304401E-02  6.562000141E-03  1.449058459E+00 
        37  2.500000037E-02 -3.046895750E-02  6.562000141E-03  3.232740817E+00 
        38  2.500000037E-02 -3.057143651E-02  6.562000141E-03  4.038222387E+00 
        39  2.500000037E-02 -2.476578765E-02  6.562000606E-03  2.384789652E+00 
        40  2.500000037E-02 -2.477990650E-02  6.562000141E-03  2.446561851E+00 
        41  2.500000037E-02 -2.479819022E-02  6.562000141E-03  2.319240655E+00 
        42  2.500000037E-02 -2.482001111E-02  6.561999675E-03  2.007445033E+00 
        43  2.500000037E-02 -2.484604716E-02  6.562000141E-03  1.631300311E+00 
        44  2.500000037E-02 -2.487709001E-02  6.562000141E-03  1.472704941E+00 
        45  2.500000037E-02 -2.492471598E-02  6.562000141E-03  1.710088738E+00 
        46  2.500000037E-02 -2.501806431E-02  6.562000141E-03  2.764628686E+00 
        47  2.500000037E-02 -2.515085414E-02  6.562000141E-03  4.485810610E+00 
