cellnumber     x-coordinate     y-coordinate     z-coordinate velocity-magnitude 
         1  3.500000015E-02 -2.428504266E-02  6.561999675E-03  1.783682957E+00 
         2  3.500000015E-02 -2.414104342E-02  6.561999675E-03  1.467326901E+00 
         3  3.500000015E-02 -2.399704233E-02  6.561999675E-03  1.138582005E+00 
         4  3.500000015E-02 -2.385304309E-02  6.561999675E-03  8.617751626E-01 
         5  3.500000015E-02 -2.370904200E-02  6.561999675E-03  6.307903170E-01 
         6  3.500000015E-02 -2.356504276E-02  6.562000141E-03  7.004297739E-01 
         7  3.500000015E-02 -2.344694175E-02  6.562000141E-03  7.284865705E-01 
         8  3.500000015E-02 -2.332915738E-02  6.562000141E-03  4.777701178E-01 
         9  3.500000015E-02 -2.320699580E-02  6.562000141E-03  2.853382676E-01 
        10  3.500000015E-02 -2.314046025E-02  6.562000141E-03  2.681308803E-01 
        11  3.500000015E-02 -2.310776524E-02  6.561999675E-03  2.557308507E-01 
        12  3.500000015E-02 -2.307719551E-02  6.561999675E-03  2.258988363E-01 
        13  3.500000015E-02 -2.305160835E-02  6.562000141E-03  2.047508004E-01 
        14  3.500000015E-02 -2.303021587E-02  6.561999675E-03  1.764705417E-01 
        15  3.500000015E-02 -2.301233262E-02  6.562000141E-03  1.490844931E-01 
        16  3.499999642E-02 -2.299739420E-02  6.562000141E-03  1.218070648E-01 
        17  3.500000015E-02 -2.298492938E-02  6.562000141E-03  9.560017336E-02 
        18  3.500000015E-02 -2.297452837E-02  6.562000141E-03  6.943354162E-02 
        19  3.500000015E-02 -2.296585403E-02  6.562000141E-03  4.283809387E-02 
        20  3.500000015E-02 -2.296095528E-02  6.562000141E-03  1.590981195E-02 
        21  3.500000015E-02 -2.615704201E-02  6.561999675E-03  1.771997244E+00 
        22  3.500000015E-02 -2.630104311E-02  6.562000141E-03  1.878207516E+00 
        23  3.500000015E-02 -2.644504234E-02  6.562000141E-03  2.048925370E+00 
        24  3.500000015E-02 -2.658904344E-02  6.561999675E-03  2.312479793E+00 
        25  3.500000015E-02 -2.673304267E-02  6.561999675E-03  2.634860679E+00 
        26  3.500000015E-02 -2.687704191E-02  6.561999675E-03  2.852858391E+00 
        27  3.500000015E-02 -2.702104300E-02  6.561999675E-03  2.954541494E+00 
        28  3.500000015E-02 -2.716504224E-02  6.561999675E-03  3.010822559E+00 
        29  3.500000015E-02 -2.730904333E-02  6.561999675E-03  2.994587663E+00 
        30  3.500000015E-02 -2.745304257E-02  6.561999675E-03  2.857160318E+00 
        31  3.500000015E-02 -2.759704180E-02  6.561999675E-03  2.600861118E+00 
        32  3.500000015E-02 -2.774104290E-02  6.561999675E-03  2.479602712E+00 
        33  3.500000015E-02 -2.788504213E-02  6.561999675E-03  2.562681540E+00 
        34  3.500000015E-02 -2.802904323E-02  6.561999675E-03  2.810809011E+00 
        35  3.500000015E-02 -2.817304246E-02  6.561999675E-03  2.909986466E+00 
        36  3.500000015E-02 -2.831704356E-02  6.561999675E-03  2.829391570E+00 
        37  3.500000015E-02 -2.846104279E-02  6.561999675E-03  2.595552767E+00 
        38  3.500000015E-02 -2.860504203E-02  6.561999675E-03  2.249886030E+00 
        39  3.500000015E-02 -2.874904312E-02  6.561999675E-03  1.927743283E+00 
        40  3.500000015E-02 -2.889304236E-02  6.561999675E-03  1.741999304E+00 
        41  3.500000015E-02 -2.903704345E-02  6.562000141E-03  1.654105066E+00 
        42  3.500000015E-02 -2.918104269E-02  6.561999675E-03  1.663891610E+00 
        43  3.500000015E-02 -2.932504192E-02  6.561999675E-03  1.767855423E+00 
        44  3.500000015E-02 -2.946904302E-02  6.561999675E-03  2.008276195E+00 
        45  3.500000015E-02 -2.961304225E-02  6.561999675E-03  2.172048568E+00 
        46  3.500000015E-02 -2.975704335E-02  6.561999675E-03  2.155672408E+00 
        47  3.500000015E-02 -2.990104258E-02  6.561999675E-03  2.123133663E+00 
        48  3.500000015E-02 -3.004504181E-02  6.561999675E-03  1.977289395E+00 
        49  3.500000015E-02 -3.018904291E-02  6.561999675E-03  1.432389079E+00 
        50  3.500000015E-02 -3.033304214E-02  6.561999675E-03  1.187123677E+00 
        51  3.500000015E-02 -3.047704324E-02  6.561999675E-03  1.104583226E+00 
        52  3.500000015E-02 -3.062104248E-02  6.562000141E-03  1.143504576E+00 
        53  3.500000015E-02 -3.076504171E-02  6.562000141E-03  1.313530652E+00 
        54  3.500000015E-02 -3.090904281E-02  6.561999675E-03  1.254681224E+00 
        55  3.500000015E-02 -3.105304204E-02  6.562000141E-03  1.179632834E+00 
        56  3.500000015E-02 -3.119704314E-02  6.562000141E-03  9.958145488E-01 
        57  3.500000015E-02 -3.134104237E-02  6.562000141E-03  7.648900389E-01 
        58  3.500000015E-02 -3.148504347E-02  6.561999675E-03  4.164562495E-01 
        59  3.500000015E-02 -3.162904084E-02  6.561999675E-03  3.124116901E-01 
        60  3.500000015E-02 -3.177304193E-02  6.562000141E-03  2.177274910E-01 
        61  3.500000015E-02 -3.191704303E-02  6.562000141E-03  1.766569791E-01 
        62  3.500000015E-02 -3.206104040E-02  6.562000141E-03  3.602697054E-01 
        63  3.500000015E-02 -3.219095245E-02  6.562000141E-03  5.478603084E-01 
        64  3.500000015E-02 -3.232943267E-02  6.562000141E-03  6.469977263E-01 
        65  3.500000015E-02 -2.601304278E-02  6.561999675E-03  1.749663134E+00 
        66  3.500000015E-02 -2.586904354E-02  6.561999675E-03  1.828948860E+00 
        67  3.500000015E-02 -2.572504245E-02  6.561999675E-03  2.053977345E+00 
        68  3.500000015E-02 -2.558104321E-02  6.561999675E-03  2.268404795E+00 
        69  3.500000015E-02 -2.543704212E-02  6.561999675E-03  2.310644995E+00 
        70  3.500000015E-02 -2.529304288E-02  6.561999675E-03  2.306951820E+00 
        71  3.500000015E-02 -2.514904365E-02  6.561999675E-03  2.357906182E+00 
        72  3.500000015E-02 -2.500504255E-02  6.561999675E-03  2.248522951E+00 
        73  3.500000015E-02 -2.486104332E-02  6.561999675E-03  2.037773361E+00 
        74  3.500000015E-02 -2.471704222E-02  6.561999675E-03  1.872703100E+00 
        75  3.500000015E-02 -2.457304299E-02  6.561999675E-03  1.869569590E+00 
        76  3.500000015E-02 -2.442904189E-02  6.561999675E-03  1.875697878E+00 
