cellnumber     x-coordinate     y-coordinate     z-coordinate velocity-magnitude 
         1  3.500000015E-02 -2.428504266E-02  6.561999675E-03  9.409261759E-01 
         2  3.500000015E-02 -2.414104342E-02  6.561999675E-03  9.327053286E-01 
         3  3.500000015E-02 -2.399704233E-02  6.561999675E-03  9.741153726E-01 
         4  3.500000015E-02 -2.385304309E-02  6.561999675E-03  9.819509777E-01 
         5  3.500000015E-02 -2.370904200E-02  6.561999675E-03  9.883615885E-01 
         6  3.500000015E-02 -2.356504276E-02  6.562000141E-03  9.629026155E-01 
         7  3.500000015E-02 -2.344694175E-02  6.562000141E-03  9.509539940E-01 
         8  3.500000015E-02 -2.332915738E-02  6.562000141E-03  9.908572494E-01 
         9  3.500000015E-02 -2.320699580E-02  6.562000141E-03  9.939893945E-01 
        10  3.500000015E-02 -2.314046025E-02  6.562000141E-03  9.753117382E-01 
        11  3.500000015E-02 -2.310776524E-02  6.561999675E-03  9.618688907E-01 
        12  3.500000015E-02 -2.307719551E-02  6.561999675E-03  9.089173577E-01 
        13  3.500000015E-02 -2.305160835E-02  6.562000141E-03  8.124042899E-01 
        14  3.500000015E-02 -2.303021587E-02  6.561999675E-03  6.830802004E-01 
        15  3.500000015E-02 -2.301233262E-02  6.562000141E-03  5.424737218E-01 
        16  3.499999642E-02 -2.299739420E-02  6.562000141E-03  4.079842157E-01 
        17  3.500000015E-02 -2.298492938E-02  6.562000141E-03  2.888702084E-01 
        18  3.500000015E-02 -2.297452837E-02  6.562000141E-03  1.876779097E-01 
        19  3.500000015E-02 -2.296585403E-02  6.562000141E-03  1.035225174E-01 
        20  3.500000015E-02 -2.296095528E-02  6.562000141E-03  3.417327681E-02 
        21  3.500000015E-02 -2.615704201E-02  6.561999675E-03  1.260675721E+00 
        22  3.500000015E-02 -2.630104311E-02  6.562000141E-03  1.305755167E+00 
        23  3.500000015E-02 -2.644504234E-02  6.562000141E-03  1.497196851E+00 
        24  3.500000015E-02 -2.658904344E-02  6.561999675E-03  1.616145296E+00 
        25  3.500000015E-02 -2.673304267E-02  6.561999675E-03  1.719569974E+00 
        26  3.500000015E-02 -2.687704191E-02  6.561999675E-03  1.796320681E+00 
        27  3.500000015E-02 -2.702104300E-02  6.561999675E-03  1.791363806E+00 
        28  3.500000015E-02 -2.716504224E-02  6.561999675E-03  1.785981187E+00 
        29  3.500000015E-02 -2.730904333E-02  6.561999675E-03  1.873761187E+00 
        30  3.500000015E-02 -2.745304257E-02  6.561999675E-03  2.062109363E+00 
        31  3.500000015E-02 -2.759704180E-02  6.561999675E-03  2.216715269E+00 
        32  3.500000015E-02 -2.774104290E-02  6.561999675E-03  2.328037798E+00 
        33  3.500000015E-02 -2.788504213E-02  6.561999675E-03  2.325472257E+00 
        34  3.500000015E-02 -2.802904323E-02  6.561999675E-03  2.155576450E+00 
        35  3.500000015E-02 -2.817304246E-02  6.561999675E-03  1.934548122E+00 
        36  3.500000015E-02 -2.831704356E-02  6.561999675E-03  1.665634135E+00 
        37  3.500000015E-02 -2.846104279E-02  6.561999675E-03  1.161216031E+00 
        38  3.500000015E-02 -2.860504203E-02  6.561999675E-03  3.531927294E-01 
        39  3.500000015E-02 -2.874904312E-02  6.561999675E-03  3.449018415E-01 
        40  3.500000015E-02 -2.889304236E-02  6.561999675E-03  5.441310732E-01 
        41  3.500000015E-02 -2.903704345E-02  6.562000141E-03  6.010496900E-01 
        42  3.500000015E-02 -2.918104269E-02  6.561999675E-03  5.811407011E-01 
        43  3.500000015E-02 -2.932504192E-02  6.561999675E-03  5.193873025E-01 
        44  3.500000015E-02 -2.946904302E-02  6.561999675E-03  5.290043388E-01 
        45  3.500000015E-02 -2.961304225E-02  6.561999675E-03  5.392622415E-01 
        46  3.500000015E-02 -2.975704335E-02  6.561999675E-03  5.730217660E-01 
        47  3.500000015E-02 -2.990104258E-02  6.561999675E-03  5.556831459E-01 
        48  3.500000015E-02 -3.004504181E-02  6.561999675E-03  5.615665024E-01 
        49  3.500000015E-02 -3.018904291E-02  6.561999675E-03  5.714397881E-01 
        50  3.500000015E-02 -3.033304214E-02  6.561999675E-03  6.868566936E-01 
        51  3.500000015E-02 -3.047704324E-02  6.561999675E-03  8.164945691E-01 
        52  3.500000015E-02 -3.062104248E-02  6.562000141E-03  8.470687395E-01 
        53  3.500000015E-02 -3.076504171E-02  6.562000141E-03  8.550696713E-01 
        54  3.500000015E-02 -3.090904281E-02  6.561999675E-03  8.045500916E-01 
        55  3.500000015E-02 -3.105304204E-02  6.562000141E-03  6.719503743E-01 
        56  3.500000015E-02 -3.119704314E-02  6.562000141E-03  5.641965224E-01 
        57  3.500000015E-02 -3.134104237E-02  6.562000141E-03  6.654049094E-01 
        58  3.500000015E-02 -3.148504347E-02  6.561999675E-03  7.363613422E-01 
        59  3.500000015E-02 -3.162904084E-02  6.561999675E-03  6.339082879E-01 
        60  3.500000015E-02 -3.177304193E-02  6.562000141E-03  6.642848207E-01 
        61  3.500000015E-02 -3.191704303E-02  6.562000141E-03  7.520696685E-01 
        62  3.500000015E-02 -3.206104040E-02  6.562000141E-03  7.952202816E-01 
        63  3.500000015E-02 -3.219095245E-02  6.562000141E-03  7.459138367E-01 
        64  3.500000015E-02 -3.232943267E-02  6.562000141E-03  6.315142395E-01 
        65  3.500000015E-02 -2.601304278E-02  6.561999675E-03  1.706289201E+00 
        66  3.500000015E-02 -2.586904354E-02  6.561999675E-03  2.166019097E+00 
        67  3.500000015E-02 -2.572504245E-02  6.561999675E-03  2.430605308E+00 
        68  3.500000015E-02 -2.558104321E-02  6.561999675E-03  2.546754810E+00 
        69  3.500000015E-02 -2.543704212E-02  6.561999675E-03  2.485062011E+00 
        70  3.500000015E-02 -2.529304288E-02  6.561999675E-03  2.095669093E+00 
        71  3.500000015E-02 -2.514904365E-02  6.561999675E-03  1.704970673E+00 
        72  3.500000015E-02 -2.500504255E-02  6.561999675E-03  1.543022327E+00 
        73  3.500000015E-02 -2.486104332E-02  6.561999675E-03  1.533127156E+00 
        74  3.500000015E-02 -2.471704222E-02  6.561999675E-03  1.526772590E+00 
        75  3.500000015E-02 -2.457304299E-02  6.561999675E-03  1.406276032E+00 
        76  3.500000015E-02 -2.442904189E-02  6.561999675E-03  1.027551450E+00 
