cellnumber     x-coordinate     y-coordinate     z-coordinate velocity-magnitude 
         1  3.500000015E-02 -2.428504266E-02  6.561999675E-03  2.872278203E-01 
         2  3.500000015E-02 -2.414104342E-02  6.561999675E-03  2.681461027E-01 
         3  3.500000015E-02 -2.399704233E-02  6.561999675E-03  2.612420757E-01 
         4  3.500000015E-02 -2.385304309E-02  6.561999675E-03  1.999284064E-01 
         5  3.500000015E-02 -2.370904200E-02  6.561999675E-03  2.353584684E-01 
         6  3.500000015E-02 -2.356504276E-02  6.562000141E-03  3.037441329E-01 
         7  3.500000015E-02 -2.344694175E-02  6.562000141E-03  3.398247502E-01 
         8  3.500000015E-02 -2.332915738E-02  6.562000141E-03  2.872166950E-01 
         9  3.500000015E-02 -2.320699580E-02  6.562000141E-03  1.453683839E-01 
        10  3.500000015E-02 -2.314046025E-02  6.562000141E-03  1.372727470E-01 
        11  3.500000015E-02 -2.310776524E-02  6.561999675E-03  1.295244746E-01 
        12  3.500000015E-02 -2.307719551E-02  6.561999675E-03  1.247858638E-01 
        13  3.500000015E-02 -2.305160835E-02  6.562000141E-03  1.182317041E-01 
        14  3.500000015E-02 -2.303021587E-02  6.561999675E-03  1.066920433E-01 
        15  3.500000015E-02 -2.301233262E-02  6.562000141E-03  9.201390155E-02 
        16  3.499999642E-02 -2.299739420E-02  6.562000141E-03  7.513344908E-02 
        17  3.500000015E-02 -2.298492938E-02  6.562000141E-03  5.748874804E-02 
        18  3.500000015E-02 -2.297452837E-02  6.562000141E-03  4.003958734E-02 
        19  3.500000015E-02 -2.296585403E-02  6.562000141E-03  2.347535622E-02 
        20  3.500000015E-02 -2.296095528E-02  6.562000141E-03  8.206716042E-03 
        21  3.500000015E-02 -2.615704201E-02  6.561999675E-03  9.797262662E-01 
        22  3.500000015E-02 -2.630104311E-02  6.562000141E-03  1.034996062E+00 
        23  3.500000015E-02 -2.644504234E-02  6.562000141E-03  8.486583974E-01 
        24  3.500000015E-02 -2.658904344E-02  6.561999675E-03  7.318396739E-01 
        25  3.500000015E-02 -2.673304267E-02  6.561999675E-03  7.828545700E-01 
        26  3.500000015E-02 -2.687704191E-02  6.561999675E-03  8.169957161E-01 
        27  3.500000015E-02 -2.702104300E-02  6.561999675E-03  7.153679870E-01 
        28  3.500000015E-02 -2.716504224E-02  6.561999675E-03  6.352548045E-01 
        29  3.500000015E-02 -2.730904333E-02  6.561999675E-03  7.491280364E-01 
        30  3.500000015E-02 -2.745304257E-02  6.561999675E-03  1.244367681E+00 
        31  3.500000015E-02 -2.759704180E-02  6.561999675E-03  1.790492381E+00 
        32  3.500000015E-02 -2.774104290E-02  6.561999675E-03  1.923866989E+00 
        33  3.500000015E-02 -2.788504213E-02  6.561999675E-03  1.841660874E+00 
        34  3.500000015E-02 -2.802904323E-02  6.561999675E-03  1.613159357E+00 
        35  3.500000015E-02 -2.817304246E-02  6.561999675E-03  1.360988607E+00 
        36  3.500000015E-02 -2.831704356E-02  6.561999675E-03  1.242973927E+00 
        37  3.500000015E-02 -2.846104279E-02  6.561999675E-03  1.663513250E+00 
        38  3.500000015E-02 -2.860504203E-02  6.561999675E-03  1.951430534E+00 
        39  3.500000015E-02 -2.874904312E-02  6.561999675E-03  1.959357618E+00 
        40  3.500000015E-02 -2.889304236E-02  6.561999675E-03  2.123894953E+00 
        41  3.500000015E-02 -2.903704345E-02  6.562000141E-03  2.430216308E+00 
        42  3.500000015E-02 -2.918104269E-02  6.561999675E-03  2.576165352E+00 
        43  3.500000015E-02 -2.932504192E-02  6.561999675E-03  2.610073365E+00 
        44  3.500000015E-02 -2.946904302E-02  6.561999675E-03  2.622269250E+00 
        45  3.500000015E-02 -2.961304225E-02  6.561999675E-03  2.719057326E+00 
        46  3.500000015E-02 -2.975704335E-02  6.561999675E-03  2.812718926E+00 
        47  3.500000015E-02 -2.990104258E-02  6.561999675E-03  2.742012033E+00 
        48  3.500000015E-02 -3.004504181E-02  6.561999675E-03  2.383097040E+00 
        49  3.500000015E-02 -3.018904291E-02  6.561999675E-03  2.210217800E+00 
        50  3.500000015E-02 -3.033304214E-02  6.561999675E-03  2.212565817E+00 
        51  3.500000015E-02 -3.047704324E-02  6.561999675E-03  2.249700544E+00 
        52  3.500000015E-02 -3.062104248E-02  6.562000141E-03  2.379939241E+00 
        53  3.500000015E-02 -3.076504171E-02  6.562000141E-03  2.311855683E+00 
        54  3.500000015E-02 -3.090904281E-02  6.561999675E-03  1.240580630E+00 
        55  3.500000015E-02 -3.105304204E-02  6.562000141E-03  7.377884498E-01 
        56  3.500000015E-02 -3.119704314E-02  6.562000141E-03  7.075791002E-01 
        57  3.500000015E-02 -3.134104237E-02  6.562000141E-03  7.156572911E-01 
        58  3.500000015E-02 -3.148504347E-02  6.561999675E-03  6.959453473E-01 
        59  3.500000015E-02 -3.162904084E-02  6.561999675E-03  7.088428374E-01 
        60  3.500000015E-02 -3.177304193E-02  6.562000141E-03  8.011372150E-01 
        61  3.500000015E-02 -3.191704303E-02  6.562000141E-03  9.768872523E-01 
        62  3.500000015E-02 -3.206104040E-02  6.562000141E-03  1.158159202E+00 
        63  3.500000015E-02 -3.219095245E-02  6.562000141E-03  1.114229819E+00 
        64  3.500000015E-02 -3.232943267E-02  6.562000141E-03  1.002467993E+00 
        65  3.500000015E-02 -2.601304278E-02  6.561999675E-03  6.857617054E-01 
        66  3.500000015E-02 -2.586904354E-02  6.561999675E-03  4.612927872E-01 
        67  3.500000015E-02 -2.572504245E-02  6.561999675E-03  4.767357236E-01 
        68  3.500000015E-02 -2.558104321E-02  6.561999675E-03  5.964807459E-01 
        69  3.500000015E-02 -2.543704212E-02  6.561999675E-03  6.961862019E-01 
        70  3.500000015E-02 -2.529304288E-02  6.561999675E-03  7.543295869E-01 
        71  3.500000015E-02 -2.514904365E-02  6.561999675E-03  7.580330129E-01 
        72  3.500000015E-02 -2.500504255E-02  6.561999675E-03  7.433851042E-01 
        73  3.500000015E-02 -2.486104332E-02  6.561999675E-03  6.855353385E-01 
        74  3.500000015E-02 -2.471704222E-02  6.561999675E-03  5.691239919E-01 
        75  3.500000015E-02 -2.457304299E-02  6.561999675E-03  4.358920647E-01 
        76  3.500000015E-02 -2.442904189E-02  6.561999675E-03  3.357002226E-01 
