cellnumber     x-coordinate     y-coordinate     z-coordinate velocity-magnitude 
         1  3.500000015E-02 -2.428504266E-02  6.561999675E-03  6.256170874E-01 
         2  3.500000015E-02 -2.414104342E-02  6.561999675E-03  6.350824320E-01 
         3  3.500000015E-02 -2.399704233E-02  6.561999675E-03  8.157643573E-01 
         4  3.500000015E-02 -2.385304309E-02  6.561999675E-03  9.474166213E-01 
         5  3.500000015E-02 -2.370904200E-02  6.561999675E-03  1.031702665E+00 
         6  3.500000015E-02 -2.356504276E-02  6.562000141E-03  9.521972899E-01 
         7  3.500000015E-02 -2.344694175E-02  6.562000141E-03  5.286338659E-01 
         8  3.500000015E-02 -2.332915738E-02  6.562000141E-03  3.754501587E-01 
         9  3.500000015E-02 -2.320699580E-02  6.562000141E-03  2.939918509E-01 
        10  3.500000015E-02 -2.314046025E-02  6.562000141E-03  2.434044060E-01 
        11  3.500000015E-02 -2.310776524E-02  6.561999675E-03  2.020684354E-01 
        12  3.500000015E-02 -2.307719551E-02  6.561999675E-03  1.722072156E-01 
        13  3.500000015E-02 -2.305160835E-02  6.562000141E-03  1.439046829E-01 
        14  3.500000015E-02 -2.303021587E-02  6.561999675E-03  1.188612122E-01 
        15  3.500000015E-02 -2.301233262E-02  6.562000141E-03  9.577167792E-02 
        16  3.499999642E-02 -2.299739420E-02  6.562000141E-03  7.462749069E-02 
        17  3.500000015E-02 -2.298492938E-02  6.562000141E-03  5.524337001E-02 
        18  3.500000015E-02 -2.297452837E-02  6.562000141E-03  3.760691425E-02 
        19  3.500000015E-02 -2.296585403E-02  6.562000141E-03  2.170136792E-02 
        20  3.500000015E-02 -2.296095528E-02  6.562000141E-03  7.485501016E-03 
        21  3.500000015E-02 -2.615704201E-02  6.561999675E-03  1.117589142E+00 
        22  3.500000015E-02 -2.630104311E-02  6.562000141E-03  1.217464037E+00 
        23  3.500000015E-02 -2.644504234E-02  6.562000141E-03  1.365900880E+00 
        24  3.500000015E-02 -2.658904344E-02  6.561999675E-03  1.492586712E+00 
        25  3.500000015E-02 -2.673304267E-02  6.561999675E-03  1.613580481E+00 
        26  3.500000015E-02 -2.687704191E-02  6.561999675E-03  1.738084168E+00 
        27  3.500000015E-02 -2.702104300E-02  6.561999675E-03  1.688553229E+00 
        28  3.500000015E-02 -2.716504224E-02  6.561999675E-03  1.370016846E+00 
        29  3.500000015E-02 -2.730904333E-02  6.561999675E-03  1.129662383E+00 
        30  3.500000015E-02 -2.745304257E-02  6.561999675E-03  1.182758559E+00 
        31  3.500000015E-02 -2.759704180E-02  6.561999675E-03  1.298757573E+00 
        32  3.500000015E-02 -2.774104290E-02  6.561999675E-03  1.629900993E+00 
        33  3.500000015E-02 -2.788504213E-02  6.561999675E-03  2.401338562E+00 
        34  3.500000015E-02 -2.802904323E-02  6.561999675E-03  2.977932265E+00 
        35  3.500000015E-02 -2.817304246E-02  6.561999675E-03  3.000904559E+00 
        36  3.500000015E-02 -2.831704356E-02  6.561999675E-03  2.593228947E+00 
        37  3.500000015E-02 -2.846104279E-02  6.561999675E-03  2.019892979E+00 
        38  3.500000015E-02 -2.860504203E-02  6.561999675E-03  1.867973588E+00 
        39  3.500000015E-02 -2.874904312E-02  6.561999675E-03  1.976764152E+00 
        40  3.500000015E-02 -2.889304236E-02  6.561999675E-03  1.895167488E+00 
        41  3.500000015E-02 -2.903704345E-02  6.562000141E-03  1.497747781E+00 
        42  3.500000015E-02 -2.918104269E-02  6.561999675E-03  1.351285445E+00 
        43  3.500000015E-02 -2.932504192E-02  6.561999675E-03  1.218253218E+00 
        44  3.500000015E-02 -2.946904302E-02  6.561999675E-03  1.420482325E+00 
        45  3.500000015E-02 -2.961304225E-02  6.561999675E-03  1.796008025E+00 
        46  3.500000015E-02 -2.975704335E-02  6.561999675E-03  1.792578772E+00 
        47  3.500000015E-02 -2.990104258E-02  6.561999675E-03  1.599316889E+00 
        48  3.500000015E-02 -3.004504181E-02  6.561999675E-03  1.481238236E+00 
        49  3.500000015E-02 -3.018904291E-02  6.561999675E-03  1.435003881E+00 
        50  3.500000015E-02 -3.033304214E-02  6.561999675E-03  1.416133145E+00 
        51  3.500000015E-02 -3.047704324E-02  6.561999675E-03  1.441784659E+00 
        52  3.500000015E-02 -3.062104248E-02  6.562000141E-03  1.386555763E+00 
        53  3.500000015E-02 -3.076504171E-02  6.562000141E-03  1.309132046E+00 
        54  3.500000015E-02 -3.090904281E-02  6.561999675E-03  1.220000474E+00 
        55  3.500000015E-02 -3.105304204E-02  6.562000141E-03  1.134289035E+00 
        56  3.500000015E-02 -3.119704314E-02  6.562000141E-03  1.164269243E+00 
        57  3.500000015E-02 -3.134104237E-02  6.562000141E-03  1.231730589E+00 
        58  3.500000015E-02 -3.148504347E-02  6.561999675E-03  1.288117464E+00 
        59  3.500000015E-02 -3.162904084E-02  6.561999675E-03  1.271308712E+00 
        60  3.500000015E-02 -3.177304193E-02  6.562000141E-03  1.167972367E+00 
        61  3.500000015E-02 -3.191704303E-02  6.562000141E-03  1.038653794E+00 
        62  3.500000015E-02 -3.206104040E-02  6.562000141E-03  8.710632919E-01 
        63  3.500000015E-02 -3.219095245E-02  6.562000141E-03  6.916072066E-01 
        64  3.500000015E-02 -3.232943267E-02  6.562000141E-03  5.504059034E-01 
        65  3.500000015E-02 -2.601304278E-02  6.561999675E-03  1.014460735E+00 
        66  3.500000015E-02 -2.586904354E-02  6.561999675E-03  9.474015505E-01 
        67  3.500000015E-02 -2.572504245E-02  6.561999675E-03  9.458959545E-01 
        68  3.500000015E-02 -2.558104321E-02  6.561999675E-03  9.228517008E-01 
        69  3.500000015E-02 -2.543704212E-02  6.561999675E-03  8.514419588E-01 
        70  3.500000015E-02 -2.529304288E-02  6.561999675E-03  7.609472209E-01 
        71  3.500000015E-02 -2.514904365E-02  6.561999675E-03  7.416581721E-01 
        72  3.500000015E-02 -2.500504255E-02  6.561999675E-03  7.641445851E-01 
        73  3.500000015E-02 -2.486104332E-02  6.561999675E-03  7.785386161E-01 
        74  3.500000015E-02 -2.471704222E-02  6.561999675E-03  6.797820770E-01 
        75  3.500000015E-02 -2.457304299E-02  6.561999675E-03  6.599503143E-01 
        76  3.500000015E-02 -2.442904189E-02  6.561999675E-03  7.202621704E-01 
