cellnumber     x-coordinate     y-coordinate     z-coordinate velocity-magnitude 
         1  1.999999955E-02 -2.583321184E-02  6.562000141E-03  3.254465558E+00 
         2  1.999994740E-02 -2.602700889E-02  6.562000141E-03  3.288368645E+00 
         3  1.999998651E-02 -2.607314475E-02  6.562000141E-03  3.294442968E+00 
         4  1.999999955E-02 -2.615704387E-02  6.562000141E-03  3.277850620E+00 
         5  1.999999955E-02 -2.630104311E-02  6.562000141E-03  3.277149860E+00 
         6  1.999999955E-02 -2.644504420E-02  6.562000141E-03  3.292782659E+00 
         7  1.999999955E-02 -2.658904344E-02  6.562000141E-03  3.321963894E+00 
         8  1.999999955E-02 -2.673304267E-02  6.562000141E-03  3.361545095E+00 
         9  1.999999955E-02 -2.687704377E-02  6.562000141E-03  3.407261040E+00 
        10  1.999999955E-02 -2.702104300E-02  6.562000141E-03  3.455640791E+00 
        11  1.999999955E-02 -2.716504410E-02  6.562000141E-03  3.504057228E+00 
        12  1.999999955E-02 -2.730904333E-02  6.562000141E-03  3.550860038E+00 
        13  1.999999955E-02 -2.745304257E-02  6.562000141E-03  3.594872501E+00 
        14  1.999999955E-02 -2.759704366E-02  6.562000141E-03  3.635088656E+00 
        15  1.999999955E-02 -2.774104290E-02  6.562000141E-03  3.670417528E+00 
        16  1.999999955E-02 -2.788504399E-02  6.562000141E-03  3.699637051E+00 
        17  1.999999955E-02 -2.802904323E-02  6.562000141E-03  3.721536685E+00 
        18  1.999999955E-02 -2.817304432E-02  6.562000141E-03  3.735283087E+00 
        19  1.999999955E-02 -2.831704356E-02  6.562000141E-03  3.739915976E+00 
        20  1.999999955E-02 -2.846104279E-02  6.562000141E-03  3.734824499E+00 
        21  1.999999955E-02 -2.860504389E-02  6.562000141E-03  3.718808912E+00 
        22  1.999999955E-02 -2.874904312E-02  6.562000141E-03  3.689468104E+00 
        23  1.999999955E-02 -2.889304422E-02  6.562000141E-03  3.641970890E+00 
        24  1.999999955E-02 -2.903704345E-02  6.562000141E-03  3.567486610E+00 
        25  1.999999955E-02 -2.918104269E-02  6.562000141E-03  3.450846501E+00 
        26  1.999999955E-02 -2.932504378E-02  6.562000141E-03  3.269741247E+00 
        27  1.999999955E-02 -2.946904302E-02  6.562000141E-03  2.968718025E+00 
        28  1.999999955E-02 -2.959104441E-02  6.562000141E-03  2.510676739E+00 
        29  1.999999955E-02 -2.971169166E-02  6.562000606E-03  2.058907059E+00 
        30  1.999999955E-02 -2.980891429E-02  6.562000141E-03  1.678930500E+00 
        31  1.999999955E-02 -2.984774485E-02  6.562000141E-03  1.433863335E+00 
        32  1.999996044E-02 -2.592459694E-02  6.562000141E-03  3.301168117E+00 
