cellnumber     x-coordinate     y-coordinate     z-coordinate velocity-magnitude 
         1  1.999999955E-02 -2.984774485E-02  6.562000141E-03  1.014051902E+00 
         2  1.999999955E-02 -2.980891429E-02  6.562000141E-03  1.073824207E+00 
         3  1.999999955E-02 -2.971169166E-02  6.562000606E-03  1.190292132E+00 
         4  1.999999955E-02 -2.959104441E-02  6.562000141E-03  1.583375178E+00 
         5  1.999999955E-02 -2.946904302E-02  6.562000141E-03  2.278995553E+00 
         6  1.999999955E-02 -2.932504378E-02  6.562000141E-03  2.762357076E+00 
         7  1.999999955E-02 -2.918104269E-02  6.562000141E-03  3.326621225E+00 
         8  1.999999955E-02 -2.903704345E-02  6.562000141E-03  3.441421261E+00 
         9  1.999999955E-02 -2.889304422E-02  6.562000141E-03  3.405175578E+00 
        10  1.999999955E-02 -2.874904312E-02  6.562000141E-03  3.322343928E+00 
        11  1.999999955E-02 -2.860504389E-02  6.562000141E-03  3.207263628E+00 
        12  1.999999955E-02 -2.846104279E-02  6.562000141E-03  3.121720338E+00 
        13  1.999999955E-02 -2.831704356E-02  6.562000141E-03  3.010932235E+00 
        14  1.999999955E-02 -2.817304432E-02  6.562000141E-03  2.943641750E+00 
        15  1.999999955E-02 -2.802904323E-02  6.562000141E-03  2.944156866E+00 
        16  1.999999955E-02 -2.788504399E-02  6.562000141E-03  3.007511817E+00 
        17  1.999999955E-02 -2.774104290E-02  6.562000141E-03  3.102125620E+00 
        18  1.999999955E-02 -2.759704366E-02  6.562000141E-03  3.237112375E+00 
        19  1.999999955E-02 -2.745304257E-02  6.562000141E-03  3.393621965E+00 
        20  1.999999955E-02 -2.730904333E-02  6.562000141E-03  3.548858878E+00 
        21  1.999999955E-02 -2.716504410E-02  6.562000141E-03  3.675976124E+00 
        22  1.999999955E-02 -2.702104300E-02  6.562000141E-03  3.755878418E+00 
        23  1.999999955E-02 -2.687704377E-02  6.562000141E-03  3.750371827E+00 
        24  1.999999955E-02 -2.673304267E-02  6.562000141E-03  3.577277039E+00 
        25  1.999999955E-02 -2.658904344E-02  6.562000141E-03  3.306926024E+00 
        26  1.999999955E-02 -2.644504234E-02  6.562000141E-03  3.042316876E+00 
        27  1.999999955E-02 -2.630104311E-02  6.562000141E-03  2.876523532E+00 
        28  1.999999955E-02 -2.615704387E-02  6.562000141E-03  2.803503207E+00 
        29  1.999998651E-02 -2.607314475E-02  6.562000141E-03  2.808033611E+00 
        30  1.999994740E-02 -2.602700889E-02  6.562000141E-03  2.693001035E+00 
        31  1.999996044E-02 -2.592459694E-02  6.562000141E-03  2.903532448E+00 
        32  1.999999955E-02 -2.583321184E-02  6.561999675E-03  3.035860402E+00 
