cellnumber     x-coordinate     y-coordinate     z-coordinate velocity-magnitude 
         1  1.999999955E-02 -2.984774485E-02  6.562000141E-03  1.844070424E+00 
         2  1.999999955E-02 -2.980891429E-02  6.562000141E-03  1.809660968E+00 
         3  1.999999955E-02 -2.971169166E-02  6.562000606E-03  1.618179443E+00 
         4  1.999999955E-02 -2.959104441E-02  6.562000141E-03  1.663241000E+00 
         5  1.999999955E-02 -2.946904302E-02  6.562000141E-03  2.143055361E+00 
         6  1.999999955E-02 -2.932504378E-02  6.562000141E-03  2.361749645E+00 
         7  1.999999955E-02 -2.918104269E-02  6.562000141E-03  2.283183313E+00 
         8  1.999999955E-02 -2.903704345E-02  6.562000141E-03  2.561251615E+00 
         9  1.999999955E-02 -2.889304422E-02  6.562000141E-03  3.090493894E+00 
        10  1.999999955E-02 -2.874904312E-02  6.562000141E-03  3.699135919E+00 
        11  1.999999955E-02 -2.860504389E-02  6.562000141E-03  3.828183148E+00 
        12  1.999999955E-02 -2.846104279E-02  6.562000141E-03  3.766053068E+00 
        13  1.999999955E-02 -2.831704356E-02  6.562000141E-03  3.670274753E+00 
        14  1.999999955E-02 -2.817304432E-02  6.562000141E-03  3.601499854E+00 
        15  1.999999955E-02 -2.802904323E-02  6.562000141E-03  3.531530085E+00 
        16  1.999999955E-02 -2.788504399E-02  6.562000141E-03  3.514879201E+00 
        17  1.999999955E-02 -2.774104290E-02  6.562000141E-03  3.480461081E+00 
        18  1.999999955E-02 -2.759704366E-02  6.562000141E-03  3.408119779E+00 
        19  1.999999955E-02 -2.745304257E-02  6.562000141E-03  3.473570803E+00 
        20  1.999999955E-02 -2.730904333E-02  6.562000141E-03  3.847579905E+00 
        21  1.999999955E-02 -2.716504410E-02  6.562000141E-03  4.003245514E+00 
        22  1.999999955E-02 -2.702104300E-02  6.562000141E-03  4.023627082E+00 
        23  1.999999955E-02 -2.687704377E-02  6.562000141E-03  4.005214563E+00 
        24  1.999999955E-02 -2.673304267E-02  6.562000141E-03  3.946180973E+00 
        25  1.999999955E-02 -2.658904344E-02  6.562000141E-03  3.820683302E+00 
        26  1.999999955E-02 -2.644504234E-02  6.562000141E-03  3.687360097E+00 
        27  1.999999955E-02 -2.630104311E-02  6.562000141E-03  3.583163862E+00 
        28  1.999999955E-02 -2.615704387E-02  6.562000141E-03  3.491291787E+00 
        29  1.999998651E-02 -2.607314475E-02  6.562000141E-03  3.424324022E+00 
        30  1.999994740E-02 -2.602700889E-02  6.562000141E-03  3.339344473E+00 
        31  1.999996044E-02 -2.592459694E-02  6.562000141E-03  3.427555455E+00 
        32  1.999999955E-02 -2.583321184E-02  6.561999675E-03  2.945841931E+00 
