cellnumber     x-coordinate     y-coordinate     z-coordinate velocity-magnitude 
         1  1.999999955E-02 -2.583321184E-02  6.562000141E-03  3.511071532E+00 
         2  1.999994740E-02 -2.602700889E-02  6.562000141E-03  3.622551667E+00 
         3  1.999998651E-02 -2.607314475E-02  6.562000141E-03  3.647622243E+00 
         4  1.999999955E-02 -2.615704387E-02  6.562000141E-03  3.602755372E+00 
         5  1.999999955E-02 -2.630104311E-02  6.562000141E-03  3.563564348E+00 
         6  1.999999955E-02 -2.644504420E-02  6.562000141E-03  3.532519108E+00 
         7  1.999999955E-02 -2.658904344E-02  6.562000141E-03  3.510739984E+00 
         8  1.999999955E-02 -2.673304267E-02  6.562000141E-03  3.500458633E+00 
         9  1.999999955E-02 -2.687704377E-02  6.562000141E-03  3.502408324E+00 
        10  1.999999955E-02 -2.702104300E-02  6.562000141E-03  3.516648286E+00 
        11  1.999999955E-02 -2.716504410E-02  6.562000141E-03  3.542095969E+00 
        12  1.999999955E-02 -2.730904333E-02  6.562000141E-03  3.576976382E+00 
        13  1.999999955E-02 -2.745304257E-02  6.562000141E-03  3.618931055E+00 
        14  1.999999955E-02 -2.759704366E-02  6.562000141E-03  3.665265437E+00 
        15  1.999999955E-02 -2.774104290E-02  6.562000141E-03  3.713054913E+00 
        16  1.999999955E-02 -2.788504399E-02  6.562000141E-03  3.759281826E+00 
        17  1.999999955E-02 -2.802904323E-02  6.562000141E-03  3.801010754E+00 
        18  1.999999955E-02 -2.817304432E-02  6.562000141E-03  3.835576802E+00 
        19  1.999999955E-02 -2.831704356E-02  6.562000141E-03  3.860651405E+00 
        20  1.999999955E-02 -2.846104279E-02  6.562000141E-03  3.874019317E+00 
        21  1.999999955E-02 -2.860504389E-02  6.562000141E-03  3.872864666E+00 
        22  1.999999955E-02 -2.874904312E-02  6.562000141E-03  3.852709551E+00 
        23  1.999999955E-02 -2.889304422E-02  6.562000141E-03  3.804771299E+00 
        24  1.999999955E-02 -2.903704345E-02  6.562000141E-03  3.711692770E+00 
        25  1.999999955E-02 -2.918104269E-02  6.562000141E-03  3.541336505E+00 
        26  1.999999955E-02 -2.932504378E-02  6.562000141E-03  3.245639659E+00 
        27  1.999999955E-02 -2.946904302E-02  6.562000141E-03  2.791027825E+00 
        28  1.999999955E-02 -2.959104441E-02  6.562000141E-03  2.270121310E+00 
        29  1.999999955E-02 -2.971169166E-02  6.562000606E-03  1.827236946E+00 
        30  1.999999955E-02 -2.980891429E-02  6.562000141E-03  1.483206588E+00 
        31  1.999999955E-02 -2.984774485E-02  6.562000141E-03  1.271532998E+00 
        32  1.999996044E-02 -2.592459694E-02  6.562000141E-03  3.613383085E+00 
