cellnumber     x-coordinate     y-coordinate     z-coordinate velocity-magnitude 
         1  1.999999955E-02 -2.984774485E-02  6.562000141E-03  2.371375406E+00 
         2  1.999999955E-02 -2.980891429E-02  6.562000141E-03  2.530894205E+00 
         3  1.999999955E-02 -2.971169166E-02  6.562000606E-03  2.776424289E+00 
         4  1.999999955E-02 -2.959104441E-02  6.562000141E-03  3.150852357E+00 
         5  1.999999955E-02 -2.946904302E-02  6.562000141E-03  3.303163423E+00 
         6  1.999999955E-02 -2.932504378E-02  6.562000141E-03  3.571385315E+00 
         7  1.999999955E-02 -2.918104269E-02  6.562000141E-03  3.852154580E+00 
         8  1.999999955E-02 -2.903704345E-02  6.562000141E-03  3.884554604E+00 
         9  1.999999955E-02 -2.889304422E-02  6.562000141E-03  3.824239279E+00 
        10  1.999999955E-02 -2.874904312E-02  6.562000141E-03  3.692384573E+00 
        11  1.999999955E-02 -2.860504389E-02  6.562000141E-03  3.609828800E+00 
        12  1.999999955E-02 -2.846104279E-02  6.562000141E-03  3.587860180E+00 
        13  1.999999955E-02 -2.831704356E-02  6.562000141E-03  3.601292178E+00 
        14  1.999999955E-02 -2.817304432E-02  6.562000141E-03  3.601185575E+00 
        15  1.999999955E-02 -2.802904323E-02  6.562000141E-03  3.595522814E+00 
        16  1.999999955E-02 -2.788504399E-02  6.562000141E-03  3.632343555E+00 
        17  1.999999955E-02 -2.774104290E-02  6.562000141E-03  3.648716935E+00 
        18  1.999999955E-02 -2.759704366E-02  6.562000141E-03  3.612320231E+00 
        19  1.999999955E-02 -2.745304257E-02  6.562000141E-03  3.564822122E+00 
        20  1.999999955E-02 -2.730904333E-02  6.562000141E-03  3.487383143E+00 
        21  1.999999955E-02 -2.716504410E-02  6.562000141E-03  3.365389965E+00 
        22  1.999999955E-02 -2.702104300E-02  6.562000141E-03  3.185253103E+00 
        23  1.999999955E-02 -2.687704377E-02  6.562000141E-03  3.013783939E+00 
        24  1.999999955E-02 -2.673304267E-02  6.562000141E-03  2.912398418E+00 
        25  1.999999955E-02 -2.658904344E-02  6.562000141E-03  2.877452271E+00 
        26  1.999999955E-02 -2.644504234E-02  6.562000141E-03  2.888387977E+00 
        27  1.999999955E-02 -2.630104311E-02  6.562000141E-03  2.952266392E+00 
        28  1.999999955E-02 -2.615704387E-02  6.562000141E-03  2.951628453E+00 
        29  1.999998651E-02 -2.607314475E-02  6.562000141E-03  2.748414584E+00 
        30  1.999994740E-02 -2.602700889E-02  6.562000141E-03  2.736970914E+00 
        31  1.999996044E-02 -2.592459694E-02  6.562000141E-03  2.733627743E+00 
        32  1.999999955E-02 -2.583321184E-02  6.561999675E-03  2.693725230E+00 
