cellnumber     x-coordinate     y-coordinate     z-coordinate velocity-magnitude 
         1  1.999999955E-02 -2.984774485E-02  6.562000141E-03  2.430550528E+00 
         2  1.999999955E-02 -2.980891429E-02  6.562000141E-03  2.376788347E+00 
         3  1.999999955E-02 -2.971169166E-02  6.562000606E-03  2.329758565E+00 
         4  1.999999955E-02 -2.959104441E-02  6.562000141E-03  2.457771063E+00 
         5  1.999999955E-02 -2.946904302E-02  6.562000141E-03  2.910012708E+00 
         6  1.999999955E-02 -2.932504378E-02  6.562000141E-03  2.947690310E+00 
         7  1.999999955E-02 -2.918104269E-02  6.562000141E-03  3.106323398E+00 
         8  1.999999955E-02 -2.903704345E-02  6.562000141E-03  3.351090668E+00 
         9  1.999999955E-02 -2.889304422E-02  6.562000141E-03  3.287896584E+00 
        10  1.999999955E-02 -2.874904312E-02  6.562000141E-03  3.284635464E+00 
        11  1.999999955E-02 -2.860504389E-02  6.562000141E-03  3.265896823E+00 
        12  1.999999955E-02 -2.846104279E-02  6.562000141E-03  3.233824037E+00 
        13  1.999999955E-02 -2.831704356E-02  6.562000141E-03  3.205922321E+00 
        14  1.999999955E-02 -2.817304432E-02  6.562000141E-03  3.179130751E+00 
        15  1.999999955E-02 -2.802904323E-02  6.562000141E-03  3.138452535E+00 
        16  1.999999955E-02 -2.788504399E-02  6.562000141E-03  3.087979920E+00 
        17  1.999999955E-02 -2.774104290E-02  6.562000141E-03  3.167103327E+00 
        18  1.999999955E-02 -2.759704366E-02  6.562000141E-03  3.344310170E+00 
        19  1.999999955E-02 -2.745304257E-02  6.562000141E-03  3.406931125E+00 
        20  1.999999955E-02 -2.730904333E-02  6.562000141E-03  3.459303016E+00 
        21  1.999999955E-02 -2.716504410E-02  6.562000141E-03  3.577188656E+00 
        22  1.999999955E-02 -2.702104300E-02  6.562000141E-03  3.687972349E+00 
        23  1.999999955E-02 -2.687704377E-02  6.562000141E-03  3.752429626E+00 
        24  1.999999955E-02 -2.673304267E-02  6.562000141E-03  3.786874776E+00 
        25  1.999999955E-02 -2.658904344E-02  6.562000141E-03  3.694273488E+00 
        26  1.999999955E-02 -2.644504234E-02  6.562000141E-03  3.513991297E+00 
        27  1.999999955E-02 -2.630104311E-02  6.562000141E-03  3.304078615E+00 
        28  1.999999955E-02 -2.615704387E-02  6.562000141E-03  3.176311421E+00 
        29  1.999998651E-02 -2.607314475E-02  6.562000141E-03  3.142931228E+00 
        30  1.999994740E-02 -2.602700889E-02  6.562000141E-03  3.187328556E+00 
        31  1.999996044E-02 -2.592459694E-02  6.562000141E-03  3.151765660E+00 
        32  1.999999955E-02 -2.583321184E-02  6.561999675E-03  3.114581071E+00 
