cellnumber     x-coordinate     y-coordinate     z-coordinate velocity-magnitude 
         1  1.999999955E-02 -2.984774485E-02  6.562000141E-03  1.039745110E+00 
         2  1.999999955E-02 -2.980891429E-02  6.562000141E-03  1.300425566E+00 
         3  1.999999955E-02 -2.971169166E-02  6.562000606E-03  1.879489507E+00 
         4  1.999999955E-02 -2.959104441E-02  6.562000141E-03  2.288003577E+00 
         5  1.999999955E-02 -2.946904302E-02  6.562000141E-03  2.837577621E+00 
         6  1.999999955E-02 -2.932504378E-02  6.562000141E-03  3.341394976E+00 
         7  1.999999955E-02 -2.918104269E-02  6.562000141E-03  3.580967078E+00 
         8  1.999999955E-02 -2.903704345E-02  6.562000141E-03  4.132445614E+00 
         9  1.999999955E-02 -2.889304422E-02  6.562000141E-03  4.393734699E+00 
        10  1.999999955E-02 -2.874904312E-02  6.562000141E-03  4.354317438E+00 
        11  1.999999955E-02 -2.860504389E-02  6.562000141E-03  4.252373946E+00 
        12  1.999999955E-02 -2.846104279E-02  6.562000141E-03  4.020137013E+00 
        13  1.999999955E-02 -2.831704356E-02  6.562000141E-03  3.855326558E+00 
        14  1.999999955E-02 -2.817304432E-02  6.562000141E-03  3.727493110E+00 
        15  1.999999955E-02 -2.802904323E-02  6.562000141E-03  3.621466482E+00 
        16  1.999999955E-02 -2.788504399E-02  6.562000141E-03  3.545636776E+00 
        17  1.999999955E-02 -2.774104290E-02  6.562000141E-03  3.533290200E+00 
        18  1.999999955E-02 -2.759704366E-02  6.562000141E-03  3.505665401E+00 
        19  1.999999955E-02 -2.745304257E-02  6.562000141E-03  3.447411430E+00 
        20  1.999999955E-02 -2.730904333E-02  6.562000141E-03  3.412743555E+00 
        21  1.999999955E-02 -2.716504410E-02  6.562000141E-03  3.468607886E+00 
        22  1.999999955E-02 -2.702104300E-02  6.562000141E-03  3.542621121E+00 
        23  1.999999955E-02 -2.687704377E-02  6.562000141E-03  3.570895334E+00 
        24  1.999999955E-02 -2.673304267E-02  6.562000141E-03  3.606756258E+00 
        25  1.999999955E-02 -2.658904344E-02  6.562000141E-03  3.661844271E+00 
        26  1.999999955E-02 -2.644504234E-02  6.562000141E-03  3.836828622E+00 
        27  1.999999955E-02 -2.630104311E-02  6.562000141E-03  3.860410264E+00 
        28  1.999999955E-02 -2.615704387E-02  6.562000141E-03  3.896554574E+00 
        29  1.999998651E-02 -2.607314475E-02  6.562000141E-03  4.147586646E+00 
        30  1.999994740E-02 -2.602700889E-02  6.562000141E-03  4.040379235E+00 
        31  1.999996044E-02 -2.592459694E-02  6.562000141E-03  4.048583851E+00 
        32  1.999999955E-02 -2.583321184E-02  6.561999675E-03  2.983752012E+00 
