cellnumber     x-coordinate     y-coordinate     z-coordinate velocity-magnitude 
         1 -1.169600058E-02 -1.169599779E-02  6.562000606E-03  4.566625177E+00 
         2 -1.893839985E-02 -1.893839985E-02  6.562000141E-03  4.778482775E+00 
         3 -1.887113415E-02 -1.887113415E-02  6.562000141E-03  4.726323142E+00 
         4 -1.880456693E-02 -1.880456693E-02  6.562000141E-03  4.733429013E+00 
         5 -1.870380528E-02 -1.870380342E-02  6.562000606E-03  4.720499751E+00 
         6 -1.856400073E-02 -1.856399700E-02  6.562000606E-03  4.702930467E+00 
         7 -1.849600114E-02 -1.849599741E-02  6.562000606E-03  4.708310030E+00 
         8 -1.836000010E-02 -1.835999824E-02  6.562000606E-03  4.826498994E+00 
         9 -1.808799990E-02 -1.808799803E-02  6.562000606E-03  4.961356446E+00 
        10 -1.795200072E-02 -1.795199700E-02  6.562000606E-03  5.121386494E+00 
        11 -1.967096888E-02 -1.967096888E-02  6.562000141E-03  4.992876775E+00 
        12 -1.959897019E-02 -1.959897019E-02  6.562000606E-03  5.107248183E+00 
        13 -1.952696964E-02 -1.952696964E-02  6.562000141E-03  5.233490935E+00 
        14 -1.945496909E-02 -1.945496909E-02  6.562000606E-03  5.342115894E+00 
        15 -1.938296854E-02 -1.938296854E-02  6.562000141E-03  5.340454037E+00 
        16 -1.931096986E-02 -1.931096986E-02  6.562000606E-03  5.379365791E+00 
        17 -1.923896931E-02 -1.923896931E-02  6.562000141E-03  5.238075610E+00 
        18 -1.916676387E-02 -1.916676387E-02  6.562000141E-03  5.159442231E+00 
        19 -1.912219450E-02 -1.912219450E-02  6.562000606E-03  4.939248810E+00 
        20 -1.904012822E-02 -1.904012822E-02  6.562000141E-03  4.857842598E+00 
        21 -1.898222044E-02 -1.898222044E-02  6.562000606E-03  4.738407090E+00 
        22 -2.121081017E-02 -2.121081017E-02  6.562000141E-03  9.885517543E-02 
        23 -2.120563947E-02 -2.120563947E-02  6.562000141E-03  3.049726963E-01 
        24 -2.119943500E-02 -2.119943500E-02  6.562000141E-03  5.614671872E-01 
        25 -2.119199000E-02 -2.119199000E-02  6.562000141E-03  8.803082354E-01 
        26 -2.118305862E-02 -2.118305862E-02  6.562000141E-03  1.271572749E+00 
        27 -2.117234282E-02 -2.117234282E-02  6.562000606E-03  1.734778184E+00 
        28 -2.115948871E-02 -2.115948871E-02  6.562001072E-03  2.254266193E+00 
        29 -2.114406601E-02 -2.114406601E-02  6.562000606E-03  2.802567595E+00 
        30 -2.112556621E-02 -2.112556621E-02  6.562000606E-03  3.327823457E+00 
        31 -2.110337466E-02 -2.110337466E-02  6.562000606E-03  3.720015109E+00 
        32 -2.106651478E-02 -2.106651478E-02  6.562000606E-03  3.864807666E+00 
        33 -2.102797665E-02 -2.102797665E-02  6.562000141E-03  3.797944499E+00 
        34 -2.100796066E-02 -2.100796066E-02  6.562000141E-03  3.711690240E+00 
        35 -2.095155232E-02 -2.095155232E-02  6.562000141E-03  3.679802818E+00 
        36 -2.089514025E-02 -2.089514025E-02  6.562000606E-03  3.539703096E+00 
        37 -2.082296833E-02 -2.082296833E-02  6.562000141E-03  3.733915991E+00 
        38 -2.075096965E-02 -2.075096965E-02  6.562000141E-03  4.169959737E+00 
        39 -2.067896910E-02 -2.067896910E-02  6.562000141E-03  4.507159144E+00 
        40 -2.060696855E-02 -2.060696855E-02  6.562000141E-03  4.774088802E+00 
        41 -2.053496800E-02 -2.053496800E-02  6.562000141E-03  4.926204869E+00 
        42 -2.046296932E-02 -2.046296932E-02  6.562000141E-03  4.987874243E+00 
        43 -2.039096877E-02 -2.039096877E-02  6.562000141E-03  5.019513728E+00 
        44 -2.031897008E-02 -2.031897008E-02  6.562000141E-03  4.891267483E+00 
        45 -2.024696954E-02 -2.024696954E-02  6.562000606E-03  4.863872843E+00 
        46 -2.017496899E-02 -2.017496899E-02  6.562000141E-03  4.668382292E+00 
        47 -2.010296844E-02 -2.010296844E-02  6.562000141E-03  4.690270080E+00 
        48 -2.003096975E-02 -2.003096975E-02  6.562000141E-03  4.556891840E+00 
        49 -1.995896921E-02 -1.995896921E-02  6.562000141E-03  4.644492366E+00 
        50 -1.988696866E-02 -1.988696866E-02  6.562000141E-03  4.638236364E+00 
        51 -1.981496811E-02 -1.981496811E-02  6.562000141E-03  4.779472781E+00 
        52 -1.974296942E-02 -1.974296942E-02  6.562000606E-03  4.846795397E+00 
        53 -8.976000361E-03 -8.975998498E-03  6.562000606E-03  3.138663336E+00 
        54 -9.520000778E-03 -9.519998915E-03  6.562000606E-03  3.267792683E+00 
        55 -1.006400120E-02 -1.006399840E-02  6.562000606E-03  3.503664422E+00 
        56 -1.060800068E-02 -1.060799882E-02  6.562000606E-03  3.970180940E+00 
        57 -1.115200110E-02 -1.115199830E-02  6.562000606E-03  4.297391388E+00 
        58 -6.800000556E-03 -6.799998228E-03  6.562000606E-03  1.832001731E+00 
        59 -7.344000507E-03 -7.343998179E-03  6.562000606E-03  2.286851267E+00 
        60 -7.888000458E-03 -7.887998596E-03  6.562000606E-03  2.896273094E+00 
        61 -8.432000875E-03 -8.431999013E-03  6.562000606E-03  2.974395258E+00 
        62 -4.624000285E-03 -4.623998422E-03  6.562000606E-03  5.081898341E-01 
        63 -5.168000236E-03 -5.167998374E-03  6.562000606E-03  6.270384108E-01 
        64 -5.712000653E-03 -5.711998325E-03  6.562000606E-03  1.023171359E+00 
        65 -6.256000604E-03 -6.255998276E-03  6.562000606E-03  1.366403524E+00 
        66 -1.224000100E-02 -1.223999821E-02  6.562000606E-03  4.871183635E+00 
        67 -1.278400142E-02 -1.278399862E-02  6.562000606E-03  5.234030564E+00 
        68 -1.332800090E-02 -1.332799811E-02  6.562000606E-03  5.482307484E+00 
        69 -1.387200132E-02 -1.387199853E-02  6.562000606E-03  5.594265458E+00 
        70 -1.441600081E-02 -1.441599894E-02  6.562000606E-03  5.691895107E+00 
        71 -1.496000122E-02 -1.495999843E-02  6.562000606E-03  5.518308468E+00 
        72 -1.550400164E-02 -1.550399885E-02  6.562000606E-03  5.857600858E+00 
        73 -1.604800113E-02 -1.604799926E-02  6.562000606E-03  5.792489675E+00 
        74 -1.659200154E-02 -1.659199782E-02  6.562000606E-03  5.836117619E+00 
        75 -1.713600196E-02 -1.713599823E-02  6.562000606E-03  5.902693578E+00 
        76 -1.768000238E-02 -1.767999865E-02  6.562000606E-03  5.664324343E+00 
        77 -2.830982674E-03 -2.830982674E-03  6.562000141E-03  1.040522372E+00 
        78 -2.837885404E-03 -2.837885404E-03  6.562000606E-03  1.029543032E+00 
        79 -2.846178133E-03 -2.846178133E-03  6.562000141E-03  1.015753356E+00 
        80 -2.856143517E-03 -2.856143517E-03  6.562000606E-03  9.978618529E-01 
        81 -2.868122654E-03 -2.868122654E-03  6.562000606E-03  9.740566959E-01 
        82 -2.882527420E-03 -2.882527420E-03  6.562000606E-03  9.421741317E-01 
        83 -2.899855841E-03 -2.899855841E-03  6.562000606E-03  9.005104880E-01 
        84 -2.920712344E-03 -2.920712344E-03  6.562000141E-03  8.493422125E-01 
        85 -2.945830580E-03 -2.945830580E-03  6.562000141E-03  7.938194728E-01 
        86 -2.976104384E-03 -2.976104384E-03  6.562000141E-03  7.423928595E-01 
        87 -3.015503287E-03 -3.015503287E-03  6.562000606E-03  6.985986602E-01 
        88 -3.081055824E-03 -3.081055824E-03  6.562000606E-03  6.364161570E-01 
        89 -3.150008153E-03 -3.150008153E-03  6.562000606E-03  6.168481519E-01 
        90 -3.229305614E-03 -3.229305614E-03  6.562000606E-03  5.139925569E-01 
        91 -3.341176314E-03 -3.341175616E-03  6.562000606E-03  4.132689641E-01 
        92 -3.468000097E-03 -3.467998467E-03  6.562000606E-03  3.380347223E-01 
        93 -3.536000149E-03 -3.535998287E-03  6.562000606E-03  3.215796293E-01 
        94 -3.672000254E-03 -3.671998391E-03  6.562000606E-03  2.739409496E-01 
        95 -4.080000333E-03 -4.079998471E-03  6.562000606E-03  3.880463384E-01 
