cellnumber     x-coordinate     y-coordinate     z-coordinate velocity-magnitude 
         1 -2.121081017E-02 -2.121081017E-02  6.562000141E-03  1.361212831E-01 
         2 -2.120563947E-02 -2.120563947E-02  6.562000141E-03  4.102925098E-01 
         3 -2.119943500E-02 -2.119943500E-02  6.562000141E-03  7.386912774E-01 
         4 -2.119199000E-02 -2.119199000E-02  6.562000141E-03  1.130111817E+00 
         5 -2.118305862E-02 -2.118305862E-02  6.562000141E-03  1.588576385E+00 
         6 -2.117234282E-02 -2.117234282E-02  6.562000606E-03  2.103616707E+00 
         7 -2.115948871E-02 -2.115948871E-02  6.562001072E-03  2.645678813E+00 
         8 -2.114406601E-02 -2.114406601E-02  6.562000606E-03  3.168288019E+00 
         9 -2.112556621E-02 -2.112556621E-02  6.562000606E-03  3.617109799E+00 
        10 -2.110337466E-02 -2.110337466E-02  6.562000606E-03  3.934562079E+00 
        11 -2.106651478E-02 -2.106651478E-02  6.562000606E-03  4.160967061E+00 
        12 -2.102797665E-02 -2.102797665E-02  6.562000141E-03  4.265502956E+00 
        13 -2.100796066E-02 -2.100796066E-02  6.562000141E-03  4.232352035E+00 
        14 -2.095155232E-02 -2.095155232E-02  6.562000141E-03  4.220458487E+00 
        15 -2.089514025E-02 -2.089514025E-02  6.562000606E-03  4.261141466E+00 
        16 -2.082296833E-02 -2.082296833E-02  6.562000141E-03  4.277919744E+00 
        17 -2.075096965E-02 -2.075096965E-02  6.562000141E-03  4.429949357E+00 
        18 -2.067896910E-02 -2.067896910E-02  6.562000141E-03  4.546565339E+00 
        19 -2.060696855E-02 -2.060696855E-02  6.562000141E-03  4.750361973E+00 
        20 -2.053496800E-02 -2.053496800E-02  6.562000141E-03  4.985996806E+00 
        21 -2.046296932E-02 -2.046296932E-02  6.562000141E-03  5.133355397E+00 
        22 -2.039096877E-02 -2.039096877E-02  6.562000141E-03  5.185426741E+00 
        23 -2.031897008E-02 -2.031897008E-02  6.562000141E-03  5.110230895E+00 
        24 -2.024696954E-02 -2.024696954E-02  6.562000606E-03  5.039809884E+00 
        25 -2.017496899E-02 -2.017496899E-02  6.562000141E-03  4.804576011E+00 
        26 -2.010296844E-02 -2.010296844E-02  6.562000141E-03  4.638700938E+00 
        27 -2.003096975E-02 -2.003096975E-02  6.562000141E-03  4.509142477E+00 
        28 -1.995896921E-02 -1.995896921E-02  6.562000141E-03  4.502807731E+00 
        29 -1.988696866E-02 -1.988696866E-02  6.562000141E-03  4.508625825E+00 
        30 -1.981496811E-02 -1.981496811E-02  6.562000141E-03  4.530078854E+00 
        31 -1.974296942E-02 -1.974296942E-02  6.562000606E-03  4.608990774E+00 
        32 -1.967096888E-02 -1.967096888E-02  6.562000606E-03  4.722280122E+00 
        33 -1.959897019E-02 -1.959897019E-02  6.562000606E-03  4.540885081E+00 
        34 -1.713600010E-02 -1.713600010E-02  6.562000606E-03  6.186001536E+00 
        35 -1.659199968E-02 -1.659199968E-02  6.562000606E-03  6.052048818E+00 
        36 -1.604799926E-02 -1.604799926E-02  6.562000606E-03  5.921296345E+00 
        37 -1.550399885E-02 -1.550399885E-02  6.562000606E-03  5.539230336E+00 
        38 -1.495999843E-02 -1.495999936E-02  6.562000606E-03  5.900447135E+00 
        39 -1.441599894E-02 -1.441599894E-02  6.562000606E-03  5.739516378E+00 
        40 -1.387199853E-02 -1.387199946E-02  6.562000606E-03  5.119533582E+00 
        41 -1.332799904E-02 -1.332799904E-02  6.562000606E-03  4.942974177E+00 
        42 -1.278399862E-02 -1.278399955E-02  6.562000606E-03  4.695604818E+00 
        43 -1.223999914E-02 -1.223999914E-02  6.562000606E-03  4.470078327E+00 
        44 -1.169599872E-02 -1.169599965E-02  6.562000606E-03  4.286791160E+00 
        45 -1.115199830E-02 -1.115199924E-02  6.562000606E-03  4.033443319E+00 
        46 -1.060799882E-02 -1.060799975E-02  6.562000606E-03  3.782529496E+00 
        47 -1.006399933E-02 -1.006400026E-02  6.562000606E-03  3.462636429E+00 
        48 -1.849599928E-02 -1.849599928E-02  6.562000606E-03  5.074776378E+00 
        49 -1.856399886E-02 -1.856399886E-02  6.562000606E-03  5.032134374E+00 
        50 -1.870221458E-02 -1.870221458E-02  6.562000606E-03  5.089014114E+00 
        51 -1.884462871E-02 -1.884462871E-02  6.562000141E-03  5.111989700E+00 
        52 -1.894244179E-02 -1.894244179E-02  6.562000606E-03  5.109858008E+00 
        53 -1.898222044E-02 -1.898222044E-02  6.562000606E-03  5.026390448E+00 
        54 -1.904012822E-02 -1.904012822E-02  6.562000141E-03  4.981789034E+00 
        55 -1.912219450E-02 -1.912219450E-02  6.562000606E-03  4.972229156E+00 
        56 -1.916676387E-02 -1.916676387E-02  6.562000141E-03  4.916117113E+00 
        57 -1.923896931E-02 -1.923896931E-02  6.562000141E-03  4.642898906E+00 
        58 -1.931096986E-02 -1.931096986E-02  6.562000606E-03  4.384028749E+00 
        59 -1.938296854E-02 -1.938296854E-02  6.562000141E-03  4.219335792E+00 
        60 -1.945496909E-02 -1.945496909E-02  6.562000606E-03  4.155116050E+00 
        61 -1.952696964E-02 -1.952696964E-02  6.562000141E-03  4.367220970E+00 
        62 -9.519998915E-03 -9.519999847E-03  6.562000606E-03  3.240587461E+00 
        63 -8.975998498E-03 -8.975999430E-03  6.562000606E-03  3.140412243E+00 
        64 -8.431999013E-03 -8.431999013E-03  6.562000606E-03  2.841011692E+00 
        65 -7.887998596E-03 -7.887999527E-03  6.562000606E-03  2.859205654E+00 
        66 -7.343998645E-03 -7.343999576E-03  6.562000606E-03  2.675204878E+00 
        67 -6.799998693E-03 -6.799999624E-03  6.562000606E-03  2.267539148E+00 
        68 -6.255998742E-03 -6.255999673E-03  6.562000606E-03  1.626635160E+00 
        69 -5.711998791E-03 -5.711999722E-03  6.562000606E-03  5.918885882E-01 
        70 -5.167998839E-03 -5.167999770E-03  6.562000606E-03  6.266825547E-01 
        71 -4.623998422E-03 -4.623999819E-03  6.562000606E-03  4.753281471E-01 
        72 -3.535998520E-03 -3.535999916E-03  6.562000606E-03  7.383637644E-01 
        73 -2.831034828E-03 -2.831034828E-03  6.562000141E-03  1.039394436E+00 
        74 -2.837958280E-03 -2.837958280E-03  6.562000141E-03  1.026636715E+00 
        75 -2.846276388E-03 -2.846276388E-03  6.562000141E-03  1.011744078E+00 
        76 -2.856272738E-03 -2.856272738E-03  6.562000141E-03  9.938960598E-01 
        77 -2.868288895E-03 -2.868288895E-03  6.562000141E-03  9.717829617E-01 
        78 -2.882738132E-03 -2.882738132E-03  6.562000141E-03  9.431911996E-01 
        79 -2.900120569E-03 -2.900120569E-03  6.562000141E-03  9.044173815E-01 
        80 -2.921042265E-03 -2.921042265E-03  6.562000606E-03  8.513625111E-01 
        81 -2.946239198E-03 -2.946239198E-03  6.562000606E-03  7.779073960E-01 
        82 -2.976608928E-03 -2.976608928E-03  6.562000141E-03  6.789845027E-01 
        83 -3.030340886E-03 -3.030340886E-03  6.562000606E-03  4.995862394E-01 
        84 -3.071275074E-03 -3.071275074E-03  6.562000606E-03  4.035357325E-01 
        85 -3.132193349E-03 -3.132193349E-03  6.562000141E-03  3.319550417E-01 
        86 -3.234955715E-03 -3.234955715E-03  6.562000141E-03  4.249156322E-01 
        87 -3.340300871E-03 -3.340301570E-03  6.562000606E-03  5.683374414E-01 
        88 -3.467998700E-03 -3.467999864E-03  6.562000606E-03  6.772026548E-01 
        89 -4.079998937E-03 -4.079999868E-03  6.562000606E-03  6.492480379E-01 
        90 -3.671998624E-03 -3.671999788E-03  6.562000606E-03  7.041581809E-01 
        91 -1.767999865E-02 -1.767999865E-02  6.562000606E-03  6.091276729E+00 
        92 -1.795199886E-02 -1.795199886E-02  6.562000606E-03  5.593411083E+00 
        93 -1.808799990E-02 -1.808799990E-02  6.562000606E-03  5.206653176E+00 
        94 -1.835999824E-02 -1.835999824E-02  6.562000606E-03  5.050615738E+00 
