cellnumber     x-coordinate     y-coordinate     z-coordinate velocity-magnitude 
         1 -1.895311661E-02 -1.895311661E-02  6.562000141E-03  5.322340667E+00 
         2 -1.887285709E-02 -1.887285709E-02  6.562000141E-03  5.260741292E+00 
         3 -1.878958195E-02 -1.878958195E-02  6.562000141E-03  5.152571641E+00 
         4 -1.876249723E-02 -1.876249723E-02  6.562000141E-03  5.212254509E+00 
         5 -1.869268715E-02 -1.869268529E-02  6.562000606E-03  5.119381271E+00 
         6 -1.856400259E-02 -1.856399886E-02  6.562000606E-03  4.957009058E+00 
         7 -1.849600300E-02 -1.849599928E-02  6.562000606E-03  4.948702145E+00 
         8 -1.836000197E-02 -1.835999824E-02  6.562000606E-03  4.931811191E+00 
         9 -1.808800176E-02 -1.808799803E-02  6.562000606E-03  5.443626579E+00 
        10 -1.795200258E-02 -1.795199886E-02  6.562000606E-03  6.008968713E+00 
        11 -1.768000238E-02 -1.767999865E-02  6.562000606E-03  5.899521799E+00 
        12 -1.713600196E-02 -1.713600010E-02  6.562000606E-03  5.698558484E+00 
        13 -1.898222044E-02 -1.898222044E-02  6.562000606E-03  5.201050254E+00 
        14 -1.904012822E-02 -1.904012822E-02  6.562000141E-03  5.084482062E+00 
        15 -1.912219450E-02 -1.912219450E-02  6.562000606E-03  4.860259423E+00 
        16 -1.916676387E-02 -1.916676387E-02  6.562000606E-03  4.766530349E+00 
        17 -1.923896931E-02 -1.923896931E-02  6.562000141E-03  4.681631157E+00 
        18 -1.931096986E-02 -1.931096986E-02  6.562000141E-03  4.607655059E+00 
        19 -1.938296854E-02 -1.938296854E-02  6.562000141E-03  4.551078227E+00 
        20 -1.945496909E-02 -1.945496909E-02  6.562000141E-03  4.491966635E+00 
        21 -1.952696778E-02 -1.952696778E-02  6.562000141E-03  4.464324738E+00 
        22 -1.959896833E-02 -1.959896833E-02  6.562000141E-03  4.420612448E+00 
        23 -1.967096888E-02 -1.967096888E-02  6.562000141E-03  4.368302480E+00 
        24 -1.974296942E-02 -1.974296942E-02  6.562000141E-03  4.333639954E+00 
        25 -1.981496811E-02 -1.981496811E-02  6.562000141E-03  4.273184607E+00 
        26 -1.988696866E-02 -1.988696866E-02  6.562000141E-03  4.200068895E+00 
        27 -2.121081017E-02 -2.121081017E-02  6.562000141E-03  1.267286791E-01 
        28 -2.120563947E-02 -2.120563947E-02  6.562000141E-03  3.785414760E-01 
        29 -2.119943500E-02 -2.119943500E-02  6.562000606E-03  6.786058815E-01 
        30 -2.119199000E-02 -2.119199000E-02  6.562000141E-03  1.039401417E+00 
        31 -2.118305862E-02 -2.118305862E-02  6.562000141E-03  1.473315578E+00 
        32 -2.117234282E-02 -2.117234282E-02  6.562000606E-03  1.983061565E+00 
        33 -2.115948685E-02 -2.115948685E-02  6.562000606E-03  2.548631308E+00 
        34 -2.114406601E-02 -2.114406601E-02  6.562000606E-03  3.100618339E+00 
        35 -2.112556621E-02 -2.112556621E-02  6.562000606E-03  3.509539824E+00 
        36 -2.110337466E-02 -2.110337466E-02  6.562000606E-03  3.659427429E+00 
        37 -2.106651478E-02 -2.106651478E-02  6.562000606E-03  3.578375385E+00 
        38 -2.102797665E-02 -2.102797665E-02  6.562000141E-03  3.505610922E+00 
        39 -2.100796066E-02 -2.100796066E-02  6.562000141E-03  3.468680690E+00 
        40 -2.095155232E-02 -2.095155232E-02  6.562000141E-03  3.360007601E+00 
        41 -2.089514025E-02 -2.089514025E-02  6.562000141E-03  3.407950249E+00 
        42 -2.082296833E-02 -2.082296833E-02  6.562000141E-03  3.568363327E+00 
        43 -2.075096965E-02 -2.075096965E-02  6.562000141E-03  3.734663154E+00 
        44 -2.067896910E-02 -2.067896910E-02  6.562000141E-03  3.895310975E+00 
        45 -2.060696855E-02 -2.060696855E-02  6.562000606E-03  4.014412814E+00 
        46 -2.053496987E-02 -2.053496987E-02  6.562000141E-03  4.017275496E+00 
        47 -2.046296932E-02 -2.046296932E-02  6.562000141E-03  3.962099614E+00 
        48 -2.039096877E-02 -2.039096877E-02  6.562000141E-03  3.923229728E+00 
        49 -2.031897008E-02 -2.031897008E-02  6.562000141E-03  3.796174394E+00 
        50 -2.024696954E-02 -2.024696954E-02  6.562000141E-03  3.848043994E+00 
        51 -2.017496899E-02 -2.017496899E-02  6.562000141E-03  3.809453592E+00 
        52 -2.010296844E-02 -2.010296844E-02  6.562000141E-03  3.990866846E+00 
        53 -2.003096975E-02 -2.003096975E-02  6.562000141E-03  4.014040303E+00 
        54 -1.995896921E-02 -1.995896921E-02  6.562000141E-03  4.151588354E+00 
        55 -2.831113758E-03 -2.831113758E-03  6.562000606E-03  1.020107786E+00 
        56 -2.838137560E-03 -2.838137560E-03  6.562001072E-03  9.694623814E-01 
        57 -2.846576972E-03 -2.846576972E-03  6.562000606E-03  9.121453769E-01 
        58 -2.856719075E-03 -2.856719075E-03  6.562000141E-03  8.484055891E-01 
        59 -2.868911251E-03 -2.868911251E-03  6.562000141E-03  7.794209730E-01 
        60 -2.883573063E-03 -2.883573063E-03  6.562000606E-03  7.080448388E-01 
        61 -2.901212079E-03 -2.901212079E-03  6.562000606E-03  6.389523920E-01 
        62 -2.922442975E-03 -2.922442975E-03  6.562000141E-03  5.794489869E-01 
        63 -2.948012901E-03 -2.948012901E-03  6.562000141E-03  5.333295375E-01 
        64 -2.978830831E-03 -2.978830831E-03  6.562000606E-03  5.022942367E-01 
        65 -3.020680975E-03 -3.020680975E-03  6.562000606E-03  4.719729832E-01 
        66 -3.100434784E-03 -3.100434784E-03  6.562000606E-03  4.179004558E-01 
        67 -3.216037294E-03 -3.216037294E-03  6.562000606E-03  4.393935739E-01 
        68 -3.338445909E-03 -3.338444978E-03  6.562000606E-03  4.411166827E-01 
        69 -3.468001727E-03 -3.467999864E-03  6.562000606E-03  4.340895487E-01 
        70 -3.536001779E-03 -3.535999684E-03  6.562000606E-03  4.356128433E-01 
        71 -3.672001651E-03 -3.671999788E-03  6.562000606E-03  3.632762654E-01 
        72 -4.080001730E-03 -4.079999868E-03  6.562000606E-03  4.963158413E-01 
        73 -4.624002147E-03 -4.623999819E-03  6.562000606E-03  5.273727873E-01 
        74 -5.168002099E-03 -5.167999770E-03  6.562000606E-03  9.157528537E-01 
        75 -5.712002050E-03 -5.711999722E-03  6.562000606E-03  1.114013630E+00 
        76 -6.256002001E-03 -6.255999673E-03  6.562000606E-03  1.826151825E+00 
        77 -6.800001953E-03 -6.799999624E-03  6.562000606E-03  2.041795858E+00 
        78 -7.344002370E-03 -7.343999576E-03  6.562000606E-03  2.354124530E+00 
        79 -7.888002321E-03 -7.887999527E-03  6.562000606E-03  2.593157685E+00 
        80 -8.432001807E-03 -8.431999944E-03  6.562000606E-03  2.808099605E+00 
        81 -8.976002224E-03 -8.975999430E-03  6.562000606E-03  2.939373123E+00 
        82 -9.520002641E-03 -9.519999847E-03  6.562000606E-03  3.137684593E+00 
        83 -1.006400213E-02 -1.006399933E-02  6.562000606E-03  3.575441070E+00 
        84 -1.060800254E-02 -1.060799975E-02  6.562000606E-03  4.022491455E+00 
        85 -1.115200203E-02 -1.115199924E-02  6.562000606E-03  4.341123645E+00 
        86 -1.659200341E-02 -1.659199968E-02  6.562000606E-03  5.691416205E+00 
        87 -1.604800299E-02 -1.604799926E-02  6.562000606E-03  5.442593228E+00 
        88 -1.550400257E-02 -1.550399978E-02  6.562000606E-03  5.461908487E+00 
        89 -1.496000215E-02 -1.495999936E-02  6.562000606E-03  5.723896235E+00 
        90 -1.441600267E-02 -1.441599894E-02  6.562000606E-03  5.772234785E+00 
        91 -1.387200225E-02 -1.387199946E-02  6.562000606E-03  5.585034192E+00 
        92 -1.332800277E-02 -1.332799904E-02  6.562000606E-03  5.243050199E+00 
        93 -1.278400235E-02 -1.278399955E-02  6.562000606E-03  5.069357456E+00 
        94 -1.224000286E-02 -1.223999914E-02  6.562000606E-03  4.870658128E+00 
        95 -1.169600245E-02 -1.169599965E-02  6.562000606E-03  4.615806420E+00 
