cellnumber     x-coordinate     y-coordinate     z-coordinate velocity-magnitude 
         1 -2.017496899E-02 -2.017496899E-02  6.562000141E-03  4.469361993E+00 
         2 -2.024696954E-02 -2.024696954E-02  6.562000141E-03  4.548082675E+00 
         3 -2.031897008E-02 -2.031897008E-02  6.562000141E-03  4.521265493E+00 
         4 -2.039096877E-02 -2.039096877E-02  6.562000141E-03  4.485948046E+00 
         5 -2.046296932E-02 -2.046296932E-02  6.562000606E-03  4.318684816E+00 
         6 -2.053496987E-02 -2.053496987E-02  6.562000141E-03  4.218751887E+00 
         7 -2.060696855E-02 -2.060696855E-02  6.562000606E-03  4.219737041E+00 
         8 -2.067896910E-02 -2.067896910E-02  6.562000141E-03  4.324240076E+00 
         9 -2.075096965E-02 -2.075096965E-02  6.562000606E-03  4.555236455E+00 
        10 -2.082296833E-02 -2.082296833E-02  6.562000141E-03  4.584501786E+00 
        11 -2.089514025E-02 -2.089514025E-02  6.562000141E-03  4.624402106E+00 
        12 -2.095155232E-02 -2.095155232E-02  6.562000141E-03  4.300925249E+00 
        13 -2.100796066E-02 -2.100796066E-02  6.562000141E-03  3.978378213E+00 
        14 -2.102797665E-02 -2.102797665E-02  6.562000141E-03  3.909467752E+00 
        15 -2.106651478E-02 -2.106651478E-02  6.562000606E-03  3.370448786E+00 
        16 -2.110337466E-02 -2.110337466E-02  6.562000606E-03  2.837426196E+00 
        17 -2.112556621E-02 -2.112556621E-02  6.562000606E-03  2.469876611E+00 
        18 -2.114406601E-02 -2.114406601E-02  6.562000606E-03  2.090382069E+00 
        19 -2.115948685E-02 -2.115948685E-02  6.562000606E-03  1.702306803E+00 
        20 -2.117234282E-02 -2.117234282E-02  6.562000606E-03  1.331219944E+00 
        21 -2.118305862E-02 -2.118305862E-02  6.562000141E-03  9.975878460E-01 
        22 -2.119199000E-02 -2.119199000E-02  6.562000141E-03  7.095809672E-01 
        23 -2.119943500E-02 -2.119943500E-02  6.562000141E-03  4.655094510E-01 
        24 -2.120563947E-02 -2.120563947E-02  6.562000141E-03  2.599231259E-01 
        25 -2.121081017E-02 -2.121081017E-02  6.562000141E-03  8.680415566E-02 
        26 -1.878958195E-02 -1.878958195E-02  6.562000606E-03  4.853693094E+00 
        27 -1.887285709E-02 -1.887285709E-02  6.562000141E-03  4.767140378E+00 
        28 -1.895311661E-02 -1.895311661E-02  6.562000141E-03  4.788375138E+00 
        29 -1.869268715E-02 -1.869268529E-02  6.562000606E-03  4.925955075E+00 
        30 -1.856400259E-02 -1.856399886E-02  6.562000606E-03  5.085097944E+00 
        31 -1.849600300E-02 -1.849599928E-02  6.562000606E-03  5.096935559E+00 
        32 -1.836000197E-02 -1.835999824E-02  6.562000606E-03  5.329162633E+00 
        33 -1.808800176E-02 -1.808799803E-02  6.562000606E-03  5.476913077E+00 
        34 -1.795200258E-02 -1.795199886E-02  6.562000606E-03  5.391124013E+00 
        35 -2.010297030E-02 -2.010297030E-02  6.562000141E-03  4.473006073E+00 
        36 -2.003096975E-02 -2.003096975E-02  6.562000606E-03  4.472458409E+00 
        37 -1.995896921E-02 -1.995896921E-02  6.562000141E-03  4.431454166E+00 
        38 -1.988696866E-02 -1.988696866E-02  6.562000606E-03  4.374889705E+00 
        39 -1.981496997E-02 -1.981496997E-02  6.562000141E-03  4.271078646E+00 
        40 -1.974296942E-02 -1.974296942E-02  6.562000606E-03  4.195775606E+00 
        41 -1.967096888E-02 -1.967096888E-02  6.562000141E-03  4.112465247E+00 
        42 -1.959896833E-02 -1.959896833E-02  6.562000606E-03  4.048176574E+00 
        43 -1.952696964E-02 -1.952696964E-02  6.562000141E-03  4.034344900E+00 
        44 -1.945496909E-02 -1.945496909E-02  6.562000606E-03  4.140755890E+00 
        45 -1.938296854E-02 -1.938296854E-02  6.562000141E-03  4.217530143E+00 
        46 -1.931096986E-02 -1.931096986E-02  6.562000606E-03  4.271240073E+00 
        47 -1.923896931E-02 -1.923896931E-02  6.562000141E-03  4.303611198E+00 
        48 -1.916676387E-02 -1.916676387E-02  6.562000606E-03  4.469519018E+00 
        49 -1.912219636E-02 -1.912219636E-02  6.562000606E-03  4.556875763E+00 
        50 -1.904013008E-02 -1.904013008E-02  6.562000606E-03  4.680746630E+00 
        51 -1.898222044E-02 -1.898222044E-02  6.562000606E-03  4.719673624E+00 
        52 -4.624001682E-03 -4.623999819E-03  6.562000606E-03  5.043721323E-01 
        53 -5.168002099E-03 -5.167999770E-03  6.562000606E-03  5.680127360E-01 
        54 -5.712002050E-03 -5.711999722E-03  6.562000606E-03  1.036057319E+00 
        55 -6.256002001E-03 -6.255999673E-03  6.562000606E-03  1.530195244E+00 
        56 -6.800001953E-03 -6.799999624E-03  6.562000606E-03  2.027536393E+00 
        57 -7.344001904E-03 -7.343999576E-03  6.562000606E-03  2.389762032E+00 
        58 -7.888002321E-03 -7.887999527E-03  6.562000606E-03  2.614479211E+00 
        59 -8.432001807E-03 -8.431999944E-03  6.562000606E-03  2.892237246E+00 
        60 -8.976002224E-03 -8.975999430E-03  6.562000606E-03  3.122945612E+00 
        61 -9.520002641E-03 -9.519999847E-03  6.562000606E-03  3.280648814E+00 
        62 -1.006400306E-02 -1.006400026E-02  6.562000606E-03  3.232980532E+00 
        63 -1.876249723E-02 -1.876249723E-02  6.562000606E-03  4.872919164E+00 
        64 -1.060800254E-02 -1.060799975E-02  6.562000606E-03  3.689265823E+00 
        65 -1.115200203E-02 -1.115199924E-02  6.562000606E-03  4.111366476E+00 
        66 -1.169600245E-02 -1.169599965E-02  6.562000606E-03  4.234736932E+00 
        67 -1.224000286E-02 -1.223999914E-02  6.562000606E-03  4.383482185E+00 
        68 -1.278400235E-02 -1.278399955E-02  6.562000606E-03  4.668671268E+00 
        69 -1.332800277E-02 -1.332799904E-02  6.562000606E-03  4.962067124E+00 
        70 -1.387200318E-02 -1.387199946E-02  6.562000606E-03  5.255554397E+00 
        71 -1.441600267E-02 -1.441599987E-02  6.562000606E-03  5.385976903E+00 
        72 -1.496000309E-02 -1.495999936E-02  6.562000606E-03  5.692765569E+00 
        73 -1.550400350E-02 -1.550399978E-02  6.562000606E-03  6.281484057E+00 
        74 -1.604800299E-02 -1.604799926E-02  6.562000606E-03  5.978238725E+00 
        75 -1.659200341E-02 -1.659199968E-02  6.562000606E-03  5.822036012E+00 
        76 -1.713600382E-02 -1.713600010E-02  6.562000606E-03  5.496197684E+00 
        77 -1.768000424E-02 -1.768000051E-02  6.562000606E-03  5.313430097E+00 
        78 -2.831113758E-03 -2.831113758E-03  6.562000606E-03  1.035885837E+00 
        79 -2.838137560E-03 -2.838137560E-03  6.562001072E-03  1.014816667E+00 
        80 -2.846576972E-03 -2.846576972E-03  6.562000606E-03  9.883076612E-01 
        81 -2.856719075E-03 -2.856719075E-03  6.562000141E-03  9.548206114E-01 
        82 -2.868911251E-03 -2.868911251E-03  6.562000606E-03  9.126837132E-01 
        83 -2.883573063E-03 -2.883573063E-03  6.562000606E-03  8.606307869E-01 
        84 -2.901212079E-03 -2.901212079E-03  6.562000606E-03  7.989330014E-01 
        85 -2.922442742E-03 -2.922442742E-03  6.562000141E-03  7.316049572E-01 
        86 -2.948012901E-03 -2.948012901E-03  6.562000141E-03  6.654319073E-01 
        87 -2.978831064E-03 -2.978831064E-03  6.562000606E-03  6.117235855E-01 
        88 -3.020680975E-03 -3.020680975E-03  6.562000141E-03  5.536931307E-01 
        89 -3.100434784E-03 -3.100434784E-03  6.562000141E-03  5.046308881E-01 
        90 -3.216037294E-03 -3.216037294E-03  6.562000141E-03  5.049280926E-01 
        91 -3.338445909E-03 -3.338444745E-03  6.562000141E-03  4.733781347E-01 
        92 -3.468001727E-03 -3.467999864E-03  6.562000606E-03  4.257039925E-01 
        93 -3.536001779E-03 -3.535999684E-03  6.562000606E-03  4.055392977E-01 
        94 -3.672001883E-03 -3.671999788E-03  6.562000606E-03  3.816161854E-01 
        95 -4.080001730E-03 -4.079999868E-03  6.562000606E-03  4.250252797E-01 
