cellnumber     x-coordinate     y-coordinate     z-coordinate velocity-magnitude 
         1 -7.888002321E-03 -7.887999527E-03  6.562000606E-03  2.312641810E+00 
         2 -7.344002370E-03 -7.343999576E-03  6.562000606E-03  2.322846385E+00 
         3 -6.800001953E-03 -6.799999624E-03  6.562000606E-03  2.167417634E+00 
         4 -6.256002001E-03 -6.255999673E-03  6.562000606E-03  1.772215248E+00 
         5 -5.712002050E-03 -5.711999722E-03  6.562000606E-03  1.496652822E+00 
         6 -5.168002099E-03 -5.167999770E-03  6.562000606E-03  5.385718291E-01 
         7 -4.624002147E-03 -4.623999819E-03  6.562000606E-03  6.192294223E-01 
         8 -2.831113758E-03 -2.831113525E-03  6.562000141E-03  1.020740186E+00 
         9 -2.838137560E-03 -2.838137560E-03  6.562000141E-03  9.702166810E-01 
        10 -2.846576972E-03 -2.846576972E-03  6.562000606E-03  9.116142846E-01 
        11 -2.856719075E-03 -2.856719075E-03  6.562000606E-03  8.450309370E-01 
        12 -2.868911251E-03 -2.868911251E-03  6.562000141E-03  7.723719883E-01 
        13 -2.883573063E-03 -2.883573063E-03  6.562000606E-03  6.990761526E-01 
        14 -2.901212079E-03 -2.901212079E-03  6.562000606E-03  6.352527814E-01 
        15 -2.922442975E-03 -2.922442975E-03  6.562000141E-03  5.921467288E-01 
        16 -2.948012901E-03 -2.948012901E-03  6.561999675E-03  5.739950497E-01 
        17 -2.978831064E-03 -2.978831064E-03  6.562000141E-03  5.728261936E-01 
        18 -3.020680975E-03 -3.020680975E-03  6.562000606E-03  5.817592273E-01 
        19 -3.100434784E-03 -3.100434784E-03  6.562000141E-03  5.642032453E-01 
        20 -3.216037294E-03 -3.216037294E-03  6.562000141E-03  6.039579223E-01 
        21 -3.338445909E-03 -3.338444978E-03  6.562000606E-03  6.155573936E-01 
        22 -3.468001960E-03 -3.467999864E-03  6.562000606E-03  6.559060429E-01 
        23 -3.536001779E-03 -3.535999684E-03  6.562000606E-03  6.628881818E-01 
        24 -3.672001883E-03 -3.671999788E-03  6.562000606E-03  6.767560457E-01 
        25 -4.080001730E-03 -4.079999868E-03  6.562000606E-03  5.781303511E-01 
        26 -8.432002738E-03 -8.431999944E-03  6.562000606E-03  2.503065301E+00 
        27 -8.976002224E-03 -8.975999430E-03  6.562000606E-03  2.619461506E+00 
        28 -9.520002641E-03 -9.519999847E-03  6.562000606E-03  3.002592616E+00 
        29 -1.006400213E-02 -1.006399933E-02  6.562000606E-03  3.554638667E+00 
        30 -1.060800254E-02 -1.060799975E-02  6.562000606E-03  3.719423779E+00 
        31 -1.115200296E-02 -1.115199924E-02  6.562000606E-03  3.991918922E+00 
        32 -1.169600245E-02 -1.169599965E-02  6.562000606E-03  4.423494037E+00 
        33 -1.224000286E-02 -1.223999914E-02  6.562000606E-03  4.753252928E+00 
        34 -1.278400235E-02 -1.278399862E-02  6.562000606E-03  4.959439202E+00 
        35 -1.332800277E-02 -1.332799904E-02  6.562000606E-03  5.136283212E+00 
        36 -1.387200318E-02 -1.387199946E-02  6.562000606E-03  5.292227961E+00 
        37 -1.441600267E-02 -1.441599894E-02  6.562000606E-03  5.637372739E+00 
        38 -1.496000309E-02 -1.495999936E-02  6.562000606E-03  5.955720694E+00 
        39 -1.550400257E-02 -1.550399885E-02  6.562000606E-03  5.622702519E+00 
        40 -1.604800299E-02 -1.604799926E-02  6.562000606E-03  5.418116752E+00 
        41 -1.659200341E-02 -1.659199968E-02  6.562000606E-03  5.068160589E+00 
        42 -1.713600382E-02 -1.713599823E-02  6.562000606E-03  5.577008528E+00 
        43 -1.768000238E-02 -1.767999865E-02  6.562000606E-03  5.540953260E+00 
        44 -1.895311661E-02 -1.895311661E-02  6.562000141E-03  5.005040872E+00 
        45 -1.887285709E-02 -1.887285709E-02  6.562000606E-03  5.164205341E+00 
        46 -1.878958195E-02 -1.878958195E-02  6.562000606E-03  5.164741464E+00 
        47 -1.876249537E-02 -1.876249537E-02  6.562000606E-03  5.303503742E+00 
        48 -1.869268715E-02 -1.869268529E-02  6.562000606E-03  5.325989022E+00 
        49 -1.856400259E-02 -1.856399886E-02  6.562000606E-03  5.624566482E+00 
        50 -1.849600300E-02 -1.849599928E-02  6.562000606E-03  5.661461708E+00 
        51 -1.836000197E-02 -1.835999824E-02  6.562000606E-03  5.838318074E+00 
        52 -1.808800362E-02 -1.808799803E-02  6.562000606E-03  5.853020714E+00 
        53 -1.795200258E-02 -1.795199886E-02  6.562000606E-03  5.690548636E+00 
        54 -2.121081017E-02 -2.121081017E-02  6.562000141E-03  1.492293188E-01 
        55 -2.120563947E-02 -2.120563947E-02  6.562000141E-03  4.445509636E-01 
        56 -2.119943500E-02 -2.119943500E-02  6.562000606E-03  7.917925592E-01 
        57 -2.119199000E-02 -2.119199000E-02  6.562000141E-03  1.200465370E+00 
        58 -2.118305862E-02 -2.118305862E-02  6.562000141E-03  1.680463402E+00 
        59 -2.117234282E-02 -2.117234282E-02  6.562000606E-03  2.234557442E+00 
        60 -2.115948685E-02 -2.115948685E-02  6.562000606E-03  2.846380917E+00 
        61 -2.114406601E-02 -2.114406601E-02  6.562000606E-03  3.461007185E+00 
        62 -2.112556621E-02 -2.112556621E-02  6.562000606E-03  3.975931113E+00 
        63 -2.110337466E-02 -2.110337466E-02  6.562000606E-03  4.294896309E+00 
        64 -2.106651478E-02 -2.106651478E-02  6.562000606E-03  4.437680775E+00 
        65 -2.102797665E-02 -2.102797665E-02  6.562000141E-03  4.625913561E+00 
        66 -2.100796066E-02 -2.100796066E-02  6.562000141E-03  4.588458885E+00 
        67 -2.095155232E-02 -2.095155232E-02  6.562000141E-03  4.689087885E+00 
        68 -2.089514025E-02 -2.089514025E-02  6.562000606E-03  4.808105604E+00 
        69 -2.082296833E-02 -2.082296833E-02  6.562000141E-03  4.889348391E+00 
        70 -2.075096965E-02 -2.075096965E-02  6.562000141E-03  4.599764564E+00 
        71 -2.067896910E-02 -2.067896910E-02  6.562000141E-03  4.501253402E+00 
        72 -2.060696855E-02 -2.060696855E-02  6.562000141E-03  4.388449733E+00 
        73 -2.053496800E-02 -2.053496800E-02  6.562000141E-03  4.467911926E+00 
        74 -2.046296932E-02 -2.046296932E-02  6.562000141E-03  4.481432621E+00 
        75 -2.039096877E-02 -2.039096877E-02  6.562000141E-03  4.506458800E+00 
        76 -2.031897008E-02 -2.031897008E-02  6.562000141E-03  4.479216021E+00 
        77 -2.024696954E-02 -2.024696954E-02  6.562000141E-03  4.428701829E+00 
        78 -2.017496899E-02 -2.017496899E-02  6.562000141E-03  4.391125746E+00 
        79 -2.010296844E-02 -2.010296844E-02  6.562000141E-03  4.339320658E+00 
        80 -2.003096975E-02 -2.003096975E-02  6.562000141E-03  4.329296729E+00 
        81 -1.995896734E-02 -1.995896734E-02  6.562000141E-03  4.288176478E+00 
        82 -1.988696866E-02 -1.988696866E-02  6.562000141E-03  4.357558633E+00 
        83 -1.981496811E-02 -1.981496811E-02  6.562000141E-03  4.355843628E+00 
        84 -1.974296942E-02 -1.974296942E-02  6.562000141E-03  4.477826640E+00 
        85 -1.967096888E-02 -1.967096888E-02  6.562000141E-03  4.502675371E+00 
        86 -1.959896833E-02 -1.959896833E-02  6.562000141E-03  4.651556297E+00 
        87 -1.952696778E-02 -1.952696778E-02  6.562000141E-03  4.716325817E+00 
        88 -1.945496909E-02 -1.945496909E-02  6.562000141E-03  4.722510927E+00 
        89 -1.938296854E-02 -1.938296854E-02  6.562000141E-03  4.745663790E+00 
        90 -1.931096986E-02 -1.931096986E-02  6.562000606E-03  4.764767126E+00 
        91 -1.923896931E-02 -1.923896931E-02  6.562000141E-03  4.870468813E+00 
        92 -1.916676387E-02 -1.916676387E-02  6.562000606E-03  4.957193890E+00 
        93 -1.912219450E-02 -1.912219450E-02  6.562000606E-03  5.046947750E+00 
        94 -1.904012822E-02 -1.904012822E-02  6.562000141E-03  5.066581065E+00 
        95 -1.898222044E-02 -1.898222044E-02  6.562000606E-03  5.138551162E+00 
