cellnumber     x-coordinate     y-coordinate     z-coordinate velocity-magnitude 
         1  2.500000037E-02 -3.057143651E-02  6.562000141E-03  5.522642386E-01 
         2  2.500000037E-02 -3.046895750E-02  6.562000141E-03  5.587114859E-01 
         3  2.500000037E-02 -3.033304401E-02  6.562000141E-03  5.084290456E-01 
         4  2.500000224E-02 -3.018904291E-02  6.561999675E-03  4.262167088E-01 
         5  2.500000037E-02 -3.004504368E-02  6.562000141E-03  3.330911677E-01 
         6  2.500000037E-02 -2.990104258E-02  6.561999675E-03  2.923911319E-01 
         7  2.500000037E-02 -2.975704335E-02  6.561999675E-03  4.575957249E-01 
         8  2.500000224E-02 -2.961304411E-02  6.561999675E-03  8.361839340E-01 
         9  2.500000037E-02 -2.946904302E-02  6.562000141E-03  1.339568361E+00 
        10  2.500000037E-02 -2.932504378E-02  6.561999675E-03  1.854459065E+00 
        11  2.500000224E-02 -2.918104269E-02  6.561999675E-03  2.299865915E+00 
        12  2.500000224E-02 -2.903704345E-02  6.562000141E-03  2.647167388E+00 
        13  2.500000224E-02 -2.889304422E-02  6.562000141E-03  2.868918474E+00 
        14  2.500000037E-02 -2.874904312E-02  6.562000141E-03  2.986263921E+00 
        15  2.500000224E-02 -2.860504389E-02  6.561999675E-03  3.047443465E+00 
        16  2.500000224E-02 -2.846104465E-02  6.562000141E-03  3.085864647E+00 
        17  2.500000037E-02 -2.831704356E-02  6.562000141E-03  3.120143853E+00 
        18  2.500000224E-02 -2.817304246E-02  6.561999675E-03  3.160769701E+00 
        19  2.500000037E-02 -2.802904323E-02  6.562000141E-03  3.212716890E+00 
        20  2.500000224E-02 -2.788504399E-02  6.561999675E-03  3.277157755E+00 
        21  2.500000037E-02 -2.774104290E-02  6.562000141E-03  3.352182113E+00 
        22  2.500000037E-02 -2.759704366E-02  6.561999675E-03  3.433258998E+00 
        23  2.500000037E-02 -2.745304257E-02  6.561999675E-03  3.513926620E+00 
        24  2.500000224E-02 -2.730904333E-02  6.561999675E-03  3.587431467E+00 
        25  2.500000224E-02 -2.716504410E-02  6.562000141E-03  3.648699240E+00 
        26  2.500000224E-02 -2.702104487E-02  6.562000141E-03  3.695763613E+00 
        27  2.500000224E-02 -2.687704377E-02  6.562000141E-03  3.729464989E+00 
        28  2.500000224E-02 -2.673304453E-02  6.562000141E-03  3.752065332E+00 
        29  2.500000224E-02 -2.658904344E-02  6.562000141E-03  3.766045393E+00 
        30  2.500000224E-02 -2.644504420E-02  6.562000141E-03  3.773736255E+00 
        31  2.500000224E-02 -2.630104497E-02  6.562000141E-03  3.776702126E+00 
        32  2.500000224E-02 -2.615704387E-02  6.562000141E-03  3.775728742E+00 
        33  2.500000224E-02 -2.601304464E-02  6.562000141E-03  3.769396866E+00 
        34  2.500000224E-02 -2.586904354E-02  6.562000141E-03  3.753302246E+00 
        35  2.500000224E-02 -2.572504431E-02  6.562000141E-03  3.715693394E+00 
        36  2.500000224E-02 -2.558104321E-02  6.562000141E-03  3.626940057E+00 
        37  2.500000224E-02 -2.543704398E-02  6.562000141E-03  3.429679325E+00 
        38  2.500000224E-02 -2.529304475E-02  6.562000141E-03  3.026848622E+00 
        39  2.500000037E-02 -2.515085414E-02  6.562000141E-03  2.388926368E+00 
        40  2.500000037E-02 -2.501806431E-02  6.562000141E-03  1.709877174E+00 
        41  2.500000037E-02 -2.492471784E-02  6.562000141E-03  1.366075498E+00 
        42  2.500000037E-02 -2.487709187E-02  6.562000141E-03  1.174865699E+00 
        43  2.500000037E-02 -2.484604903E-02  6.562000141E-03  1.042737902E+00 
        44  2.500000037E-02 -2.482001111E-02  6.561999675E-03  9.007847199E-01 
        45  2.500000037E-02 -2.479819022E-02  6.562000141E-03  7.474186420E-01 
        46  2.500000037E-02 -2.477990836E-02  6.562000141E-03  5.935002595E-01 
        47  2.500000037E-02 -2.476578765E-02  6.562000606E-03  4.501768222E-01 
