cellnumber     x-coordinate     y-coordinate     z-coordinate velocity-magnitude 
         1  2.500000037E-02 -2.788504399E-02  6.561999675E-03  2.797316915E+00 
         2  2.500000037E-02 -2.774104290E-02  6.561999675E-03  2.744814381E+00 
         3  2.500000037E-02 -2.759704366E-02  6.561999675E-03  2.690736531E+00 
         4  2.500000037E-02 -2.745304257E-02  6.561999675E-03  2.631204433E+00 
         5  2.500000037E-02 -2.730904333E-02  6.561999675E-03  2.588389028E+00 
         6  2.500000224E-02 -2.716504410E-02  6.561999675E-03  2.562728028E+00 
         7  2.500000224E-02 -2.702104487E-02  6.562000141E-03  2.565921884E+00 
         8  2.500000037E-02 -2.687704377E-02  6.562000141E-03  2.593695112E+00 
         9  2.500000224E-02 -2.673304267E-02  6.561999675E-03  2.571121709E+00 
        10  2.500000037E-02 -2.658904344E-02  6.562000141E-03  2.525040066E+00 
        11  2.500000037E-02 -2.644504420E-02  6.561999675E-03  2.456253157E+00 
        12  2.500000224E-02 -2.630104311E-02  6.561999675E-03  2.370039663E+00 
        13  2.500000224E-02 -2.615704387E-02  6.562000141E-03  2.275701802E+00 
        14  2.500000224E-02 -2.601304464E-02  6.562000141E-03  2.259766218E+00 
        15  2.500000224E-02 -2.586904354E-02  6.562000141E-03  1.887797840E+00 
        16  2.500000224E-02 -2.572504431E-02  6.562000141E-03  4.475634626E-01 
        17  2.500000224E-02 -2.558104508E-02  6.562000141E-03  5.669149882E-01 
        18  2.500000224E-02 -2.543704398E-02  6.562000141E-03  8.444862710E-01 
        19  2.500000037E-02 -2.529304288E-02  6.562000141E-03  1.022226905E+00 
        20  2.500000037E-02 -2.515085414E-02  6.561999675E-03  1.004968312E+00 
        21  2.500000037E-02 -2.501806431E-02  6.562000141E-03  7.741976170E-01 
        22  2.500000037E-02 -2.492471784E-02  6.562000141E-03  5.568248194E-01 
        23  2.500000037E-02 -2.487709187E-02  6.562000141E-03  3.046160503E-01 
        24  2.500000037E-02 -2.484604716E-02  6.562000141E-03  2.016928159E-01 
        25  2.500000037E-02 -2.482001111E-02  6.561999675E-03  1.326746038E-01 
        26  2.500000037E-02 -2.479819022E-02  6.562000141E-03  1.152189166E-01 
        27  2.500000037E-02 -2.477990836E-02  6.562000141E-03  1.154618912E-01 
        28  2.500000037E-02 -2.476578765E-02  6.562000606E-03  1.114898533E-01 
        29  2.500000037E-02 -2.802904323E-02  6.562000141E-03  2.825804025E+00 
        30  2.500000224E-02 -2.817304432E-02  6.562000141E-03  2.827462852E+00 
        31  2.500000224E-02 -2.831704356E-02  6.562000141E-03  2.809934326E+00 
        32  2.500000224E-02 -2.846104465E-02  6.562000141E-03  2.781940614E+00 
        33  2.500000224E-02 -2.860504389E-02  6.562000141E-03  2.744551805E+00 
        34  2.500000224E-02 -2.874904498E-02  6.562000141E-03  2.720648985E+00 
        35  2.500000224E-02 -2.889304422E-02  6.562000141E-03  2.666868856E+00 
        36  2.500000224E-02 -2.903704345E-02  6.562000141E-03  2.639284578E+00 
        37  2.500000224E-02 -2.918104455E-02  6.562000141E-03  2.576897994E+00 
        38  2.500000224E-02 -2.932504378E-02  6.562000141E-03  2.543013825E+00 
        39  2.500000224E-02 -2.946904302E-02  6.561999675E-03  2.548990479E+00 
        40  2.500000037E-02 -2.961304411E-02  6.562000141E-03  2.496025748E+00 
        41  2.500000224E-02 -2.975704521E-02  6.562000141E-03  1.804553332E+00 
        42  2.500000224E-02 -2.990104258E-02  6.561999675E-03  1.190909633E+00 
        43  2.500000037E-02 -3.004504368E-02  6.562000141E-03  7.737184170E-01 
        44  2.500000224E-02 -3.018904291E-02  6.561999675E-03  5.652252987E-01 
        45  2.500000037E-02 -3.033304401E-02  6.561999675E-03  4.803716189E-01 
        46  2.500000037E-02 -3.046895750E-02  6.562000141E-03  3.452551815E-01 
        47  2.500000037E-02 -3.057143651E-02  6.562000141E-03  3.096695930E-01 
