cellnumber     x-coordinate     y-coordinate     z-coordinate velocity-magnitude 
         1  2.500000037E-02 -2.788504399E-02  6.561999675E-03  2.867503255E+00 
         2  2.500000037E-02 -2.774104290E-02  6.561999675E-03  2.785728549E+00 
         3  2.500000037E-02 -2.759704366E-02  6.561999675E-03  2.569990825E+00 
         4  2.500000037E-02 -2.745304257E-02  6.561999675E-03  2.356775565E+00 
         5  2.500000037E-02 -2.730904333E-02  6.561999675E-03  2.287815393E+00 
         6  2.500000224E-02 -2.716504410E-02  6.561999675E-03  2.289843237E+00 
         7  2.500000224E-02 -2.702104487E-02  6.562000141E-03  2.351005131E+00 
         8  2.500000037E-02 -2.687704377E-02  6.562000141E-03  2.521201066E+00 
         9  2.500000224E-02 -2.673304267E-02  6.561999675E-03  2.770451010E+00 
        10  2.500000037E-02 -2.658904344E-02  6.562000141E-03  2.955667737E+00 
        11  2.500000037E-02 -2.644504420E-02  6.561999675E-03  3.029035884E+00 
        12  2.500000224E-02 -2.630104311E-02  6.561999675E-03  2.998016213E+00 
        13  2.500000224E-02 -2.615704387E-02  6.562000141E-03  2.870520207E+00 
        14  2.500000224E-02 -2.601304464E-02  6.562000141E-03  2.435489616E+00 
        15  2.500000224E-02 -2.586904354E-02  6.562000141E-03  1.719436683E+00 
        16  2.500000224E-02 -2.572504431E-02  6.562000141E-03  1.319769183E+00 
        17  2.500000224E-02 -2.558104508E-02  6.562000141E-03  1.187187923E+00 
        18  2.500000224E-02 -2.543704398E-02  6.562000141E-03  8.612804701E-01 
        19  2.500000037E-02 -2.529304288E-02  6.562000141E-03  2.847510071E-01 
        20  2.500000037E-02 -2.515085414E-02  6.561999675E-03  9.250121958E-01 
        21  2.500000037E-02 -2.501806431E-02  6.562000141E-03  1.293757220E+00 
        22  2.500000037E-02 -2.492471784E-02  6.562000141E-03  1.090229089E+00 
        23  2.500000037E-02 -2.487709187E-02  6.562000141E-03  8.229788705E-01 
        24  2.500000037E-02 -2.484604716E-02  6.562000141E-03  6.905947438E-01 
        25  2.500000037E-02 -2.482001111E-02  6.561999675E-03  5.737467700E-01 
        26  2.500000037E-02 -2.479819022E-02  6.562000141E-03  5.176182471E-01 
        27  2.500000037E-02 -2.477990836E-02  6.562000141E-03  4.731970094E-01 
        28  2.500000037E-02 -2.476578765E-02  6.562000606E-03  4.120512829E-01 
        29  2.500000037E-02 -2.802904323E-02  6.562000141E-03  2.901400130E+00 
        30  2.500000224E-02 -2.817304432E-02  6.562000141E-03  2.961270425E+00 
        31  2.500000224E-02 -2.831704356E-02  6.562000141E-03  2.961504516E+00 
        32  2.500000224E-02 -2.846104465E-02  6.562000141E-03  2.928327345E+00 
        33  2.500000224E-02 -2.860504389E-02  6.562000141E-03  3.015432180E+00 
        34  2.500000224E-02 -2.874904498E-02  6.562000141E-03  3.264483668E+00 
        35  2.500000224E-02 -2.889304422E-02  6.562000141E-03  3.458199244E+00 
        36  2.500000224E-02 -2.903704345E-02  6.562000141E-03  3.509263815E+00 
        37  2.500000224E-02 -2.918104455E-02  6.562000141E-03  3.331793835E+00 
        38  2.500000224E-02 -2.932504378E-02  6.562000141E-03  2.745381403E+00 
        39  2.500000224E-02 -2.946904302E-02  6.561999675E-03  1.832637186E+00 
        40  2.500000037E-02 -2.961304411E-02  6.562000141E-03  1.641249228E+00 
        41  2.500000224E-02 -2.975704521E-02  6.562000141E-03  1.515310947E+00 
        42  2.500000224E-02 -2.990104258E-02  6.561999675E-03  1.550345985E+00 
        43  2.500000037E-02 -3.004504368E-02  6.562000141E-03  1.842729661E+00 
        44  2.500000224E-02 -3.018904291E-02  6.561999675E-03  1.746947708E+00 
        45  2.500000037E-02 -3.033304401E-02  6.561999675E-03  9.604832035E-01 
        46  2.500000037E-02 -3.046895750E-02  6.562000141E-03  1.005758330E+00 
        47  2.500000037E-02 -3.057143651E-02  6.562000141E-03  5.719269540E-01 
