cellnumber     x-coordinate     y-coordinate     z-coordinate velocity-magnitude 
         1  2.500000037E-02 -2.788504399E-02  6.561999675E-03  2.780363459E+00 
         2  2.500000037E-02 -2.774104290E-02  6.561999675E-03  2.792130594E+00 
         3  2.500000037E-02 -2.759704366E-02  6.561999675E-03  2.790050920E+00 
         4  2.500000037E-02 -2.745304257E-02  6.561999675E-03  2.792453535E+00 
         5  2.500000037E-02 -2.730904333E-02  6.561999675E-03  2.816643540E+00 
         6  2.500000224E-02 -2.716504410E-02  6.561999675E-03  2.852459902E+00 
         7  2.500000224E-02 -2.702104487E-02  6.562000141E-03  2.865842250E+00 
         8  2.500000037E-02 -2.687704377E-02  6.562000141E-03  2.860846881E+00 
         9  2.500000224E-02 -2.673304267E-02  6.561999675E-03  2.888982123E+00 
        10  2.500000037E-02 -2.658904344E-02  6.562000141E-03  2.926470400E+00 
        11  2.500000037E-02 -2.644504420E-02  6.561999675E-03  3.011998620E+00 
        12  2.500000224E-02 -2.630104311E-02  6.561999675E-03  3.084708698E+00 
        13  2.500000224E-02 -2.615704387E-02  6.562000141E-03  3.172954233E+00 
        14  2.500000224E-02 -2.601304464E-02  6.562000141E-03  3.109741870E+00 
        15  2.500000224E-02 -2.586904354E-02  6.562000141E-03  2.698440853E+00 
        16  2.500000224E-02 -2.572504431E-02  6.562000141E-03  2.291969721E+00 
        17  2.500000224E-02 -2.558104508E-02  6.562000141E-03  1.417896383E+00 
        18  2.500000224E-02 -2.543704398E-02  6.562000141E-03  6.665007879E-01 
        19  2.500000037E-02 -2.529304288E-02  6.562000141E-03  7.997561193E-01 
        20  2.500000037E-02 -2.515085414E-02  6.561999675E-03  1.038855833E+00 
        21  2.500000037E-02 -2.501806431E-02  6.562000141E-03  9.971108343E-01 
        22  2.500000037E-02 -2.492471784E-02  6.562000141E-03  5.864167014E-01 
        23  2.500000037E-02 -2.487709187E-02  6.562000141E-03  3.664710672E-01 
        24  2.500000037E-02 -2.484604716E-02  6.562000141E-03  2.314186839E-01 
        25  2.500000037E-02 -2.482001111E-02  6.561999675E-03  1.301462651E-01 
        26  2.500000037E-02 -2.479819022E-02  6.562000141E-03  7.640072281E-02 
        27  2.500000037E-02 -2.477990836E-02  6.562000141E-03  8.531729144E-02 
        28  2.500000037E-02 -2.476578765E-02  6.562000606E-03  1.066947893E-01 
        29  2.500000037E-02 -2.802904323E-02  6.562000141E-03  2.742764680E+00 
        30  2.500000224E-02 -2.817304432E-02  6.562000141E-03  2.714158711E+00 
        31  2.500000224E-02 -2.831704356E-02  6.562000141E-03  2.712048458E+00 
        32  2.500000224E-02 -2.846104465E-02  6.562000141E-03  2.722307436E+00 
        33  2.500000224E-02 -2.860504389E-02  6.562000141E-03  2.720135466E+00 
        34  2.500000224E-02 -2.874904498E-02  6.562000141E-03  2.725396358E+00 
        35  2.500000224E-02 -2.889304422E-02  6.562000141E-03  2.742722714E+00 
        36  2.500000224E-02 -2.903704345E-02  6.562000141E-03  2.832617241E+00 
        37  2.500000224E-02 -2.918104455E-02  6.562000141E-03  2.905040242E+00 
        38  2.500000224E-02 -2.932504378E-02  6.562000141E-03  2.757611782E+00 
        39  2.500000224E-02 -2.946904302E-02  6.561999675E-03  2.186125521E+00 
        40  2.500000037E-02 -2.961304411E-02  6.562000141E-03  1.925804612E+00 
        41  2.500000224E-02 -2.975704521E-02  6.562000141E-03  1.876084200E+00 
        42  2.500000224E-02 -2.990104258E-02  6.561999675E-03  1.556469682E+00 
        43  2.500000037E-02 -3.004504368E-02  6.562000141E-03  1.117525357E+00 
        44  2.500000224E-02 -3.018904291E-02  6.561999675E-03  6.624538093E-01 
        45  2.500000037E-02 -3.033304401E-02  6.561999675E-03  4.015602695E-01 
        46  2.500000037E-02 -3.046895750E-02  6.562000141E-03  6.287424494E-01 
        47  2.500000037E-02 -3.057143651E-02  6.562000141E-03  5.644965211E-01 
