cellnumber     x-coordinate     y-coordinate     z-coordinate velocity-magnitude 
         1  2.500000037E-02 -3.057143651E-02  6.562000141E-03  3.759059746E-01 
         2  2.500000037E-02 -3.046895750E-02  6.562000141E-03  2.962678293E-01 
         3  2.500000037E-02 -3.033304401E-02  6.562000141E-03  1.764865462E-01 
         4  2.500000224E-02 -3.018904291E-02  6.561999675E-03  9.223502282E-02 
         5  2.500000037E-02 -3.004504368E-02  6.562000141E-03  2.784041554E-01 
         6  2.500000037E-02 -2.990104258E-02  6.561999675E-03  5.619189096E-01 
         7  2.500000037E-02 -2.975704335E-02  6.561999675E-03  8.482772743E-01 
         8  2.500000224E-02 -2.961304411E-02  6.561999675E-03  1.097411375E+00 
         9  2.500000037E-02 -2.946904302E-02  6.562000141E-03  1.318722611E+00 
        10  2.500000037E-02 -2.932504378E-02  6.561999675E-03  1.537221686E+00 
        11  2.500000224E-02 -2.918104269E-02  6.561999675E-03  1.769580394E+00 
        12  2.500000224E-02 -2.903704345E-02  6.562000141E-03  2.021827959E+00 
        13  2.500000224E-02 -2.889304422E-02  6.562000141E-03  2.292196549E+00 
        14  2.500000037E-02 -2.874904312E-02  6.562000141E-03  2.570501887E+00 
        15  2.500000224E-02 -2.860504389E-02  6.561999675E-03  2.833478746E+00 
        16  2.500000224E-02 -2.846104465E-02  6.562000141E-03  3.041784971E+00 
        17  2.500000037E-02 -2.831704356E-02  6.562000141E-03  3.178357802E+00 
        18  2.500000224E-02 -2.817304246E-02  6.561999675E-03  3.261592055E+00 
        19  2.500000037E-02 -2.802904323E-02  6.562000141E-03  3.316010997E+00 
        20  2.500000224E-02 -2.788504399E-02  6.561999675E-03  3.356250689E+00 
        21  2.500000037E-02 -2.774104290E-02  6.562000141E-03  3.389388590E+00 
        22  2.500000037E-02 -2.759704366E-02  6.561999675E-03  3.418348311E+00 
        23  2.500000037E-02 -2.745304257E-02  6.561999675E-03  3.444373907E+00 
        24  2.500000224E-02 -2.730904333E-02  6.561999675E-03  3.468141754E+00 
        25  2.500000224E-02 -2.716504410E-02  6.562000141E-03  3.490190930E+00 
        26  2.500000224E-02 -2.702104487E-02  6.562000141E-03  3.511016927E+00 
        27  2.500000224E-02 -2.687704377E-02  6.562000141E-03  3.531022923E+00 
        28  2.500000224E-02 -2.673304453E-02  6.562000141E-03  3.550508843E+00 
        29  2.500000224E-02 -2.658904344E-02  6.562000141E-03  3.569579672E+00 
        30  2.500000224E-02 -2.644504420E-02  6.562000141E-03  3.588165546E+00 
        31  2.500000224E-02 -2.630104497E-02  6.562000141E-03  3.605627978E+00 
        32  2.500000224E-02 -2.615704387E-02  6.562000141E-03  3.620785329E+00 
        33  2.500000224E-02 -2.601304464E-02  6.562000141E-03  3.630514523E+00 
        34  2.500000224E-02 -2.586904354E-02  6.562000141E-03  3.628207471E+00 
        35  2.500000224E-02 -2.572504431E-02  6.562000141E-03  3.593222484E+00 
        36  2.500000224E-02 -2.558104321E-02  6.562000141E-03  3.483214961E+00 
        37  2.500000224E-02 -2.543704398E-02  6.562000141E-03  3.199390841E+00 
        38  2.500000224E-02 -2.529304475E-02  6.562000141E-03  2.614376560E+00 
        39  2.500000037E-02 -2.515085414E-02  6.562000141E-03  1.781176720E+00 
        40  2.500000037E-02 -2.501806431E-02  6.562000141E-03  1.082520261E+00 
        41  2.500000037E-02 -2.492471784E-02  6.562000141E-03  7.974691612E-01 
        42  2.500000037E-02 -2.487709187E-02  6.562000141E-03  6.523094719E-01 
        43  2.500000037E-02 -2.484604903E-02  6.562000141E-03  5.443457298E-01 
        44  2.500000037E-02 -2.482001111E-02  6.561999675E-03  4.374993626E-01 
        45  2.500000037E-02 -2.479819022E-02  6.562000141E-03  3.382726772E-01 
        46  2.500000037E-02 -2.477990836E-02  6.562000141E-03  2.523545468E-01 
        47  2.500000037E-02 -2.476578765E-02  6.562000606E-03  1.812593268E-01 
