cellnumber     x-coordinate     y-coordinate     z-coordinate velocity-magnitude 
         1  2.500000037E-02 -3.057143651E-02  6.562000141E-03  3.119232971E-01 
         2  2.500000037E-02 -3.046895750E-02  6.562000141E-03  2.406194553E-01 
         3  2.500000037E-02 -3.033304401E-02  6.562000141E-03  1.206615361E-01 
         4  2.500000224E-02 -3.018904291E-02  6.561999675E-03  8.243346575E-02 
         5  2.500000037E-02 -3.004504368E-02  6.562000141E-03  3.270152623E-01 
         6  2.500000037E-02 -2.990104258E-02  6.561999675E-03  6.872412907E-01 
         7  2.500000037E-02 -2.975704335E-02  6.561999675E-03  1.144861905E+00 
         8  2.500000224E-02 -2.961304411E-02  6.561999675E-03  1.624869277E+00 
         9  2.500000037E-02 -2.946904302E-02  6.562000141E-03  2.039854598E+00 
        10  2.500000037E-02 -2.932504378E-02  6.561999675E-03  2.355384666E+00 
        11  2.500000224E-02 -2.918104269E-02  6.561999675E-03  2.580518974E+00 
        12  2.500000224E-02 -2.903704345E-02  6.562000141E-03  2.741766681E+00 
        13  2.500000224E-02 -2.889304422E-02  6.562000141E-03  2.863831908E+00 
        14  2.500000037E-02 -2.874904312E-02  6.562000141E-03  2.961750126E+00 
        15  2.500000224E-02 -2.860504389E-02  6.561999675E-03  3.044487795E+00 
        16  2.500000224E-02 -2.846104465E-02  6.562000141E-03  3.117546648E+00 
        17  2.500000037E-02 -2.831704356E-02  6.562000141E-03  3.184241905E+00 
        18  2.500000224E-02 -2.817304246E-02  6.561999675E-03  3.246492927E+00 
        19  2.500000037E-02 -2.802904323E-02  6.562000141E-03  3.305408299E+00 
        20  2.500000224E-02 -2.788504399E-02  6.561999675E-03  3.361260871E+00 
        21  2.500000037E-02 -2.774104290E-02  6.562000141E-03  3.413527759E+00 
        22  2.500000037E-02 -2.759704366E-02  6.561999675E-03  3.461179087E+00 
        23  2.500000037E-02 -2.745304257E-02  6.561999675E-03  3.503253187E+00 
        24  2.500000224E-02 -2.730904333E-02  6.561999675E-03  3.539126565E+00 
        25  2.500000224E-02 -2.716504410E-02  6.562000141E-03  3.568562247E+00 
        26  2.500000224E-02 -2.702104487E-02  6.562000141E-03  3.591834772E+00 
        27  2.500000224E-02 -2.687704377E-02  6.562000141E-03  3.609570686E+00 
        28  2.500000224E-02 -2.673304453E-02  6.562000141E-03  3.622646021E+00 
        29  2.500000224E-02 -2.658904344E-02  6.562000141E-03  3.632033328E+00 
        30  2.500000224E-02 -2.644504420E-02  6.562000141E-03  3.638485648E+00 
        31  2.500000224E-02 -2.630104497E-02  6.562000141E-03  3.641947852E+00 
        32  2.500000224E-02 -2.615704387E-02  6.562000141E-03  3.642131772E+00 
        33  2.500000224E-02 -2.601304464E-02  6.562000141E-03  3.636899475E+00 
        34  2.500000224E-02 -2.586904354E-02  6.562000141E-03  3.622152293E+00 
        35  2.500000224E-02 -2.572504431E-02  6.562000141E-03  3.587278773E+00 
        36  2.500000224E-02 -2.558104321E-02  6.562000141E-03  3.511506242E+00 
        37  2.500000224E-02 -2.543704398E-02  6.562000141E-03  3.362279359E+00 
        38  2.500000224E-02 -2.529304475E-02  6.562000141E-03  3.105791434E+00 
        39  2.500000037E-02 -2.515085414E-02  6.562000141E-03  2.669748045E+00 
        40  2.500000037E-02 -2.501806431E-02  6.562000141E-03  2.087755337E+00 
        41  2.500000037E-02 -2.492471784E-02  6.562000141E-03  1.637327613E+00 
        42  2.500000037E-02 -2.487709187E-02  6.562000141E-03  1.278617921E+00 
        43  2.500000037E-02 -2.484604903E-02  6.562000141E-03  1.030523745E+00 
        44  2.500000037E-02 -2.482001111E-02  6.561999675E-03  8.080701602E-01 
        45  2.500000037E-02 -2.479819022E-02  6.562000141E-03  6.129541287E-01 
        46  2.500000037E-02 -2.477990836E-02  6.562000141E-03  4.509861805E-01 
        47  2.500000037E-02 -2.476578765E-02  6.562000606E-03  3.217982384E-01 
