cellnumber     x-coordinate     y-coordinate     z-coordinate velocity-magnitude 
         1  2.002207376E-02 -2.002207376E-02  6.562000141E-03  4.816285146E+00 
         2  2.009407245E-02 -2.009407245E-02  6.562000141E-03  4.681548788E+00 
         3  2.016607299E-02 -2.016607299E-02  6.562000141E-03  4.489334721E+00 
         4  2.023807354E-02 -2.023807354E-02  6.562000141E-03  4.483289181E+00 
         5  2.031007409E-02 -2.031007409E-02  6.562000141E-03  4.489378511E+00 
         6  2.038207278E-02 -2.038207278E-02  6.562000141E-03  4.553963541E+00 
         7  2.045407332E-02 -2.045407332E-02  6.562000141E-03  4.658831997E+00 
         8  2.052607387E-02 -2.052607387E-02  6.562000141E-03  4.773838717E+00 
         9  2.059807256E-02 -2.059807256E-02  6.562000141E-03  4.943450045E+00 
        10  2.067007311E-02 -2.067007311E-02  6.562000141E-03  4.946640641E+00 
        11  2.074207366E-02 -2.074207366E-02  6.562000141E-03  4.942935246E+00 
        12  2.081407234E-02 -2.081407234E-02  6.562000141E-03  4.865835044E+00 
        13  2.088592015E-02 -2.088592015E-02  6.562000141E-03  4.703162750E+00 
        14  2.093681321E-02 -2.093681321E-02  6.562000141E-03  4.656247933E+00 
        15  2.101955935E-02 -2.101955935E-02  6.562000141E-03  4.332228679E+00 
        16  2.107902244E-02 -2.107902244E-02  6.562000606E-03  3.914880604E+00 
        17  2.110386454E-02 -2.110386454E-02  6.562000606E-03  3.543095840E+00 
        18  2.112595551E-02 -2.112595551E-02  6.562000606E-03  3.179283516E+00 
        19  2.114437334E-02 -2.114437334E-02  6.562000141E-03  2.770744480E+00 
        20  2.115972713E-02 -2.115972713E-02  6.562000606E-03  2.334454941E+00 
        21  2.117252536E-02 -2.117252536E-02  6.562000141E-03  1.888603157E+00 
        22  2.118319459E-02 -2.118319459E-02  6.562000141E-03  1.457550073E+00 
        23  2.119208500E-02 -2.119208500E-02  6.562000141E-03  1.060321360E+00 
        24  2.119949646E-02 -2.119949646E-02  6.562000141E-03  7.067978957E-01 
        25  2.120567486E-02 -2.120567486E-02  6.562000141E-03  3.989771468E-01 
        26  2.121082321E-02 -2.121082321E-02  6.562000141E-03  1.343603414E-01 
        27  1.659199968E-02 -1.659199968E-02  6.562000606E-03  5.602425774E+00 
        28  1.604799926E-02 -1.604799926E-02  6.562000606E-03  5.458842218E+00 
        29  1.550399885E-02 -1.550399885E-02  6.562000606E-03  5.574635585E+00 
        30  1.495999936E-02 -1.495999843E-02  6.562000606E-03  5.313709616E+00 
        31  1.441599894E-02 -1.441599894E-02  6.562000606E-03  4.939622192E+00 
        32  1.387199946E-02 -1.387199853E-02  6.562000606E-03  4.735483452E+00 
        33  1.332799904E-02 -1.332799904E-02  6.562000606E-03  4.499439453E+00 
        34  1.278399955E-02 -1.278399862E-02  6.562000606E-03  4.202353026E+00 
        35  1.223999914E-02 -1.223999914E-02  6.562000606E-03  3.925530811E+00 
        36  1.169599965E-02 -1.169599872E-02  6.562000606E-03  3.568419522E+00 
        37  8.975999430E-03 -8.975998498E-03  6.562000606E-03  2.697182879E+00 
        38  8.431999013E-03 -8.431999013E-03  6.562000606E-03  2.571428498E+00 
        39  7.887999527E-03 -7.887998596E-03  6.562000606E-03  2.401167151E+00 
        40  7.344000041E-03 -7.343999110E-03  6.562000606E-03  1.847976441E+00 
        41  6.799999624E-03 -6.799998693E-03  6.562000606E-03  1.398343977E+00 
        42  6.255999673E-03 -6.255998742E-03  6.562000606E-03  6.480816245E-01 
        43  5.711999722E-03 -5.711998791E-03  6.562000606E-03  8.025333649E-01 
        44  5.167999770E-03 -5.167998839E-03  6.562000606E-03  7.273626938E-01 
        45  4.623999819E-03 -4.623998422E-03  6.562000606E-03  4.743876920E-01 
        46  4.079999868E-03 -4.079998471E-03  6.562000606E-03  3.254859964E-01 
        47  3.671999788E-03 -3.671998624E-03  6.562000606E-03  5.322783531E-01 
        48  3.535999916E-03 -3.535998520E-03  6.562000606E-03  6.735882698E-01 
        49  3.467999864E-03 -3.467998700E-03  6.562000606E-03  6.856344729E-01 
        50  3.340301570E-03 -3.340300871E-03  6.562000606E-03  7.355776108E-01 
        51  3.234955715E-03 -3.234955715E-03  6.562000606E-03  7.794692133E-01 
        52  3.132193349E-03 -3.132193349E-03  6.562000141E-03  8.252031566E-01 
        53  3.071274841E-03 -3.071274841E-03  6.562000606E-03  8.652723544E-01 
        54  3.030340886E-03 -3.030340886E-03  6.562000141E-03  8.984477385E-01 
        55  2.976608928E-03 -2.976608928E-03  6.562000141E-03  9.491577519E-01 
        56  2.946239198E-03 -2.946239198E-03  6.562000606E-03  9.856303210E-01 
        57  2.921042265E-03 -2.921042265E-03  6.562000606E-03  1.015186760E+00 
        58  2.900120569E-03 -2.900120569E-03  6.562000141E-03  1.035315838E+00 
        59  2.882738365E-03 -2.882738365E-03  6.562000141E-03  1.046444399E+00 
        60  2.868288895E-03 -2.868288895E-03  6.562000606E-03  1.050988130E+00 
        61  2.856272738E-03 -2.856272738E-03  6.562000141E-03  1.051547625E+00 
        62  2.846276388E-03 -2.846276388E-03  6.562000606E-03  1.050185973E+00 
        63  2.837958280E-03 -2.837958280E-03  6.562000606E-03  1.048236993E+00 
        64  2.831034595E-03 -2.831034595E-03  6.562000141E-03  1.046441111E+00 
        65  1.115199924E-02 -1.115199924E-02  6.562000606E-03  3.420922179E+00 
        66  1.060799975E-02 -1.060799882E-02  6.562000606E-03  3.426599925E+00 
        67  1.006400026E-02 -1.006399933E-02  6.562000606E-03  3.288763066E+00 
        68  9.519999847E-03 -9.519998915E-03  6.562000606E-03  2.949535986E+00 
        69  1.713599823E-02 -1.713599823E-02  6.562000606E-03  5.339234382E+00 
        70  1.767999865E-02 -1.767999865E-02  6.562000606E-03  5.200853635E+00 
        71  1.795199886E-02 -1.795199886E-02  6.562000606E-03  5.020316527E+00 
        72  1.808799990E-02 -1.808799990E-02  6.562000606E-03  5.050107473E+00 
        73  1.835999824E-02 -1.835999824E-02  6.562000606E-03  4.836899867E+00 
        74  1.849599928E-02 -1.849599928E-02  6.562000606E-03  4.691934155E+00 
        75  1.856399886E-02 -1.856399886E-02  6.562000606E-03  4.731497693E+00 
        76  1.870221458E-02 -1.870221458E-02  6.562000606E-03  4.890728724E+00 
        77  1.884462871E-02 -1.884462871E-02  6.562000606E-03  5.164742688E+00 
        78  1.894244179E-02 -1.894244179E-02  6.562000141E-03  5.281213666E+00 
        79  1.995007321E-02 -1.995007321E-02  6.562000141E-03  5.103194839E+00 
        80  1.987807266E-02 -1.987807266E-02  6.562000141E-03  5.358275791E+00 
        81  1.980607398E-02 -1.980607398E-02  6.562000141E-03  5.671186875E+00 
        82  1.973407343E-02 -1.973407343E-02  6.562000141E-03  5.742728362E+00 
        83  1.966207288E-02 -1.966207288E-02  6.562000141E-03  5.708980520E+00 
        84  1.959007420E-02 -1.959007420E-02  6.562000141E-03  5.459608056E+00 
        85  1.951807365E-02 -1.951807365E-02  6.562000141E-03  5.246529408E+00 
        86  1.944607310E-02 -1.944607310E-02  6.562000141E-03  5.124724310E+00 
        87  1.937407255E-02 -1.937407441E-02  6.562000141E-03  5.105323731E+00 
        88  1.930207387E-02 -1.930207387E-02  6.562000141E-03  5.355710834E+00 
        89  1.923859492E-02 -1.923859492E-02  6.562000141E-03  5.402450561E+00 
        90  1.914011873E-02 -1.914011873E-02  6.562000141E-03  5.393780286E+00 
        91  1.905349456E-02 -1.905349456E-02  6.562000606E-03  5.313656518E+00 
        92  1.899245940E-02 -1.899245940E-02  6.562000606E-03  5.270696558E+00 
