cellnumber     x-coordinate     y-coordinate     z-coordinate velocity-magnitude 
         1  3.672001418E-03 -3.672000254E-03  6.562000606E-03  7.451909365E-01 
         2  3.536001313E-03 -3.536000149E-03  6.562000606E-03  7.057470200E-01 
         3  3.468001494E-03 -3.468000330E-03  6.562000606E-03  7.751040542E-01 
         4  3.331059823E-03 -3.331059124E-03  6.562000141E-03  8.282178770E-01 
         5  3.261824371E-03 -3.261824371E-03  6.562000141E-03  8.579425970E-01 
         6  3.216292942E-03 -3.216292942E-03  6.562000141E-03  8.709522173E-01 
         7  3.115376690E-03 -3.115376690E-03  6.562000606E-03  8.879691471E-01 
         8  3.026224673E-03 -3.026224673E-03  6.562000141E-03  9.310264607E-01 
         9  2.976199379E-03 -2.976199379E-03  6.562000141E-03  9.567843685E-01 
        10  2.945918357E-03 -2.945918357E-03  6.562000141E-03  9.810492928E-01 
        11  2.920793602E-03 -2.920793602E-03  6.562000141E-03  1.008480467E+00 
        12  2.899931744E-03 -2.899931744E-03  6.562000141E-03  1.032546373E+00 
        13  2.882599132E-03 -2.882599132E-03  6.562000141E-03  1.049256043E+00 
        14  2.868191106E-03 -2.868191106E-03  6.562000141E-03  1.057830915E+00 
        15  2.856209408E-03 -2.856209408E-03  6.562000606E-03  1.060063206E+00 
        16  2.846242161E-03 -2.846242161E-03  6.562000141E-03  1.058186891E+00 
        17  2.837947803E-03 -2.837947803E-03  6.562000141E-03  1.054048451E+00 
        18  2.831044141E-03 -2.831044141E-03  6.562000141E-03  1.048931551E+00 
        19  4.080001265E-03 -4.080000333E-03  6.562000606E-03  7.600702587E-01 
        20  4.624001216E-03 -4.624000285E-03  6.562000606E-03  7.842943793E-01 
        21  5.168001167E-03 -5.168000236E-03  6.562000606E-03  8.219917765E-01 
        22  5.712001584E-03 -5.712000653E-03  6.562000606E-03  7.205870874E-01 
        23  6.256001070E-03 -6.256000139E-03  6.562000606E-03  5.899928545E-01 
        24  6.800001487E-03 -6.800000090E-03  6.562000606E-03  7.643091166E-01 
        25  7.344001438E-03 -7.344000507E-03  6.562000606E-03  1.697325862E+00 
        26  7.888001390E-03 -7.888000458E-03  6.562000606E-03  2.359060247E+00 
        27  8.432001807E-03 -8.432000875E-03  6.562000606E-03  2.514671377E+00 
        28  8.976001292E-03 -8.976000361E-03  6.562000606E-03  2.669454567E+00 
        29  1.768000051E-02 -1.768000051E-02  6.562000606E-03  5.478070806E+00 
        30  1.713600010E-02 -1.713600010E-02  6.562000606E-03  5.425446689E+00 
        31  9.520001709E-03 -9.520000778E-03  6.562000606E-03  2.823845268E+00 
        32  1.006400120E-02 -1.006400026E-02  6.562000606E-03  2.959176405E+00 
        33  1.060800161E-02 -1.060800068E-02  6.562000606E-03  3.115421252E+00 
        34  1.115200110E-02 -1.115200017E-02  6.562000606E-03  3.367329008E+00 
        35  1.169600151E-02 -1.169600058E-02  6.562000606E-03  3.603385716E+00 
        36  1.224000100E-02 -1.224000100E-02  6.562000606E-03  3.858940644E+00 
        37  1.278400142E-02 -1.278400049E-02  6.562000606E-03  4.095448120E+00 
        38  1.332800090E-02 -1.332800090E-02  6.562000606E-03  4.299508933E+00 
        39  1.387200132E-02 -1.387200039E-02  6.562000606E-03  4.490391295E+00 
        40  1.441600081E-02 -1.441600081E-02  6.562000606E-03  4.626615536E+00 
        41  1.496000122E-02 -1.496000122E-02  6.562000606E-03  4.764089441E+00 
        42  1.550400071E-02 -1.550400071E-02  6.562000606E-03  5.162905382E+00 
        43  1.604800113E-02 -1.604800113E-02  6.562000606E-03  5.442401712E+00 
        44  1.659200154E-02 -1.659200154E-02  6.562000606E-03  5.479660921E+00 
        45  1.795200072E-02 -1.795200072E-02  6.562000606E-03  5.595174996E+00 
        46  1.808799990E-02 -1.808799990E-02  6.562000606E-03  5.571510747E+00 
        47  1.836000010E-02 -1.836000010E-02  6.562000606E-03  5.685339449E+00 
        48  1.849600114E-02 -1.849600114E-02  6.562000606E-03  5.707649451E+00 
        49  1.856400073E-02 -1.856400073E-02  6.562000606E-03  5.671961159E+00 
        50  1.869362220E-02 -1.869362220E-02  6.562000141E-03  5.664975741E+00 
        51  1.880422793E-02 -1.880422793E-02  6.562000141E-03  5.663932406E+00 
        52  1.885466650E-02 -1.885466650E-02  6.562000141E-03  5.497305524E+00 
        53  1.888511144E-02 -1.888511144E-02  6.562000141E-03  5.570626066E+00 
        54  1.892780885E-02 -1.892780885E-02  6.562000606E-03  5.430959952E+00 
        55  1.895478740E-02 -1.895478740E-02  6.562000606E-03  5.594541423E+00 
        56  2.121082321E-02 -2.121082321E-02  6.562000141E-03  1.418457756E-01 
        57  2.120567486E-02 -2.120567486E-02  6.562000141E-03  4.191708382E-01 
        58  2.119949646E-02 -2.119949646E-02  6.562000141E-03  7.398388050E-01 
        59  2.119208500E-02 -2.119208500E-02  6.562000141E-03  1.107612211E+00 
        60  2.118319459E-02 -2.118319459E-02  6.562000141E-03  1.524736299E+00 
        61  2.117252536E-02 -2.117252536E-02  6.562000141E-03  1.990860570E+00 
        62  2.115972713E-02 -2.115972713E-02  6.562000606E-03  2.507576092E+00 
        63  2.114437334E-02 -2.114437334E-02  6.562000141E-03  3.074964122E+00 
        64  2.112595551E-02 -2.112595551E-02  6.562000606E-03  3.682371350E+00 
        65  2.110386454E-02 -2.110386454E-02  6.562000606E-03  4.278818901E+00 
        66  2.107902244E-02 -2.107902244E-02  6.562000606E-03  4.924182208E+00 
        67  2.101955935E-02 -2.101955935E-02  6.562000141E-03  5.082473357E+00 
        68  2.093681321E-02 -2.093681321E-02  6.562000141E-03  5.106780213E+00 
        69  2.088592015E-02 -2.088592015E-02  6.562000141E-03  4.901035114E+00 
        70  2.081407234E-02 -2.081407234E-02  6.562000141E-03  4.706297555E+00 
        71  2.074207366E-02 -2.074207366E-02  6.562000141E-03  4.681372618E+00 
        72  2.067007311E-02 -2.067007311E-02  6.562000141E-03  4.648008483E+00 
        73  2.059807256E-02 -2.059807256E-02  6.562000141E-03  4.642914615E+00 
        74  2.052607387E-02 -2.052607387E-02  6.562000141E-03  4.722056106E+00 
        75  2.045407332E-02 -2.045407332E-02  6.562000141E-03  4.690395755E+00 
        76  2.038207278E-02 -2.038207278E-02  6.562000141E-03  4.680637916E+00 
        77  2.031007409E-02 -2.031007409E-02  6.562000141E-03  4.660238433E+00 
        78  2.023807354E-02 -2.023807354E-02  6.562000141E-03  4.757789289E+00 
        79  2.016607299E-02 -2.016607299E-02  6.562000141E-03  4.755464962E+00 
        80  2.009407245E-02 -2.009407245E-02  6.562000141E-03  4.755033940E+00 
        81  2.002207376E-02 -2.002207376E-02  6.562000141E-03  4.719493561E+00 
        82  1.995007321E-02 -1.995007321E-02  6.562000141E-03  4.764329749E+00 
        83  1.987807266E-02 -1.987807266E-02  6.562000141E-03  4.778081992E+00 
        84  1.980607398E-02 -1.980607398E-02  6.562000141E-03  4.880963888E+00 
        85  1.973407343E-02 -1.973407343E-02  6.562000141E-03  4.896276223E+00 
        86  1.966207288E-02 -1.966207288E-02  6.562000141E-03  4.957874140E+00 
        87  1.959007420E-02 -1.959007420E-02  6.562000141E-03  4.957846164E+00 
        88  1.951807365E-02 -1.951807365E-02  6.562000141E-03  5.026554231E+00 
        89  1.944607310E-02 -1.944607310E-02  6.562000141E-03  5.044943078E+00 
        90  1.937407255E-02 -1.937407441E-02  6.562000141E-03  5.109747691E+00 
        91  1.930207387E-02 -1.930207387E-02  6.562000141E-03  5.125108959E+00 
        92  1.923859492E-02 -1.923859492E-02  6.562000141E-03  5.233980231E+00 
        93  1.914011873E-02 -1.914011873E-02  6.562000141E-03  5.264292535E+00 
        94  1.905349456E-02 -1.905349456E-02  6.562000606E-03  5.376997934E+00 
        95  1.899245940E-02 -1.899245940E-02  6.562000606E-03  5.428701141E+00 
