cellnumber     x-coordinate     y-coordinate     z-coordinate velocity-magnitude 
         1  1.849599741E-02 -1.849600114E-02  6.562000606E-03  5.449441225E+00 
         2  1.893839985E-02 -1.893839985E-02  6.562000141E-03  5.223663571E+00 
         3  1.870380342E-02 -1.870380528E-02  6.562000606E-03  5.303429725E+00 
         4  1.899245940E-02 -1.899245940E-02  6.562000606E-03  5.288566405E+00 
         5  1.905349456E-02 -1.905349456E-02  6.562000606E-03  5.443273682E+00 
         6  1.914011873E-02 -1.914011873E-02  6.562000141E-03  5.318929912E+00 
         7  1.923859492E-02 -1.923859492E-02  6.561999675E-03  5.412883474E+00 
         8  1.930207387E-02 -1.930207387E-02  6.562000141E-03  5.391763047E+00 
         9  1.937407255E-02 -1.937407255E-02  6.562000141E-03  5.343415659E+00 
        10  1.944607310E-02 -1.944607310E-02  6.562000141E-03  5.357860256E+00 
        11  1.951807365E-02 -1.951807365E-02  6.562000141E-03  5.340378112E+00 
        12  1.959007420E-02 -1.959007420E-02  6.562000141E-03  5.404696764E+00 
        13  1.966207288E-02 -1.966207288E-02  6.562000141E-03  5.389007354E+00 
        14  1.973407343E-02 -1.973407343E-02  6.562000141E-03  5.415755452E+00 
        15  1.980607398E-02 -1.980607398E-02  6.562000141E-03  5.370367656E+00 
        16  1.987807266E-02 -1.987807266E-02  6.562000141E-03  5.288204111E+00 
        17  1.995007321E-02 -1.995007321E-02  6.562000141E-03  5.206218476E+00 
        18  2.002207376E-02 -2.002207376E-02  6.562000141E-03  5.094783969E+00 
        19  1.278399769E-02 -1.278400142E-02  6.562000606E-03  4.226856957E+00 
        20  1.223999821E-02 -1.224000100E-02  6.562000606E-03  4.063643676E+00 
        21  1.169599779E-02 -1.169600151E-02  6.562000606E-03  3.681836494E+00 
        22  1.115199830E-02 -1.115200110E-02  6.562000606E-03  3.262277761E+00 
        23  1.060799789E-02 -1.060800068E-02  6.562000606E-03  3.075627913E+00 
        24  1.006399840E-02 -1.006400120E-02  6.562000606E-03  3.053814118E+00 
        25  2.121082321E-02 -2.121082321E-02  6.562000141E-03  1.610979767E-01 
        26  2.120567486E-02 -2.120567486E-02  6.562000141E-03  4.839414893E-01 
        27  2.119949646E-02 -2.119949646E-02  6.562000141E-03  8.651346017E-01 
        28  2.119208500E-02 -2.119208500E-02  6.562000141E-03  1.309005955E+00 
        29  2.118319459E-02 -2.118319459E-02  6.562000141E-03  1.815555928E+00 
        30  2.117252536E-02 -2.117252536E-02  6.562000141E-03  2.377398315E+00 
        31  2.115972713E-02 -2.115972713E-02  6.562000606E-03  2.979317190E+00 
        32  2.114437334E-02 -2.114437334E-02  6.562000606E-03  3.597349178E+00 
        33  2.112595551E-02 -2.112595551E-02  6.562000606E-03  4.183650649E+00 
        34  2.110386454E-02 -2.110386454E-02  6.562000606E-03  4.666447302E+00 
        35  2.107902244E-02 -2.107902244E-02  6.562000606E-03  5.029569774E+00 
        36  2.101956122E-02 -2.101956122E-02  6.562000606E-03  5.036742790E+00 
        37  2.093681321E-02 -2.093681321E-02  6.562000606E-03  4.988994124E+00 
        38  2.088592015E-02 -2.088592015E-02  6.562000141E-03  4.884722800E+00 
        39  2.081407420E-02 -2.081407420E-02  6.562000141E-03  4.804754532E+00 
        40  2.074207366E-02 -2.074207366E-02  6.562000141E-03  4.853001327E+00 
        41  2.067007311E-02 -2.067007311E-02  6.562000141E-03  4.888628665E+00 
        42  2.059807442E-02 -2.059807442E-02  6.562000141E-03  4.936548778E+00 
        43  2.052607387E-02 -2.052607387E-02  6.562000141E-03  4.941831342E+00 
        44  2.045407332E-02 -2.045407332E-02  6.562000141E-03  4.897473412E+00 
        45  2.038207278E-02 -2.038207278E-02  6.562000141E-03  4.885827504E+00 
        46  2.031007409E-02 -2.031007409E-02  6.562000141E-03  4.882947379E+00 
        47  2.023807354E-02 -2.023807354E-02  6.562000141E-03  4.936868432E+00 
        48  2.016607299E-02 -2.016607299E-02  6.562000141E-03  4.969848267E+00 
        49  2.009407245E-02 -2.009407245E-02  6.562000141E-03  5.028660095E+00 
        50  1.332799811E-02 -1.332800090E-02  6.562000606E-03  4.318905484E+00 
        51  1.387199853E-02 -1.387200132E-02  6.562000606E-03  4.532806401E+00 
        52  1.441599801E-02 -1.441600174E-02  6.562000606E-03  4.733740097E+00 
        53  1.495999750E-02 -1.496000122E-02  6.562000606E-03  4.957870783E+00 
        54  1.550399791E-02 -1.550400164E-02  6.562000606E-03  5.179804328E+00 
        55  1.604799740E-02 -1.604800113E-02  6.562000606E-03  5.361071954E+00 
        56  1.659199782E-02 -1.659200154E-02  6.562000606E-03  5.382152744E+00 
        57  1.713599823E-02 -1.713600196E-02  6.562000606E-03  5.606172240E+00 
        58  1.767999865E-02 -1.768000238E-02  6.562000606E-03  5.675393443E+00 
        59  1.795199700E-02 -1.795200072E-02  6.562000606E-03  5.606939609E+00 
        60  1.808799617E-02 -1.808800176E-02  6.562000606E-03  5.540066766E+00 
        61  1.835999638E-02 -1.836000197E-02  6.562000606E-03  5.425761177E+00 
        62  1.880456693E-02 -1.880456693E-02  6.562000141E-03  5.457410763E+00 
        63  1.887113415E-02 -1.887113415E-02  6.562000606E-03  5.374305307E+00 
        64  1.856399700E-02 -1.856400073E-02  6.562000606E-03  5.387531994E+00 
        65  4.623997957E-03 -4.624000285E-03  6.562000606E-03  5.719976939E-01 
        66  5.167997908E-03 -5.168000236E-03  6.562000606E-03  5.490585227E-01 
        67  5.711998325E-03 -5.712000653E-03  6.562000606E-03  6.807194474E-01 
        68  6.255998276E-03 -6.256000604E-03  6.562000606E-03  8.796268627E-01 
        69  6.799998228E-03 -6.800000556E-03  6.562000606E-03  6.959801700E-01 
        70  7.343998179E-03 -7.344000973E-03  6.562000606E-03  1.906876853E+00 
        71  7.887997665E-03 -7.888000458E-03  6.562000606E-03  2.749885412E+00 
        72  8.431998082E-03 -8.432000875E-03  6.562000606E-03  2.610662200E+00 
        73  8.975998498E-03 -8.976001292E-03  6.562000606E-03  2.785527556E+00 
        74  9.519997984E-03 -9.520000778E-03  6.562000606E-03  3.011676230E+00 
        75  2.830982907E-03 -2.830982907E-03  6.562000141E-03  1.049556626E+00 
        76  2.837885171E-03 -2.837885171E-03  6.562000606E-03  1.057162299E+00 
        77  2.846178133E-03 -2.846178133E-03  6.562000606E-03  1.065498057E+00 
        78  2.856143517E-03 -2.856143517E-03  6.562000141E-03  1.073931528E+00 
        79  2.868122654E-03 -2.868122654E-03  6.562000141E-03  1.081279713E+00 
        80  2.882527420E-03 -2.882527420E-03  6.562000141E-03  1.085532580E+00 
        81  2.899855841E-03 -2.899855841E-03  6.562000141E-03  1.083789132E+00 
        82  2.920712577E-03 -2.920712577E-03  6.562000606E-03  1.072361992E+00 
        83  2.945830580E-03 -2.945830580E-03  6.562000141E-03  1.048603698E+00 
        84  2.976104384E-03 -2.976104384E-03  6.562000606E-03  1.010051341E+00 
        85  3.015503287E-03 -3.015503287E-03  6.562000606E-03  9.506412114E-01 
        86  3.081055591E-03 -3.081055591E-03  6.562000606E-03  8.335220769E-01 
        87  3.150008153E-03 -3.150008153E-03  6.562000606E-03  7.739747365E-01 
        88  3.229305614E-03 -3.229305614E-03  6.562000141E-03  6.842005990E-01 
        89  3.341175383E-03 -3.341176314E-03  6.562000141E-03  6.202526458E-01 
        90  3.467998235E-03 -3.468000330E-03  6.562000606E-03  5.633695225E-01 
        91  3.535998287E-03 -3.536000149E-03  6.562000606E-03  5.207068474E-01 
        92  3.671998158E-03 -3.672000254E-03  6.562000606E-03  5.494929725E-01 
        93  4.079998471E-03 -4.080000333E-03  6.562000606E-03  5.690495956E-01 
