cellnumber     x-coordinate     y-coordinate     z-coordinate velocity-magnitude 
         1  2.500000037E-02 -2.601304278E-02  6.561999675E-03  8.796000501E-01 
         2  2.500000037E-02 -2.586904354E-02  6.561999675E-03  9.495770179E-01 
         3  2.500000037E-02 -2.572504245E-02  6.561999675E-03  1.088986914E+00 
         4  2.500000037E-02 -2.558104321E-02  6.561999675E-03  9.122791845E-01 
         5  2.500000224E-02 -2.543704398E-02  6.561999675E-03  7.613646484E-01 
         6  2.500000224E-02 -2.529304475E-02  6.562000141E-03  5.414176981E-01 
         7  2.500000037E-02 -2.515085414E-02  6.562000141E-03  4.198791598E-01 
         8  2.500000037E-02 -2.501806431E-02  6.562000141E-03  3.360289258E-01 
         9  2.500000037E-02 -2.492471784E-02  6.562000141E-03  2.110965617E-01 
        10  2.500000037E-02 -2.487709187E-02  6.562000141E-03  2.435666172E-01 
        11  2.500000037E-02 -2.484604903E-02  6.562000141E-03  2.507760286E-01 
        12  2.500000037E-02 -2.482001111E-02  6.562000141E-03  2.418094500E-01 
        13  2.500000037E-02 -2.479819022E-02  6.562000141E-03  2.151667632E-01 
        14  2.500000037E-02 -2.477990836E-02  6.562000141E-03  1.787630249E-01 
        15  2.500000037E-02 -2.476578765E-02  6.562000606E-03  1.406064230E-01 
        16  2.500000037E-02 -3.057143651E-02  6.562000141E-03  5.066353442E-01 
        17  2.500000037E-02 -3.046895750E-02  6.562000141E-03  5.902090507E-01 
        18  2.500000037E-02 -3.033304401E-02  6.561999675E-03  9.571497307E-01 
        19  2.500000037E-02 -3.018904291E-02  6.561999675E-03  1.078297394E+00 
        20  2.500000224E-02 -3.004504368E-02  6.561999675E-03  1.358391073E+00 
        21  2.500000037E-02 -2.990104444E-02  6.561999675E-03  1.627230360E+00 
        22  2.500000037E-02 -2.975704335E-02  6.561999675E-03  1.681549252E+00 
        23  2.500000037E-02 -2.961304411E-02  6.561999675E-03  1.556460408E+00 
        24  2.500000224E-02 -2.946904302E-02  6.561999675E-03  1.383026837E+00 
        25  2.500000224E-02 -2.932504378E-02  6.562000141E-03  1.351053463E+00 
        26  2.500000037E-02 -2.918104269E-02  6.562000141E-03  1.374331013E+00 
        27  2.500000224E-02 -2.903704345E-02  6.561999675E-03  1.627377823E+00 
        28  2.500000037E-02 -2.889304422E-02  6.562000141E-03  1.872845414E+00 
        29  2.500000037E-02 -2.874904312E-02  6.561999675E-03  2.002195437E+00 
        30  2.500000037E-02 -2.860504389E-02  6.561999675E-03  1.917937158E+00 
        31  2.500000037E-02 -2.846104279E-02  6.561999675E-03  1.957091457E+00 
        32  2.500000037E-02 -2.831704356E-02  6.561999675E-03  2.166496625E+00 
        33  2.500000037E-02 -2.817304246E-02  6.561999675E-03  2.355876172E+00 
        34  2.500000037E-02 -2.802904323E-02  6.561999675E-03  2.573497457E+00 
        35  2.500000037E-02 -2.788504399E-02  6.561999675E-03  2.803814605E+00 
        36  2.500000037E-02 -2.774104290E-02  6.561999675E-03  2.968550092E+00 
        37  2.500000037E-02 -2.759704366E-02  6.561999675E-03  3.008033300E+00 
        38  2.500000037E-02 -2.745304257E-02  6.561999675E-03  2.933396270E+00 
        39  2.500000037E-02 -2.730904333E-02  6.561999675E-03  2.843480272E+00 
        40  2.500000037E-02 -2.716504410E-02  6.561999675E-03  2.772911129E+00 
        41  2.500000037E-02 -2.702104300E-02  6.561999675E-03  2.731235788E+00 
        42  2.500000037E-02 -2.687704377E-02  6.561999675E-03  2.668310684E+00 
        43  2.500000037E-02 -2.673304267E-02  6.561999675E-03  2.556906663E+00 
        44  2.500000037E-02 -2.658904344E-02  6.561999675E-03  2.483981935E+00 
        45  2.500000037E-02 -2.644504420E-02  6.561999675E-03  2.661473262E+00 
        46  2.500000037E-02 -2.630104311E-02  6.561999675E-03  2.832294573E+00 
        47  2.500000037E-02 -2.615704387E-02  6.561999675E-03  1.937445255E+00 
