cellnumber     x-coordinate     y-coordinate     z-coordinate velocity-magnitude 
         1  2.500000037E-02 -3.057143651E-02  6.562000141E-03  7.033370038E-01 
         2  2.500000037E-02 -3.046895750E-02  6.562000141E-03  5.969264038E-01 
         3  2.500000037E-02 -3.033304401E-02  6.561999675E-03  6.606334758E-01 
         4  2.500000037E-02 -3.018904291E-02  6.561999675E-03  7.084174253E-01 
         5  2.500000224E-02 -3.004504368E-02  6.561999675E-03  7.331784223E-01 
         6  2.500000037E-02 -2.990104444E-02  6.561999675E-03  7.675716764E-01 
         7  2.500000037E-02 -2.975704335E-02  6.561999675E-03  7.227218711E-01 
         8  2.500000037E-02 -2.961304411E-02  6.561999675E-03  1.312173728E+00 
         9  2.500000224E-02 -2.946904302E-02  6.561999675E-03  1.883648129E+00 
        10  2.500000224E-02 -2.932504378E-02  6.562000141E-03  2.016413972E+00 
        11  2.500000037E-02 -2.918104269E-02  6.562000141E-03  2.364468694E+00 
        12  2.500000224E-02 -2.903704345E-02  6.561999675E-03  2.794893242E+00 
        13  2.500000037E-02 -2.889304422E-02  6.562000141E-03  2.828358288E+00 
        14  2.500000037E-02 -2.874904312E-02  6.561999675E-03  3.088985297E+00 
        15  2.500000037E-02 -2.860504389E-02  6.561999675E-03  3.232751395E+00 
        16  2.500000037E-02 -2.846104279E-02  6.561999675E-03  3.219291492E+00 
        17  2.500000037E-02 -2.831704356E-02  6.561999675E-03  3.226143554E+00 
        18  2.500000037E-02 -2.817304246E-02  6.561999675E-03  3.178508243E+00 
        19  2.500000037E-02 -2.802904323E-02  6.561999675E-03  3.135013090E+00 
        20  2.500000037E-02 -2.788504399E-02  6.561999675E-03  3.115257570E+00 
        21  2.500000037E-02 -2.774104290E-02  6.561999675E-03  3.118277242E+00 
        22  2.500000037E-02 -2.759704366E-02  6.561999675E-03  3.129395416E+00 
        23  2.500000037E-02 -2.745304257E-02  6.561999675E-03  3.145907279E+00 
        24  2.500000037E-02 -2.730904333E-02  6.561999675E-03  3.149502039E+00 
        25  2.500000037E-02 -2.716504410E-02  6.561999675E-03  3.068577463E+00 
        26  2.500000037E-02 -2.702104300E-02  6.561999675E-03  2.953547788E+00 
        27  2.500000037E-02 -2.687704377E-02  6.561999675E-03  2.911959160E+00 
        28  2.500000037E-02 -2.673304267E-02  6.561999675E-03  2.952161198E+00 
        29  2.500000037E-02 -2.658904344E-02  6.561999675E-03  3.020137407E+00 
        30  2.500000037E-02 -2.644504420E-02  6.561999675E-03  3.000607243E+00 
        31  2.500000037E-02 -2.630104311E-02  6.561999675E-03  2.959515898E+00 
        32  2.500000224E-02 -2.615704387E-02  6.561999675E-03  2.939771165E+00 
        33  2.500000037E-02 -2.601304278E-02  6.561999675E-03  3.272112050E+00 
        34  2.500000037E-02 -2.586904354E-02  6.561999675E-03  3.370028280E+00 
        35  2.500000037E-02 -2.572504245E-02  6.561999675E-03  2.965911274E+00 
        36  2.500000037E-02 -2.558104321E-02  6.561999675E-03  1.900964789E+00 
        37  2.500000224E-02 -2.543704398E-02  6.561999675E-03  1.006303270E+00 
        38  2.500000224E-02 -2.529304475E-02  6.562000141E-03  6.584774692E-01 
        39  2.500000037E-02 -2.515085414E-02  6.562000141E-03  5.695235442E-01 
        40  2.500000037E-02 -2.501806431E-02  6.562000141E-03  6.604694139E-01 
        41  2.500000037E-02 -2.492471784E-02  6.562000141E-03  6.937311667E-01 
        42  2.500000037E-02 -2.487709187E-02  6.562000141E-03  4.714886960E-01 
        43  2.500000037E-02 -2.484604903E-02  6.562000141E-03  4.104755200E-01 
        44  2.500000037E-02 -2.482001111E-02  6.562000141E-03  5.206092028E-01 
        45  2.500000037E-02 -2.479819022E-02  6.562000141E-03  7.164996139E-01 
        46  2.500000037E-02 -2.477990836E-02  6.562000141E-03  8.270800964E-01 
        47  2.500000037E-02 -2.476578765E-02  6.562000606E-03  8.135998464E-01 
