cellnumber     x-coordinate     y-coordinate     z-coordinate velocity-magnitude 
         1  2.500000037E-02 -3.057143651E-02  6.562000141E-03  9.115981671E-01 
         2  2.500000037E-02 -3.046895750E-02  6.562000141E-03  9.327239422E-01 
         3  2.500000037E-02 -3.033304401E-02  6.562000141E-03  9.311106264E-01 
         4  2.500000224E-02 -3.018904291E-02  6.561999675E-03  9.203552982E-01 
         5  2.500000037E-02 -3.004504368E-02  6.562000141E-03  8.998752242E-01 
         6  2.500000037E-02 -2.990104258E-02  6.561999675E-03  1.070284715E+00 
         7  2.500000037E-02 -2.975704335E-02  6.561999675E-03  9.760324775E-01 
         8  2.500000037E-02 -2.961304411E-02  6.561999675E-03  8.086641353E-01 
         9  2.500000037E-02 -2.946904302E-02  6.561999675E-03  3.248371092E-01 
        10  2.500000037E-02 -2.932504378E-02  6.561999675E-03  1.091998929E+00 
        11  2.500000037E-02 -2.918104269E-02  6.561999675E-03  1.993950890E+00 
        12  2.500000224E-02 -2.903704345E-02  6.561999675E-03  2.018804481E+00 
        13  2.500000037E-02 -2.889304422E-02  6.562000141E-03  2.066139999E+00 
        14  2.500000037E-02 -2.874904312E-02  6.561999675E-03  2.657621758E+00 
        15  2.500000037E-02 -2.860504389E-02  6.561999675E-03  3.198398003E+00 
        16  2.500000224E-02 -2.846104279E-02  6.561999675E-03  3.320766375E+00 
        17  2.500000037E-02 -2.831704356E-02  6.562000141E-03  3.609451004E+00 
        18  2.500000037E-02 -2.817304246E-02  6.561999675E-03  3.651562278E+00 
        19  2.500000037E-02 -2.476578765E-02  6.562000606E-03  4.023632996E-01 
        20  2.500000037E-02 -2.477990650E-02  6.562000141E-03  4.498783593E-01 
        21  2.500000037E-02 -2.479819022E-02  6.562000141E-03  4.786878494E-01 
        22  2.500000037E-02 -2.482001111E-02  6.561999675E-03  5.120843492E-01 
        23  2.500000037E-02 -2.484604716E-02  6.562000141E-03  5.935028610E-01 
        24  2.500000037E-02 -2.487709187E-02  6.562000141E-03  7.701433081E-01 
        25  2.500000037E-02 -2.492471784E-02  6.562000141E-03  1.138240423E+00 
        26  2.500000037E-02 -2.501806431E-02  6.562000141E-03  1.388817299E+00 
        27  2.500000037E-02 -2.515085414E-02  6.561999675E-03  1.217429648E+00 
        28  2.500000037E-02 -2.529304288E-02  6.561999675E-03  1.029429306E+00 
        29  2.500000037E-02 -2.543704398E-02  6.562000141E-03  8.213798503E-01 
        30  2.500000224E-02 -2.558104508E-02  6.562000141E-03  1.353006518E+00 
        31  2.500000224E-02 -2.572504431E-02  6.562000141E-03  2.914793840E+00 
        32  2.500000224E-02 -2.586904354E-02  6.562000141E-03  3.356210749E+00 
        33  2.500000224E-02 -2.601304464E-02  6.562000141E-03  3.424173447E+00 
        34  2.500000224E-02 -2.615704387E-02  6.562000141E-03  3.479242292E+00 
        35  2.500000224E-02 -2.630104497E-02  6.562000141E-03  3.472187388E+00 
        36  2.500000224E-02 -2.644504420E-02  6.562000141E-03  3.432806889E+00 
        37  2.500000224E-02 -2.658904344E-02  6.562000141E-03  3.427172284E+00 
        38  2.500000224E-02 -2.673304453E-02  6.562000141E-03  3.428105846E+00 
        39  2.500000224E-02 -2.687704377E-02  6.561999675E-03  3.445348205E+00 
        40  2.500000037E-02 -2.702104300E-02  6.561999675E-03  3.492196630E+00 
        41  2.500000037E-02 -2.716504410E-02  6.561999675E-03  3.587154491E+00 
        42  2.500000037E-02 -2.730904333E-02  6.561999675E-03  3.646937312E+00 
        43  2.500000037E-02 -2.745304257E-02  6.561999675E-03  3.668310581E+00 
        44  2.500000037E-02 -2.759704366E-02  6.561999675E-03  3.674200496E+00 
        45  2.500000037E-02 -2.774104290E-02  6.561999675E-03  3.689919120E+00 
        46  2.500000037E-02 -2.788504399E-02  6.561999675E-03  3.697793350E+00 
        47  2.500000037E-02 -2.802904323E-02  6.562000141E-03  3.663605551E+00 
