cellnumber     x-coordinate     y-coordinate     z-coordinate velocity-magnitude 
         1  2.500000224E-02 -2.476744354E-02  6.562000141E-03  4.401216386E-01 
         2  2.500000037E-02 -2.478375472E-02  6.562000141E-03  5.876597129E-01 
         3  2.500000037E-02 -2.480320260E-02  6.562000606E-03  7.360100076E-01 
         4  2.500000037E-02 -2.482639626E-02  6.562000141E-03  8.518117253E-01 
         5  2.500000037E-02 -2.485404722E-02  6.562000141E-03  9.132798969E-01 
         6  2.500000037E-02 -2.488694340E-02  6.562000141E-03  8.911039329E-01 
         7  2.500000037E-02 -2.493503504E-02  6.562000141E-03  6.177406897E-01 
         8  2.500000037E-02 -2.501508407E-02  6.562000141E-03  3.895295826E-01 
         9  2.500000037E-02 -2.514391392E-02  6.562000141E-03  1.374216565E+00 
        10  2.500000037E-02 -2.529492602E-02  6.562000141E-03  2.091755929E+00 
        11  2.500000037E-02 -2.543892711E-02  6.562000141E-03  2.166530843E+00 
        12  2.500000037E-02 -2.558292635E-02  6.562000141E-03  2.055230192E+00 
        13  2.500000037E-02 -2.572692558E-02  6.562000141E-03  3.484314756E+00 
        14  2.500000037E-02 -2.587092668E-02  6.562000141E-03  4.507823945E+00 
        15  2.500000037E-02 -2.601492591E-02  6.562000141E-03  5.077898980E+00 
        16  2.500000037E-02 -2.615892701E-02  6.562000141E-03  5.754499998E+00 
        17  2.500000037E-02 -2.630292624E-02  6.562000141E-03  5.717845596E+00 
        18  2.500000037E-02 -2.644692548E-02  6.562000141E-03  5.635649761E+00 
        19  2.500000037E-02 -2.659092657E-02  6.562000141E-03  5.516657507E+00 
        20  2.500000037E-02 -2.673492581E-02  6.562000141E-03  5.416365656E+00 
        21  2.500000037E-02 -2.687892690E-02  6.562000141E-03  5.569732562E+00 
        22  2.500000037E-02 -2.702292614E-02  6.562000141E-03  5.919661485E+00 
        23  2.500000037E-02 -2.716692537E-02  6.562000141E-03  6.132861541E+00 
        24  2.500000037E-02 -2.731092647E-02  6.562000141E-03  6.104257931E+00 
        25  2.500000037E-02 -2.745492570E-02  6.562000141E-03  6.059394853E+00 
        26  2.500000037E-02 -2.759892680E-02  6.562000141E-03  6.330927297E+00 
        27  2.500000037E-02 -2.774292603E-02  6.562000141E-03  6.489191098E+00 
        28  2.500000037E-02 -2.788692527E-02  6.562000141E-03  6.444167300E+00 
        29  2.500000037E-02 -2.803092636E-02  6.562000141E-03  6.105894360E+00 
        30  2.500000037E-02 -2.817492560E-02  6.562000141E-03  5.853023686E+00 
        31  2.500000037E-02 -2.831892669E-02  6.562000141E-03  6.069042269E+00 
        32  2.500000037E-02 -2.846292593E-02  6.562000141E-03  6.416082681E+00 
        33  2.500000037E-02 -2.860692702E-02  6.562000141E-03  6.728986843E+00 
        34  2.500000037E-02 -3.058005497E-02  6.562000141E-03  1.944866144E-01 
        35  2.500000037E-02 -3.047851659E-02  6.562000141E-03  3.141217699E-01 
        36  2.500000037E-02 -3.033492528E-02  6.562000141E-03  9.564930719E-01 
        37  2.500000037E-02 -3.019092605E-02  6.562000141E-03  1.470754701E+00 
        38  2.500000037E-02 -3.004692681E-02  6.562000141E-03  1.712406885E+00 
        39  2.500000037E-02 -2.990292571E-02  6.562000141E-03  2.031600286E+00 
        40  2.500000037E-02 -2.975892648E-02  6.562000141E-03  3.156790944E+00 
        41  2.500000037E-02 -2.961492538E-02  6.562000141E-03  4.255681930E+00 
        42  2.500000037E-02 -2.947092615E-02  6.562000141E-03  4.885971333E+00 
        43  2.500000037E-02 -2.932692692E-02  6.562000141E-03  5.563933487E+00 
        44  2.500000037E-02 -2.918292582E-02  6.562000141E-03  6.446800266E+00 
        45  2.500000037E-02 -2.903892659E-02  6.562000141E-03  7.011871091E+00 
        46  2.500000037E-02 -2.889492549E-02  6.562000141E-03  7.113168663E+00 
        47  2.500000037E-02 -2.875092626E-02  6.562000141E-03  7.007363083E+00 
