cellnumber     x-coordinate     y-coordinate     z-coordinate velocity-magnitude 
         1  2.500000037E-02 -2.476578765E-02  6.562000606E-03  2.513348820E-01 
         2  2.500000037E-02 -2.477990836E-02  6.562000141E-03  2.879287606E-01 
         3  2.500000037E-02 -2.479819022E-02  6.562000141E-03  3.211111454E-01 
         4  2.500000037E-02 -2.482001111E-02  6.562000141E-03  3.665100467E-01 
         5  2.500000037E-02 -2.484604903E-02  6.562000141E-03  4.324620529E-01 
         6  2.500000037E-02 -2.487709187E-02  6.562000141E-03  5.599327315E-01 
         7  2.500000224E-02 -2.492471784E-02  6.562000141E-03  7.448266107E-01 
         8  2.500000037E-02 -3.057143465E-02  6.562000141E-03  9.040984983E-01 
         9  2.500000037E-02 -3.046895750E-02  6.562000141E-03  9.253727179E-01 
        10  2.500000037E-02 -3.033304401E-02  6.561999675E-03  1.744919269E+00 
        11  2.500000037E-02 -3.018904291E-02  6.561999675E-03  3.267128027E+00 
        12  2.500000037E-02 -3.004504368E-02  6.561999675E-03  4.495010571E+00 
        13  2.500000037E-02 -2.990104258E-02  6.561999675E-03  5.663296887E+00 
        14  2.500000037E-02 -2.975704335E-02  6.561999675E-03  6.594343882E+00 
        15  2.500000037E-02 -2.961304411E-02  6.561999675E-03  6.934014325E+00 
        16  2.500000037E-02 -2.946904302E-02  6.561999675E-03  7.276111473E+00 
        17  2.500000037E-02 -2.932504378E-02  6.561999675E-03  7.303814885E+00 
        18  2.500000037E-02 -2.918104269E-02  6.561999675E-03  7.064708933E+00 
        19  2.500000037E-02 -2.903704345E-02  6.561999675E-03  6.806329747E+00 
        20  2.500000037E-02 -2.889304422E-02  6.561999675E-03  6.623071929E+00 
        21  2.500000037E-02 -2.874904312E-02  6.561999675E-03  6.515278764E+00 
        22  2.500000037E-02 -2.860504389E-02  6.561999675E-03  6.402216519E+00 
        23  2.500000037E-02 -2.846104279E-02  6.561999675E-03  6.337002179E+00 
        24  2.500000037E-02 -2.831704356E-02  6.561999675E-03  6.294314497E+00 
        25  2.500000037E-02 -2.817304246E-02  6.561999675E-03  6.322248524E+00 
        26  2.500000037E-02 -2.802904323E-02  6.561999675E-03  6.380635310E+00 
        27  2.500000037E-02 -2.788504399E-02  6.561999675E-03  6.412089569E+00 
        28  2.500000037E-02 -2.774104290E-02  6.561999675E-03  6.492750533E+00 
        29  2.500000037E-02 -2.759704366E-02  6.561999675E-03  6.560367884E+00 
        30  2.500000037E-02 -2.745304257E-02  6.561999675E-03  6.568084973E+00 
        31  2.500000037E-02 -2.730904333E-02  6.561999675E-03  6.531276460E+00 
        32  2.500000037E-02 -2.716504410E-02  6.561999675E-03  6.562168521E+00 
        33  2.500000037E-02 -2.702104300E-02  6.561999675E-03  6.709927845E+00 
        34  2.500000037E-02 -2.687704377E-02  6.561999675E-03  6.693529000E+00 
        35  2.500000224E-02 -2.673304267E-02  6.561999675E-03  6.367004950E+00 
        36  2.500000037E-02 -2.658904344E-02  6.562000141E-03  6.560880359E+00 
        37  2.500000037E-02 -2.644504420E-02  6.561999675E-03  5.689771893E+00 
        38  2.500000224E-02 -2.630104311E-02  6.561999675E-03  4.214624925E+00 
        39  2.500000224E-02 -2.615704387E-02  6.562000141E-03  3.432821618E+00 
        40  2.500000037E-02 -2.601304278E-02  6.562000141E-03  2.720308360E+00 
        41  2.500000037E-02 -2.586904354E-02  6.561999675E-03  2.966950563E+00 
        42  2.500000037E-02 -2.572504245E-02  6.561999675E-03  2.818376157E+00 
        43  2.500000037E-02 -2.558104321E-02  6.561999675E-03  2.678325863E+00 
        44  2.500000224E-02 -2.543704398E-02  6.561999675E-03  1.667326885E+00 
        45  2.500000224E-02 -2.529304475E-02  6.562000141E-03  1.598291317E+00 
        46  2.500000037E-02 -2.515085414E-02  6.562000141E-03  1.445054789E+00 
        47  2.500000037E-02 -2.501806431E-02  6.562000141E-03  9.989659951E-01 
