cellnumber     x-coordinate     y-coordinate     z-coordinate velocity-magnitude 
         1  2.500000037E-02 -3.057143465E-02  6.562000141E-03  3.296343163E+00 
         2  2.500000037E-02 -3.046895750E-02  6.562000141E-03  2.947928478E+00 
         3  2.500000037E-02 -3.033304401E-02  6.561999675E-03  2.801826049E+00 
         4  2.500000037E-02 -3.018904291E-02  6.561999675E-03  2.903535626E+00 
         5  2.500000037E-02 -3.004504368E-02  6.561999675E-03  4.519491829E+00 
         6  2.500000224E-02 -2.990104258E-02  6.561999675E-03  3.583635353E+00 
         7  2.500000224E-02 -2.975704521E-02  6.562000141E-03  3.395215538E+00 
         8  2.500000037E-02 -2.961304411E-02  6.562000141E-03  5.005127891E+00 
         9  2.500000037E-02 -2.946904302E-02  6.561999675E-03  6.615497228E+00 
        10  2.500000037E-02 -2.932504378E-02  6.561999675E-03  7.736198019E+00 
        11  2.500000037E-02 -2.918104269E-02  6.561999675E-03  8.359133979E+00 
        12  2.500000037E-02 -2.903704345E-02  6.561999675E-03  8.640667975E+00 
        13  2.500000037E-02 -2.889304422E-02  6.561999675E-03  8.706441527E+00 
        14  2.500000037E-02 -2.874904312E-02  6.561999675E-03  8.642249660E+00 
        15  2.500000037E-02 -2.860504389E-02  6.561999675E-03  8.309560212E+00 
        16  2.500000037E-02 -2.846104279E-02  6.561999675E-03  8.048065549E+00 
        17  2.500000037E-02 -2.831704356E-02  6.561999675E-03  7.798715044E+00 
        18  2.500000037E-02 -2.477990836E-02  6.562000141E-03  8.545486017E-01 
        19  2.500000037E-02 -2.479819022E-02  6.562000141E-03  1.034854636E+00 
        20  2.500000037E-02 -2.482001111E-02  6.561999675E-03  1.193389266E+00 
        21  2.500000037E-02 -2.484604716E-02  6.562000141E-03  1.345775268E+00 
        22  2.500000037E-02 -2.487709187E-02  6.562000141E-03  1.474544916E+00 
        23  2.500000037E-02 -2.492471784E-02  6.562000141E-03  1.611333337E+00 
        24  2.500000037E-02 -2.501806431E-02  6.562000141E-03  1.840004158E+00 
        25  2.500000037E-02 -2.515085414E-02  6.562000141E-03  2.452821944E+00 
        26  2.500000224E-02 -2.529304288E-02  6.561999675E-03  3.452843955E+00 
        27  2.500000037E-02 -2.543704398E-02  6.562000141E-03  4.389869492E+00 
        28  2.500000224E-02 -2.558104321E-02  6.561999675E-03  4.766033974E+00 
        29  2.500000037E-02 -2.572504245E-02  6.561999675E-03  6.627287720E+00 
        30  2.500000037E-02 -2.586904354E-02  6.561999675E-03  6.440494132E+00 
        31  2.500000037E-02 -2.601304278E-02  6.561999675E-03  6.372621513E+00 
        32  2.500000037E-02 -2.615704387E-02  6.561999675E-03  6.826562940E+00 
        33  2.500000037E-02 -2.630104311E-02  6.561999675E-03  6.780304852E+00 
        34  2.500000037E-02 -2.644504420E-02  6.561999675E-03  7.004830549E+00 
        35  2.500000037E-02 -2.658904344E-02  6.561999675E-03  7.131784748E+00 
        36  2.500000037E-02 -2.673304267E-02  6.562000141E-03  7.142258892E+00 
        37  2.500000224E-02 -2.687704377E-02  6.562000141E-03  7.076350013E+00 
        38  2.500000224E-02 -2.702104300E-02  6.561999675E-03  7.010246072E+00 
        39  2.500000037E-02 -2.716504410E-02  6.561999675E-03  6.931483897E+00 
        40  2.500000037E-02 -2.730904333E-02  6.562000141E-03  6.754134373E+00 
        41  2.500000224E-02 -2.745304257E-02  6.561999675E-03  6.728359690E+00 
        42  2.500000037E-02 -2.759704366E-02  6.562000141E-03  6.795055096E+00 
        43  2.500000037E-02 -2.476578765E-02  6.562000606E-03  6.673874962E-01 
        44  2.500000037E-02 -2.817304432E-02  6.562000141E-03  7.506601785E+00 
        45  2.500000037E-02 -2.802904323E-02  6.561999675E-03  7.234272779E+00 
        46  2.500000037E-02 -2.788504399E-02  6.561999675E-03  7.080583272E+00 
        47  2.500000037E-02 -2.774104290E-02  6.561999675E-03  6.950273826E+00 
