cellnumber     x-coordinate     y-coordinate     z-coordinate velocity-magnitude 
         1  2.500000037E-02 -2.476578765E-02  6.562000606E-03  2.720778156E+00 
         2  2.500000037E-02 -2.477990836E-02  6.562000141E-03  3.100222282E+00 
         3  2.500000037E-02 -2.479819022E-02  6.562000141E-03  3.339655714E+00 
         4  2.500000037E-02 -2.482001111E-02  6.561999675E-03  3.499785861E+00 
         5  2.500000037E-02 -2.484604903E-02  6.562000141E-03  3.627623458E+00 
         6  2.500000037E-02 -2.487709187E-02  6.562000141E-03  3.757904507E+00 
         7  2.500000037E-02 -2.492471784E-02  6.562000141E-03  3.852133076E+00 
         8  2.500000037E-02 -2.501806431E-02  6.562000141E-03  3.287918633E+00 
         9  2.500000037E-02 -2.515085414E-02  6.562000141E-03  3.073141060E+00 
        10  2.500000224E-02 -2.529304475E-02  6.562000141E-03  2.858244315E+00 
        11  2.500000224E-02 -2.543704398E-02  6.562000141E-03  2.848856970E+00 
        12  2.500000224E-02 -2.558104321E-02  6.561999675E-03  2.660062413E+00 
        13  2.500000037E-02 -2.572504245E-02  6.561999675E-03  2.789812204E+00 
        14  2.500000037E-02 -2.586904354E-02  6.561999675E-03  3.353654705E+00 
        15  2.500000037E-02 -2.601304278E-02  6.562000141E-03  3.920703832E+00 
        16  2.500000224E-02 -2.615704387E-02  6.561999675E-03  4.891103472E+00 
        17  2.500000037E-02 -2.630104311E-02  6.561999675E-03  5.113959956E+00 
        18  2.500000037E-02 -2.644504420E-02  6.561999675E-03  4.871525087E+00 
        19  2.500000037E-02 -2.658904344E-02  6.562000141E-03  5.014202685E+00 
        20  2.500000224E-02 -2.673304267E-02  6.561999675E-03  5.112667910E+00 
        21  2.500000037E-02 -2.687704377E-02  6.561999675E-03  5.241308218E+00 
        22  2.500000037E-02 -2.702104300E-02  6.561999675E-03  5.396991875E+00 
        23  2.500000037E-02 -2.716504410E-02  6.562000141E-03  5.575258616E+00 
        24  2.500000224E-02 -2.730904333E-02  6.561999675E-03  5.669175777E+00 
        25  2.500000037E-02 -2.745304443E-02  6.562000141E-03  5.676259897E+00 
        26  2.500000037E-02 -2.759704366E-02  6.561999675E-03  5.703058519E+00 
        27  2.500000037E-02 -2.774104290E-02  6.562000141E-03  5.605248765E+00 
        28  2.500000224E-02 -2.788504399E-02  6.561999675E-03  5.544430238E+00 
        29  2.500000037E-02 -2.802904323E-02  6.561999675E-03  5.677259486E+00 
        30  2.500000037E-02 -2.817304246E-02  6.561999675E-03  5.960062706E+00 
        31  2.500000037E-02 -2.831704356E-02  6.562000141E-03  6.000354152E+00 
        32  2.500000224E-02 -2.846104279E-02  6.561999675E-03  6.062535826E+00 
        33  2.500000037E-02 -2.860504389E-02  6.561999675E-03  6.073489469E+00 
        34  2.500000037E-02 -2.874904312E-02  6.561999675E-03  6.271376532E+00 
        35  2.500000037E-02 -2.889304422E-02  6.562000141E-03  6.686080924E+00 
        36  2.500000224E-02 -2.903704345E-02  6.561999675E-03  6.841525454E+00 
        37  2.500000037E-02 -2.918104269E-02  6.561999675E-03  6.962931464E+00 
        38  2.500000037E-02 -2.932504378E-02  6.561999675E-03  7.355777421E+00 
        39  2.500000037E-02 -2.946904302E-02  6.561999675E-03  7.556670929E+00 
        40  2.500000037E-02 -2.961304411E-02  6.561999675E-03  7.284789929E+00 
        41  2.500000037E-02 -2.975704335E-02  6.561999675E-03  6.046808163E+00 
        42  2.500000037E-02 -2.990104258E-02  6.561999675E-03  3.558253305E+00 
        43  2.500000037E-02 -3.004504368E-02  6.562000141E-03  1.544925943E+00 
        44  2.500000224E-02 -3.018904477E-02  6.562000141E-03  7.198130725E-01 
        45  2.500000224E-02 -3.033304401E-02  6.561999675E-03  4.548758003E-01 
        46  2.500000037E-02 -3.046895750E-02  6.562000141E-03  2.830580360E-01 
        47  2.500000037E-02 -3.057143651E-02  6.562000141E-03  2.208658724E-01 
