cellnumber     x-coordinate     y-coordinate     z-coordinate velocity-magnitude 
         1  2.500000224E-02 -2.476744354E-02  6.562000141E-03  6.582190610E-01 
         2  2.500000037E-02 -2.478375472E-02  6.562000141E-03  7.357691076E-01 
         3  2.500000037E-02 -2.480320260E-02  6.562000606E-03  7.514773357E-01 
         4  2.500000037E-02 -2.482639626E-02  6.562000141E-03  7.381140847E-01 
         5  2.500000037E-02 -2.485404722E-02  6.562000141E-03  7.571630734E-01 
         6  2.500000037E-02 -2.488694340E-02  6.562000141E-03  8.407895011E-01 
         7  2.500000037E-02 -2.493503504E-02  6.562000141E-03  1.095137103E+00 
         8  2.500000037E-02 -2.501508407E-02  6.562000141E-03  1.365658463E+00 
         9  2.500000037E-02 -2.514391392E-02  6.562000141E-03  1.325974363E+00 
        10  2.500000037E-02 -2.529492602E-02  6.562000141E-03  1.251616062E+00 
        11  2.500000037E-02 -2.543892711E-02  6.562000141E-03  2.154994350E+00 
        12  2.500000037E-02 -2.558292635E-02  6.562000141E-03  2.865306429E+00 
        13  2.500000037E-02 -2.572692558E-02  6.562000141E-03  3.045444462E+00 
        14  2.500000037E-02 -2.587092668E-02  6.562000141E-03  3.987659749E+00 
        15  2.500000037E-02 -2.601492591E-02  6.562000141E-03  4.956860305E+00 
        16  2.500000037E-02 -2.615892701E-02  6.562000141E-03  6.192133700E+00 
        17  2.500000037E-02 -2.630292624E-02  6.562000141E-03  6.706401205E+00 
        18  2.500000037E-02 -2.644692548E-02  6.562000141E-03  6.391835537E+00 
        19  2.500000037E-02 -2.659092657E-02  6.562000141E-03  6.179274986E+00 
        20  2.500000037E-02 -2.673492581E-02  6.562000141E-03  6.212536679E+00 
        21  2.500000037E-02 -2.687892690E-02  6.562000141E-03  6.392336848E+00 
        22  2.500000037E-02 -2.702292614E-02  6.562000141E-03  6.553870957E+00 
        23  2.500000037E-02 -2.716692537E-02  6.562000141E-03  6.633698663E+00 
        24  2.500000037E-02 -2.731092647E-02  6.562000141E-03  6.725565785E+00 
        25  2.500000037E-02 -2.745492570E-02  6.562000141E-03  6.718945784E+00 
        26  2.500000037E-02 -2.759892680E-02  6.562000141E-03  6.532631545E+00 
        27  2.500000037E-02 -2.774292603E-02  6.562000141E-03  6.189840386E+00 
        28  2.500000037E-02 -2.788692527E-02  6.562000141E-03  5.947798613E+00 
        29  2.500000037E-02 -2.803092636E-02  6.562000141E-03  5.889091508E+00 
        30  2.500000037E-02 -2.817492560E-02  6.562000141E-03  5.928628026E+00 
        31  2.500000037E-02 -2.831892669E-02  6.562000141E-03  5.997624023E+00 
        32  2.500000037E-02 -2.846292593E-02  6.562000141E-03  6.060703053E+00 
        33  2.500000037E-02 -2.860692702E-02  6.562000141E-03  6.119123041E+00 
        34  2.500000037E-02 -3.058005497E-02  6.562000141E-03  1.374567652E+00 
        35  2.500000037E-02 -3.047851659E-02  6.562000141E-03  4.877939420E-01 
        36  2.500000037E-02 -3.033492528E-02  6.562000141E-03  2.318722970E+00 
        37  2.500000037E-02 -3.019092605E-02  6.562000141E-03  3.121686851E+00 
        38  2.500000037E-02 -3.004692681E-02  6.562000141E-03  4.086909144E+00 
        39  2.500000037E-02 -2.990292571E-02  6.562000141E-03  5.857323911E+00 
        40  2.500000037E-02 -2.975892648E-02  6.562000141E-03  7.083028324E+00 
        41  2.500000037E-02 -2.961492538E-02  6.562000141E-03  6.979655179E+00 
        42  2.500000037E-02 -2.947092615E-02  6.562000141E-03  7.272855916E+00 
        43  2.500000037E-02 -2.932692692E-02  6.562000141E-03  7.062304567E+00 
        44  2.500000037E-02 -2.918292582E-02  6.562000141E-03  6.588961605E+00 
        45  2.500000037E-02 -2.903892659E-02  6.562000141E-03  5.937348573E+00 
        46  2.500000037E-02 -2.889492549E-02  6.562000141E-03  6.104184310E+00 
        47  2.500000037E-02 -2.875092626E-02  6.562000141E-03  6.212168100E+00 
