cellnumber     x-coordinate     y-coordinate     z-coordinate velocity-magnitude 
         1  2.500000224E-02 -2.476744354E-02  6.562000141E-03  3.924535134E-01 
         2  2.500000037E-02 -2.478375472E-02  6.562000141E-03  3.970059475E-01 
         3  2.500000037E-02 -2.480320260E-02  6.562000606E-03  3.661453916E-01 
         4  2.500000037E-02 -2.482639626E-02  6.562000141E-03  3.115194395E-01 
         5  2.500000037E-02 -2.485404722E-02  6.562000141E-03  2.430777569E-01 
         6  2.500000037E-02 -2.488694340E-02  6.562000141E-03  2.111742615E-01 
         7  2.500000037E-02 -2.493503504E-02  6.562000141E-03  2.366365609E-01 
         8  2.500000037E-02 -2.501508407E-02  6.562000141E-03  1.854201281E-01 
         9  2.500000037E-02 -2.514391392E-02  6.562000141E-03  7.653553939E-01 
        10  2.500000037E-02 -2.529492602E-02  6.562000141E-03  1.269850746E+00 
        11  2.500000037E-02 -2.543892711E-02  6.562000141E-03  2.072303003E+00 
        12  2.500000037E-02 -2.558292635E-02  6.562000141E-03  2.548158683E+00 
        13  2.500000037E-02 -2.572692558E-02  6.562000141E-03  3.159605460E+00 
        14  2.500000037E-02 -2.587092668E-02  6.562000141E-03  4.210877122E+00 
        15  2.500000037E-02 -2.601492591E-02  6.562000141E-03  4.346093952E+00 
        16  2.500000037E-02 -2.615892701E-02  6.562000141E-03  4.415539006E+00 
        17  2.500000037E-02 -2.630292624E-02  6.562000141E-03  4.798482208E+00 
        18  2.500000037E-02 -2.644692548E-02  6.562000141E-03  5.093944954E+00 
        19  2.500000037E-02 -2.659092657E-02  6.562000141E-03  5.434468454E+00 
        20  2.500000037E-02 -2.673492581E-02  6.562000141E-03  5.703543281E+00 
        21  2.500000037E-02 -2.687892690E-02  6.562000141E-03  5.982385544E+00 
        22  2.500000037E-02 -2.702292614E-02  6.562000141E-03  6.073383600E+00 
        23  2.500000037E-02 -2.716692537E-02  6.562000141E-03  6.120293622E+00 
        24  2.500000037E-02 -2.731092647E-02  6.562000141E-03  6.268086750E+00 
        25  2.500000037E-02 -2.745492570E-02  6.562000141E-03  6.423871310E+00 
        26  2.500000037E-02 -2.759892680E-02  6.562000141E-03  6.486910003E+00 
        27  2.500000037E-02 -2.774292603E-02  6.562000141E-03  6.592678786E+00 
        28  2.500000037E-02 -2.788692527E-02  6.562000141E-03  6.755953802E+00 
        29  2.500000037E-02 -2.803092636E-02  6.562000141E-03  6.963772411E+00 
        30  2.500000037E-02 -2.817492560E-02  6.562000141E-03  7.233213564E+00 
        31  2.500000037E-02 -2.831892669E-02  6.562000141E-03  7.303474745E+00 
        32  2.500000037E-02 -2.846292593E-02  6.562000141E-03  6.999012406E+00 
        33  2.500000037E-02 -2.860692702E-02  6.562000141E-03  6.689448508E+00 
        34  2.500000037E-02 -3.058005497E-02  6.562000141E-03  1.608444468E+00 
        35  2.500000037E-02 -3.047851659E-02  6.562000141E-03  1.320484881E+00 
        36  2.500000037E-02 -3.033492528E-02  6.562000141E-03  7.380710592E-01 
        37  2.500000037E-02 -3.019092605E-02  6.562000141E-03  1.148122119E+00 
        38  2.500000037E-02 -3.004692681E-02  6.562000141E-03  9.687010555E-01 
        39  2.500000037E-02 -2.990292571E-02  6.562000141E-03  2.918277165E+00 
        40  2.500000037E-02 -2.975892648E-02  6.562000141E-03  3.792176163E+00 
        41  2.500000037E-02 -2.961492538E-02  6.562000141E-03  5.583468108E+00 
        42  2.500000037E-02 -2.947092615E-02  6.562000141E-03  6.573883928E+00 
        43  2.500000037E-02 -2.932692692E-02  6.562000141E-03  6.702258001E+00 
        44  2.500000037E-02 -2.918292582E-02  6.562000141E-03  6.911626582E+00 
        45  2.500000037E-02 -2.903892659E-02  6.562000141E-03  6.786938798E+00 
        46  2.500000037E-02 -2.889492549E-02  6.562000141E-03  6.722717866E+00 
        47  2.500000037E-02 -2.875092626E-02  6.562000141E-03  6.595280497E+00 
