cellnumber     x-coordinate     y-coordinate     z-coordinate velocity-magnitude 
         1  2.121082321E-02 -2.121082321E-02  6.562000141E-03  1.319276268E-01 
         2  2.120567486E-02 -2.120567486E-02  6.562000141E-03  3.891107394E-01 
         3  2.119949646E-02 -2.119949646E-02  6.562000141E-03  6.846315884E-01 
         4  2.119208500E-02 -2.119208500E-02  6.562000141E-03  1.022581126E+00 
         5  2.118319459E-02 -2.118319459E-02  6.562000141E-03  1.411217755E+00 
         6  2.117252536E-02 -2.117252536E-02  6.562000606E-03  1.867813550E+00 
         7  2.115972899E-02 -2.115972899E-02  6.562000606E-03  2.425169713E+00 
         8  2.114437334E-02 -2.114437334E-02  6.562000141E-03  3.124333416E+00 
         9  2.112595551E-02 -2.112595551E-02  6.562000606E-03  3.952176381E+00 
        10  2.110386454E-02 -2.110386454E-02  6.562000606E-03  4.620409990E+00 
        11  2.107902244E-02 -2.107902244E-02  6.562000606E-03  4.822919937E+00 
        12  2.101956122E-02 -2.101956122E-02  6.562000606E-03  4.730846541E+00 
        13  2.093681321E-02 -2.093681321E-02  6.562000606E-03  4.638545002E+00 
        14  2.088592015E-02 -2.088592015E-02  6.562000141E-03  4.641656193E+00 
        15  2.081407420E-02 -2.081407420E-02  6.562000141E-03  4.518951728E+00 
        16  2.074207366E-02 -2.074207366E-02  6.562000141E-03  4.538613250E+00 
        17  2.067007311E-02 -2.067007311E-02  6.562000141E-03  4.644734645E+00 
        18  2.059807256E-02 -2.059807256E-02  6.562000141E-03  4.679300219E+00 
        19  2.052607387E-02 -2.052607387E-02  6.562000141E-03  4.583358095E+00 
        20  2.045407332E-02 -2.045407332E-02  6.562000141E-03  4.560700437E+00 
        21  2.038207278E-02 -2.038207278E-02  6.562000141E-03  4.454636568E+00 
        22  2.031007409E-02 -2.031007409E-02  6.562000141E-03  4.402777384E+00 
        23  2.023807354E-02 -2.023807354E-02  6.562000141E-03  4.288108713E+00 
        24  2.016607299E-02 -2.016607299E-02  6.562000141E-03  4.277860046E+00 
        25  2.009407245E-02 -2.009407245E-02  6.562000141E-03  4.224701712E+00 
        26  2.002207376E-02 -2.002207376E-02  6.562000141E-03  4.237609226E+00 
        27  1.995007321E-02 -1.995007321E-02  6.562000141E-03  4.268580622E+00 
        28  1.987807266E-02 -1.987807266E-02  6.562000141E-03  4.297397843E+00 
        29  1.980607398E-02 -1.980607398E-02  6.562000141E-03  4.326021279E+00 
        30  1.973407343E-02 -1.973407343E-02  6.562000141E-03  4.359550591E+00 
        31  1.966207288E-02 -1.966207288E-02  6.562000141E-03  4.422240663E+00 
        32  1.959007233E-02 -1.959007233E-02  6.562000141E-03  4.475570046E+00 
        33  1.951807365E-02 -1.951807365E-02  6.562000141E-03  4.681042511E+00 
        34  1.944607310E-02 -1.944607310E-02  6.562000141E-03  4.861178450E+00 
        35  1.937407255E-02 -1.937407255E-02  6.562000141E-03  5.158662346E+00 
        36  1.930207387E-02 -1.930207387E-02  6.562000141E-03  5.236770466E+00 
        37  1.923859492E-02 -1.923859492E-02  6.562000141E-03  5.332329316E+00 
        38  1.914011873E-02 -1.914011873E-02  6.562000141E-03  5.420962438E+00 
        39  1.905349456E-02 -1.905349456E-02  6.562000606E-03  5.376555256E+00 
        40  1.899245940E-02 -1.899245940E-02  6.562000606E-03  5.286985515E+00 
        41  5.437502172E-03 -5.437505431E-03  6.562000141E-03  5.618333091E-01 
        42  5.312501919E-03 -5.312505644E-03  6.562000141E-03  6.115861389E-01 
        43  5.187502131E-03 -5.187505856E-03  6.562000141E-03  6.692593732E-01 
        44  5.062501878E-03 -5.062505603E-03  6.562000141E-03  6.810614523E-01 
        45  4.937502090E-03 -4.937505815E-03  6.562000141E-03  6.907704000E-01 
        46  4.812501837E-03 -4.812505562E-03  6.562000141E-03  7.126746385E-01 
        47  4.687502049E-03 -4.687505774E-03  6.562000141E-03  7.550997838E-01 
        48  4.562502261E-03 -4.562505521E-03  6.562000141E-03  8.220943849E-01 
        49  4.437502008E-03 -4.437505733E-03  6.562000141E-03  8.750659284E-01 
        50  4.312502220E-03 -4.312505480E-03  6.562000141E-03  9.034709923E-01 
        51  4.187501967E-03 -4.187505692E-03  6.562000141E-03  9.076500751E-01 
        52  4.062502179E-03 -4.062505439E-03  6.562000141E-03  8.837514891E-01 
        53  3.937501926E-03 -3.937505651E-03  6.562000141E-03  8.425863560E-01 
        54  3.812501905E-03 -3.812505398E-03  6.562000141E-03  7.908204096E-01 
        55  3.687501885E-03 -3.687505377E-03  6.562000141E-03  7.313843322E-01 
        56  3.562502097E-03 -3.562505357E-03  6.562000141E-03  6.719347545E-01 
        57  3.437502077E-03 -3.437505336E-03  6.562000141E-03  6.311883384E-01 
        58  3.312502056E-03 -3.312505316E-03  6.562000141E-03  6.451452879E-01 
        59  3.195532598E-03 -3.195534227E-03  6.562000606E-03  7.219427243E-01 
        60  3.099788679E-03 -3.099788679E-03  6.562000141E-03  7.955354585E-01 
        61  3.022594145E-03 -3.022594145E-03  6.562000141E-03  9.109006705E-01 
        62  2.967901761E-03 -2.967901761E-03  6.562000606E-03  9.403475921E-01 
        63  2.937011421E-03 -2.937011421E-03  6.562000606E-03  9.703990121E-01 
        64  2.914825454E-03 -2.914825454E-03  6.562000606E-03  9.859370478E-01 
        65  2.896386897E-03 -2.896386897E-03  6.562000606E-03  9.966458978E-01 
        66  2.881055698E-03 -2.881055698E-03  6.562000606E-03  1.005836565E+00 
        67  2.868303098E-03 -2.868303098E-03  6.562000141E-03  1.013641420E+00 
        68  2.857688349E-03 -2.857688349E-03  6.562000141E-03  1.020716440E+00 
        69  2.848849166E-03 -2.848849166E-03  6.562000141E-03  1.027170819E+00 
        70  2.841493115E-03 -2.841493115E-03  6.562000606E-03  1.033096954E+00 
        71  2.835373627E-03 -2.835373627E-03  6.562000141E-03  1.038519971E+00 
        72  2.830279991E-03 -2.830279991E-03  6.562000606E-03  1.043442102E+00 
        73  1.081250142E-02 -1.081250608E-02  6.562000141E-03  3.285918311E+00 
        74  1.068750210E-02 -1.068750583E-02  6.562000141E-03  3.281391232E+00 
        75  1.056250185E-02 -1.056250557E-02  6.562000141E-03  3.274828940E+00 
        76  1.043750159E-02 -1.043750625E-02  6.562000141E-03  3.251336681E+00 
        77  1.031250227E-02 -1.031250600E-02  6.562000141E-03  3.204017653E+00 
        78  1.018750202E-02 -1.018750574E-02  6.562000141E-03  3.131783984E+00 
        79  1.006250177E-02 -1.006250549E-02  6.562000141E-03  3.034628805E+00 
        80  9.937501512E-03 -9.937506169E-03  6.562000141E-03  2.943980547E+00 
        81  9.812502190E-03 -9.812505916E-03  6.562000141E-03  2.887346044E+00 
        82  9.687501937E-03 -9.687505662E-03  6.562000141E-03  2.885598848E+00 
        83  9.562501684E-03 -9.562505409E-03  6.562000141E-03  2.922027560E+00 
        84  9.437501431E-03 -9.437506087E-03  6.562000141E-03  2.961054157E+00 
        85  9.312502109E-03 -9.312505834E-03  6.562000141E-03  2.988644627E+00 
        86  9.187501855E-03 -9.187505580E-03  6.562000141E-03  3.013333507E+00 
        87  9.062501602E-03 -9.062506258E-03  6.562000141E-03  3.030091630E+00 
        88  8.937502280E-03 -8.937506005E-03  6.562000141E-03  3.010962567E+00 
        89  8.812502027E-03 -8.812505752E-03  6.562000141E-03  2.940169266E+00 
        90  8.687501773E-03 -8.687505499E-03  6.562000141E-03  2.878696539E+00 
        91  8.562501520E-03 -8.562506177E-03  6.562000141E-03  2.869647600E+00 
        92  8.437502198E-03 -8.437505923E-03  6.562000141E-03  2.883063495E+00 
        93  8.312501945E-03 -8.312505670E-03  6.562000141E-03  2.856865665E+00 
        94  8.187501691E-03 -8.187505417E-03  6.562000141E-03  2.809493513E+00 
        95  8.062502369E-03 -8.062506095E-03  6.562000141E-03  2.760565269E+00 
        96  7.937502116E-03 -7.937505841E-03  6.562000141E-03  2.731607526E+00 
        97  7.812501863E-03 -7.812505588E-03  6.562000141E-03  2.695101667E+00 
        98  7.687502075E-03 -7.687505800E-03  6.562000141E-03  2.613373545E+00 
        99  7.562501822E-03 -7.562505547E-03  6.562000141E-03  2.416256196E+00 
       100  7.437502034E-03 -7.437505759E-03  6.562000141E-03  2.179856805E+00 
       101  7.312501781E-03 -7.312505506E-03  6.562000141E-03  2.058364439E+00 
       102  7.187501993E-03 -7.187505718E-03  6.562000141E-03  1.732012319E+00 
       103  7.062501740E-03 -7.062505931E-03  6.562000141E-03  1.376664934E+00 
       104  6.937501952E-03 -6.937505677E-03  6.562000141E-03  1.166809499E+00 
       105  6.812502164E-03 -6.812505890E-03  6.562000141E-03  1.110096413E+00 
       106  6.687501911E-03 -6.687505636E-03  6.562000141E-03  8.745512864E-01 
       107  6.562502123E-03 -6.562505849E-03  6.562000141E-03  7.261878458E-01 
       108  6.437501870E-03 -6.437505595E-03  6.562000141E-03  8.040726186E-01 
       109  6.312502082E-03 -6.312505808E-03  6.562000141E-03  8.230327386E-01 
       110  6.187501829E-03 -6.187505554E-03  6.562000141E-03  7.769606266E-01 
       111  6.062502041E-03 -6.062505767E-03  6.562000141E-03  7.206136708E-01 
       112  5.937501788E-03 -5.937505513E-03  6.562000141E-03  6.756280771E-01 
       113  5.812502000E-03 -5.812505726E-03  6.562000141E-03  6.060313095E-01 
       114  5.687502213E-03 -5.687505472E-03  6.562000141E-03  5.411457133E-01 
       115  5.562501960E-03 -5.562505685E-03  6.562000141E-03  5.257433364E-01 
       116  1.206250209E-02 -1.206250582E-02  6.562000141E-03  3.837848090E+00 
       117  1.193750184E-02 -1.193750557E-02  6.562000141E-03  3.768916240E+00 
       118  1.181250159E-02 -1.181250624E-02  6.562000141E-03  3.671426399E+00 
       119  1.168750133E-02 -1.168750599E-02  6.562000141E-03  3.560625869E+00 
       120  1.156250201E-02 -1.156250574E-02  6.562000141E-03  3.466214947E+00 
       121  1.143750176E-02 -1.143750548E-02  6.562000141E-03  3.406380488E+00 
       122  1.131250151E-02 -1.131250616E-02  6.562000141E-03  3.376271553E+00 
       123  1.118750218E-02 -1.118750591E-02  6.562000141E-03  3.352073361E+00 
       124  1.106250193E-02 -1.106250565E-02  6.562000141E-03  3.331750300E+00 
       125  1.093750168E-02 -1.093750633E-02  6.562000141E-03  3.307507677E+00 
       126  1.880351081E-02 -1.880351454E-02  6.562000606E-03  4.816272630E+00 
       127  1.890108548E-02 -1.890108548E-02  6.562000606E-03  5.089943743E+00 
       128  1.895662583E-02 -1.895662583E-02  6.562000141E-03  5.215507053E+00 
       129  1.668750122E-02 -1.668750681E-02  6.562000141E-03  5.556940634E+00 
       130  1.681250148E-02 -1.681250520E-02  6.562000141E-03  5.483479867E+00 
       131  1.693750173E-02 -1.693750545E-02  6.562000141E-03  5.515912975E+00 
       132  1.706250198E-02 -1.706250571E-02  6.562000141E-03  5.470446823E+00 
       133  1.718750037E-02 -1.718750596E-02  6.562000141E-03  5.297472379E+00 
       134  1.731250063E-02 -1.731250621E-02  6.562000141E-03  5.195748938E+00 
       135  1.743750088E-02 -1.743750647E-02  6.562000141E-03  5.153120371E+00 
       136  1.756250113E-02 -1.756250672E-02  6.562000141E-03  5.205273666E+00 
       137  1.768750139E-02 -1.768750511E-02  6.562000141E-03  5.322130156E+00 
       138  1.781250164E-02 -1.781250536E-02  6.562000141E-03  5.437321470E+00 
       139  1.793750189E-02 -1.793750562E-02  6.562000141E-03  5.407393484E+00 
       140  1.806250028E-02 -1.806250587E-02  6.562000141E-03  5.551901884E+00 
       141  1.818750054E-02 -1.818750612E-02  6.562000141E-03  5.776959332E+00 
       142  1.831250079E-02 -1.831250638E-02  6.562000141E-03  5.781140923E+00 
       143  1.843750104E-02 -1.843750663E-02  6.562000141E-03  5.647143748E+00 
       144  1.856250130E-02 -1.856250688E-02  6.562000141E-03  5.265095096E+00 
       145  1.868750155E-02 -1.868750528E-02  6.562000141E-03  4.693558042E+00 
       146  1.656250097E-02 -1.656250656E-02  6.562000141E-03  5.593573382E+00 
       147  1.643750072E-02 -1.643750630E-02  6.562000141E-03  5.530349791E+00 
       148  1.631250046E-02 -1.631250605E-02  6.562000141E-03  5.423244299E+00 
       149  1.618750207E-02 -1.618750580E-02  6.562000141E-03  5.349605161E+00 
       150  1.606250182E-02 -1.606250554E-02  6.562000141E-03  5.351168415E+00 
       151  1.593750156E-02 -1.593750529E-02  6.562000141E-03  5.353785250E+00 
       152  1.581250131E-02 -1.581250504E-02  6.562000141E-03  5.334269136E+00 
       153  1.568750106E-02 -1.568750665E-02  6.562000141E-03  5.294078565E+00 
       154  1.556250174E-02 -1.556250639E-02  6.562000141E-03  5.265521730E+00 
       155  1.543750148E-02 -1.543750614E-02  6.562000141E-03  5.240394669E+00 
       156  1.531250123E-02 -1.531250589E-02  6.562000141E-03  5.196584699E+00 
       157  1.518750191E-02 -1.518750656E-02  6.562000141E-03  5.145249041E+00 
       158  1.506250165E-02 -1.506250631E-02  6.562000141E-03  5.087471169E+00 
       159  1.493750140E-02 -1.493750606E-02  6.562000141E-03  5.033402920E+00 
       160  1.481250115E-02 -1.481250580E-02  6.562000141E-03  4.992687057E+00 
       161  1.468750183E-02 -1.468750648E-02  6.562000141E-03  4.965488502E+00 
       162  1.456250157E-02 -1.456250623E-02  6.562000141E-03  4.946062567E+00 
       163  1.443750132E-02 -1.443750598E-02  6.562000141E-03  4.932800947E+00 
       164  1.431250200E-02 -1.431250572E-02  6.562000141E-03  4.926513485E+00 
       165  1.418750174E-02 -1.418750640E-02  6.562000141E-03  4.926487773E+00 
       166  1.406250149E-02 -1.406250615E-02  6.562000141E-03  4.927465144E+00 
       167  1.393750124E-02 -1.393750589E-02  6.562000141E-03  4.922896863E+00 
       168  1.381250191E-02 -1.381250564E-02  6.562000141E-03  4.900447202E+00 
       169  1.368750166E-02 -1.368750632E-02  6.562000141E-03  4.854106339E+00 
       170  1.356250141E-02 -1.356250606E-02  6.562000141E-03  4.798992631E+00 
       171  1.343750209E-02 -1.343750581E-02  6.562000141E-03  4.755131071E+00 
       172  1.331250183E-02 -1.331250556E-02  6.562000141E-03  4.711478348E+00 
       173  1.318750158E-02 -1.318750624E-02  6.562000141E-03  4.641876236E+00 
       174  1.306250133E-02 -1.306250598E-02  6.562000141E-03  4.556908881E+00 
       175  1.293750200E-02 -1.293750573E-02  6.562000141E-03  4.479959976E+00 
       176  1.281250175E-02 -1.281250641E-02  6.562000141E-03  4.401842553E+00 
       177  1.268750150E-02 -1.268750615E-02  6.562000141E-03  4.291321610E+00 
       178  1.256250124E-02 -1.256250590E-02  6.562000141E-03  4.149981019E+00 
       179  1.243750192E-02 -1.243750565E-02  6.562000141E-03  4.023740853E+00 
       180  1.231250167E-02 -1.231250633E-02  6.562000141E-03  3.940185889E+00 
       181  1.218750142E-02 -1.218750607E-02  6.562000141E-03  3.887377344E+00 
