cellnumber     x-coordinate     y-coordinate     z-coordinate velocity-magnitude 
         1  1.966207288E-02 -1.966207288E-02  6.562000141E-03  5.050617714E+00 
         2  1.973407343E-02 -1.973407343E-02  6.562000141E-03  4.971105603E+00 
         3  1.980607398E-02 -1.980607398E-02  6.562000141E-03  5.151135463E+00 
         4  1.987807266E-02 -1.987807266E-02  6.562000141E-03  5.113172084E+00 
         5  1.995007321E-02 -1.995007321E-02  6.562000141E-03  5.218071976E+00 
         6  2.002207376E-02 -2.002207376E-02  6.562000141E-03  5.105033983E+00 
         7  2.009407431E-02 -2.009407431E-02  6.562000141E-03  5.034982744E+00 
         8  2.016607299E-02 -2.016607299E-02  6.562000141E-03  4.846706104E+00 
         9  2.023807354E-02 -2.023807354E-02  6.562000141E-03  4.590673596E+00 
        10  2.031007409E-02 -2.031007409E-02  6.562000141E-03  4.387749142E+00 
        11  2.038207278E-02 -2.038207278E-02  6.562000141E-03  4.194011691E+00 
        12  2.045407332E-02 -2.045407332E-02  6.562000141E-03  4.188641487E+00 
        13  2.052607387E-02 -2.052607387E-02  6.562000141E-03  4.172799999E+00 
        14  2.059807256E-02 -2.059807256E-02  6.562000141E-03  4.328157669E+00 
        15  2.067007311E-02 -2.067007311E-02  6.562000141E-03  4.429042016E+00 
        16  2.074207366E-02 -2.074207366E-02  6.562000141E-03  4.483612484E+00 
        17  2.081407420E-02 -2.081407420E-02  6.562000141E-03  4.569297215E+00 
        18  2.088592015E-02 -2.088592015E-02  6.562000141E-03  4.788588883E+00 
        19  2.093681321E-02 -2.093681321E-02  6.562000606E-03  4.623551901E+00 
        20  2.101956122E-02 -2.101956122E-02  6.562000606E-03  4.576551819E+00 
        21  2.107902244E-02 -2.107902244E-02  6.562000606E-03  4.540183051E+00 
        22  2.110386454E-02 -2.110386454E-02  6.562000606E-03  4.268793709E+00 
        23  2.112595551E-02 -2.112595551E-02  6.562000606E-03  3.767582917E+00 
        24  2.114437334E-02 -2.114437334E-02  6.562000606E-03  3.150242810E+00 
        25  2.115972713E-02 -2.115972713E-02  6.562000606E-03  2.546254869E+00 
        26  2.117252536E-02 -2.117252536E-02  6.562000141E-03  2.003886375E+00 
        27  2.118319459E-02 -2.118319459E-02  6.562000141E-03  1.522747563E+00 
        28  2.119208500E-02 -2.119208500E-02  6.562000141E-03  1.098600237E+00 
        29  2.119949646E-02 -2.119949646E-02  6.562000141E-03  7.285402789E-01 
        30  2.120567486E-02 -2.120567486E-02  6.562000141E-03  4.089117935E-01 
        31  2.121082321E-02 -2.121082321E-02  6.562000141E-03  1.363716762E-01 
        32  1.895096526E-02 -1.895096526E-02  6.562000141E-03  5.359798748E+00 
        33  1.890101843E-02 -1.890101843E-02  6.562000141E-03  5.501859340E+00 
        34  1.880909875E-02 -1.880909689E-02  6.562000141E-03  5.509850140E+00 
        35  1.868749782E-02 -1.868749410E-02  6.562000141E-03  5.436463595E+00 
        36  1.856249757E-02 -1.856249385E-02  6.562000141E-03  5.559983625E+00 
        37  1.843749732E-02 -1.843749546E-02  6.562000141E-03  5.661204832E+00 
        38  1.831249706E-02 -1.831249520E-02  6.562000141E-03  5.665476836E+00 
        39  1.818749681E-02 -1.818749495E-02  6.562000141E-03  5.630631659E+00 
        40  1.806249842E-02 -1.806249470E-02  6.562000141E-03  5.555256454E+00 
        41  1.793749817E-02 -1.793749444E-02  6.562000141E-03  5.495280436E+00 
        42  1.781249791E-02 -1.781249419E-02  6.562000141E-03  5.379800686E+00 
        43  1.768749766E-02 -1.768749394E-02  6.562000141E-03  5.148169991E+00 
        44  1.756249741E-02 -1.756249554E-02  6.562000141E-03  5.017594721E+00 
        45  1.743749715E-02 -1.743749529E-02  6.562000141E-03  4.964291008E+00 
        46  1.731249690E-02 -1.731249504E-02  6.562000141E-03  4.964976513E+00 
        47  1.718749851E-02 -1.718749478E-02  6.562000141E-03  4.900455994E+00 
        48  1.706249826E-02 -1.706249453E-02  6.562000141E-03  4.814801773E+00 
        49  1.959007233E-02 -1.959007233E-02  6.562000141E-03  5.006661164E+00 
        50  1.951807365E-02 -1.951807365E-02  6.562000141E-03  5.209884339E+00 
        51  1.944607310E-02 -1.944607310E-02  6.562000141E-03  5.242998560E+00 
        52  1.937407255E-02 -1.937407255E-02  6.562000141E-03  5.359472274E+00 
        53  1.930207387E-02 -1.930207387E-02  6.562000141E-03  5.293868540E+00 
        54  1.923859492E-02 -1.923859492E-02  6.562000141E-03  5.257480392E+00 
        55  1.914011873E-02 -1.914011873E-02  6.562000141E-03  5.146558080E+00 
        56  1.905349456E-02 -1.905349456E-02  6.562000606E-03  5.072592969E+00 
        57  1.899245940E-02 -1.899245940E-02  6.562000606E-03  5.121798056E+00 
        58  2.830350772E-03 -2.830350772E-03  6.562000606E-03  1.045660964E+00 
        59  2.835454186E-03 -2.835454186E-03  6.562000606E-03  1.044269448E+00 
        60  2.841583686E-03 -2.841583686E-03  6.562000141E-03  1.041962699E+00 
        61  2.848947421E-03 -2.848947421E-03  6.562000606E-03  1.038469319E+00 
        62  2.857795218E-03 -2.857795218E-03  6.562000606E-03  1.033533597E+00 
        63  2.868429059E-03 -2.868429059E-03  6.562000141E-03  1.026893918E+00 
        64  2.881214023E-03 -2.881214023E-03  6.562000141E-03  1.018369147E+00 
        65  2.896590624E-03 -2.896590624E-03  6.562000141E-03  1.007862465E+00 
        66  2.915092511E-03 -2.915092511E-03  6.562000141E-03  9.951462214E-01 
        67  2.937367884E-03 -2.937367884E-03  6.561999675E-03  9.796890105E-01 
        68  2.973292954E-03 -2.973292954E-03  6.561999675E-03  9.529952195E-01 
        69  3.061023075E-03 -3.061021678E-03  6.562000141E-03  8.561419222E-01 
        70  3.187497845E-03 -3.187494818E-03  6.562000141E-03  6.591418258E-01 
        71  3.312497865E-03 -3.312494839E-03  6.562000141E-03  4.581585086E-01 
        72  3.437497886E-03 -3.437494626E-03  6.562000141E-03  3.374299427E-01 
        73  3.562497906E-03 -3.562494647E-03  6.562000141E-03  3.304666911E-01 
        74  3.687497694E-03 -3.687494667E-03  6.562000141E-03  3.495397237E-01 
        75  3.812497715E-03 -3.812494688E-03  6.562000141E-03  3.628718413E-01 
        76  3.937497735E-03 -3.937494941E-03  6.562000141E-03  3.897905214E-01 
        77  4.062497988E-03 -4.062494729E-03  6.562000141E-03  4.383022843E-01 
        78  4.187497776E-03 -4.187494982E-03  6.562000141E-03  4.969182525E-01 
        79  4.312498029E-03 -4.312494770E-03  6.562000141E-03  5.491207415E-01 
        80  1.693749800E-02 -1.693749428E-02  6.562000141E-03  5.087232985E+00 
        81  1.681249775E-02 -1.681249402E-02  6.562000141E-03  5.702996677E+00 
        82  1.668749750E-02 -1.668749563E-02  6.562000141E-03  6.079024717E+00 
        83  1.656249724E-02 -1.656249538E-02  6.562000141E-03  5.793113775E+00 
        84  1.643749699E-02 -1.643749513E-02  6.562000141E-03  5.693342145E+00 
        85  1.631249674E-02 -1.631249487E-02  6.562000141E-03  5.610765820E+00 
        86  1.618749835E-02 -1.618749462E-02  6.562000141E-03  5.507806905E+00 
        87  1.606249809E-02 -1.606249437E-02  6.562000141E-03  5.422674333E+00 
        88  1.593749784E-02 -1.593749411E-02  6.562000141E-03  5.351937643E+00 
        89  1.581249759E-02 -1.581249386E-02  6.562000141E-03  5.285650902E+00 
        90  1.568749733E-02 -1.568749547E-02  6.562000141E-03  5.219314400E+00 
        91  1.556249801E-02 -1.556249522E-02  6.562000141E-03  5.153626544E+00 
        92  1.543749776E-02 -1.543749496E-02  6.562000141E-03  5.090825295E+00 
        93  1.531249750E-02 -1.531249471E-02  6.562000141E-03  5.035684968E+00 
        94  1.518749818E-02 -1.518749539E-02  6.562000141E-03  4.991203409E+00 
        95  1.506249793E-02 -1.506249513E-02  6.562000141E-03  4.957413338E+00 
        96  1.493749768E-02 -1.493749488E-02  6.562000141E-03  4.931847466E+00 
        97  1.481249742E-02 -1.481249463E-02  6.562000141E-03  4.908855799E+00 
        98  1.468749810E-02 -1.468749531E-02  6.562000141E-03  4.881405756E+00 
        99  1.456249785E-02 -1.456249505E-02  6.562000141E-03  4.841075526E+00 
       100  1.443749759E-02 -1.443749480E-02  6.562000141E-03  4.781335987E+00 
       101  1.431249827E-02 -1.431249455E-02  6.562000141E-03  4.700752304E+00 
       102  1.418749802E-02 -1.418749522E-02  6.562000141E-03  4.607710805E+00 
       103  1.406249776E-02 -1.406249497E-02  6.562000141E-03  4.515657856E+00 
       104  1.393749751E-02 -1.393749472E-02  6.562000141E-03  4.437662937E+00 
       105  1.381249819E-02 -1.381249540E-02  6.562000141E-03  4.380076932E+00 
       106  1.368749794E-02 -1.368749514E-02  6.562000141E-03  4.338563764E+00 
       107  1.356249768E-02 -1.356249489E-02  6.562000141E-03  4.303048877E+00 
       108  1.343749743E-02 -1.343749464E-02  6.562000141E-03  4.265844049E+00 
       109  1.331249811E-02 -1.331249531E-02  6.562000141E-03  4.226165804E+00 
       110  1.318749785E-02 -1.318749506E-02  6.562000141E-03  4.185832676E+00 
       111  1.306249760E-02 -1.306249481E-02  6.562000141E-03  4.145891030E+00 
       112  1.293749828E-02 -1.293749455E-02  6.562000141E-03  4.103209533E+00 
       113  1.281249803E-02 -1.281249523E-02  6.562000141E-03  4.050746488E+00 
       114  1.268749777E-02 -1.268749498E-02  6.562000141E-03  3.988999053E+00 
       115  1.256249752E-02 -1.256249472E-02  6.562000141E-03  3.935893565E+00 
       116  1.243749820E-02 -1.243749447E-02  6.562000141E-03  3.898379881E+00 
       117  1.231249794E-02 -1.231249515E-02  6.562000141E-03  3.852058424E+00 
       118  1.218749769E-02 -1.218749490E-02  6.562000141E-03  3.792963564E+00 
       119  1.206249744E-02 -1.206249464E-02  6.562000141E-03  3.736049738E+00 
       120  1.193749812E-02 -1.193749532E-02  6.562000141E-03  3.683704485E+00 
       121  1.181249786E-02 -1.181249507E-02  6.562000141E-03  3.644439224E+00 
       122  1.168749761E-02 -1.168749481E-02  6.562000141E-03  3.616216808E+00 
       123  1.156249829E-02 -1.156249456E-02  6.562000141E-03  3.579896425E+00 
       124  1.143749803E-02 -1.143749524E-02  6.562000141E-03  3.526184830E+00 
       125  1.131249778E-02 -1.131249499E-02  6.562000141E-03  3.457387091E+00 
       126  1.118749753E-02 -1.118749473E-02  6.562000141E-03  3.398930509E+00 
       127  1.106249820E-02 -1.106249448E-02  6.562000141E-03  3.352485957E+00 
       128  1.093749795E-02 -1.093749516E-02  6.562000141E-03  3.308959605E+00 
       129  1.081249770E-02 -1.081249490E-02  6.562000141E-03  3.262417614E+00 
       130  1.068749744E-02 -1.068749465E-02  6.562000141E-03  3.187514958E+00 
       131  1.056249812E-02 -1.056249533E-02  6.562000141E-03  3.086176435E+00 
       132  1.043749787E-02 -1.043749508E-02  6.562000141E-03  2.977378094E+00 
       133  1.031249762E-02 -1.031249482E-02  6.562000141E-03  2.891775680E+00 
       134  1.018749829E-02 -1.018749457E-02  6.562000141E-03  2.833717132E+00 
       135  1.006249804E-02 -1.006249525E-02  6.562000141E-03  2.803492049E+00 
       136  9.937497787E-03 -9.937494993E-03  6.562000141E-03  2.790555987E+00 
       137  9.812497534E-03 -9.812494740E-03  6.562000141E-03  2.789626656E+00 
       138  9.687498212E-03 -9.687494487E-03  6.562000141E-03  2.782597657E+00 
       139  9.562497959E-03 -9.562495165E-03  6.562000141E-03  2.735715117E+00 
       140  9.437497705E-03 -9.437494911E-03  6.562000141E-03  2.612149708E+00 
       141  9.312497452E-03 -9.312494658E-03  6.562000141E-03  2.443243566E+00 
       142  4.437497817E-03 -4.437495023E-03  6.562000141E-03  5.768746113E-01 
       143  4.562498070E-03 -4.562494811E-03  6.562000141E-03  5.824465371E-01 
       144  4.687497858E-03 -4.687495064E-03  6.562000141E-03  5.627970730E-01 
       145  4.812498111E-03 -4.812494852E-03  6.562000141E-03  5.347233426E-01 
       146  4.937497899E-03 -4.937494639E-03  6.562000141E-03  5.059629753E-01 
       147  5.062497687E-03 -5.062494893E-03  6.562000141E-03  4.905173238E-01 
       148  5.187497940E-03 -5.187494680E-03  6.562000141E-03  4.896674299E-01 
       149  5.312497728E-03 -5.312494934E-03  6.562000141E-03  5.018197378E-01 
       150  5.437497981E-03 -5.437494721E-03  6.562000141E-03  5.217229090E-01 
       151  5.562497769E-03 -5.562494975E-03  6.562000141E-03  5.454758005E-01 
       152  5.687498022E-03 -5.687494762E-03  6.562000141E-03  5.687429807E-01 
       153  5.812497810E-03 -5.812495016E-03  6.562000141E-03  5.965359199E-01 
       154  5.937498063E-03 -5.937494803E-03  6.562000141E-03  6.289804691E-01 
       155  6.062497851E-03 -6.062495057E-03  6.562000141E-03  6.570368150E-01 
       156  6.187498104E-03 -6.187494844E-03  6.562000141E-03  6.923198824E-01 
       157  6.312497891E-03 -6.312495098E-03  6.562000141E-03  7.272176279E-01 
       158  6.437497679E-03 -6.437494885E-03  6.562000141E-03  7.653358444E-01 
       159  6.562497932E-03 -6.562494673E-03  6.562000141E-03  8.043909678E-01 
       160  6.687497720E-03 -6.687494926E-03  6.562000141E-03  8.504018932E-01 
       161  6.812497973E-03 -6.812494714E-03  6.562000141E-03  8.911006921E-01 
       162  6.937497761E-03 -6.937494967E-03  6.562000141E-03  9.887269035E-01 
       163  7.062498014E-03 -7.062494755E-03  6.562000141E-03  1.109905542E+00 
       164  7.187497802E-03 -7.187495008E-03  6.562000141E-03  1.273738159E+00 
       165  7.312498055E-03 -7.312494796E-03  6.562000141E-03  1.359729192E+00 
       166  7.437497843E-03 -7.437495049E-03  6.562000141E-03  8.337665768E-01 
       167  7.562498096E-03 -7.562494837E-03  6.562000141E-03  8.535176712E-01 
       168  7.687497884E-03 -7.687495090E-03  6.562000141E-03  2.057251284E+00 
       169  7.812497672E-03 -7.812494878E-03  6.562000141E-03  2.242166325E+00 
       170  7.937497459E-03 -7.937494665E-03  6.562000141E-03  1.970635231E+00 
       171  8.062497713E-03 -8.062494919E-03  6.562000141E-03  2.110965719E+00 
       172  8.187497966E-03 -8.187495172E-03  6.562000141E-03  2.508517120E+00 
       173  8.312498219E-03 -8.312494494E-03  6.562000141E-03  2.687020785E+00 
       174  8.437497541E-03 -8.437494747E-03  6.562000141E-03  2.650254758E+00 
       175  8.562497795E-03 -8.562495001E-03  6.562000141E-03  2.591614953E+00 
       176  8.687498048E-03 -8.687495254E-03  6.562000141E-03  2.507193000E+00 
       177  8.812498301E-03 -8.812494576E-03  6.562000141E-03  2.431335688E+00 
       178  8.937497623E-03 -8.937494829E-03  6.562000141E-03  2.364931637E+00 
       179  9.062497877E-03 -9.062495083E-03  6.562000141E-03  2.306976287E+00 
       180  9.187498130E-03 -9.187495336E-03  6.562000141E-03  2.320321483E+00 
