cellnumber     x-coordinate     y-coordinate     z-coordinate velocity-magnitude 
         1  2.121082321E-02 -2.121082321E-02  6.562000141E-03  1.871972433E-01 
         2  2.120567486E-02 -2.120567486E-02  6.562000141E-03  5.602220934E-01 
         3  2.119949646E-02 -2.119949646E-02  6.562000141E-03  9.946298336E-01 
         4  2.119208500E-02 -2.119208500E-02  6.562000141E-03  1.492942853E+00 
         5  2.118319459E-02 -2.118319459E-02  6.562000141E-03  2.056535237E+00 
         6  2.117252536E-02 -2.117252536E-02  6.562000606E-03  2.677484564E+00 
         7  2.115972899E-02 -2.115972899E-02  6.562000606E-03  3.316295778E+00 
         8  2.114437334E-02 -2.114437334E-02  6.562000141E-03  3.883995578E+00 
         9  2.112595551E-02 -2.112595551E-02  6.562000606E-03  4.239173515E+00 
        10  2.110386454E-02 -2.110386454E-02  6.562000606E-03  4.380769117E+00 
        11  2.107902244E-02 -2.107902244E-02  6.562000606E-03  4.489960776E+00 
        12  2.101956122E-02 -2.101956122E-02  6.562000606E-03  4.541751835E+00 
        13  2.093681321E-02 -2.093681321E-02  6.562000606E-03  4.671149985E+00 
        14  2.088592015E-02 -2.088592015E-02  6.562000141E-03  4.643136609E+00 
        15  2.081407420E-02 -2.081407420E-02  6.562000141E-03  4.651275348E+00 
        16  2.074207366E-02 -2.074207366E-02  6.562000141E-03  4.472094847E+00 
        17  2.067007311E-02 -2.067007311E-02  6.562000141E-03  4.354266293E+00 
        18  2.059807256E-02 -2.059807256E-02  6.562000141E-03  4.326835861E+00 
        19  2.052607387E-02 -2.052607387E-02  6.562000141E-03  4.289768713E+00 
        20  2.045407332E-02 -2.045407332E-02  6.562000141E-03  4.380261556E+00 
        21  2.038207278E-02 -2.038207278E-02  6.562000141E-03  4.432416427E+00 
        22  2.031007409E-02 -2.031007409E-02  6.562000141E-03  4.507194720E+00 
        23  2.023807354E-02 -2.023807354E-02  6.562000141E-03  4.522291878E+00 
        24  2.016607299E-02 -2.016607299E-02  6.562000141E-03  4.535992628E+00 
        25  2.009407245E-02 -2.009407245E-02  6.562000141E-03  4.554689791E+00 
        26  2.002207376E-02 -2.002207376E-02  6.562000141E-03  4.712008780E+00 
        27  1.995007321E-02 -1.995007321E-02  6.562000141E-03  4.859761410E+00 
        28  1.987807266E-02 -1.987807266E-02  6.562000141E-03  5.147606364E+00 
        29  1.980607398E-02 -1.980607398E-02  6.562000141E-03  5.297167035E+00 
        30  1.973407343E-02 -1.973407343E-02  6.562000141E-03  5.467067327E+00 
        31  1.966207288E-02 -1.966207288E-02  6.562000141E-03  5.447901323E+00 
        32  1.959007233E-02 -1.959007233E-02  6.562000141E-03  5.467848650E+00 
        33  1.951807365E-02 -1.951807365E-02  6.562000141E-03  5.464123232E+00 
        34  1.944607310E-02 -1.944607310E-02  6.562000141E-03  5.441256095E+00 
        35  1.937407255E-02 -1.937407255E-02  6.562000141E-03  5.500652979E+00 
        36  1.930207387E-02 -1.930207387E-02  6.562000141E-03  5.496444715E+00 
        37  1.923859492E-02 -1.923859492E-02  6.562000141E-03  5.576034961E+00 
        38  1.914011873E-02 -1.914011873E-02  6.562000141E-03  5.612462228E+00 
        39  1.905349456E-02 -1.905349456E-02  6.562000606E-03  5.635114602E+00 
        40  1.899245940E-02 -1.899245940E-02  6.562000606E-03  5.775654925E+00 
        41  1.880351081E-02 -1.880351454E-02  6.562000141E-03  5.709126927E+00 
        42  1.890108548E-02 -1.890108548E-02  6.562000141E-03  5.764184116E+00 
        43  1.895662583E-02 -1.895662583E-02  6.562000141E-03  5.577152514E+00 
        44  1.668750122E-02 -1.668750681E-02  6.562000141E-03  5.374209914E+00 
        45  1.681250148E-02 -1.681250520E-02  6.562000141E-03  5.351480030E+00 
        46  1.693750173E-02 -1.693750545E-02  6.562000141E-03  5.398248913E+00 
        47  1.706250198E-02 -1.706250571E-02  6.562000141E-03  5.474821138E+00 
        48  1.718750037E-02 -1.718750596E-02  6.562000141E-03  5.527157125E+00 
        49  1.731250063E-02 -1.731250621E-02  6.562000141E-03  5.569163265E+00 
        50  1.743750088E-02 -1.743750647E-02  6.562000141E-03  5.600563268E+00 
        51  1.756250113E-02 -1.756250672E-02  6.562000141E-03  5.592672903E+00 
        52  1.768750139E-02 -1.768750697E-02  6.562000141E-03  5.550369818E+00 
        53  1.781250164E-02 -1.781250536E-02  6.562000141E-03  5.507716910E+00 
        54  1.793750189E-02 -1.793750562E-02  6.562000141E-03  5.445096893E+00 
        55  1.806250028E-02 -1.806250587E-02  6.562000141E-03  5.309006801E+00 
        56  1.818750054E-02 -1.818750612E-02  6.562000141E-03  5.237147299E+00 
        57  1.831250079E-02 -1.831250638E-02  6.562000141E-03  5.250696935E+00 
        58  1.843750104E-02 -1.843750663E-02  6.562000141E-03  5.332849085E+00 
        59  1.856250130E-02 -1.856250688E-02  6.562000141E-03  5.467854816E+00 
        60  1.868750155E-02 -1.868750528E-02  6.562000141E-03  5.671414103E+00 
        61  1.656250097E-02 -1.656250656E-02  6.562000141E-03  5.381425328E+00 
        62  1.643750072E-02 -1.643750630E-02  6.562000141E-03  5.295393781E+00 
        63  1.631250046E-02 -1.631250605E-02  6.562000141E-03  5.266524485E+00 
        64  1.618750207E-02 -1.618750580E-02  6.562000141E-03  5.308799240E+00 
        65  1.606250182E-02 -1.606250554E-02  6.562000141E-03  5.377738303E+00 
        66  1.593750156E-02 -1.593750529E-02  6.562000141E-03  5.394421884E+00 
        67  1.581250131E-02 -1.581250690E-02  6.562000141E-03  5.317445553E+00 
        68  1.568750106E-02 -1.568750665E-02  6.562000141E-03  5.268477492E+00 
        69  1.556250174E-02 -1.556250639E-02  6.562000141E-03  5.217971416E+00 
        70  1.543750148E-02 -1.543750614E-02  6.562000141E-03  5.159008394E+00 
        71  1.531250123E-02 -1.531250589E-02  6.562000141E-03  5.103155676E+00 
        72  1.518750191E-02 -1.518750656E-02  6.562000141E-03  5.059274110E+00 
        73  1.506250165E-02 -1.506250631E-02  6.562000141E-03  5.036322428E+00 
        74  1.493750140E-02 -1.493750606E-02  6.562000141E-03  5.018171504E+00 
        75  1.481250115E-02 -1.481250580E-02  6.562000141E-03  4.991616673E+00 
        76  1.468750183E-02 -1.468750648E-02  6.562000141E-03  4.965197015E+00 
        77  1.456250157E-02 -1.456250623E-02  6.562000141E-03  4.934934885E+00 
        78  1.443750132E-02 -1.443750598E-02  6.562000141E-03  4.899925340E+00 
        79  1.431250107E-02 -1.431250572E-02  6.562000141E-03  4.860419277E+00 
        80  1.418750174E-02 -1.418750640E-02  6.562000141E-03  4.815706513E+00 
        81  1.406250149E-02 -1.406250615E-02  6.562000141E-03  4.766312556E+00 
        82  1.393750124E-02 -1.393750589E-02  6.562000141E-03  4.712727262E+00 
        83  1.381250191E-02 -1.381250657E-02  6.562000141E-03  4.656259762E+00 
        84  1.368750166E-02 -1.368750632E-02  6.562000141E-03  4.597585051E+00 
        85  1.356250141E-02 -1.356250606E-02  6.562000141E-03  4.537474861E+00 
        86  1.343750115E-02 -1.343750581E-02  6.562000141E-03  4.476978008E+00 
        87  1.331250183E-02 -1.331250649E-02  6.562000141E-03  4.417167461E+00 
        88  1.318750158E-02 -1.318750624E-02  6.562000141E-03  4.359159217E+00 
        89  1.306250133E-02 -1.306250598E-02  6.562000141E-03  4.303956981E+00 
        90  1.293750200E-02 -1.293750573E-02  6.562000141E-03  4.252317358E+00 
        91  1.281250175E-02 -1.281250641E-02  6.562000141E-03  4.204813801E+00 
        92  1.268750150E-02 -1.268750615E-02  6.562000141E-03  4.161568937E+00 
        93  1.256250124E-02 -1.256250590E-02  6.562000141E-03  4.122598421E+00 
        94  1.243750192E-02 -1.243750565E-02  6.562000141E-03  4.087564316E+00 
        95  1.231250167E-02 -1.231250633E-02  6.562000141E-03  4.055112389E+00 
        96  1.218750142E-02 -1.218750607E-02  6.562000141E-03  4.023366209E+00 
        97  1.206250209E-02 -1.206250582E-02  6.562000141E-03  3.990382352E+00 
        98  1.193750184E-02 -1.193750650E-02  6.562000141E-03  3.954532737E+00 
        99  1.181250159E-02 -1.181250624E-02  6.562000141E-03  3.916050962E+00 
       100  1.168750133E-02 -1.168750599E-02  6.562000141E-03  3.875490021E+00 
       101  1.156250201E-02 -1.156250574E-02  6.562000141E-03  3.829264624E+00 
       102  1.143750176E-02 -1.143750641E-02  6.562000141E-03  3.776903964E+00 
       103  1.131250151E-02 -1.131250616E-02  6.562000141E-03  3.725846074E+00 
       104  1.118750125E-02 -1.118750591E-02  6.562000141E-03  3.679051539E+00 
       105  1.106250193E-02 -1.106250565E-02  6.562000141E-03  3.634103028E+00 
       106  1.093750168E-02 -1.093750633E-02  6.562000141E-03  3.584688502E+00 
       107  5.437502172E-03 -5.437505897E-03  6.562000141E-03  7.730447977E-01 
       108  5.312501919E-03 -5.312505644E-03  6.562000141E-03  7.131189982E-01 
       109  5.187502131E-03 -5.187505856E-03  6.562000141E-03  6.717962428E-01 
       110  5.062501878E-03 -5.062505603E-03  6.562000141E-03  6.383116556E-01 
       111  4.937502090E-03 -4.937505815E-03  6.562000141E-03  6.153974619E-01 
       112  4.812501837E-03 -4.812505562E-03  6.562000141E-03  5.963794063E-01 
       113  4.687502049E-03 -4.687505774E-03  6.562000141E-03  5.626103074E-01 
       114  4.562501796E-03 -4.562505521E-03  6.562000141E-03  5.225463520E-01 
       115  4.437502008E-03 -4.437505733E-03  6.562000141E-03  5.006454062E-01 
       116  4.312502220E-03 -4.312505480E-03  6.562000141E-03  5.020573534E-01 
       117  4.187501967E-03 -4.187505692E-03  6.562000141E-03  5.082813449E-01 
       118  4.062502179E-03 -4.062505439E-03  6.562000141E-03  5.119163071E-01 
       119  3.937501926E-03 -3.937505651E-03  6.562000141E-03  5.252693641E-01 
       120  3.812501905E-03 -3.812505398E-03  6.562000141E-03  5.805190657E-01 
       121  3.687501885E-03 -3.687505377E-03  6.562000141E-03  6.672505204E-01 
       122  3.562501865E-03 -3.562505357E-03  6.562000141E-03  7.668487856E-01 
       123  3.437502077E-03 -3.437505569E-03  6.562000141E-03  8.041043512E-01 
       124  3.312502056E-03 -3.312505549E-03  6.562000141E-03  7.594716091E-01 
       125  3.195532598E-03 -3.195534227E-03  6.562000606E-03  6.925636643E-01 
       126  3.099788679E-03 -3.099788679E-03  6.562000606E-03  6.962044382E-01 
       127  3.022594377E-03 -3.022594377E-03  6.562000141E-03  7.570476571E-01 
       128  2.967901761E-03 -2.967901761E-03  6.562000606E-03  8.031450868E-01 
       129  2.937011421E-03 -2.937011421E-03  6.562000606E-03  8.629369267E-01 
       130  2.914825454E-03 -2.914825454E-03  6.562000141E-03  8.982018276E-01 
       131  2.896386664E-03 -2.896386664E-03  6.562000141E-03  9.263297495E-01 
       132  2.881055698E-03 -2.881055698E-03  6.562000141E-03  9.502848030E-01 
       133  2.868303098E-03 -2.868303098E-03  6.562000606E-03  9.708584019E-01 
       134  2.857688349E-03 -2.857688349E-03  6.562000141E-03  9.888855171E-01 
       135  2.848849166E-03 -2.848849166E-03  6.562000141E-03  1.004688142E+00 
       136  2.841493115E-03 -2.841493115E-03  6.562000141E-03  1.018489722E+00 
       137  2.835373627E-03 -2.835373627E-03  6.562000141E-03  1.030470226E+00 
       138  2.830280224E-03 -2.830280224E-03  6.562000606E-03  1.040803179E+00 
       139  1.081250142E-02 -1.081250608E-02  6.562000141E-03  3.524455179E+00 
       140  1.068750210E-02 -1.068750583E-02  6.562000141E-03  3.451626528E+00 
       141  1.056250185E-02 -1.056250557E-02  6.562000141E-03  3.368161987E+00 
       142  1.043750159E-02 -1.043750625E-02  6.562000141E-03  3.277266342E+00 
       143  1.031250134E-02 -1.031250600E-02  6.562000141E-03  3.185041048E+00 
       144  1.018750202E-02 -1.018750574E-02  6.562000141E-03  3.093670008E+00 
       145  1.006250177E-02 -1.006250549E-02  6.562000141E-03  3.000477142E+00 
       146  9.937501512E-03 -9.937506169E-03  6.562000141E-03  2.916138639E+00 
       147  9.812502190E-03 -9.812505916E-03  6.562000141E-03  2.898619743E+00 
       148  9.687501937E-03 -9.687505662E-03  6.562000141E-03  2.916385639E+00 
       149  9.562501684E-03 -9.562506340E-03  6.562000141E-03  2.918031907E+00 
       150  9.437501431E-03 -9.437506087E-03  6.562000141E-03  2.911786402E+00 
       151  9.312502109E-03 -9.312505834E-03  6.562000141E-03  2.852695501E+00 
       152  9.187501855E-03 -9.187505580E-03  6.562000141E-03  2.801814773E+00 
       153  9.062501602E-03 -9.062506258E-03  6.562000141E-03  2.400320418E+00 
       154  8.937501349E-03 -8.937506005E-03  6.562000141E-03  2.195227347E+00 
       155  8.812502027E-03 -8.812505752E-03  6.562000141E-03  2.229801664E+00 
       156  8.687501773E-03 -8.687505499E-03  6.562000141E-03  2.185825384E+00 
       157  8.562501520E-03 -8.562506177E-03  6.562000141E-03  2.148340154E+00 
       158  8.437502198E-03 -8.437505923E-03  6.562000141E-03  2.120007355E+00 
       159  8.312501945E-03 -8.312505670E-03  6.562000141E-03  2.230661064E+00 
       160  8.187501691E-03 -8.187505417E-03  6.562000141E-03  2.351851475E+00 
       161  8.062501438E-03 -8.062506095E-03  6.562000141E-03  2.451429406E+00 
       162  7.937502116E-03 -7.937505841E-03  6.562000141E-03  2.525392039E+00 
       163  7.812501863E-03 -7.812505588E-03  6.562000141E-03  2.542369989E+00 
       164  7.687502075E-03 -7.687505800E-03  6.562000141E-03  2.544612819E+00 
       165  7.562501822E-03 -7.562506013E-03  6.562000141E-03  2.443796311E+00 
       166  7.437502034E-03 -7.437505759E-03  6.562000141E-03  2.209885673E+00 
       167  7.312501781E-03 -7.312505972E-03  6.562000141E-03  1.838906854E+00 
       168  7.187501993E-03 -7.187505718E-03  6.562000141E-03  1.497026775E+00 
       169  7.062501740E-03 -7.062505931E-03  6.562000141E-03  1.102070132E+00 
       170  6.937501952E-03 -6.937505677E-03  6.562000141E-03  6.312335151E-01 
       171  6.812501699E-03 -6.812505890E-03  6.562000141E-03  4.499985761E-01 
       172  6.687501911E-03 -6.687505636E-03  6.562000141E-03  5.922482036E-01 
       173  6.562502123E-03 -6.562505849E-03  6.562000141E-03  7.950726016E-01 
       174  6.437501870E-03 -6.437505595E-03  6.562000141E-03  9.988382421E-01 
       175  6.312502082E-03 -6.312505808E-03  6.562000141E-03  1.077689603E+00 
       176  6.187501829E-03 -6.187505554E-03  6.562000141E-03  9.689895545E-01 
       177  6.062502041E-03 -6.062505767E-03  6.562000141E-03  8.714916063E-01 
       178  5.937501788E-03 -5.937505513E-03  6.562000141E-03  8.809693375E-01 
       179  5.812502000E-03 -5.812505726E-03  6.562000141E-03  9.224754270E-01 
       180  5.687501747E-03 -5.687505472E-03  6.562000141E-03  9.049419265E-01 
       181  5.562501960E-03 -5.562505685E-03  6.562000141E-03  8.514604594E-01 
