cellnumber     x-coordinate     y-coordinate     z-coordinate velocity-magnitude 
         1  1.781250350E-02 -1.781249791E-02  6.562000141E-03  5.578077789E+00 
         2  1.768750325E-02 -1.768749952E-02  6.562000141E-03  5.452143524E+00 
         3  1.756250486E-02 -1.756249927E-02  6.562000141E-03  5.317725453E+00 
         4  1.743750460E-02 -1.743749902E-02  6.562000141E-03  5.361858973E+00 
         5  1.731250435E-02 -1.731249876E-02  6.562000141E-03  5.424540352E+00 
         6  1.718750410E-02 -1.718749851E-02  6.562000141E-03  5.458077674E+00 
         7  1.895486377E-02 -1.895486377E-02  6.562000141E-03  5.855317881E+00 
         8  1.889866963E-02 -1.889866963E-02  6.562000141E-03  5.832529486E+00 
         9  1.880285516E-02 -1.880285330E-02  6.562000141E-03  5.825870815E+00 
        10  1.868750341E-02 -1.868749969E-02  6.562000141E-03  5.873125264E+00 
        11  1.856250316E-02 -1.856249943E-02  6.562000141E-03  5.969972425E+00 
        12  1.843750477E-02 -1.843749918E-02  6.562000141E-03  5.924890587E+00 
        13  1.831250452E-02 -1.831249893E-02  6.562000141E-03  5.789736113E+00 
        14  1.818750426E-02 -1.818749867E-02  6.562000141E-03  5.733090295E+00 
        15  1.806250401E-02 -1.806249842E-02  6.562000141E-03  5.735034233E+00 
        16  1.793750376E-02 -1.793749817E-02  6.562000141E-03  5.648757653E+00 
        17  2.121082321E-02 -2.121082321E-02  6.562000141E-03  1.249528047E-01 
        18  2.120567486E-02 -2.120567486E-02  6.562000141E-03  3.663150381E-01 
        19  2.119949646E-02 -2.119949646E-02  6.562000141E-03  6.446162750E-01 
        20  2.119208500E-02 -2.119208500E-02  6.562000141E-03  9.686313424E-01 
        21  2.118319459E-02 -2.118319459E-02  6.562000141E-03  1.353129978E+00 
        22  2.117252536E-02 -2.117252536E-02  6.562000606E-03  1.821537622E+00 
        23  2.115972899E-02 -2.115972899E-02  6.562000606E-03  2.407053287E+00 
        24  2.114437334E-02 -2.114437334E-02  6.562000141E-03  3.130858114E+00 
        25  2.112595551E-02 -2.112595551E-02  6.562000606E-03  3.905865417E+00 
        26  2.110386454E-02 -2.110386454E-02  6.562000606E-03  4.429470368E+00 
        27  2.107902244E-02 -2.107902244E-02  6.562000606E-03  4.567304559E+00 
        28  2.101956122E-02 -2.101956122E-02  6.562000606E-03  4.632105253E+00 
        29  2.093681321E-02 -2.093681321E-02  6.562000606E-03  4.631668220E+00 
        30  2.088592015E-02 -2.088592015E-02  6.562000141E-03  4.624379178E+00 
        31  2.081407420E-02 -2.081407420E-02  6.562000141E-03  4.671577433E+00 
        32  2.074207366E-02 -2.074207366E-02  6.562000141E-03  4.779239201E+00 
        33  2.067007311E-02 -2.067007311E-02  6.562000141E-03  5.005332577E+00 
        34  2.059807256E-02 -2.059807256E-02  6.562000141E-03  5.151875700E+00 
        35  2.052607387E-02 -2.052607387E-02  6.562000141E-03  5.299057103E+00 
        36  2.045407332E-02 -2.045407332E-02  6.562000141E-03  5.321556082E+00 
        37  2.038207278E-02 -2.038207278E-02  6.562000141E-03  5.347040911E+00 
        38  2.031007409E-02 -2.031007409E-02  6.562000141E-03  5.248884817E+00 
        39  2.023807354E-02 -2.023807354E-02  6.562000141E-03  5.229140546E+00 
        40  2.016607299E-02 -2.016607299E-02  6.562000141E-03  5.106617941E+00 
        41  2.009407245E-02 -2.009407245E-02  6.562000141E-03  5.082301140E+00 
        42  2.002207376E-02 -2.002207376E-02  6.562000141E-03  4.955052175E+00 
        43  1.995007321E-02 -1.995007321E-02  6.562000141E-03  4.858031310E+00 
        44  1.987807266E-02 -1.987807266E-02  6.562000141E-03  4.705335193E+00 
        45  1.980607398E-02 -1.980607398E-02  6.562000141E-03  4.699145403E+00 
        46  1.973407343E-02 -1.973407343E-02  6.562000141E-03  4.648167084E+00 
        47  1.966207288E-02 -1.966207288E-02  6.562000141E-03  4.792054687E+00 
        48  1.959007233E-02 -1.959007233E-02  6.562000141E-03  4.761675206E+00 
        49  1.951807365E-02 -1.951807365E-02  6.562000141E-03  4.953543518E+00 
        50  1.944607310E-02 -1.944607310E-02  6.562000141E-03  5.015428562E+00 
        51  1.937407255E-02 -1.937407255E-02  6.562000141E-03  5.332869405E+00 
        52  1.930207387E-02 -1.930207387E-02  6.562000141E-03  5.463713156E+00 
        53  1.923859492E-02 -1.923859492E-02  6.562000141E-03  5.680867684E+00 
        54  1.914011873E-02 -1.914011873E-02  6.562000141E-03  5.701892471E+00 
        55  1.905349456E-02 -1.905349456E-02  6.562000606E-03  5.731357439E+00 
        56  1.899245940E-02 -1.899245940E-02  6.562000606E-03  5.856660914E+00 
        57  1.681250334E-02 -1.681249961E-02  6.562000141E-03  5.385929745E+00 
        58  1.693750359E-02 -1.693749800E-02  6.562000141E-03  5.478534985E+00 
        59  1.143750455E-02 -1.143749896E-02  6.562000141E-03  3.651801005E+00 
        60  1.156250481E-02 -1.156249829E-02  6.562000141E-03  3.712234160E+00 
        61  1.168750506E-02 -1.168749854E-02  6.562000141E-03  3.773832095E+00 
        62  1.181250438E-02 -1.181249879E-02  6.562000141E-03  3.838237692E+00 
        63  1.193750463E-02 -1.193749905E-02  6.562000141E-03  3.905353555E+00 
        64  1.206250489E-02 -1.206249837E-02  6.562000141E-03  3.976956665E+00 
        65  1.218750421E-02 -1.218749862E-02  6.562000141E-03  4.054025095E+00 
        66  1.231250446E-02 -1.231249887E-02  6.562000141E-03  4.134080507E+00 
        67  1.243750472E-02 -1.243749913E-02  6.562000141E-03  4.213423324E+00 
        68  1.256250497E-02 -1.256249845E-02  6.562000141E-03  4.288396093E+00 
        69  1.268750429E-02 -1.268749870E-02  6.562000141E-03  4.357152364E+00 
        70  1.281250454E-02 -1.281249896E-02  6.562000141E-03  4.420771174E+00 
        71  1.293750480E-02 -1.293749921E-02  6.562000141E-03  4.480784654E+00 
        72  1.306250505E-02 -1.306249853E-02  6.562000141E-03  4.537466685E+00 
        73  1.318750437E-02 -1.318749879E-02  6.562000141E-03  4.589086856E+00 
        74  1.331250463E-02 -1.331249904E-02  6.562000141E-03  4.631911681E+00 
        75  1.343750488E-02 -1.343749836E-02  6.562000141E-03  4.663225455E+00 
        76  1.356250420E-02 -1.356249861E-02  6.562000141E-03  4.684345829E+00 
        77  1.368750446E-02 -1.368749887E-02  6.562000141E-03  4.703490479E+00 
        78  1.381250471E-02 -1.381249912E-02  6.562000141E-03  4.728758061E+00 
        79  1.393750496E-02 -1.393749844E-02  6.562000141E-03  4.763047619E+00 
        80  1.406250428E-02 -1.406249870E-02  6.562000141E-03  4.809581855E+00 
        81  1.418750454E-02 -1.418749895E-02  6.562000141E-03  4.872466405E+00 
        82  1.431250479E-02 -1.431249920E-02  6.562000141E-03  4.949323202E+00 
        83  1.443750411E-02 -1.443749852E-02  6.562000141E-03  5.029341586E+00 
        84  1.456250437E-02 -1.456249878E-02  6.562000141E-03  5.099013571E+00 
        85  1.468750462E-02 -1.468749903E-02  6.562000141E-03  5.149483674E+00 
        86  1.481250487E-02 -1.481249928E-02  6.562000141E-03  5.184100763E+00 
        87  1.493750419E-02 -1.493749861E-02  6.562000141E-03  5.211674448E+00 
        88  1.506250445E-02 -1.506249886E-02  6.562000141E-03  5.241360009E+00 
        89  1.518750470E-02 -1.518749911E-02  6.562000141E-03  5.278855214E+00 
        90  1.531250402E-02 -1.531249937E-02  6.562000141E-03  5.331566170E+00 
        91  1.543750428E-02 -1.543749869E-02  6.562000141E-03  5.388056638E+00 
        92  1.556250453E-02 -1.556249894E-02  6.562000141E-03  5.414871974E+00 
        93  1.568750478E-02 -1.568749920E-02  6.562000141E-03  5.296650004E+00 
        94  1.581250504E-02 -1.581249945E-02  6.562000141E-03  5.101680403E+00 
        95  1.593750343E-02 -1.593749784E-02  6.562000141E-03  5.011000204E+00 
        96  1.606250368E-02 -1.606249809E-02  6.562000141E-03  5.025271665E+00 
        97  1.618750393E-02 -1.618749835E-02  6.562000141E-03  5.088986632E+00 
        98  1.631250419E-02 -1.631249860E-02  6.562000141E-03  5.137861886E+00 
        99  1.643750444E-02 -1.643749885E-02  6.562000141E-03  5.189555985E+00 
       100  1.656250469E-02 -1.656249911E-02  6.562000141E-03  5.249278789E+00 
       101  1.668750495E-02 -1.668749936E-02  6.562000141E-03  5.310738167E+00 
       102  1.706250384E-02 -1.706249826E-02  6.562000141E-03  5.506754487E+00 
       103  1.131250430E-02 -1.131249871E-02  6.562000141E-03  3.585679644E+00 
       104  1.118750498E-02 -1.118749846E-02  6.562000141E-03  3.507909914E+00 
       105  1.106250472E-02 -1.106249820E-02  6.562000141E-03  3.420458078E+00 
       106  1.093750447E-02 -1.093749888E-02  6.562000141E-03  3.331648423E+00 
       107  1.081250515E-02 -1.081249863E-02  6.562000141E-03  3.256780022E+00 
       108  1.068750490E-02 -1.068749838E-02  6.562000141E-03  3.200873611E+00 
       109  1.056250464E-02 -1.056249905E-02  6.562000141E-03  3.159924636E+00 
       110  1.043750439E-02 -1.043749880E-02  6.562000141E-03  3.115482171E+00 
       111  1.031250507E-02 -1.031249855E-02  6.562000141E-03  3.056215192E+00 
       112  1.018750481E-02 -1.018749829E-02  6.562000141E-03  2.990473985E+00 
       113  1.006250456E-02 -1.006249897E-02  6.562000141E-03  2.898101558E+00 
       114  9.937505238E-03 -9.937498719E-03  6.562000141E-03  2.848416691E+00 
       115  9.812504984E-03 -9.812498465E-03  6.562000141E-03  2.875648150E+00 
       116  9.687504731E-03 -9.687498212E-03  6.562000141E-03  2.913099635E+00 
       117  9.562504478E-03 -9.562498890E-03  6.562000141E-03  2.873429185E+00 
       118  9.437505156E-03 -9.437498637E-03  6.562000141E-03  2.814584214E+00 
       119  9.312504902E-03 -9.312498383E-03  6.562000141E-03  2.756744512E+00 
       120  9.187504649E-03 -9.187498130E-03  6.562000141E-03  2.700803667E+00 
       121  9.062504396E-03 -9.062498808E-03  6.562000141E-03  2.631981277E+00 
       122  8.937505074E-03 -8.937498555E-03  6.562000141E-03  2.551458835E+00 
       123  8.812504821E-03 -8.812498301E-03  6.562000141E-03  2.476987947E+00 
       124  8.687504567E-03 -8.687498048E-03  6.562000141E-03  2.458497193E+00 
       125  2.830355195E-03 -2.830355195E-03  6.562000606E-03  1.046045272E+00 
       126  2.835455118E-03 -2.835455118E-03  6.562000606E-03  1.046338410E+00 
       127  2.841580659E-03 -2.841580659E-03  6.562000606E-03  1.047042981E+00 
       128  2.848939039E-03 -2.848939039E-03  6.562000141E-03  1.048209342E+00 
       129  2.857780783E-03 -2.857780783E-03  6.562000141E-03  1.049755320E+00 
       130  2.868407406E-03 -2.868407406E-03  6.562000606E-03  1.051296828E+00 
       131  2.881183056E-03 -2.881183056E-03  6.562000141E-03  1.051962649E+00 
       132  2.896548016E-03 -2.896548016E-03  6.562000141E-03  1.049973088E+00 
       133  2.915035933E-03 -2.915035933E-03  6.562000141E-03  1.042852103E+00 
       134  2.937293379E-03 -2.937293379E-03  6.562000141E-03  1.026227686E+00 
       135  2.975319512E-03 -2.975319512E-03  6.562000606E-03  9.864344951E-01 
       136  3.059382550E-03 -3.059382550E-03  6.562000141E-03  8.646128251E-01 
       137  3.123705741E-03 -3.123705741E-03  6.562000141E-03  8.265850307E-01 
       138  3.189919051E-03 -3.189915325E-03  6.562000141E-03  7.679473224E-01 
       139  3.312505083E-03 -3.312498098E-03  6.562000141E-03  7.227284299E-01 
       140  3.437505104E-03 -3.437498119E-03  6.562000141E-03  7.009343725E-01 
       141  3.562505124E-03 -3.562498139E-03  6.562000141E-03  7.007077144E-01 
       142  3.687505145E-03 -3.687498160E-03  6.562000141E-03  7.249338547E-01 
       143  3.812504932E-03 -3.812498180E-03  6.562000141E-03  7.745941290E-01 
       144  3.937505186E-03 -3.937498201E-03  6.562000141E-03  8.869820287E-01 
       145  4.062504973E-03 -4.062497988E-03  6.562000141E-03  9.926890963E-01 
       146  4.187505227E-03 -4.187498242E-03  6.562000141E-03  9.762332541E-01 
       147  4.312505014E-03 -4.312498029E-03  6.562000141E-03  8.977843791E-01 
       148  4.437505268E-03 -4.437498283E-03  6.562000141E-03  7.940126947E-01 
       149  4.562505055E-03 -4.562498070E-03  6.562000141E-03  6.861227633E-01 
       150  4.687505309E-03 -4.687498324E-03  6.562000141E-03  5.913819026E-01 
       151  4.812505096E-03 -4.812498111E-03  6.562000141E-03  5.033691250E-01 
       152  4.937504884E-03 -4.937498365E-03  6.562000141E-03  4.080986012E-01 
       153  5.062505137E-03 -5.062498152E-03  6.562000141E-03  3.414613763E-01 
       154  7.062504999E-03 -7.062498480E-03  6.562000141E-03  1.185832265E+00 
       155  6.937504746E-03 -6.937498227E-03  6.562000141E-03  1.079048964E+00 
       156  6.812504958E-03 -6.812498439E-03  6.562000141E-03  1.077282663E+00 
       157  6.687505171E-03 -6.687498186E-03  6.562000141E-03  1.072528036E+00 
       158  6.562504917E-03 -6.562498398E-03  6.562000141E-03  1.026018010E+00 
       159  6.437505130E-03 -6.437498145E-03  6.562000141E-03  1.063554810E+00 
       160  6.312504876E-03 -6.312498357E-03  6.562000141E-03  1.173111722E+00 
       161  6.187505089E-03 -6.187498104E-03  6.562000141E-03  9.073124760E-01 
       162  6.062504835E-03 -6.062498316E-03  6.562000141E-03  6.720561172E-01 
       163  5.937505048E-03 -5.937498529E-03  6.562000141E-03  7.554484892E-01 
       164  5.812504794E-03 -5.812498275E-03  6.562000141E-03  7.815252893E-01 
       165  5.687505007E-03 -5.687498488E-03  6.562000141E-03  7.498224476E-01 
       166  5.562505219E-03 -5.562498234E-03  6.562000141E-03  7.224966940E-01 
       167  5.437504966E-03 -5.437498447E-03  6.562000141E-03  6.284113510E-01 
       168  5.312505178E-03 -5.312498193E-03  6.562000141E-03  4.608404411E-01 
       169  5.187504925E-03 -5.187498406E-03  6.562000141E-03  3.560498742E-01 
       170  8.562505245E-03 -8.562498726E-03  6.562000141E-03  2.501955344E+00 
       171  8.437504992E-03 -8.437498473E-03  6.562000141E-03  2.580805742E+00 
       172  8.312504739E-03 -8.312498219E-03  6.562000141E-03  2.672451904E+00 
       173  8.187504485E-03 -8.187498897E-03  6.562000141E-03  2.743984471E+00 
       174  8.062505163E-03 -8.062498644E-03  6.562000141E-03  2.767491982E+00 
       175  7.937504910E-03 -7.937498391E-03  6.562000141E-03  2.761439000E+00 
       176  7.812504657E-03 -7.812498603E-03  6.562000141E-03  2.755398197E+00 
       177  7.687504869E-03 -7.687498350E-03  6.562000141E-03  2.138575028E+00 
       178  7.562505081E-03 -7.562498562E-03  6.562000141E-03  1.952337433E+00 
       179  7.437504828E-03 -7.437498309E-03  6.562000141E-03  1.736014120E+00 
       180  7.312505040E-03 -7.312498521E-03  6.562000141E-03  1.595788213E+00 
       181  7.187504787E-03 -7.187498268E-03  6.562000141E-03  1.394828979E+00 
