cellnumber     x-coordinate     y-coordinate     z-coordinate velocity-magnitude 
         1  2.121082321E-02 -2.121082321E-02  6.562000141E-03  1.395171114E-01 
         2  2.120567486E-02 -2.120567486E-02  6.562000141E-03  4.191364124E-01 
         3  2.119949646E-02 -2.119949646E-02  6.562000141E-03  7.559077753E-01 
         4  2.119208500E-02 -2.119208500E-02  6.562000141E-03  1.163717433E+00 
         5  2.118319459E-02 -2.118319459E-02  6.562000141E-03  1.653986205E+00 
         6  2.117252536E-02 -2.117252536E-02  6.562000606E-03  2.220150857E+00 
         7  2.115972899E-02 -2.115972899E-02  6.562000606E-03  2.816190739E+00 
         8  2.114437334E-02 -2.114437334E-02  6.562000141E-03  3.339641242E+00 
         9  2.112595551E-02 -2.112595551E-02  6.562000606E-03  3.651962902E+00 
        10  2.110386454E-02 -2.110386454E-02  6.562000606E-03  3.757986628E+00 
        11  2.107902244E-02 -2.107902244E-02  6.562000606E-03  3.977247191E+00 
        12  2.101956122E-02 -2.101956122E-02  6.562000606E-03  4.427145179E+00 
        13  2.093681321E-02 -2.093681321E-02  6.562000606E-03  4.798637197E+00 
        14  2.088592015E-02 -2.088592015E-02  6.562000141E-03  4.944347016E+00 
        15  2.081407420E-02 -2.081407420E-02  6.562000141E-03  5.021388479E+00 
        16  2.074207366E-02 -2.074207366E-02  6.562000141E-03  4.850907048E+00 
        17  2.067007311E-02 -2.067007311E-02  6.562000141E-03  4.660729692E+00 
        18  2.059807256E-02 -2.059807256E-02  6.562000141E-03  4.457307167E+00 
        19  2.052607387E-02 -2.052607387E-02  6.562000141E-03  4.335179928E+00 
        20  2.045407332E-02 -2.045407332E-02  6.562000141E-03  4.238055162E+00 
        21  2.038207278E-02 -2.038207278E-02  6.562000141E-03  4.259024535E+00 
        22  2.031007409E-02 -2.031007409E-02  6.562000141E-03  4.241936125E+00 
        23  2.023807354E-02 -2.023807354E-02  6.562000141E-03  4.347404745E+00 
        24  2.016607299E-02 -2.016607299E-02  6.562000141E-03  4.445359832E+00 
        25  2.009407245E-02 -2.009407245E-02  6.562000141E-03  4.575980422E+00 
        26  2.002207376E-02 -2.002207376E-02  6.562000141E-03  4.748925256E+00 
        27  1.995007321E-02 -1.995007321E-02  6.562000141E-03  4.838072330E+00 
        28  1.987807266E-02 -1.987807266E-02  6.562000141E-03  4.926717166E+00 
        29  1.980607398E-02 -1.980607398E-02  6.562000141E-03  4.913746920E+00 
        30  1.973407343E-02 -1.973407343E-02  6.562000141E-03  5.009762437E+00 
        31  1.966207288E-02 -1.966207288E-02  6.562000141E-03  5.051647730E+00 
        32  1.959007233E-02 -1.959007233E-02  6.562000141E-03  5.226494135E+00 
        33  1.951807365E-02 -1.951807365E-02  6.562000141E-03  5.303173546E+00 
        34  1.944607310E-02 -1.944607310E-02  6.562000141E-03  5.390969636E+00 
        35  1.937407255E-02 -1.937407255E-02  6.562000141E-03  5.397804824E+00 
        36  1.930207387E-02 -1.930207387E-02  6.562000141E-03  5.431107408E+00 
        37  1.923859492E-02 -1.923859492E-02  6.562000141E-03  5.415286103E+00 
        38  1.914011873E-02 -1.914011873E-02  6.562000141E-03  5.491196936E+00 
        39  1.905349456E-02 -1.905349456E-02  6.562000606E-03  5.517414091E+00 
        40  1.899245940E-02 -1.899245940E-02  6.562000606E-03  5.339058252E+00 
        41  1.895638742E-02 -1.895638742E-02  6.562000141E-03  5.259661655E+00 
        42  1.889956929E-02 -1.889956929E-02  6.562000141E-03  5.396041686E+00 
        43  1.880222000E-02 -1.880222559E-02  6.562000141E-03  5.406129683E+00 
        44  1.868749410E-02 -1.868750341E-02  6.562000141E-03  5.495907744E+00 
        45  1.856249385E-02 -1.856250316E-02  6.562000141E-03  5.536310875E+00 
        46  1.843749359E-02 -1.843750291E-02  6.562000141E-03  5.540429965E+00 
        47  1.831249334E-02 -1.831250265E-02  6.562000141E-03  5.571963913E+00 
        48  1.818749309E-02 -1.818750426E-02  6.562000141E-03  5.533756155E+00 
        49  1.806249283E-02 -1.806250401E-02  6.562000141E-03  5.472560263E+00 
        50  1.793749258E-02 -1.793750376E-02  6.562000141E-03  5.638927693E+00 
        51  1.781249419E-02 -1.781250350E-02  6.562000141E-03  6.023886980E+00 
        52  1.768749394E-02 -1.768750325E-02  6.562000141E-03  6.058842127E+00 
        53  1.206249371E-02 -1.206250302E-02  6.562000141E-03  3.836004826E+00 
        54  1.218749397E-02 -1.218750328E-02  6.562000141E-03  3.836707112E+00 
        55  1.231249422E-02 -1.231250353E-02  6.562000141E-03  3.837649487E+00 
        56  1.243749354E-02 -1.243750285E-02  6.562000141E-03  3.863600010E+00 
        57  1.256249379E-02 -1.256250311E-02  6.562000141E-03  3.932065927E+00 
        58  1.268749405E-02 -1.268750336E-02  6.562000141E-03  4.022197639E+00 
        59  1.281249430E-02 -1.281250361E-02  6.562000141E-03  4.097459964E+00 
        60  1.293749362E-02 -1.293750294E-02  6.562000141E-03  4.131068998E+00 
        61  1.306249388E-02 -1.306250319E-02  6.562000141E-03  4.143167632E+00 
        62  1.318749413E-02 -1.318750344E-02  6.562000141E-03  4.166542680E+00 
        63  1.331249345E-02 -1.331250370E-02  6.562000141E-03  4.217098212E+00 
        64  1.343749370E-02 -1.343750302E-02  6.562000141E-03  4.282571480E+00 
        65  1.356249396E-02 -1.356250327E-02  6.562000141E-03  4.346647094E+00 
        66  1.368749421E-02 -1.368750352E-02  6.562000141E-03  4.404974118E+00 
        67  1.381249353E-02 -1.381250285E-02  6.562000141E-03  4.458093237E+00 
        68  1.393749379E-02 -1.393750310E-02  6.562000141E-03  4.507569706E+00 
        69  1.406249404E-02 -1.406250335E-02  6.562000141E-03  4.550836542E+00 
        70  1.168749388E-02 -1.168750320E-02  6.562000141E-03  3.813483366E+00 
        71  1.156249363E-02 -1.156250294E-02  6.562000141E-03  3.783747528E+00 
        72  1.143749431E-02 -1.143750269E-02  6.562000141E-03  3.709450113E+00 
        73  1.131249405E-02 -1.131250337E-02  6.562000141E-03  3.593074905E+00 
        74  1.118749380E-02 -1.118750311E-02  6.562000141E-03  3.463266920E+00 
        75  2.830386860E-03 -2.830386860E-03  6.562000606E-03  1.045876023E+00 
        76  2.835483057E-03 -2.835483057E-03  6.562000141E-03  1.045364150E+00 
        77  2.841604175E-03 -2.841604175E-03  6.562000141E-03  1.044776883E+00 
        78  2.848957200E-03 -2.848957200E-03  6.562000141E-03  1.044015297E+00 
        79  2.857791958E-03 -2.857791958E-03  6.562000141E-03  1.042915026E+00 
        80  2.868410433E-03 -2.868410433E-03  6.561999675E-03  1.041023035E+00 
        81  2.881176071E-03 -2.881176071E-03  6.562000141E-03  1.037539171E+00 
        82  2.896528924E-03 -2.896528924E-03  6.562000141E-03  1.030544913E+00 
        83  2.915001474E-03 -2.915001474E-03  6.562000141E-03  1.017942832E+00 
        84  2.937239828E-03 -2.937239828E-03  6.562000141E-03  9.940613818E-01 
        85  2.974424278E-03 -2.974424278E-03  6.562000141E-03  9.500735741E-01 
        86  3.062227042E-03 -3.062231001E-03  6.562000141E-03  8.101342530E-01 
        87  3.187494585E-03 -3.187502502E-03  6.562000141E-03  6.777667657E-01 
        88  3.312494373E-03 -3.312502289E-03  6.562000141E-03  5.784264040E-01 
        89  3.437494393E-03 -3.437502310E-03  6.562000141E-03  5.343510094E-01 
        90  3.562494414E-03 -3.562502330E-03  6.562000141E-03  5.170477329E-01 
        91  3.687494434E-03 -3.687502351E-03  6.562000141E-03  5.039924897E-01 
        92  3.812494455E-03 -3.812502371E-03  6.562000141E-03  4.804563898E-01 
        93  3.937494475E-03 -3.937502392E-03  6.562000141E-03  4.514068073E-01 
        94  4.062494729E-03 -4.062502645E-03  6.562000141E-03  4.259146607E-01 
        95  1.193749439E-02 -1.193750277E-02  6.562000141E-03  3.830232153E+00 
        96  1.181249414E-02 -1.181250345E-02  6.562000141E-03  3.824400766E+00 
        97  1.106249448E-02 -1.106250286E-02  6.562000141E-03  3.447407639E+00 
        98  1.093749423E-02 -1.093750354E-02  6.562000141E-03  3.545717852E+00 
        99  1.081249397E-02 -1.081250329E-02  6.562000141E-03  3.567682715E+00 
       100  1.068749372E-02 -1.068750303E-02  6.562000141E-03  3.553261368E+00 
       101  1.056249440E-02 -1.056250278E-02  6.562000141E-03  3.522546823E+00 
       102  1.043749414E-02 -1.043750346E-02  6.562000141E-03  3.462945011E+00 
       103  1.031249389E-02 -1.031250320E-02  6.562000141E-03  3.387754333E+00 
       104  1.018749457E-02 -1.018750295E-02  6.562000141E-03  3.303491488E+00 
       105  1.006249432E-02 -1.006250270E-02  6.562000141E-03  3.199828364E+00 
       106  9.937494062E-03 -9.937503375E-03  6.562000141E-03  3.055110558E+00 
       107  9.812493809E-03 -9.812503122E-03  6.562000141E-03  2.902364605E+00 
       108  9.687494487E-03 -9.687502868E-03  6.562000141E-03  2.756920946E+00 
       109  9.562494233E-03 -9.562502615E-03  6.562000141E-03  2.714346693E+00 
       110  9.437493980E-03 -9.437503293E-03  6.562000141E-03  2.816281294E+00 
       111  9.312493727E-03 -9.312503040E-03  6.562000141E-03  2.879420658E+00 
       112  9.187494405E-03 -9.187502787E-03  6.562000141E-03  2.640297377E+00 
       113  9.062494151E-03 -9.062502533E-03  6.562000141E-03  2.536674617E+00 
       114  8.937493898E-03 -8.937503211E-03  6.562000141E-03  2.516987119E+00 
       115  8.812494576E-03 -8.812502958E-03  6.562000141E-03  2.608854918E+00 
       116  8.687494323E-03 -8.687502705E-03  6.562000141E-03  2.662854219E+00 
       117  8.562494069E-03 -8.562502451E-03  6.562000141E-03  2.498697245E+00 
       118  8.437493816E-03 -8.437503129E-03  6.562000141E-03  2.227438251E+00 
       119  8.312494494E-03 -8.312502876E-03  6.562000141E-03  1.962031918E+00 
       120  8.187494241E-03 -8.187502623E-03  6.562000141E-03  1.833604958E+00 
       121  8.062493987E-03 -8.062503301E-03  6.562000141E-03  1.801600796E+00 
       122  7.937494665E-03 -7.937503047E-03  6.562000141E-03  1.904982710E+00 
       123  7.812494412E-03 -7.812502794E-03  6.562000141E-03  2.156593642E+00 
       124  7.687494159E-03 -7.687503006E-03  6.562000141E-03  2.323425503E+00 
       125  7.562494371E-03 -7.562502753E-03  6.562000141E-03  2.415821032E+00 
       126  7.437494118E-03 -7.437502965E-03  6.562000141E-03  2.292611739E+00 
       127  7.312494330E-03 -7.312502712E-03  6.562000141E-03  1.884455304E+00 
       128  7.187494077E-03 -7.187502924E-03  6.562000141E-03  1.502757168E+00 
       129  7.062494289E-03 -7.062502671E-03  6.562000141E-03  1.202538597E+00 
       130  6.937494501E-03 -6.937502883E-03  6.562000141E-03  8.652978091E-01 
       131  6.812494248E-03 -6.812502630E-03  6.562000141E-03  8.806276542E-01 
       132  6.687494460E-03 -6.687502842E-03  6.562000141E-03  8.823395190E-01 
       133  6.562494207E-03 -6.562502589E-03  6.562000141E-03  9.910835768E-01 
       134  6.437494420E-03 -6.437502801E-03  6.562000141E-03  1.037679721E+00 
       135  6.312494166E-03 -6.312502548E-03  6.562000141E-03  1.032977290E+00 
       136  6.187494379E-03 -6.187502760E-03  6.562000141E-03  9.649499707E-01 
       137  4.187494516E-03 -4.187502433E-03  6.562000141E-03  4.177402822E-01 
       138  4.312494304E-03 -4.312502686E-03  6.562000141E-03  4.386253161E-01 
       139  4.437494557E-03 -4.437502474E-03  6.562000141E-03  4.805550130E-01 
       140  4.562494345E-03 -4.562502727E-03  6.562000141E-03  5.305638494E-01 
       141  4.687494598E-03 -4.687502515E-03  6.562000141E-03  5.716537793E-01 
       142  4.812494386E-03 -4.812502768E-03  6.562000141E-03  6.056760828E-01 
       143  4.937494639E-03 -4.937502556E-03  6.562000141E-03  6.430887658E-01 
       144  5.062494427E-03 -5.062502809E-03  6.562000141E-03  6.900745402E-01 
       145  5.187494215E-03 -5.187502597E-03  6.562000141E-03  7.159450853E-01 
       146  5.312494468E-03 -5.312502850E-03  6.562000141E-03  7.152252590E-01 
       147  5.437494256E-03 -5.437502638E-03  6.562000141E-03  7.026931970E-01 
       148  5.562494509E-03 -5.562502891E-03  6.562000141E-03  6.934683590E-01 
       149  5.687494297E-03 -5.687502678E-03  6.562000141E-03  6.881814848E-01 
       150  5.812494550E-03 -5.812502932E-03  6.562000141E-03  7.130561535E-01 
       151  5.937494338E-03 -5.937502719E-03  6.562000141E-03  7.669829270E-01 
       152  6.062494591E-03 -6.062502507E-03  6.562000141E-03  8.528269254E-01 
       153  1.756249368E-02 -1.756250300E-02  6.562000141E-03  5.931088374E+00 
       154  1.743749343E-02 -1.743750274E-02  6.562000141E-03  5.849349227E+00 
       155  1.731249318E-02 -1.731250249E-02  6.562000141E-03  5.810800895E+00 
       156  1.718749292E-02 -1.718750410E-02  6.562000141E-03  5.876444483E+00 
       157  1.706249267E-02 -1.706250384E-02  6.562000141E-03  5.916867601E+00 
       158  1.693749242E-02 -1.693750359E-02  6.562000141E-03  5.826811394E+00 
       159  1.681249402E-02 -1.681250334E-02  6.562000141E-03  5.746233013E+00 
       160  1.668749377E-02 -1.668750308E-02  6.562000141E-03  5.736045905E+00 
       161  1.656249352E-02 -1.656250283E-02  6.562000141E-03  5.736761198E+00 
       162  1.643749326E-02 -1.643750258E-02  6.562000141E-03  5.553320915E+00 
       163  1.631249301E-02 -1.631250232E-02  6.562000141E-03  5.480963576E+00 
       164  1.618749276E-02 -1.618750393E-02  6.562000141E-03  5.357307337E+00 
       165  1.606249250E-02 -1.606250368E-02  6.562000141E-03  5.279030667E+00 
       166  1.593749411E-02 -1.593750343E-02  6.562000141E-03  5.234279289E+00 
       167  1.581249386E-02 -1.581250317E-02  6.562000141E-03  5.197344787E+00 
       168  1.568749361E-02 -1.568750292E-02  6.562000141E-03  5.159853696E+00 
       169  1.556249335E-02 -1.556250360E-02  6.562000141E-03  5.132878996E+00 
       170  1.543749403E-02 -1.543750335E-02  6.562000141E-03  5.110483271E+00 
       171  1.531249378E-02 -1.531250309E-02  6.562000141E-03  5.088650858E+00 
       172  1.518749353E-02 -1.518750377E-02  6.562000141E-03  5.058637888E+00 
       173  1.506249420E-02 -1.506250352E-02  6.562000141E-03  5.012830124E+00 
       174  1.493749395E-02 -1.493750326E-02  6.562000141E-03  4.946703897E+00 
       175  1.481249370E-02 -1.481250301E-02  6.562000141E-03  4.861534286E+00 
       176  1.468749344E-02 -1.468750369E-02  6.562000141E-03  4.768354167E+00 
       177  1.456249412E-02 -1.456250343E-02  6.562000141E-03  4.689525841E+00 
       178  1.443749387E-02 -1.443750318E-02  6.562000141E-03  4.639914574E+00 
       179  1.431249361E-02 -1.431250293E-02  6.562000141E-03  4.610233759E+00 
       180  1.418749336E-02 -1.418750361E-02  6.562000141E-03  4.583716206E+00 
