cellnumber     x-coordinate     y-coordinate     z-coordinate velocity-magnitude 
         1  2.121082321E-02 -2.121082321E-02  6.562000141E-03  1.305239874E-01 
         2  2.120567486E-02 -2.120567486E-02  6.562000141E-03  3.968367486E-01 
         3  2.119949646E-02 -2.119949646E-02  6.562000141E-03  7.256544916E-01 
         4  2.119208500E-02 -2.119208500E-02  6.562000141E-03  1.137773224E+00 
         5  2.118319459E-02 -2.118319459E-02  6.562000141E-03  1.652881691E+00 
         6  2.117252536E-02 -2.117252536E-02  6.562000606E-03  2.272404085E+00 
         7  2.115972899E-02 -2.115972899E-02  6.562000606E-03  2.972626296E+00 
         8  2.114437334E-02 -2.114437334E-02  6.562000141E-03  3.691773958E+00 
         9  2.112595551E-02 -2.112595551E-02  6.562000606E-03  4.293300791E+00 
        10  2.110386454E-02 -2.110386454E-02  6.562000606E-03  4.626990613E+00 
        11  2.107902244E-02 -2.107902244E-02  6.562000606E-03  4.717396861E+00 
        12  2.101956122E-02 -2.101956122E-02  6.562000606E-03  4.752216531E+00 
        13  2.093681321E-02 -2.093681321E-02  6.562000606E-03  4.812545589E+00 
        14  2.088592015E-02 -2.088592015E-02  6.562000141E-03  4.754366710E+00 
        15  2.081407420E-02 -2.081407420E-02  6.562000141E-03  4.793812116E+00 
        16  2.074207366E-02 -2.074207366E-02  6.562000141E-03  4.798536921E+00 
        17  2.067007311E-02 -2.067007311E-02  6.562000141E-03  4.849757869E+00 
        18  2.059807256E-02 -2.059807256E-02  6.562000141E-03  5.011644115E+00 
        19  2.052607387E-02 -2.052607387E-02  6.562000141E-03  5.237340032E+00 
        20  2.045407332E-02 -2.045407332E-02  6.562000141E-03  5.380850003E+00 
        21  2.038207278E-02 -2.038207278E-02  6.562000141E-03  5.439567951E+00 
        22  2.031007409E-02 -2.031007409E-02  6.562000141E-03  5.375518565E+00 
        23  2.023807354E-02 -2.023807354E-02  6.562000141E-03  5.336261956E+00 
        24  2.016607299E-02 -2.016607299E-02  6.562000141E-03  5.234074325E+00 
        25  2.009407245E-02 -2.009407245E-02  6.562000141E-03  5.162299656E+00 
        26  2.002207376E-02 -2.002207376E-02  6.562000141E-03  5.169449268E+00 
        27  1.995007321E-02 -1.995007321E-02  6.562000141E-03  5.108197943E+00 
        28  1.987807266E-02 -1.987807266E-02  6.562000141E-03  5.260594271E+00 
        29  1.980607398E-02 -1.980607398E-02  6.562000141E-03  5.361720378E+00 
        30  1.973407343E-02 -1.973407343E-02  6.562000141E-03  5.576899332E+00 
        31  1.966207288E-02 -1.966207288E-02  6.562000141E-03  5.693945822E+00 
        32  1.959007233E-02 -1.959007233E-02  6.562000141E-03  5.847243165E+00 
        33  1.951807365E-02 -1.951807365E-02  6.562000141E-03  5.883057331E+00 
        34  1.944607310E-02 -1.944607310E-02  6.562000141E-03  5.970547987E+00 
        35  1.937407255E-02 -1.937407255E-02  6.562000141E-03  5.887572029E+00 
        36  1.930207387E-02 -1.930207387E-02  6.562000141E-03  5.882408179E+00 
        37  1.923859492E-02 -1.923859492E-02  6.562000141E-03  5.702920465E+00 
        38  1.914011873E-02 -1.914011873E-02  6.562000141E-03  5.564512079E+00 
        39  1.905349456E-02 -1.905349456E-02  6.562000606E-03  5.589825955E+00 
        40  1.899245940E-02 -1.899245940E-02  6.562000606E-03  5.594985927E+00 
        41  1.756249368E-02 -1.756250300E-02  6.562000141E-03  4.898042650E+00 
        42  1.743749343E-02 -1.743750460E-02  6.562000141E-03  4.924768404E+00 
        43  1.731249318E-02 -1.731250435E-02  6.562000141E-03  5.038926791E+00 
        44  1.718749292E-02 -1.718750410E-02  6.562000141E-03  5.176776877E+00 
        45  1.706249267E-02 -1.706250384E-02  6.562000141E-03  5.212424742E+00 
        46  1.693749242E-02 -1.693750359E-02  6.562000141E-03  5.122000456E+00 
        47  1.681249216E-02 -1.681250334E-02  6.562000141E-03  5.138059199E+00 
        48  1.668749377E-02 -1.668750308E-02  6.562000141E-03  5.136832826E+00 
        49  1.656249352E-02 -1.656250283E-02  6.562000141E-03  5.161839005E+00 
        50  1.643749326E-02 -1.643750444E-02  6.562000141E-03  5.145071354E+00 
        51  1.631249301E-02 -1.631250419E-02  6.562000141E-03  5.075967951E+00 
        52  1.618749276E-02 -1.618750393E-02  6.562000141E-03  4.993140159E+00 
        53  1.606249250E-02 -1.606250368E-02  6.562000141E-03  4.812841557E+00 
        54  1.593749225E-02 -1.593750343E-02  6.562000141E-03  4.707195024E+00 
        55  1.581249386E-02 -1.581250317E-02  6.562000141E-03  4.654798089E+00 
        56  1.568749361E-02 -1.568750292E-02  6.562000141E-03  4.656956734E+00 
        57  1.556249335E-02 -1.556250360E-02  6.562000141E-03  4.685492815E+00 
        58  1.543749310E-02 -1.543750428E-02  6.562000141E-03  4.683405144E+00 
        59  1.531249285E-02 -1.531250402E-02  6.562000141E-03  4.638999709E+00 
        60  1.518749353E-02 -1.518750377E-02  6.562000141E-03  4.625839682E+00 
        61  1.506249327E-02 -1.506250352E-02  6.562000141E-03  4.727104082E+00 
        62  1.493749302E-02 -1.493750419E-02  6.562000141E-03  4.875915993E+00 
        63  1.481249370E-02 -1.481250394E-02  6.562000141E-03  4.975594535E+00 
        64  1.468749344E-02 -1.468750369E-02  6.562000141E-03  5.121414531E+00 
        65  1.456249319E-02 -1.456250343E-02  6.562000141E-03  5.250603487E+00 
        66  1.443749294E-02 -1.443750411E-02  6.562000141E-03  5.264164547E+00 
        67  1.431249361E-02 -1.431250386E-02  6.562000141E-03  5.039246730E+00 
        68  1.418749336E-02 -1.418750361E-02  6.562000141E-03  4.712990785E+00 
        69  1.193749346E-02 -1.193750370E-02  6.562000141E-03  4.003739978E+00 
        70  1.181249321E-02 -1.181250345E-02  6.562000141E-03  3.898536550E+00 
        71  1.106249355E-02 -1.106250379E-02  6.562000141E-03  3.178364870E+00 
        72  1.093749329E-02 -1.093750354E-02  6.562000141E-03  3.131791739E+00 
        73  1.081249397E-02 -1.081250329E-02  6.562000141E-03  3.093089393E+00 
        74  1.068749372E-02 -1.068750303E-02  6.562000141E-03  3.125717808E+00 
        75  1.056249347E-02 -1.056250371E-02  6.562000141E-03  3.194996276E+00 
        76  1.043749414E-02 -1.043750346E-02  6.562000141E-03  3.155741051E+00 
        77  1.031249389E-02 -1.031250320E-02  6.562000141E-03  3.013925684E+00 
        78  1.018749364E-02 -1.018750295E-02  6.562000141E-03  2.933816767E+00 
        79  1.006249338E-02 -1.006250363E-02  6.562000141E-03  2.929096978E+00 
        80  9.937494062E-03 -9.937503375E-03  6.562000141E-03  2.958527414E+00 
        81  9.812493809E-03 -9.812503122E-03  6.562000141E-03  2.947786550E+00 
        82  9.687493555E-03 -9.687502868E-03  6.562000141E-03  2.903344834E+00 
        83  9.562494233E-03 -9.562503546E-03  6.562000141E-03  2.863956739E+00 
        84  9.437493980E-03 -9.437503293E-03  6.562000141E-03  2.836323247E+00 
        85  9.312493727E-03 -9.312503040E-03  6.562000141E-03  2.814042994E+00 
        86  9.187493473E-03 -9.187502787E-03  6.562000141E-03  2.800159582E+00 
        87  9.062494151E-03 -9.062503465E-03  6.562000141E-03  2.791109359E+00 
        88  8.937493898E-03 -8.937503211E-03  6.562000141E-03  2.801053873E+00 
        89  8.812493645E-03 -8.812502958E-03  6.562000141E-03  2.836919536E+00 
        90  8.687494323E-03 -8.687503636E-03  6.562000141E-03  2.886546916E+00 
        91  8.562494069E-03 -8.562503383E-03  6.562000141E-03  2.939168498E+00 
        92  8.437493816E-03 -8.437503129E-03  6.562000141E-03  2.983610974E+00 
        93  8.312493563E-03 -8.312502876E-03  6.562000141E-03  3.013762485E+00 
        94  8.187494241E-03 -8.187503554E-03  6.562000141E-03  2.888376303E+00 
        95  8.062493987E-03 -8.062503301E-03  6.562000141E-03  2.654310938E+00 
        96  7.937493734E-03 -7.937503047E-03  6.562000141E-03  2.414138980E+00 
        97  7.812493946E-03 -7.812502794E-03  6.562000141E-03  2.356181303E+00 
        98  7.687494159E-03 -7.687503006E-03  6.562000141E-03  2.456130754E+00 
        99  7.562493905E-03 -7.562503219E-03  6.562000141E-03  2.508086473E+00 
       100  7.437494118E-03 -7.437502965E-03  6.562000141E-03  2.394526215E+00 
       101  7.312493864E-03 -7.312503178E-03  6.562000141E-03  1.978840953E+00 
       102  7.187494077E-03 -7.187502924E-03  6.562000141E-03  1.258674808E+00 
       103  7.062494289E-03 -7.062503137E-03  6.562000141E-03  8.599481772E-01 
       104  6.937494036E-03 -6.937502883E-03  6.562000141E-03  9.415478521E-01 
       105  6.812494248E-03 -6.812503096E-03  6.562000141E-03  9.537397256E-01 
       106  6.687493995E-03 -6.687502842E-03  6.562000141E-03  8.887685369E-01 
       107  6.562494207E-03 -6.562503055E-03  6.562000141E-03  6.800182314E-01 
       108  6.437493954E-03 -6.437502801E-03  6.562000141E-03  4.195080579E-01 
       109  6.312494166E-03 -6.312503014E-03  6.562000141E-03  5.174702862E-01 
       110  6.187494379E-03 -6.187502760E-03  6.562000141E-03  6.926073099E-01 
       111  4.187494516E-03 -4.187502898E-03  6.562000141E-03  7.345741898E-01 
       112  4.312494304E-03 -4.312502686E-03  6.562000141E-03  6.815868968E-01 
       113  4.437494557E-03 -4.437502939E-03  6.562000141E-03  6.422052705E-01 
       114  4.562494345E-03 -4.562502727E-03  6.562000141E-03  6.442038037E-01 
       115  4.687494133E-03 -4.687502980E-03  6.562000141E-03  6.681136110E-01 
       116  4.812494386E-03 -4.812502768E-03  6.562000141E-03  7.065019154E-01 
       117  4.937494174E-03 -4.937502556E-03  6.562000141E-03  7.428837349E-01 
       118  5.062494427E-03 -5.062502809E-03  6.562000141E-03  7.726793029E-01 
       119  5.187494215E-03 -5.187502597E-03  6.562000141E-03  7.847540296E-01 
       120  5.312494468E-03 -5.312502850E-03  6.562000141E-03  7.757906751E-01 
       121  5.437494256E-03 -5.437502638E-03  6.562000141E-03  7.693876713E-01 
       122  5.562494043E-03 -5.562502891E-03  6.562000141E-03  7.769853807E-01 
       123  5.687494297E-03 -5.687502678E-03  6.562000141E-03  7.913663273E-01 
       124  5.812494084E-03 -5.812502932E-03  6.562000141E-03  8.012068649E-01 
       125  5.937494338E-03 -5.937502719E-03  6.562000141E-03  7.630773619E-01 
       126  6.062494125E-03 -6.062502973E-03  6.562000141E-03  7.185952643E-01 
       127  1.168749388E-02 -1.168750320E-02  6.562000141E-03  3.762248571E+00 
       128  1.156249363E-02 -1.156250387E-02  6.562000141E-03  3.604954673E+00 
       129  1.143749338E-02 -1.143750362E-02  6.562000141E-03  3.458345590E+00 
       130  1.131249405E-02 -1.131250337E-02  6.562000141E-03  3.336343627E+00 
       131  1.118749380E-02 -1.118750311E-02  6.562000141E-03  3.238913237E+00 
       132  1.206249371E-02 -1.206250396E-02  6.562000141E-03  4.087455664E+00 
       133  1.218749397E-02 -1.218750328E-02  6.562000141E-03  4.148478541E+00 
       134  1.231249329E-02 -1.231250353E-02  6.562000141E-03  4.190332680E+00 
       135  1.243749354E-02 -1.243750378E-02  6.562000141E-03  4.230155237E+00 
       136  1.256249379E-02 -1.256250311E-02  6.562000141E-03  4.268135295E+00 
       137  1.268749312E-02 -1.268750336E-02  6.562000141E-03  4.302775228E+00 
       138  1.281249337E-02 -1.281250361E-02  6.562000141E-03  4.349691931E+00 
       139  1.293749362E-02 -1.293750387E-02  6.562000141E-03  4.408781892E+00 
       140  1.306249388E-02 -1.306250319E-02  6.562000141E-03  4.462102264E+00 
       141  1.318749320E-02 -1.318750344E-02  6.562000141E-03  4.502883269E+00 
       142  1.331249345E-02 -1.331250370E-02  6.562000141E-03  4.532559285E+00 
       143  1.343749370E-02 -1.343750395E-02  6.562000141E-03  4.555678150E+00 
       144  1.356249303E-02 -1.356250327E-02  6.562000141E-03  4.589686881E+00 
       145  1.368749328E-02 -1.368750352E-02  6.562000141E-03  4.633890442E+00 
       146  1.381249353E-02 -1.381250378E-02  6.562000141E-03  4.680591603E+00 
       147  1.393749379E-02 -1.393750403E-02  6.562000141E-03  4.700077476E+00 
       148  1.406249311E-02 -1.406250335E-02  6.562000141E-03  4.670386020E+00 
       149  2.830386860E-03 -2.830386860E-03  6.562000606E-03  1.049498651E+00 
       150  2.835483057E-03 -2.835483057E-03  6.562000606E-03  1.056857808E+00 
       151  2.841603942E-03 -2.841603942E-03  6.562000141E-03  1.066337383E+00 
       152  2.848957200E-03 -2.848957200E-03  6.562000141E-03  1.078030653E+00 
       153  2.857792191E-03 -2.857792191E-03  6.562000141E-03  1.091733876E+00 
       154  2.868410433E-03 -2.868410433E-03  6.561999675E-03  1.106420869E+00 
       155  2.881176071E-03 -2.881176071E-03  6.562000141E-03  1.119948030E+00 
       156  2.896528924E-03 -2.896528924E-03  6.562000141E-03  1.127859285E+00 
       157  2.915001474E-03 -2.915001474E-03  6.562000141E-03  1.123728368E+00 
       158  2.937239595E-03 -2.937239595E-03  6.562000141E-03  1.098349742E+00 
       159  2.974424278E-03 -2.974424278E-03  6.562000606E-03  1.030783125E+00 
       160  3.062227042E-03 -3.062231001E-03  6.562000606E-03  7.927484399E-01 
       161  3.187494352E-03 -3.187502502E-03  6.562000141E-03  6.143355227E-01 
       162  3.312494373E-03 -3.312502522E-03  6.562000141E-03  5.323790097E-01 
       163  3.437494393E-03 -3.437502543E-03  6.562000141E-03  5.408045345E-01 
       164  3.562494414E-03 -3.562502563E-03  6.562000141E-03  6.159336091E-01 
       165  3.687494434E-03 -3.687502583E-03  6.562000141E-03  6.978344563E-01 
       166  3.812494222E-03 -3.812502604E-03  6.562000141E-03  7.472244310E-01 
       167  3.937494475E-03 -3.937502392E-03  6.562000141E-03  7.748427248E-01 
       168  4.062494263E-03 -4.062502645E-03  6.562000141E-03  7.709991274E-01 
       169  1.895638742E-02 -1.895638742E-02  6.562000606E-03  5.650926652E+00 
       170  1.889957115E-02 -1.889957115E-02  6.562000606E-03  5.576470857E+00 
       171  1.880222000E-02 -1.880222559E-02  6.562000141E-03  5.557328384E+00 
       172  1.868749224E-02 -1.868750341E-02  6.562000141E-03  5.488775125E+00 
       173  1.856249198E-02 -1.856250316E-02  6.562000141E-03  5.438733428E+00 
       174  1.843749359E-02 -1.843750477E-02  6.562000141E-03  5.340969378E+00 
       175  1.831249334E-02 -1.831250452E-02  6.562000141E-03  5.336114437E+00 
       176  1.818749309E-02 -1.818750426E-02  6.562000141E-03  5.399473420E+00 
       177  1.806249283E-02 -1.806250401E-02  6.562000141E-03  5.445471778E+00 
       178  1.793749258E-02 -1.793750376E-02  6.562000141E-03  5.411807329E+00 
       179  1.781249233E-02 -1.781250350E-02  6.562000141E-03  5.220864547E+00 
       180  1.768749207E-02 -1.768750325E-02  6.562000141E-03  4.982259178E+00 
