cellnumber     x-coordinate     y-coordinate     z-coordinate velocity-magnitude 
         1  2.121082321E-02 -2.121082321E-02  6.562000141E-03  1.775603201E-01 
         2  2.120567486E-02 -2.120567486E-02  6.562000141E-03  5.344865201E-01 
         3  2.119949646E-02 -2.119949646E-02  6.562000141E-03  9.573762968E-01 
         4  2.119208500E-02 -2.119208500E-02  6.562000141E-03  1.450685442E+00 
         5  2.118319459E-02 -2.118319459E-02  6.562000141E-03  2.009746225E+00 
         6  2.117252536E-02 -2.117252536E-02  6.562000606E-03  2.611604757E+00 
         7  2.115972899E-02 -2.115972899E-02  6.562000606E-03  3.216282061E+00 
         8  2.114437334E-02 -2.114437334E-02  6.562000141E-03  3.775296537E+00 
         9  2.112595551E-02 -2.112595551E-02  6.562000606E-03  4.229999737E+00 
        10  2.110386454E-02 -2.110386454E-02  6.562000606E-03  4.547253299E+00 
        11  2.107902244E-02 -2.107902244E-02  6.562000606E-03  4.796627202E+00 
        12  2.101956122E-02 -2.101956122E-02  6.562000606E-03  4.847600459E+00 
        13  2.093681321E-02 -2.093681321E-02  6.562000606E-03  4.928173031E+00 
        14  2.088592015E-02 -2.088592015E-02  6.562000141E-03  5.041690046E+00 
        15  2.081407420E-02 -2.081407420E-02  6.562000141E-03  4.932270636E+00 
        16  2.074207366E-02 -2.074207366E-02  6.562000141E-03  4.933886541E+00 
        17  2.067007311E-02 -2.067007311E-02  6.562000141E-03  4.873394864E+00 
        18  2.059807256E-02 -2.059807256E-02  6.562000141E-03  4.930780763E+00 
        19  2.052607387E-02 -2.052607387E-02  6.562000141E-03  5.094126724E+00 
        20  2.045407332E-02 -2.045407332E-02  6.562000141E-03  5.141837747E+00 
        21  2.038207278E-02 -2.038207278E-02  6.562000141E-03  5.139359602E+00 
        22  2.031007409E-02 -2.031007409E-02  6.562000141E-03  5.014584165E+00 
        23  2.023807354E-02 -2.023807354E-02  6.562000141E-03  4.960892977E+00 
        24  2.016607299E-02 -2.016607299E-02  6.562000141E-03  4.814794545E+00 
        25  2.009407245E-02 -2.009407245E-02  6.562000141E-03  4.814033221E+00 
        26  2.002207376E-02 -2.002207376E-02  6.562000141E-03  4.732141930E+00 
        27  1.995007321E-02 -1.995007321E-02  6.562000141E-03  4.790157572E+00 
        28  1.987807266E-02 -1.987807266E-02  6.562000141E-03  4.744910023E+00 
        29  1.980607398E-02 -1.980607398E-02  6.562000141E-03  4.825191816E+00 
        30  1.973407343E-02 -1.973407343E-02  6.562000141E-03  4.819687046E+00 
        31  1.966207288E-02 -1.966207288E-02  6.562000141E-03  4.811063943E+00 
        32  1.959007233E-02 -1.959007233E-02  6.562000141E-03  4.911884172E+00 
        33  1.951807365E-02 -1.951807365E-02  6.562000141E-03  4.837496994E+00 
        34  1.944607310E-02 -1.944607310E-02  6.562000141E-03  5.096819395E+00 
        35  1.937407255E-02 -1.937407255E-02  6.562000141E-03  5.221690584E+00 
        36  1.930207387E-02 -1.930207387E-02  6.562000141E-03  5.539103544E+00 
        37  1.923859492E-02 -1.923859492E-02  6.562000141E-03  5.540572196E+00 
        38  1.914011873E-02 -1.914011873E-02  6.562000141E-03  5.242050656E+00 
        39  1.905349456E-02 -1.905349456E-02  6.562000606E-03  5.180906977E+00 
        40  1.899245940E-02 -1.899245940E-02  6.562000606E-03  5.117563206E+00 
        41  1.895638742E-02 -1.895638742E-02  6.562000141E-03  5.286689255E+00 
        42  1.889956929E-02 -1.889956929E-02  6.562000141E-03  5.336891546E+00 
        43  1.880222000E-02 -1.880222559E-02  6.562000141E-03  5.296954885E+00 
        44  1.868749224E-02 -1.868750341E-02  6.562000141E-03  4.690546371E+00 
        45  1.856249198E-02 -1.856250316E-02  6.562000141E-03  4.620242277E+00 
        46  1.843749359E-02 -1.843750291E-02  6.562000141E-03  4.962176412E+00 
        47  1.831249334E-02 -1.831250452E-02  6.562000141E-03  5.063670413E+00 
        48  1.818749309E-02 -1.818750426E-02  6.562000141E-03  5.018661068E+00 
        49  1.806249283E-02 -1.806250401E-02  6.562000141E-03  5.284729894E+00 
        50  1.793749258E-02 -1.793750376E-02  6.562000141E-03  5.428248718E+00 
        51  1.781249233E-02 -1.781250350E-02  6.562000141E-03  5.466391902E+00 
        52  1.768749207E-02 -1.768750325E-02  6.562000141E-03  5.490564090E+00 
        53  1.756249368E-02 -1.756250300E-02  6.562000141E-03  5.503593442E+00 
        54  1.743749343E-02 -1.743750460E-02  6.562000141E-03  5.420540401E+00 
        55  1.731249318E-02 -1.731250435E-02  6.562000141E-03  5.304318682E+00 
        56  1.718749292E-02 -1.718750410E-02  6.562000141E-03  5.340119795E+00 
        57  1.706249267E-02 -1.706250384E-02  6.562000141E-03  5.470233987E+00 
        58  1.693749242E-02 -1.693750359E-02  6.562000141E-03  5.552030473E+00 
        59  1.681249216E-02 -1.681250334E-02  6.562000141E-03  5.609779628E+00 
        60  1.668749377E-02 -1.668750308E-02  6.562000141E-03  5.645515569E+00 
        61  1.656249352E-02 -1.656250283E-02  6.562000141E-03  5.581586991E+00 
        62  1.643749326E-02 -1.643750444E-02  6.562000141E-03  5.474226466E+00 
        63  1.631249301E-02 -1.631250419E-02  6.562000141E-03  5.398603225E+00 
        64  1.618749276E-02 -1.618750393E-02  6.562000141E-03  5.286900088E+00 
        65  1.606249250E-02 -1.606250368E-02  6.562000141E-03  5.214972383E+00 
        66  1.593749225E-02 -1.593750343E-02  6.562000141E-03  5.214883839E+00 
        67  1.581249386E-02 -1.581250317E-02  6.562000141E-03  5.239757807E+00 
        68  1.568749361E-02 -1.568750292E-02  6.562000141E-03  5.255053817E+00 
        69  1.556249335E-02 -1.556250360E-02  6.562000141E-03  5.259275593E+00 
        70  1.543749310E-02 -1.543750335E-02  6.562000141E-03  5.264518385E+00 
        71  1.531249378E-02 -1.531250402E-02  6.562000141E-03  5.257285444E+00 
        72  1.518749353E-02 -1.518750377E-02  6.562000141E-03  5.236585066E+00 
        73  1.506249327E-02 -1.506250352E-02  6.562000141E-03  5.197489229E+00 
        74  1.493749302E-02 -1.493750326E-02  6.562000141E-03  5.139772952E+00 
        75  1.481249370E-02 -1.481250394E-02  6.562000141E-03  5.065775759E+00 
        76  1.468749344E-02 -1.468750369E-02  6.562000141E-03  4.982461039E+00 
        77  1.456249319E-02 -1.456250343E-02  6.562000141E-03  4.899145389E+00 
        78  1.443749387E-02 -1.443750411E-02  6.562000141E-03  4.825130185E+00 
        79  1.431249361E-02 -1.431250386E-02  6.562000141E-03  4.758514845E+00 
        80  1.418749336E-02 -1.418750361E-02  6.562000141E-03  4.697526613E+00 
        81  1.168749388E-02 -1.168750320E-02  6.562000141E-03  3.731493602E+00 
        82  1.156249363E-02 -1.156250294E-02  6.562000141E-03  3.721325303E+00 
        83  1.143749338E-02 -1.143750362E-02  6.562000141E-03  3.696833209E+00 
        84  1.131249405E-02 -1.131250337E-02  6.562000141E-03  3.644424090E+00 
        85  1.118749380E-02 -1.118750311E-02  6.562000141E-03  3.574626188E+00 
        86  1.193749346E-02 -1.193750370E-02  6.562000141E-03  3.741363737E+00 
        87  1.181249414E-02 -1.181250345E-02  6.562000141E-03  3.737199384E+00 
        88  1.106249355E-02 -1.106250379E-02  6.562000141E-03  3.495756341E+00 
        89  1.093749423E-02 -1.093750354E-02  6.562000141E-03  3.408844806E+00 
        90  1.081249397E-02 -1.081250329E-02  6.562000141E-03  3.347302879E+00 
        91  1.068749372E-02 -1.068750303E-02  6.562000141E-03  3.292233467E+00 
        92  1.056249347E-02 -1.056250371E-02  6.562000141E-03  3.194616248E+00 
        93  1.043749414E-02 -1.043750346E-02  6.562000141E-03  3.081317031E+00 
        94  1.031249389E-02 -1.031250320E-02  6.562000141E-03  2.984411290E+00 
        95  1.018749364E-02 -1.018750295E-02  6.562000141E-03  2.935796912E+00 
        96  1.006249432E-02 -1.006250363E-02  6.562000141E-03  2.840011782E+00 
        97  9.937494062E-03 -9.937503375E-03  6.562000141E-03  2.712608986E+00 
        98  9.812493809E-03 -9.812503122E-03  6.562000141E-03  2.524968205E+00 
        99  9.687493555E-03 -9.687502868E-03  6.562000141E-03  2.417990054E+00 
       100  9.562494233E-03 -9.562503546E-03  6.562000141E-03  2.443142845E+00 
       101  9.437493980E-03 -9.437503293E-03  6.562000141E-03  2.474263094E+00 
       102  9.312493727E-03 -9.312503040E-03  6.562000141E-03  2.492294965E+00 
       103  9.187494405E-03 -9.187502787E-03  6.562000141E-03  2.530723150E+00 
       104  9.062494151E-03 -9.062503465E-03  6.562000141E-03  2.698698235E+00 
       105  8.937493898E-03 -8.937503211E-03  6.562000141E-03  2.876458248E+00 
       106  8.812493645E-03 -8.812502958E-03  6.562000141E-03  2.931246977E+00 
       107  8.687494323E-03 -8.687502705E-03  6.562000141E-03  3.036376288E+00 
       108  8.562494069E-03 -8.562503383E-03  6.562000141E-03  3.074735251E+00 
       109  8.437493816E-03 -8.437503129E-03  6.562000141E-03  3.041658724E+00 
       110  8.312494494E-03 -8.312502876E-03  6.562000141E-03  3.035115053E+00 
       111  8.187494241E-03 -8.187502623E-03  6.562000141E-03  3.016251682E+00 
       112  8.062493987E-03 -8.062503301E-03  6.562000141E-03  2.805718854E+00 
       113  7.937493734E-03 -7.937503047E-03  6.562000141E-03  2.632351670E+00 
       114  7.812493946E-03 -7.812502794E-03  6.562000141E-03  2.534109119E+00 
       115  7.687494159E-03 -7.687503006E-03  6.562000141E-03  2.262616285E+00 
       116  7.562493905E-03 -7.562503219E-03  6.562000141E-03  2.090764311E+00 
       117  7.437494118E-03 -7.437502965E-03  6.562000141E-03  2.038261754E+00 
       118  7.312494330E-03 -7.312503178E-03  6.562000141E-03  1.817206270E+00 
       119  7.187494077E-03 -7.187502924E-03  6.562000141E-03  1.386379690E+00 
       120  7.062494289E-03 -7.062503137E-03  6.562000141E-03  9.554955091E-01 
       121  6.937494036E-03 -6.937502883E-03  6.562000141E-03  7.867818716E-01 
       122  6.812494248E-03 -6.812503096E-03  6.562000141E-03  9.072279858E-01 
       123  6.687493995E-03 -6.687502842E-03  6.562000141E-03  9.144726313E-01 
       124  6.562494207E-03 -6.562503055E-03  6.562000141E-03  8.780332254E-01 
       125  6.437494420E-03 -6.437502801E-03  6.562000141E-03  8.717052982E-01 
       126  6.312494166E-03 -6.312503014E-03  6.562000141E-03  8.441252420E-01 
       127  6.187494379E-03 -6.187502760E-03  6.562000141E-03  8.103851639E-01 
       128  4.187494516E-03 -4.187502898E-03  6.562000141E-03  8.343029352E-01 
       129  4.312494304E-03 -4.312502686E-03  6.562000141E-03  7.770432747E-01 
       130  4.437494557E-03 -4.437502474E-03  6.562000141E-03  7.270511434E-01 
       131  4.562494345E-03 -4.562502727E-03  6.562000141E-03  7.039016096E-01 
       132  4.687494598E-03 -4.687502515E-03  6.562000141E-03  6.994726699E-01 
       133  4.812494386E-03 -4.812502768E-03  6.562000141E-03  6.946534931E-01 
       134  4.937494174E-03 -4.937502556E-03  6.562000141E-03  6.901052926E-01 
       135  5.062494427E-03 -5.062502809E-03  6.562000141E-03  7.014212868E-01 
       136  5.187494215E-03 -5.187502597E-03  6.562000141E-03  7.537172307E-01 
       137  5.312494468E-03 -5.312502850E-03  6.562000141E-03  8.293649192E-01 
       138  5.437494256E-03 -5.437502638E-03  6.562000141E-03  8.472876129E-01 
       139  5.562494509E-03 -5.562502891E-03  6.562000141E-03  7.478209183E-01 
       140  5.687494297E-03 -5.687502678E-03  6.562000141E-03  6.438945483E-01 
       141  5.812494084E-03 -5.812502932E-03  6.562000141E-03  5.876929682E-01 
       142  5.937494338E-03 -5.937502719E-03  6.562000141E-03  6.341957832E-01 
       143  6.062494125E-03 -6.062502973E-03  6.562000141E-03  7.370225647E-01 
       144  1.206249371E-02 -1.206250302E-02  6.562000141E-03  3.748735052E+00 
       145  1.218749397E-02 -1.218750328E-02  6.562000141E-03  3.761880718E+00 
       146  1.231249329E-02 -1.231250353E-02  6.562000141E-03  3.782023351E+00 
       147  1.243749354E-02 -1.243750378E-02  6.562000141E-03  3.831088762E+00 
       148  1.256249379E-02 -1.256250311E-02  6.562000141E-03  3.927626582E+00 
       149  1.268749405E-02 -1.268750336E-02  6.562000141E-03  4.052556799E+00 
       150  1.281249337E-02 -1.281250361E-02  6.562000141E-03  4.173647178E+00 
       151  1.293749362E-02 -1.293750387E-02  6.562000141E-03  4.270964862E+00 
       152  1.306249388E-02 -1.306250319E-02  6.562000141E-03  4.340963571E+00 
       153  1.318749320E-02 -1.318750344E-02  6.562000141E-03  4.389594405E+00 
       154  1.331249345E-02 -1.331250370E-02  6.562000141E-03  4.425171582E+00 
       155  1.343749370E-02 -1.343750395E-02  6.562000141E-03  4.455358844E+00 
       156  1.356249396E-02 -1.356250327E-02  6.562000141E-03  4.486127206E+00 
       157  1.368749328E-02 -1.368750352E-02  6.562000141E-03  4.519184344E+00 
       158  1.381249353E-02 -1.381250378E-02  6.562000141E-03  4.555113112E+00 
       159  1.393749379E-02 -1.393750403E-02  6.562000141E-03  4.595513420E+00 
       160  1.406249311E-02 -1.406250335E-02  6.562000141E-03  4.642411174E+00 
       161  2.830386627E-03 -2.830386627E-03  6.562000606E-03  1.036751701E+00 
       162  2.835483057E-03 -2.835483057E-03  6.562000606E-03  1.019327640E+00 
       163  2.841604175E-03 -2.841604175E-03  6.562000606E-03  1.000393494E+00 
       164  2.848957200E-03 -2.848957200E-03  6.562000606E-03  9.803719973E-01 
       165  2.857792191E-03 -2.857792191E-03  6.562000141E-03  9.598874237E-01 
       166  2.868410666E-03 -2.868410666E-03  6.562000141E-03  9.397356803E-01 
       167  2.881176071E-03 -2.881176071E-03  6.562000141E-03  9.205714835E-01 
       168  2.896528691E-03 -2.896528691E-03  6.562000141E-03  9.028937093E-01 
       169  2.915001474E-03 -2.915001474E-03  6.562000141E-03  8.858907805E-01 
       170  2.937239595E-03 -2.937239595E-03  6.562000606E-03  8.676277997E-01 
       171  2.974424278E-03 -2.974424278E-03  6.562000606E-03  8.337466187E-01 
       172  3.062227042E-03 -3.062231001E-03  6.562000141E-03  7.892112330E-01 
       173  3.187494352E-03 -3.187502502E-03  6.562000141E-03  7.532649659E-01 
       174  3.312494373E-03 -3.312502522E-03  6.562000141E-03  7.702818207E-01 
       175  3.437494393E-03 -3.437502543E-03  6.562000141E-03  8.235589965E-01 
       176  3.562494414E-03 -3.562502563E-03  6.562000141E-03  8.749446047E-01 
       177  3.687494434E-03 -3.687502583E-03  6.562000141E-03  9.137364445E-01 
       178  3.812494455E-03 -3.812502604E-03  6.562000141E-03  9.324861337E-01 
       179  3.937494475E-03 -3.937502392E-03  6.562000141E-03  9.193758803E-01 
       180  4.062494263E-03 -4.062502645E-03  6.562000141E-03  8.651609351E-01 
