cellnumber     x-coordinate     y-coordinate     z-coordinate velocity-magnitude 
         1  1.081250515E-02 -1.081249863E-02  6.562000141E-03  3.540593072E+00 
         2  1.093750540E-02 -1.093749795E-02  6.562000141E-03  3.586857994E+00 
         3  1.106250472E-02 -1.106249820E-02  6.562000141E-03  3.632068944E+00 
         4  1.118750498E-02 -1.118749846E-02  6.562000141E-03  3.673646374E+00 
         5  1.131250523E-02 -1.131249778E-02  6.562000141E-03  3.737049553E+00 
         6  1.143750548E-02 -1.143749803E-02  6.562000141E-03  3.808347272E+00 
         7  1.156250481E-02 -1.156249829E-02  6.562000141E-03  3.857287303E+00 
         8  1.168750506E-02 -1.168749854E-02  6.562000141E-03  3.916826706E+00 
         9  1.181250531E-02 -1.181249786E-02  6.562000141E-03  3.932190193E+00 
        10  1.193750557E-02 -1.193749812E-02  6.562000141E-03  3.895296393E+00 
        11  1.206250489E-02 -1.206249837E-02  6.562000141E-03  3.850696291E+00 
        12  1.218750514E-02 -1.218749862E-02  6.562000141E-03  3.836340265E+00 
        13  1.231250539E-02 -1.231249794E-02  6.562000141E-03  3.846659298E+00 
        14  1.243750472E-02 -1.243749820E-02  6.562000141E-03  3.862088137E+00 
        15  6.062505301E-03 -6.062497851E-03  6.562000141E-03  8.671826959E-01 
        16  6.187505089E-03 -6.187498104E-03  6.562000141E-03  1.090385479E+00 
        17  6.312505342E-03 -6.312497891E-03  6.562000141E-03  1.013620185E+00 
        18  6.437505130E-03 -6.437498145E-03  6.562000141E-03  1.026297620E+00 
        19  6.562505383E-03 -6.562497932E-03  6.562000141E-03  1.184890649E+00 
        20  6.687505171E-03 -6.687498186E-03  6.562000141E-03  1.294856614E+00 
        21  6.812505424E-03 -6.812497973E-03  6.562000141E-03  1.461649236E+00 
        22  6.937505212E-03 -6.937498227E-03  6.562000141E-03  1.728206315E+00 
        23  7.062505465E-03 -7.062498014E-03  6.562000141E-03  1.966391707E+00 
        24  7.187505253E-03 -7.187498268E-03  6.562000141E-03  2.152663986E+00 
        25  7.312505040E-03 -7.312498055E-03  6.562000141E-03  2.174661003E+00 
        26  7.437505294E-03 -7.437498309E-03  6.562000141E-03  2.078110032E+00 
        27  7.562505081E-03 -7.562498096E-03  6.562000141E-03  1.972156541E+00 
        28  7.687505335E-03 -7.687497884E-03  6.562000141E-03  1.915046484E+00 
        29  7.812504657E-03 -7.812498137E-03  6.562000141E-03  1.877431052E+00 
        30  7.937504910E-03 -7.937498391E-03  6.562000141E-03  1.934074415E+00 
        31  8.062505163E-03 -8.062497713E-03  6.562000141E-03  2.058366974E+00 
        32  8.187505417E-03 -8.187497966E-03  6.562000141E-03  2.184157511E+00 
        33  8.312505670E-03 -8.312498219E-03  6.562000141E-03  2.313986437E+00 
        34  8.437504992E-03 -8.437498473E-03  6.562000141E-03  2.423377629E+00 
        35  8.562505245E-03 -8.562497795E-03  6.562000141E-03  2.520153351E+00 
        36  8.687505499E-03 -8.687498048E-03  6.562000141E-03  2.611181074E+00 
        37  8.812504821E-03 -8.812498301E-03  6.562000141E-03  2.714574468E+00 
        38  8.937505074E-03 -8.937498555E-03  6.562000141E-03  2.812867538E+00 
        39  9.062505327E-03 -9.062497877E-03  6.562000141E-03  2.871654749E+00 
        40  9.187505580E-03 -9.187498130E-03  6.562000141E-03  2.902058795E+00 
        41  9.312504902E-03 -9.312498383E-03  6.562000141E-03  2.915799979E+00 
        42  9.437505156E-03 -9.437497705E-03  6.562000141E-03  2.930516139E+00 
        43  9.562505409E-03 -9.562497959E-03  6.562000141E-03  2.978035119E+00 
        44  9.687505662E-03 -9.687498212E-03  6.562000141E-03  3.055042671E+00 
        45  9.812504984E-03 -9.812498465E-03  6.562000141E-03  3.144281682E+00 
        46  9.937505238E-03 -9.937497787E-03  6.562000141E-03  3.225666412E+00 
        47  1.006250549E-02 -1.006249804E-02  6.562000141E-03  3.295053566E+00 
        48  1.018750481E-02 -1.018749829E-02  6.562000141E-03  3.349547732E+00 
        49  1.031250507E-02 -1.031249855E-02  6.562000141E-03  3.399980386E+00 
        50  1.043750532E-02 -1.043749787E-02  6.562000141E-03  3.448622027E+00 
        51  1.056250557E-02 -1.056249812E-02  6.562000141E-03  3.486042288E+00 
        52  1.068750490E-02 -1.068749838E-02  6.562000141E-03  3.508623431E+00 
        53  1.256250497E-02 -1.256249845E-02  6.562000141E-03  3.880638499E+00 
        54  1.268750522E-02 -1.268749777E-02  6.562000141E-03  3.887798860E+00 
        55  1.281250548E-02 -1.281249803E-02  6.562000141E-03  3.909059804E+00 
        56  1.293750480E-02 -1.293749828E-02  6.562000141E-03  4.017959693E+00 
        57  1.306250505E-02 -1.306249853E-02  6.562000141E-03  4.160975918E+00 
        58  1.318750530E-02 -1.318749785E-02  6.562000141E-03  4.263415535E+00 
        59  1.331250556E-02 -1.331249811E-02  6.562000141E-03  4.316324245E+00 
        60  1.343750488E-02 -1.343749836E-02  6.562000141E-03  4.327977326E+00 
        61  1.356250513E-02 -1.356249861E-02  6.562000141E-03  4.321819354E+00 
        62  1.368750539E-02 -1.368749794E-02  6.562000141E-03  4.339731352E+00 
        63  1.381250471E-02 -1.381249819E-02  6.562000141E-03  4.389601523E+00 
        64  1.393750496E-02 -1.393749844E-02  6.562000141E-03  4.411902196E+00 
        65  1.406250522E-02 -1.406249870E-02  6.562000141E-03  4.340020083E+00 
        66  1.418750547E-02 -1.418749802E-02  6.562000141E-03  4.297368215E+00 
        67  1.431250479E-02 -1.431249827E-02  6.562000141E-03  4.329124620E+00 
        68  1.443750504E-02 -1.443749852E-02  6.562000141E-03  4.390714352E+00 
        69  1.456250530E-02 -1.456249785E-02  6.562000141E-03  4.459573099E+00 
        70  1.468750555E-02 -1.468749810E-02  6.562000141E-03  4.534376346E+00 
        71  1.481250487E-02 -1.481249835E-02  6.562000141E-03  4.604066912E+00 
        72  1.493750513E-02 -1.493749861E-02  6.562000141E-03  4.668123832E+00 
        73  1.506250538E-02 -1.506249793E-02  6.562000141E-03  4.726901607E+00 
        74  1.518750470E-02 -1.518749818E-02  6.562000141E-03  4.775472414E+00 
        75  1.531250495E-02 -1.531249844E-02  6.562000141E-03  4.812970297E+00 
        76  1.543750521E-02 -1.543749869E-02  6.562000141E-03  4.846766072E+00 
        77  1.556250546E-02 -1.556249801E-02  6.562000141E-03  4.886445304E+00 
        78  1.568750478E-02 -1.568749733E-02  6.562000141E-03  4.976298145E+00 
        79  1.581250504E-02 -1.581249759E-02  6.562000141E-03  5.135825371E+00 
        80  1.593750529E-02 -1.593749784E-02  6.562000141E-03  5.271408099E+00 
        81  1.606250554E-02 -1.606249809E-02  6.562000141E-03  5.364822190E+00 
        82  1.618750393E-02 -1.618749835E-02  6.562000141E-03  5.392798605E+00 
        83  1.631250419E-02 -1.631249860E-02  6.562000141E-03  5.319796091E+00 
        84  1.643750444E-02 -1.643749885E-02  6.562000141E-03  5.306538780E+00 
        85  1.656250469E-02 -1.656249724E-02  6.562000141E-03  5.306882981E+00 
        86  1.668750495E-02 -1.668749750E-02  6.562000141E-03  5.362283078E+00 
        87  1.681250520E-02 -1.681249775E-02  6.562000141E-03  5.422500942E+00 
        88  1.693750545E-02 -1.693749800E-02  6.562000141E-03  5.440862515E+00 
        89  1.706250571E-02 -1.706249826E-02  6.562000141E-03  5.405929638E+00 
        90  1.718750410E-02 -1.718749851E-02  6.562000141E-03  5.312697482E+00 
        91  1.731250435E-02 -1.731249876E-02  6.562000141E-03  5.233113567E+00 
        92  1.743750460E-02 -1.743749715E-02  6.562000141E-03  5.201781867E+00 
        93  1.756250486E-02 -1.756249741E-02  6.562000141E-03  5.201420497E+00 
        94  1.768750511E-02 -1.768749766E-02  6.562000141E-03  5.229483580E+00 
        95  1.781250536E-02 -1.781249791E-02  6.562000141E-03  5.330133979E+00 
        96  1.793750562E-02 -1.793749817E-02  6.562000141E-03  5.470334097E+00 
        97  1.806250401E-02 -1.806249842E-02  6.562000141E-03  5.248526237E+00 
        98  1.818750426E-02 -1.818749867E-02  6.562000141E-03  5.144972395E+00 
        99  1.831250452E-02 -1.831249893E-02  6.562000141E-03  5.354481313E+00 
       100  5.562505219E-03 -5.562498234E-03  6.562000141E-03  5.206248066E-01 
       101  5.437505431E-03 -5.437497981E-03  6.562000141E-03  5.021773093E-01 
       102  5.312505178E-03 -5.312498193E-03  6.562000141E-03  4.486790920E-01 
       103  5.187505390E-03 -5.187497940E-03  6.562000141E-03  4.055463565E-01 
       104  5.062505137E-03 -5.062498152E-03  6.562000141E-03  3.773183153E-01 
       105  4.937505350E-03 -4.937497899E-03  6.562000141E-03  3.598078446E-01 
       106  4.812505096E-03 -4.812498111E-03  6.562000141E-03  3.632434033E-01 
       107  4.687505309E-03 -4.687497858E-03  6.562000141E-03  3.662216684E-01 
       108  4.562505521E-03 -4.562498070E-03  6.562000141E-03  3.586998857E-01 
       109  4.437505268E-03 -4.437497817E-03  6.562000141E-03  3.545155146E-01 
       110  4.312505480E-03 -4.312498029E-03  6.562000141E-03  3.616690790E-01 
       111  4.187505227E-03 -4.187498242E-03  6.562000141E-03  4.095147125E-01 
       112  4.062505439E-03 -4.062497988E-03  6.562000141E-03  5.000506256E-01 
       113  3.937505186E-03 -3.937497735E-03  6.562000141E-03  6.136819451E-01 
       114  3.812505165E-03 -3.812497947E-03  6.562000141E-03  7.189422651E-01 
       115  3.687505145E-03 -3.687497927E-03  6.562000141E-03  7.886769406E-01 
       116  3.562505124E-03 -3.562497906E-03  6.562000141E-03  7.837773078E-01 
       117  3.437505104E-03 -3.437497886E-03  6.562000141E-03  7.144200514E-01 
       118  3.312505316E-03 -3.312497865E-03  6.562000141E-03  6.736190366E-01 
       119  3.189919051E-03 -3.189915325E-03  6.562000141E-03  6.921358244E-01 
       120  3.123705741E-03 -3.123705741E-03  6.562000141E-03  7.035323405E-01 
       121  3.059382550E-03 -3.059382550E-03  6.562000606E-03  7.096408162E-01 
       122  2.975319745E-03 -2.975319745E-03  6.562000606E-03  7.456548000E-01 
       123  2.937293379E-03 -2.937293379E-03  6.562000606E-03  7.959164623E-01 
       124  2.915035933E-03 -2.915035933E-03  6.562000141E-03  8.359044092E-01 
       125  2.896548016E-03 -2.896548016E-03  6.562000606E-03  8.781592237E-01 
       126  2.881182823E-03 -2.881182823E-03  6.562000606E-03  9.151664656E-01 
       127  2.868407173E-03 -2.868407173E-03  6.562000606E-03  9.466640132E-01 
       128  2.857780783E-03 -2.857780783E-03  6.562000141E-03  9.725994149E-01 
       129  2.848939039E-03 -2.848939039E-03  6.562000141E-03  9.940589630E-01 
       130  2.841580426E-03 -2.841580426E-03  6.562000606E-03  1.011941790E+00 
       131  2.835454885E-03 -2.835454885E-03  6.562000141E-03  1.026984813E+00 
       132  2.830355195E-03 -2.830355195E-03  6.562000141E-03  1.039713342E+00 
       133  5.687505472E-03 -5.687498022E-03  6.562000141E-03  5.771220019E-01 
       134  5.812505260E-03 -5.812498275E-03  6.562000141E-03  6.759676453E-01 
       135  5.937505048E-03 -5.937498063E-03  6.562000141E-03  5.326813646E-01 
       136  1.895486377E-02 -1.895486377E-02  6.562000141E-03  5.482529343E+00 
       137  1.889866963E-02 -1.889866963E-02  6.562000141E-03  5.473050035E+00 
       138  1.880285516E-02 -1.880285144E-02  6.562000606E-03  5.718040588E+00 
       139  1.868750528E-02 -1.868749782E-02  6.562000141E-03  5.714393505E+00 
       140  1.856250502E-02 -1.856249757E-02  6.562000141E-03  5.603826815E+00 
       141  1.843750477E-02 -1.843749732E-02  6.562000141E-03  5.510448916E+00 
       142  2.121082321E-02 -2.121082321E-02  6.562000141E-03  1.343318303E-01 
       143  2.120567486E-02 -2.120567486E-02  6.562000606E-03  4.023082187E-01 
       144  2.119949833E-02 -2.119949833E-02  6.562000141E-03  7.181516646E-01 
       145  2.119208500E-02 -2.119208500E-02  6.562000606E-03  1.086527932E+00 
       146  2.118319459E-02 -2.118319459E-02  6.562000141E-03  1.508859619E+00 
       147  2.117252536E-02 -2.117252536E-02  6.562000141E-03  1.980084504E+00 
       148  2.115972713E-02 -2.115972713E-02  6.562000606E-03  2.483958676E+00 
       149  2.114437334E-02 -2.114437334E-02  6.562000606E-03  2.989791118E+00 
       150  2.112595551E-02 -2.112595551E-02  6.562000141E-03  3.474120179E+00 
       151  2.110386454E-02 -2.110386454E-02  6.562000141E-03  3.947149938E+00 
       152  2.107902244E-02 -2.107902244E-02  6.562000606E-03  4.646491394E+00 
       153  2.101955935E-02 -2.101955935E-02  6.562000141E-03  5.229960196E+00 
       154  2.093681321E-02 -2.093681321E-02  6.562000141E-03  5.625069121E+00 
       155  2.088592015E-02 -2.088592015E-02  6.562000141E-03  5.568342061E+00 
       156  2.081407234E-02 -2.081407234E-02  6.562000141E-03  5.525265663E+00 
       157  2.074207366E-02 -2.074207366E-02  6.562000141E-03  5.336626098E+00 
       158  2.067007311E-02 -2.067007311E-02  6.562000141E-03  5.142228126E+00 
       159  2.059807256E-02 -2.059807256E-02  6.562000141E-03  4.952136055E+00 
       160  2.052607387E-02 -2.052607387E-02  6.562000141E-03  4.788215763E+00 
       161  2.045407332E-02 -2.045407332E-02  6.562000141E-03  4.722578425E+00 
       162  2.038207278E-02 -2.038207278E-02  6.562000141E-03  4.578544807E+00 
       163  2.031007409E-02 -2.031007409E-02  6.562000141E-03  4.503322472E+00 
       164  2.023807354E-02 -2.023807354E-02  6.562000141E-03  4.333790198E+00 
       165  2.016607299E-02 -2.016607299E-02  6.562000141E-03  4.101958563E+00 
       166  2.009407245E-02 -2.009407245E-02  6.562000141E-03  3.981380991E+00 
       167  2.002207376E-02 -2.002207376E-02  6.562000141E-03  3.817200382E+00 
       168  1.995007321E-02 -1.995007321E-02  6.562000141E-03  3.746620229E+00 
       169  1.987807266E-02 -1.987807266E-02  6.562000141E-03  3.699670113E+00 
       170  1.980607398E-02 -1.980607398E-02  6.562000141E-03  3.735681405E+00 
       171  1.973407343E-02 -1.973407343E-02  6.562000141E-03  3.871818311E+00 
       172  1.966207288E-02 -1.966207288E-02  6.562000141E-03  3.984298212E+00 
       173  1.959007420E-02 -1.959007420E-02  6.562000141E-03  4.138827657E+00 
       174  1.951807365E-02 -1.951807365E-02  6.562000141E-03  4.283719206E+00 
       175  1.944607310E-02 -1.944607310E-02  6.562000141E-03  4.375407163E+00 
       176  1.937407255E-02 -1.937407255E-02  6.562000141E-03  4.515494993E+00 
       177  1.930207387E-02 -1.930207387E-02  6.562000141E-03  4.580168377E+00 
       178  1.923859492E-02 -1.923859492E-02  6.561999675E-03  4.709212811E+00 
       179  1.914011873E-02 -1.914011873E-02  6.562000141E-03  4.838494538E+00 
       180  1.905349456E-02 -1.905349456E-02  6.562000606E-03  4.872216655E+00 
       181  1.899245940E-02 -1.899245940E-02  6.562000606E-03  5.104517033E+00 
