cellnumber     x-coordinate     y-coordinate     z-coordinate velocity-magnitude 
         1  8.562497795E-03 -8.562495001E-03  6.562000141E-03  2.565440026E+00 
         2  8.687498048E-03 -8.687495254E-03  6.562000141E-03  2.501662152E+00 
         3  8.812497370E-03 -8.812494576E-03  6.562000141E-03  2.490252775E+00 
         4  8.937497623E-03 -8.937494829E-03  6.562000141E-03  2.573175118E+00 
         5  9.062497877E-03 -9.062495083E-03  6.562000141E-03  2.737745663E+00 
         6  9.187498130E-03 -9.187495336E-03  6.562000141E-03  2.887979771E+00 
         7  9.312497452E-03 -9.312494658E-03  6.562000141E-03  2.964664534E+00 
         8  9.437497705E-03 -9.437494911E-03  6.562000141E-03  2.998792565E+00 
         9  9.562497959E-03 -9.562495165E-03  6.562000141E-03  3.021495854E+00 
        10  9.687498212E-03 -9.687495418E-03  6.562000141E-03  3.054176049E+00 
        11  9.812497534E-03 -9.812494740E-03  6.562000141E-03  3.105598469E+00 
        12  9.937497787E-03 -9.937494993E-03  6.562000141E-03  3.166661431E+00 
        13  1.006249804E-02 -1.006249525E-02  6.562000141E-03  3.228480093E+00 
        14  1.018749736E-02 -1.018749550E-02  6.562000141E-03  3.281920343E+00 
        15  1.031249762E-02 -1.031249482E-02  6.562000141E-03  3.302295439E+00 
        16  1.043749787E-02 -1.043749508E-02  6.562000141E-03  3.285447886E+00 
        17  1.056249812E-02 -1.056249533E-02  6.562000141E-03  3.300359230E+00 
        18  1.068749744E-02 -1.068749465E-02  6.562000141E-03  3.322018916E+00 
        19  1.081249770E-02 -1.081249490E-02  6.562000141E-03  3.336960839E+00 
        20  1.093749795E-02 -1.093749516E-02  6.562000141E-03  3.369615314E+00 
        21  1.106249727E-02 -1.106249541E-02  6.562000141E-03  3.382377450E+00 
        22  1.118749753E-02 -1.118749473E-02  6.562000141E-03  3.407018734E+00 
        23  1.131249778E-02 -1.131249499E-02  6.562000141E-03  3.476828368E+00 
        24  1.143749803E-02 -1.143749524E-02  6.562000141E-03  3.560433447E+00 
        25  1.156249736E-02 -1.156249549E-02  6.562000141E-03  3.617717549E+00 
        26  1.168749761E-02 -1.168749481E-02  6.562000141E-03  3.652336618E+00 
        27  1.181249786E-02 -1.181249507E-02  6.562000141E-03  3.678767825E+00 
        28  1.193749812E-02 -1.193749532E-02  6.562000141E-03  3.713368607E+00 
        29  1.206249744E-02 -1.206249464E-02  6.562000141E-03  3.769552188E+00 
        30  1.218749769E-02 -1.218749490E-02  6.562000141E-03  3.843643595E+00 
        31  1.231249794E-02 -1.231249515E-02  6.562000141E-03  3.925605917E+00 
        32  1.243749727E-02 -1.243749540E-02  6.562000141E-03  4.005819975E+00 
        33  1.256249752E-02 -1.256249472E-02  6.562000141E-03  4.082938336E+00 
        34  1.268749777E-02 -1.268749498E-02  6.562000141E-03  4.155162021E+00 
        35  1.281249803E-02 -1.281249523E-02  6.562000141E-03  4.222608564E+00 
        36  1.293749735E-02 -1.293749548E-02  6.562000141E-03  4.286128823E+00 
        37  1.306249760E-02 -1.306249481E-02  6.562000141E-03  4.345718652E+00 
        38  1.318749785E-02 -1.318749506E-02  6.562000141E-03  4.401942452E+00 
        39  1.331249811E-02 -1.331249531E-02  6.562000141E-03  4.455134297E+00 
        40  1.343749743E-02 -1.343749557E-02  6.562000141E-03  4.505798966E+00 
        41  1.356249768E-02 -1.356249489E-02  6.562000141E-03  4.554485326E+00 
        42  1.368749794E-02 -1.368749514E-02  6.562000141E-03  4.601969652E+00 
        43  1.381249726E-02 -1.381249540E-02  6.562000141E-03  4.649112196E+00 
        44  1.393749751E-02 -1.393749472E-02  6.562000141E-03  4.696789346E+00 
        45  1.406249776E-02 -1.406249497E-02  6.562000141E-03  4.745864805E+00 
        46  1.418749802E-02 -1.418749522E-02  6.562000141E-03  4.797473013E+00 
        47  1.431249734E-02 -1.431249548E-02  6.562000141E-03  4.853747124E+00 
        48  1.443749759E-02 -1.443749480E-02  6.562000141E-03  4.916466705E+00 
        49  1.456249785E-02 -1.456249505E-02  6.562000141E-03  4.985755179E+00 
        50  1.468749810E-02 -1.468749531E-02  6.562000141E-03  5.059178655E+00 
        51  1.481249742E-02 -1.481249556E-02  6.562000141E-03  5.134583641E+00 
        52  1.493749768E-02 -1.493749488E-02  6.562000141E-03  5.217049595E+00 
        53  1.506249793E-02 -1.506249513E-02  6.562000141E-03  5.313726480E+00 
        54  1.518749725E-02 -1.518749539E-02  6.562000141E-03  5.425832813E+00 
        55  1.531249750E-02 -1.531249564E-02  6.562000141E-03  5.554234611E+00 
        56  1.543749776E-02 -1.543749496E-02  6.562000141E-03  5.718126648E+00 
        57  1.556249801E-02 -1.556249522E-02  6.562000141E-03  5.707146293E+00 
        58  1.568749733E-02 -1.568749547E-02  6.562000141E-03  5.552395271E+00 
        59  1.581249759E-02 -1.581249572E-02  6.562000141E-03  5.495001658E+00 
        60  1.593749784E-02 -1.593749411E-02  6.562000141E-03  5.256613400E+00 
        61  1.606249809E-02 -1.606249437E-02  6.562000141E-03  4.933481371E+00 
        62  1.618749648E-02 -1.618749462E-02  6.562000141E-03  4.717901853E+00 
        63  1.631249674E-02 -1.631249487E-02  6.562000141E-03  4.780474735E+00 
        64  1.643749699E-02 -1.643749513E-02  6.562000141E-03  5.006937509E+00 
        65  1.656249724E-02 -1.656249538E-02  6.562000141E-03  5.118252305E+00 
        66  1.668749750E-02 -1.668749563E-02  6.562000141E-03  5.137124635E+00 
        67  1.681249775E-02 -1.681249589E-02  6.562000141E-03  5.156179504E+00 
        68  1.693749800E-02 -1.693749428E-02  6.562000141E-03  5.260698020E+00 
        69  1.706249826E-02 -1.706249453E-02  6.562000141E-03  5.368821211E+00 
        70  1.718749665E-02 -1.718749478E-02  6.562000141E-03  5.565392813E+00 
        71  1.731249690E-02 -1.731249504E-02  6.562000141E-03  5.905208508E+00 
        72  1.743749715E-02 -1.743749529E-02  6.562000141E-03  6.231558042E+00 
        73  1.756249741E-02 -1.756249554E-02  6.562000141E-03  6.230614141E+00 
        74  1.768749766E-02 -1.768749580E-02  6.562000141E-03  5.715487483E+00 
        75  1.781249791E-02 -1.781249419E-02  6.562000141E-03  5.210606342E+00 
        76  1.793749817E-02 -1.793749444E-02  6.562000141E-03  5.122631167E+00 
        77  2.830350772E-03 -2.830350772E-03  6.562000141E-03  1.041111506E+00 
        78  2.835454186E-03 -2.835454186E-03  6.562000606E-03  1.030452367E+00 
        79  2.841583686E-03 -2.841583686E-03  6.562000141E-03  1.016824281E+00 
        80  2.848947421E-03 -2.848947421E-03  6.562000606E-03  9.991463070E-01 
        81  2.857795218E-03 -2.857795218E-03  6.562000606E-03  9.759805405E-01 
        82  2.868429059E-03 -2.868429059E-03  6.562000606E-03  9.456298574E-01 
        83  2.881214023E-03 -2.881214023E-03  6.562000141E-03  9.067547752E-01 
        84  2.896590624E-03 -2.896590624E-03  6.562000141E-03  8.592206288E-01 
        85  2.915092511E-03 -2.915092511E-03  6.562000141E-03  8.060376473E-01 
        86  2.937367652E-03 -2.937367652E-03  6.562000141E-03  7.520668176E-01 
        87  2.973292954E-03 -2.973292954E-03  6.562000141E-03  6.842879877E-01 
        88  3.061023075E-03 -3.061021678E-03  6.562000141E-03  5.792646184E-01 
        89  3.187497845E-03 -3.187494818E-03  6.562000141E-03  4.743710583E-01 
        90  3.312497865E-03 -3.312494839E-03  6.562000141E-03  4.183858599E-01 
        91  3.437497653E-03 -3.437494859E-03  6.562000141E-03  4.156732691E-01 
        92  3.562497674E-03 -3.562494880E-03  6.562000141E-03  4.101768526E-01 
        93  3.687497694E-03 -3.687494900E-03  6.562000141E-03  3.860556793E-01 
        94  3.812497715E-03 -3.812494688E-03  6.562000141E-03  3.509630857E-01 
        95  3.937497735E-03 -3.937494941E-03  6.562000141E-03  3.151560762E-01 
        96  4.062497988E-03 -4.062494729E-03  6.562000141E-03  2.839037608E-01 
        97  4.187497776E-03 -4.187494982E-03  6.562000141E-03  2.578651899E-01 
        98  4.312498029E-03 -4.312494770E-03  6.562000141E-03  2.465298961E-01 
        99  4.437497817E-03 -4.437495023E-03  6.562000141E-03  2.614045891E-01 
       100  4.562498070E-03 -4.562494811E-03  6.562000141E-03  2.977220250E-01 
       101  4.687497858E-03 -4.687495064E-03  6.562000141E-03  3.434290778E-01 
       102  4.812497646E-03 -4.812494852E-03  6.562000141E-03  3.850974320E-01 
       103  4.937497899E-03 -4.937495105E-03  6.562000141E-03  4.292670663E-01 
       104  5.062497687E-03 -5.062494893E-03  6.562000141E-03  4.777467273E-01 
       105  5.187497940E-03 -5.187495146E-03  6.562000141E-03  5.230660845E-01 
       106  5.312497728E-03 -5.312494934E-03  6.562000141E-03  5.824847029E-01 
       107  5.437497981E-03 -5.437494721E-03  6.562000141E-03  6.547784812E-01 
       108  5.562497769E-03 -5.562494975E-03  6.562000141E-03  7.215608945E-01 
       109  5.687498022E-03 -5.687494762E-03  6.562000141E-03  7.984411744E-01 
       110  5.812497810E-03 -5.812495016E-03  6.562000141E-03  7.745012193E-01 
       111  5.937497597E-03 -5.937494803E-03  6.562000141E-03  5.019393028E-01 
       112  6.062497851E-03 -6.062495057E-03  6.562000141E-03  5.885637828E-01 
       113  6.187497638E-03 -6.187494844E-03  6.562000141E-03  9.549154539E-01 
       114  6.312497891E-03 -6.312495098E-03  6.562000141E-03  1.149105921E+00 
       115  6.437497679E-03 -6.437494885E-03  6.562000141E-03  1.227832065E+00 
       116  6.562497932E-03 -6.562495138E-03  6.562000141E-03  1.137363446E+00 
       117  6.687497720E-03 -6.687494926E-03  6.562000141E-03  8.873975426E-01 
       118  6.812497973E-03 -6.812495179E-03  6.562000141E-03  7.644436846E-01 
       119  6.937497761E-03 -6.937494967E-03  6.562000141E-03  8.415416328E-01 
       120  7.062498014E-03 -7.062494755E-03  6.562000141E-03  9.327884205E-01 
       121  7.187497802E-03 -7.187495008E-03  6.562000141E-03  1.049101549E+00 
       122  7.312497590E-03 -7.312494796E-03  6.562000141E-03  1.376018655E+00 
       123  7.437497843E-03 -7.437495049E-03  6.562000141E-03  1.806497224E+00 
       124  7.562497631E-03 -7.562494837E-03  6.562000141E-03  2.109626584E+00 
       125  7.687497884E-03 -7.687495090E-03  6.562000141E-03  2.266930463E+00 
       126  7.812497672E-03 -7.812494878E-03  6.562000141E-03  2.377176950E+00 
       127  7.937497459E-03 -7.937494665E-03  6.562000141E-03  2.512339561E+00 
       128  8.062497713E-03 -8.062494919E-03  6.562000141E-03  2.599521797E+00 
       129  8.187497966E-03 -8.187495172E-03  6.562000141E-03  2.647977833E+00 
       130  8.312498219E-03 -8.312495425E-03  6.562000141E-03  2.768539650E+00 
       131  8.437497541E-03 -8.437494747E-03  6.562000141E-03  2.686179850E+00 
       132  1.806249656E-02 -1.806249470E-02  6.562000141E-03  4.971700350E+00 
       133  1.818749681E-02 -1.818749495E-02  6.562000141E-03  4.763185805E+00 
       134  1.831249706E-02 -1.831249520E-02  6.562000141E-03  4.777527235E+00 
       135  1.843749732E-02 -1.843749546E-02  6.562000141E-03  4.769243717E+00 
       136  1.856249757E-02 -1.856249571E-02  6.562000141E-03  4.753515065E+00 
       137  1.868749782E-02 -1.868749410E-02  6.562000141E-03  4.661667846E+00 
       138  1.880909875E-02 -1.880909875E-02  6.562000141E-03  4.658213340E+00 
       139  1.890101843E-02 -1.890101843E-02  6.562000141E-03  4.643909263E+00 
       140  1.895096339E-02 -1.895096339E-02  6.562000606E-03  4.664883316E+00 
       141  2.121082321E-02 -2.121082321E-02  6.562000141E-03  1.075185258E-01 
       142  2.120567486E-02 -2.120567486E-02  6.562000606E-03  3.179899266E-01 
       143  2.119949833E-02 -2.119949833E-02  6.562000141E-03  5.622634195E-01 
       144  2.119208500E-02 -2.119208500E-02  6.562000606E-03  8.447338691E-01 
       145  2.118319459E-02 -2.118319459E-02  6.562000141E-03  1.170191647E+00 
       146  2.117252536E-02 -2.117252536E-02  6.562000141E-03  1.543472887E+00 
       147  2.115972713E-02 -2.115972713E-02  6.562000606E-03  1.972160687E+00 
       148  2.114437334E-02 -2.114437334E-02  6.562000606E-03  2.466879848E+00 
       149  2.112595551E-02 -2.112595551E-02  6.562000141E-03  3.052398750E+00 
       150  2.110386454E-02 -2.110386454E-02  6.562000141E-03  3.651146993E+00 
       151  2.107902244E-02 -2.107902244E-02  6.562000606E-03  4.181080962E+00 
       152  2.101955935E-02 -2.101955935E-02  6.562000141E-03  4.308113668E+00 
       153  2.093681321E-02 -2.093681321E-02  6.562000141E-03  4.242688788E+00 
       154  2.088592015E-02 -2.088592015E-02  6.562000141E-03  4.145462790E+00 
       155  2.081407234E-02 -2.081407234E-02  6.562000141E-03  4.028853885E+00 
       156  2.074207366E-02 -2.074207366E-02  6.562000141E-03  3.952032242E+00 
       157  2.067007311E-02 -2.067007311E-02  6.562000141E-03  3.851420870E+00 
       158  2.059807256E-02 -2.059807256E-02  6.562000141E-03  3.876393914E+00 
       159  2.052607387E-02 -2.052607387E-02  6.562000141E-03  3.857753741E+00 
       160  2.045407332E-02 -2.045407332E-02  6.562000141E-03  3.834828518E+00 
       161  2.038207278E-02 -2.038207278E-02  6.562000141E-03  3.781272402E+00 
       162  2.031007409E-02 -2.031007409E-02  6.562000141E-03  3.748431353E+00 
       163  2.023807354E-02 -2.023807354E-02  6.562000141E-03  3.838652304E+00 
       164  2.016607299E-02 -2.016607299E-02  6.562000141E-03  3.825358529E+00 
       165  2.009407245E-02 -2.009407245E-02  6.562000141E-03  4.028411949E+00 
       166  2.002207376E-02 -2.002207376E-02  6.562000141E-03  4.014659290E+00 
       167  1.995007321E-02 -1.995007321E-02  6.562000141E-03  4.237824168E+00 
       168  1.987807266E-02 -1.987807266E-02  6.562000141E-03  4.203950623E+00 
       169  1.980607398E-02 -1.980607398E-02  6.562000141E-03  4.344985764E+00 
       170  1.973407343E-02 -1.973407343E-02  6.562000141E-03  4.438056404E+00 
       171  1.966207288E-02 -1.966207288E-02  6.562000141E-03  4.684749914E+00 
       172  1.959007420E-02 -1.959007420E-02  6.562000141E-03  5.061557593E+00 
       173  1.951807365E-02 -1.951807365E-02  6.562000141E-03  5.125422628E+00 
       174  1.944607310E-02 -1.944607310E-02  6.562000141E-03  5.174810439E+00 
       175  1.937407255E-02 -1.937407255E-02  6.562000141E-03  4.961856792E+00 
       176  1.930207387E-02 -1.930207387E-02  6.562000141E-03  4.831700229E+00 
       177  1.923859492E-02 -1.923859492E-02  6.561999675E-03  4.731083971E+00 
       178  1.914011873E-02 -1.914011873E-02  6.562000141E-03  4.793299813E+00 
       179  1.905349456E-02 -1.905349456E-02  6.562000606E-03  4.734305364E+00 
       180  1.899245940E-02 -1.899245940E-02  6.562000606E-03  4.692113949E+00 
