cellnumber     x-coordinate     y-coordinate     z-coordinate velocity-magnitude 
         1  1.895638928E-02 -1.895638928E-02  6.562000606E-03  5.948654677E+00 
         2  1.889957115E-02 -1.889957115E-02  6.562000141E-03  5.924164906E+00 
         3  1.880222000E-02 -1.880222373E-02  6.562000141E-03  5.820962100E+00 
         4  1.868749410E-02 -1.868750155E-02  6.562000141E-03  5.693849670E+00 
         5  1.856249385E-02 -1.856250316E-02  6.562000141E-03  5.548074422E+00 
         6  1.843749359E-02 -1.843750291E-02  6.562000141E-03  5.439911955E+00 
         7  1.831249334E-02 -1.831250265E-02  6.562000141E-03  5.365866511E+00 
         8  1.818749495E-02 -1.818750240E-02  6.562000141E-03  5.351047584E+00 
         9  1.806249470E-02 -1.806250215E-02  6.562000141E-03  5.346890903E+00 
        10  1.793749444E-02 -1.793750189E-02  6.562000141E-03  5.334710227E+00 
        11  1.781249419E-02 -1.781250164E-02  6.562000141E-03  5.318476575E+00 
        12  1.768749394E-02 -1.768750325E-02  6.562000141E-03  5.314212212E+00 
        13  1.756249368E-02 -1.756250300E-02  6.562000141E-03  5.325997799E+00 
        14  1.743749343E-02 -1.743750274E-02  6.562000141E-03  5.342415003E+00 
        15  1.731249504E-02 -1.731250249E-02  6.562000141E-03  5.346922958E+00 
        16  1.718749478E-02 -1.718750224E-02  6.562000141E-03  5.347995371E+00 
        17  1.706249453E-02 -1.706250198E-02  6.562000141E-03  5.347315968E+00 
        18  1.693749428E-02 -1.693750173E-02  6.562000141E-03  5.343034756E+00 
        19  1.681249402E-02 -1.681250334E-02  6.562000141E-03  5.335506270E+00 
        20  1.668749377E-02 -1.668750308E-02  6.562000141E-03  5.326550384E+00 
        21  1.656249352E-02 -1.656250283E-02  6.562000141E-03  5.314091194E+00 
        22  1.899245940E-02 -1.899245940E-02  6.562000141E-03  5.958661887E+00 
        23  1.905349456E-02 -1.905349456E-02  6.562000606E-03  5.915019591E+00 
        24  1.914011873E-02 -1.914011873E-02  6.562000141E-03  5.938960540E+00 
        25  1.923859492E-02 -1.923859492E-02  6.562000141E-03  5.970204484E+00 
        26  1.930207387E-02 -1.930207387E-02  6.562000141E-03  5.990992827E+00 
        27  1.937407255E-02 -1.937407441E-02  6.562000141E-03  6.020800782E+00 
        28  1.944607310E-02 -1.944607310E-02  6.562000141E-03  5.932628304E+00 
        29  1.951807365E-02 -1.951807365E-02  6.562000141E-03  5.790439953E+00 
        30  1.959007420E-02 -1.959007420E-02  6.562000141E-03  5.571518984E+00 
        31  1.966207288E-02 -1.966207288E-02  6.562000141E-03  5.490836230E+00 
        32  1.973407343E-02 -1.973407343E-02  6.562000141E-03  5.373378011E+00 
        33  1.980607398E-02 -1.980607398E-02  6.562000141E-03  5.330363302E+00 
        34  2.830386860E-03 -2.830386860E-03  6.562000606E-03  1.043398947E+00 
        35  2.835483057E-03 -2.835483057E-03  6.562000606E-03  1.036463567E+00 
        36  2.841603942E-03 -2.841603942E-03  6.562000606E-03  1.026047546E+00 
        37  2.848957200E-03 -2.848957200E-03  6.562000606E-03  1.010719831E+00 
        38  2.857792191E-03 -2.857792191E-03  6.562000141E-03  9.885882780E-01 
        39  2.868410666E-03 -2.868410666E-03  6.562000141E-03  9.572230264E-01 
        40  2.881176071E-03 -2.881176071E-03  6.562000141E-03  9.140615200E-01 
        41  2.896528691E-03 -2.896528691E-03  6.562000141E-03  8.565655415E-01 
        42  2.915001474E-03 -2.915001474E-03  6.561999675E-03  7.860455452E-01 
        43  2.937239595E-03 -2.937239595E-03  6.562000141E-03  7.054275709E-01 
        44  2.974424278E-03 -2.974424278E-03  6.562000141E-03  6.135370813E-01 
        45  3.062227275E-03 -3.062231001E-03  6.562000141E-03  5.431233074E-01 
        46  3.187494585E-03 -3.187502269E-03  6.562000141E-03  5.830213816E-01 
        47  3.312494606E-03 -3.312502289E-03  6.562000141E-03  5.596590568E-01 
        48  3.437494626E-03 -3.437502310E-03  6.562000141E-03  5.296934050E-01 
        49  3.562494647E-03 -3.562502330E-03  6.562000141E-03  4.996269707E-01 
        50  3.687494667E-03 -3.687502351E-03  6.562000141E-03  4.589524878E-01 
        51  3.812494688E-03 -3.812502138E-03  6.562000141E-03  4.425891687E-01 
        52  3.937494475E-03 -3.937502392E-03  6.562000141E-03  4.296986024E-01 
        53  4.062494729E-03 -4.062502179E-03  6.562000141E-03  3.950401671E-01 
        54  4.187494516E-03 -4.187502433E-03  6.562000141E-03  3.656053588E-01 
        55  4.312494770E-03 -4.312502220E-03  6.562000141E-03  3.532114416E-01 
        56  4.437494557E-03 -4.437502474E-03  6.562000141E-03  3.353451853E-01 
        57  4.562494811E-03 -4.562502261E-03  6.562000141E-03  3.055234430E-01 
        58  4.687494598E-03 -4.687502515E-03  6.562000141E-03  2.895243816E-01 
        59  4.812494852E-03 -4.812502302E-03  6.562000141E-03  2.861573823E-01 
        60  4.937494639E-03 -4.937502556E-03  6.562000141E-03  2.973853110E-01 
        61  5.062494893E-03 -5.062502343E-03  6.562000141E-03  3.132149613E-01 
        62  5.187494680E-03 -5.187502597E-03  6.562000141E-03  3.305135346E-01 
        63  5.312494934E-03 -5.312502384E-03  6.562000141E-03  3.706883334E-01 
        64  5.437494721E-03 -5.437502172E-03  6.562000141E-03  4.327350611E-01 
        65  5.562494509E-03 -5.562502425E-03  6.562000141E-03  5.026874326E-01 
        66  5.687494762E-03 -5.687502213E-03  6.562000141E-03  5.678702540E-01 
        67  5.812494550E-03 -5.812502466E-03  6.562000141E-03  6.346129139E-01 
        68  5.937494803E-03 -5.937502254E-03  6.562000141E-03  6.944601818E-01 
        69  6.062494591E-03 -6.062502507E-03  6.562000141E-03  7.194334527E-01 
        70  6.187494844E-03 -6.187502295E-03  6.562000141E-03  7.722903061E-01 
        71  6.312494632E-03 -6.312502548E-03  6.562000141E-03  8.256661092E-01 
        72  6.437494885E-03 -6.437502336E-03  6.562000141E-03  8.059152883E-01 
        73  6.562494673E-03 -6.562502589E-03  6.562000141E-03  5.873194850E-01 
        74  6.687494460E-03 -6.687502377E-03  6.562000141E-03  1.102228035E+00 
        75  6.812494714E-03 -6.812502630E-03  6.562000141E-03  1.600358258E+00 
        76  6.937494501E-03 -6.937502418E-03  6.562000141E-03  1.923271374E+00 
        77  7.062494755E-03 -7.062502205E-03  6.562000141E-03  2.109974576E+00 
        78  7.187494542E-03 -7.187502459E-03  6.562000141E-03  2.036516751E+00 
        79  7.312494796E-03 -7.312502246E-03  6.562000141E-03  1.956923991E+00 
        80  7.437494583E-03 -7.437502500E-03  6.562000141E-03  1.795176263E+00 
        81  7.562494837E-03 -7.562502287E-03  6.562000141E-03  1.718310861E+00 
        82  7.687494624E-03 -7.687502541E-03  6.562000141E-03  1.764222539E+00 
        83  7.812494412E-03 -7.812501863E-03  6.562000141E-03  1.830994679E+00 
        84  7.937494665E-03 -7.937502116E-03  6.562000141E-03  1.829936132E+00 
        85  8.062494919E-03 -8.062502369E-03  6.562000141E-03  1.824500868E+00 
        86  8.187494241E-03 -8.187502623E-03  6.562000141E-03  1.765878239E+00 
        87  8.312494494E-03 -8.312502876E-03  6.562000141E-03  1.742570245E+00 
        88  8.437494747E-03 -8.437502198E-03  6.562000141E-03  1.876412967E+00 
        89  8.562495001E-03 -8.562502451E-03  6.562000141E-03  2.154552963E+00 
        90  8.687494323E-03 -8.687502705E-03  6.562000141E-03  2.456120818E+00 
        91  8.812494576E-03 -8.812502958E-03  6.562000141E-03  2.666399058E+00 
        92  8.937494829E-03 -8.937502280E-03  6.562000141E-03  2.847393006E+00 
        93  9.062495083E-03 -9.062502533E-03  6.562000141E-03  3.046575046E+00 
        94  1.293749455E-02 -1.293750294E-02  6.562000141E-03  4.007748943E+00 
        95  1.306249481E-02 -1.306250226E-02  6.562000141E-03  4.008955869E+00 
        96  1.318749413E-02 -1.318750251E-02  6.562000141E-03  4.107245240E+00 
        97  1.331249438E-02 -1.331250276E-02  6.562000141E-03  4.231488773E+00 
        98  1.343749464E-02 -1.343750302E-02  6.562000141E-03  4.309745745E+00 
        99  1.356249489E-02 -1.356250234E-02  6.562000141E-03  4.339072840E+00 
       100  1.368749421E-02 -1.368750259E-02  6.562000141E-03  4.351038136E+00 
       101  1.381249446E-02 -1.381250285E-02  6.562000141E-03  4.377066981E+00 
       102  1.393749472E-02 -1.393750217E-02  6.562000141E-03  4.423702142E+00 
       103  1.406249497E-02 -1.406250242E-02  6.562000141E-03  4.472335392E+00 
       104  1.418749429E-02 -1.418750267E-02  6.562000141E-03  4.508626312E+00 
       105  1.431249455E-02 -1.431250293E-02  6.562000141E-03  4.536475089E+00 
       106  1.443749480E-02 -1.443750225E-02  6.562000141E-03  4.565629567E+00 
       107  1.456249412E-02 -1.456250250E-02  6.562000141E-03  4.602098908E+00 
       108  1.468749437E-02 -1.468750276E-02  6.562000141E-03  4.647473953E+00 
       109  1.481249463E-02 -1.481250301E-02  6.562000141E-03  4.701201012E+00 
       110  1.493749488E-02 -1.493750233E-02  6.562000141E-03  4.756828830E+00 
       111  1.506249420E-02 -1.506250259E-02  6.562000141E-03  4.808716790E+00 
       112  1.518749446E-02 -1.518750284E-02  6.562000141E-03  4.855803489E+00 
       113  1.531249471E-02 -1.531250309E-02  6.562000141E-03  4.899174754E+00 
       114  1.543749403E-02 -1.543750241E-02  6.562000141E-03  4.940235890E+00 
       115  1.556249429E-02 -1.556250267E-02  6.562000141E-03  4.981152150E+00 
       116  1.568749361E-02 -1.568750292E-02  6.562000141E-03  5.024223859E+00 
       117  1.581249386E-02 -1.581250317E-02  6.562000141E-03  5.072449889E+00 
       118  1.593749411E-02 -1.593750156E-02  6.562000141E-03  5.124402450E+00 
       119  1.606249437E-02 -1.606250182E-02  6.562000141E-03  5.176200963E+00 
       120  1.618749462E-02 -1.618750207E-02  6.562000141E-03  5.224104604E+00 
       121  1.631249487E-02 -1.631250232E-02  6.562000141E-03  5.264593065E+00 
       122  1.643749513E-02 -1.643750258E-02  6.562000141E-03  5.294182512E+00 
       123  1.281249430E-02 -1.281250268E-02  6.562000141E-03  4.040762891E+00 
       124  1.268749498E-02 -1.268750243E-02  6.562000141E-03  4.088566928E+00 
       125  1.256249472E-02 -1.256250218E-02  6.562000141E-03  4.110935038E+00 
       126  1.243749447E-02 -1.243750285E-02  6.562000141E-03  4.075412655E+00 
       127  1.231249422E-02 -1.231250260E-02  6.562000141E-03  4.019222001E+00 
       128  1.218749490E-02 -1.218750235E-02  6.562000141E-03  4.003275118E+00 
       129  1.206249464E-02 -1.206250302E-02  6.562000141E-03  3.965862718E+00 
       130  1.193749439E-02 -1.193750277E-02  6.562000141E-03  3.859868135E+00 
       131  1.181249414E-02 -1.181250252E-02  6.562000141E-03  3.682924076E+00 
       132  1.168749481E-02 -1.168750226E-02  6.562000141E-03  3.468609307E+00 
       133  1.156249456E-02 -1.156250294E-02  6.562000141E-03  3.281484097E+00 
       134  1.143749431E-02 -1.143750269E-02  6.562000141E-03  3.165960500E+00 
       135  1.131249499E-02 -1.131250244E-02  6.562000141E-03  3.135361245E+00 
       136  1.118749473E-02 -1.118750218E-02  6.562000141E-03  3.124045167E+00 
       137  1.106249448E-02 -1.106250286E-02  6.562000141E-03  3.122942849E+00 
       138  1.093749423E-02 -1.093750261E-02  6.562000141E-03  3.134332596E+00 
       139  1.081249490E-02 -1.081250235E-02  6.562000141E-03  3.178465663E+00 
       140  1.068749465E-02 -1.068750210E-02  6.562000141E-03  3.254869852E+00 
       141  1.056249440E-02 -1.056250278E-02  6.562000141E-03  3.349573906E+00 
       142  1.043749414E-02 -1.043750253E-02  6.562000141E-03  3.363923102E+00 
       143  1.031249482E-02 -1.031250227E-02  6.562000141E-03  3.285040563E+00 
       144  1.018749457E-02 -1.018750295E-02  6.562000141E-03  3.173893355E+00 
       145  1.006249432E-02 -1.006250270E-02  6.562000141E-03  3.047517585E+00 
       146  9.937494993E-03 -9.937502444E-03  6.562000141E-03  2.904118546E+00 
       147  9.812494740E-03 -9.812502190E-03  6.562000141E-03  2.754884146E+00 
       148  9.687494487E-03 -9.687502868E-03  6.562000141E-03  2.659410861E+00 
       149  9.562494233E-03 -9.562502615E-03  6.562000141E-03  2.662810315E+00 
       150  9.437494911E-03 -9.437502362E-03  6.562000141E-03  2.718580519E+00 
       151  9.312494658E-03 -9.312502109E-03  6.562000141E-03  2.824986690E+00 
       152  9.187494405E-03 -9.187502787E-03  6.562000141E-03  2.954827650E+00 
       153  2.121082321E-02 -2.121082321E-02  6.562000141E-03  1.403173763E-01 
       154  2.120567486E-02 -2.120567486E-02  6.562000141E-03  4.121905022E-01 
       155  2.119949646E-02 -2.119949646E-02  6.562000141E-03  7.301611544E-01 
       156  2.119208500E-02 -2.119208500E-02  6.562000141E-03  1.109420665E+00 
       157  2.118319459E-02 -2.118319459E-02  6.562000141E-03  1.570704926E+00 
       158  2.117252536E-02 -2.117252536E-02  6.562000606E-03  2.136754695E+00 
       159  2.115972899E-02 -2.115972899E-02  6.562000606E-03  2.817958748E+00 
       160  2.114437334E-02 -2.114437334E-02  6.562000606E-03  3.584316091E+00 
       161  2.112595551E-02 -2.112595551E-02  6.562000606E-03  4.324139208E+00 
       162  2.110386454E-02 -2.110386454E-02  6.562000606E-03  4.884710622E+00 
       163  2.107902244E-02 -2.107902244E-02  6.562000606E-03  5.218517115E+00 
       164  2.101956122E-02 -2.101956122E-02  6.562000606E-03  5.177771926E+00 
       165  2.093681321E-02 -2.093681321E-02  6.562000606E-03  4.963715640E+00 
       166  2.088592015E-02 -2.088592015E-02  6.562000141E-03  4.928585895E+00 
       167  2.081407420E-02 -2.081407420E-02  6.562000141E-03  4.958909472E+00 
       168  2.074207366E-02 -2.074207366E-02  6.562000141E-03  5.205482775E+00 
       169  2.067007311E-02 -2.067007311E-02  6.562000141E-03  5.609358689E+00 
       170  2.059807442E-02 -2.059807442E-02  6.562000141E-03  5.770083719E+00 
       171  2.052607387E-02 -2.052607387E-02  6.562000141E-03  5.738824531E+00 
       172  2.045407332E-02 -2.045407332E-02  6.562000141E-03  5.653288877E+00 
       173  2.038207278E-02 -2.038207278E-02  6.562000141E-03  5.510541498E+00 
       174  2.031007409E-02 -2.031007409E-02  6.562000141E-03  5.470715315E+00 
       175  2.023807354E-02 -2.023807354E-02  6.562000141E-03  5.345607705E+00 
       176  2.016607299E-02 -2.016607299E-02  6.562000141E-03  5.402770934E+00 
       177  2.009407431E-02 -2.009407431E-02  6.562000141E-03  5.375114837E+00 
       178  2.002207376E-02 -2.002207376E-02  6.562000141E-03  5.428607849E+00 
       179  1.995007321E-02 -1.995007321E-02  6.562000141E-03  5.316772163E+00 
       180  1.987807266E-02 -1.987807266E-02  6.562000141E-03  5.312987033E+00 
