cellnumber     x-coordinate     y-coordinate     z-coordinate velocity-magnitude 
         1  5.187494680E-03 -5.187502597E-03  6.562000141E-03  4.590586139E-01 
         2  5.062494893E-03 -5.062502343E-03  6.562000141E-03  3.775447084E-01 
         3  4.937494639E-03 -4.937502556E-03  6.562000141E-03  3.030362105E-01 
         4  4.812494852E-03 -4.812502302E-03  6.562000141E-03  2.934289480E-01 
         5  4.687494598E-03 -4.687502515E-03  6.562000141E-03  3.678468573E-01 
         6  4.562494811E-03 -4.562502261E-03  6.562000141E-03  4.425683640E-01 
         7  4.437494557E-03 -4.437502474E-03  6.562000141E-03  4.633243266E-01 
         8  4.312494770E-03 -4.312502220E-03  6.562000141E-03  4.487328990E-01 
         9  4.187494516E-03 -4.187502433E-03  6.562000141E-03  4.285760210E-01 
        10  4.062494729E-03 -4.062502179E-03  6.562000141E-03  4.104852090E-01 
        11  3.937494475E-03 -3.937502392E-03  6.562000141E-03  3.811604623E-01 
        12  3.812494688E-03 -3.812502371E-03  6.562000141E-03  3.485427340E-01 
        13  3.687494667E-03 -3.687502351E-03  6.562000141E-03  3.640580863E-01 
        14  1.581249386E-02 -1.581250317E-02  6.562000141E-03  5.255097695E+00 
        15  1.568749361E-02 -1.568750292E-02  6.562000141E-03  5.272113481E+00 
        16  1.556249429E-02 -1.556250267E-02  6.562000141E-03  5.388811889E+00 
        17  1.543749403E-02 -1.543750241E-02  6.562000141E-03  5.219180150E+00 
        18  1.531249471E-02 -1.531250309E-02  6.562000141E-03  5.068493837E+00 
        19  1.518749446E-02 -1.518750284E-02  6.562000141E-03  5.033078297E+00 
        20  1.506249420E-02 -1.506250259E-02  6.562000141E-03  5.018108477E+00 
        21  1.493749395E-02 -1.493750233E-02  6.562000141E-03  4.993253994E+00 
        22  1.481249463E-02 -1.481250301E-02  6.562000141E-03  4.950077326E+00 
        23  1.468749437E-02 -1.468750276E-02  6.562000141E-03  4.892543601E+00 
        24  1.456249412E-02 -1.456250250E-02  6.562000141E-03  4.832610123E+00 
        25  1.443749480E-02 -1.443750318E-02  6.562000141E-03  4.778796075E+00 
        26  1.431249455E-02 -1.431250293E-02  6.562000141E-03  4.731413577E+00 
        27  1.418749429E-02 -1.418750267E-02  6.562000141E-03  4.685342941E+00 
        28  1.406249404E-02 -1.406250242E-02  6.562000141E-03  4.634134409E+00 
        29  1.393749472E-02 -1.393750310E-02  6.562000141E-03  4.569650912E+00 
        30  1.381249446E-02 -1.381250285E-02  6.562000141E-03  4.489070711E+00 
        31  1.368749421E-02 -1.368750259E-02  6.562000141E-03  4.398853190E+00 
        32  1.356249489E-02 -1.356250234E-02  6.562000141E-03  4.311263760E+00 
        33  1.343749464E-02 -1.343750302E-02  6.562000141E-03  4.238742037E+00 
        34  1.331249438E-02 -1.331250276E-02  6.562000141E-03  4.190128271E+00 
        35  1.318749413E-02 -1.318750251E-02  6.562000141E-03  4.158469432E+00 
        36  1.306249481E-02 -1.306250226E-02  6.562000141E-03  4.135582945E+00 
        37  1.293749455E-02 -1.293750294E-02  6.562000141E-03  4.104679550E+00 
        38  1.281249430E-02 -1.281250268E-02  6.562000141E-03  4.053116577E+00 
        39  1.268749405E-02 -1.268750243E-02  6.562000141E-03  3.981103384E+00 
        40  1.256249472E-02 -1.256250311E-02  6.562000141E-03  3.901845219E+00 
        41  1.243749447E-02 -1.243750285E-02  6.562000141E-03  3.839180990E+00 
        42  1.231249422E-02 -1.231250260E-02  6.562000141E-03  3.813805933E+00 
        43  1.218749490E-02 -1.218750235E-02  6.562000141E-03  3.801936335E+00 
        44  1.206249464E-02 -1.206250302E-02  6.562000141E-03  3.782051956E+00 
        45  1.193749439E-02 -1.193750277E-02  6.562000141E-03  3.746159967E+00 
        46  1.181249414E-02 -1.181250252E-02  6.562000141E-03  3.710794998E+00 
        47  1.168749481E-02 -1.168750226E-02  6.562000141E-03  3.687605959E+00 
        48  1.156249456E-02 -1.156250294E-02  6.562000141E-03  3.671153356E+00 
        49  1.143749431E-02 -1.143750269E-02  6.562000141E-03  3.652075565E+00 
        50  1.131249405E-02 -1.131250244E-02  6.562000141E-03  3.630840447E+00 
        51  1.118749473E-02 -1.118750218E-02  6.562000141E-03  3.610216588E+00 
        52  1.106249448E-02 -1.106250286E-02  6.562000141E-03  3.585220771E+00 
        53  1.093749423E-02 -1.093750261E-02  6.562000141E-03  3.552856656E+00 
        54  1.081249490E-02 -1.081250235E-02  6.562000141E-03  3.506246422E+00 
        55  1.068749465E-02 -1.068750303E-02  6.562000141E-03  3.439662225E+00 
        56  1.056249440E-02 -1.056250278E-02  6.562000141E-03  3.349500552E+00 
        57  1.043749414E-02 -1.043750253E-02  6.562000141E-03  3.240322702E+00 
        58  1.031249482E-02 -1.031250227E-02  6.562000141E-03  3.137693124E+00 
        59  1.018749457E-02 -1.018750295E-02  6.562000141E-03  3.100982705E+00 
        60  1.006249432E-02 -1.006250270E-02  6.562000141E-03  3.118754054E+00 
        61  9.937494993E-03 -9.937502444E-03  6.562000141E-03  3.135726025E+00 
        62  9.812494740E-03 -9.812502190E-03  6.562000141E-03  3.102259798E+00 
        63  9.687494487E-03 -9.687502868E-03  6.562000141E-03  2.908493137E+00 
        64  9.562494233E-03 -9.562502615E-03  6.562000141E-03  2.713614593E+00 
        65  9.437494911E-03 -9.437502362E-03  6.562000141E-03  2.743559319E+00 
        66  9.312494658E-03 -9.312502109E-03  6.562000141E-03  2.762568899E+00 
        67  9.187494405E-03 -9.187502787E-03  6.562000141E-03  2.722528368E+00 
        68  9.062494151E-03 -9.062502533E-03  6.562000141E-03  2.624449412E+00 
        69  8.937494829E-03 -8.937502280E-03  6.562000141E-03  2.528607422E+00 
        70  8.812494576E-03 -8.812502958E-03  6.562000141E-03  2.520448329E+00 
        71  8.687494323E-03 -8.687502705E-03  6.562000141E-03  2.593432447E+00 
        72  8.562495001E-03 -8.562502451E-03  6.562000141E-03  2.651479856E+00 
        73  1.593749411E-02 -1.593750343E-02  6.562000141E-03  5.312280614E+00 
        74  1.606249437E-02 -1.606250182E-02  6.562000141E-03  5.358494259E+00 
        75  1.618749462E-02 -1.618750207E-02  6.562000141E-03  5.313728570E+00 
        76  1.631249487E-02 -1.631250232E-02  6.562000141E-03  5.231787253E+00 
        77  1.643749326E-02 -1.643750258E-02  6.562000141E-03  5.269740842E+00 
        78  1.656249352E-02 -1.656250283E-02  6.562000141E-03  5.435119500E+00 
        79  1.668749377E-02 -1.668750308E-02  6.562000141E-03  5.641479759E+00 
        80  1.681249402E-02 -1.681250334E-02  6.562000141E-03  5.780108933E+00 
        81  1.693749428E-02 -1.693750173E-02  6.562000141E-03  5.826259636E+00 
        82  1.706249453E-02 -1.706250198E-02  6.562000141E-03  5.962995415E+00 
        83  1.718749478E-02 -1.718750224E-02  6.562000141E-03  6.034185480E+00 
        84  1.731249318E-02 -1.731250249E-02  6.562000141E-03  5.629597472E+00 
        85  1.743749343E-02 -1.743750274E-02  6.562000141E-03  5.200728489E+00 
        86  1.756249368E-02 -1.756250300E-02  6.562000141E-03  5.045685711E+00 
        87  1.768749394E-02 -1.768750325E-02  6.562000141E-03  5.120610801E+00 
        88  1.781249419E-02 -1.781250350E-02  6.562000141E-03  5.115187307E+00 
        89  1.793749444E-02 -1.793750189E-02  6.562000141E-03  5.046287912E+00 
        90  1.806249470E-02 -1.806250215E-02  6.562000141E-03  4.979633493E+00 
        91  1.818749495E-02 -1.818750240E-02  6.562000141E-03  4.941585998E+00 
        92  1.831249334E-02 -1.831250265E-02  6.562000141E-03  5.007173878E+00 
        93  1.843749359E-02 -1.843750291E-02  6.562000141E-03  5.122120744E+00 
        94  1.856249385E-02 -1.856250316E-02  6.562000141E-03  5.180657532E+00 
        95  1.868749410E-02 -1.868750341E-02  6.562000141E-03  5.032918071E+00 
        96  1.880222000E-02 -1.880222373E-02  6.562000141E-03  4.850565079E+00 
        97  1.889957115E-02 -1.889957115E-02  6.562000606E-03  4.828148664E+00 
        98  1.895638742E-02 -1.895638742E-02  6.562000606E-03  4.813834022E+00 
        99  1.995007321E-02 -1.995007321E-02  6.562000141E-03  4.334542407E+00 
       100  1.987807266E-02 -1.987807266E-02  6.562000141E-03  4.359296426E+00 
       101  1.980607398E-02 -1.980607398E-02  6.562000141E-03  4.254879008E+00 
       102  1.973407343E-02 -1.973407343E-02  6.562000141E-03  4.274378833E+00 
       103  1.966207288E-02 -1.966207288E-02  6.562000141E-03  4.269856760E+00 
       104  1.959007233E-02 -1.959007233E-02  6.562000141E-03  4.324248483E+00 
       105  1.951807365E-02 -1.951807365E-02  6.562000141E-03  4.340474563E+00 
       106  1.944607310E-02 -1.944607310E-02  6.562000141E-03  4.469414483E+00 
       107  1.937407255E-02 -1.937407255E-02  6.562000141E-03  4.539248428E+00 
       108  1.930207387E-02 -1.930207387E-02  6.562000141E-03  4.794619478E+00 
       109  1.923859492E-02 -1.923859492E-02  6.562000141E-03  4.837511704E+00 
       110  1.914011873E-02 -1.914011873E-02  6.562000141E-03  4.874796902E+00 
       111  1.905349456E-02 -1.905349456E-02  6.562000606E-03  5.052074342E+00 
       112  1.899245940E-02 -1.899245940E-02  6.562000606E-03  4.931028263E+00 
       113  2.830386627E-03 -2.830386627E-03  6.562000606E-03  1.055214126E+00 
       114  2.835483057E-03 -2.835483057E-03  6.562001072E-03  1.071113165E+00 
       115  2.841603942E-03 -2.841604175E-03  6.562000141E-03  1.086859929E+00 
       116  2.848957200E-03 -2.848957200E-03  6.562000141E-03  1.101208312E+00 
       117  2.857792191E-03 -2.857792191E-03  6.562000606E-03  1.112432663E+00 
       118  2.868410433E-03 -2.868410433E-03  6.562000141E-03  1.118186934E+00 
       119  2.881176071E-03 -2.881176071E-03  6.562000606E-03  1.115962122E+00 
       120  2.896528924E-03 -2.896528924E-03  6.562000141E-03  1.102722988E+00 
       121  2.915001474E-03 -2.915001474E-03  6.562000141E-03  1.078791405E+00 
       122  2.937239595E-03 -2.937239595E-03  6.561999675E-03  1.041795687E+00 
       123  2.974424278E-03 -2.974424278E-03  6.562000141E-03  9.979485907E-01 
       124  3.062227275E-03 -3.062231001E-03  6.562000141E-03  9.283018003E-01 
       125  3.187494585E-03 -3.187502269E-03  6.562000141E-03  8.848448944E-01 
       126  3.312494606E-03 -3.312502289E-03  6.562000141E-03  7.640743804E-01 
       127  3.437494626E-03 -3.437502310E-03  6.562000141E-03  6.033038223E-01 
       128  3.562494647E-03 -3.562502330E-03  6.562000141E-03  4.538034350E-01 
       129  8.437494747E-03 -8.437502198E-03  6.562000141E-03  2.638215951E+00 
       130  8.312494494E-03 -8.312502876E-03  6.562000141E-03  2.507600042E+00 
       131  8.187494241E-03 -8.187502623E-03  6.562000141E-03  2.340728655E+00 
       132  8.062494919E-03 -8.062502369E-03  6.562000141E-03  2.215583680E+00 
       133  7.937494665E-03 -7.937502116E-03  6.562000141E-03  2.173297376E+00 
       134  7.812494412E-03 -7.812501863E-03  6.562000141E-03  2.207255234E+00 
       135  7.687494624E-03 -7.687502541E-03  6.562000141E-03  2.222987610E+00 
       136  7.562494371E-03 -7.562502287E-03  6.562000141E-03  2.189216253E+00 
       137  7.437494583E-03 -7.437502500E-03  6.562000141E-03  2.144416723E+00 
       138  7.312494796E-03 -7.312502712E-03  6.562000141E-03  2.032774129E+00 
       139  7.187494542E-03 -7.187502459E-03  6.562000141E-03  1.825752569E+00 
       140  7.062494755E-03 -7.062502671E-03  6.562000141E-03  1.590860072E+00 
       141  6.937494501E-03 -6.937502418E-03  6.562000141E-03  1.399240693E+00 
       142  6.812494714E-03 -6.812502630E-03  6.562000141E-03  4.111646465E-01 
       143  6.687494460E-03 -6.687502377E-03  6.562000141E-03  4.582137746E-01 
       144  6.562494673E-03 -6.562502589E-03  6.562000141E-03  6.840893216E-01 
       145  6.437494420E-03 -6.437502336E-03  6.562000141E-03  8.071899414E-01 
       146  6.312494632E-03 -6.312502548E-03  6.562000141E-03  8.975136606E-01 
       147  6.187494844E-03 -6.187502295E-03  6.562000141E-03  8.812051304E-01 
       148  6.062494591E-03 -6.062502507E-03  6.562000141E-03  7.642404587E-01 
       149  5.937494803E-03 -5.937502254E-03  6.562000141E-03  7.166554232E-01 
       150  5.812494550E-03 -5.812502466E-03  6.562000141E-03  7.032448085E-01 
       151  5.687494762E-03 -5.687502678E-03  6.562000141E-03  6.799729413E-01 
       152  5.562494509E-03 -5.562502425E-03  6.562000141E-03  6.405507960E-01 
       153  5.437494721E-03 -5.437502638E-03  6.562000141E-03  5.984679753E-01 
       154  5.312494468E-03 -5.312502384E-03  6.562000141E-03  5.333776932E-01 
       155  2.121082321E-02 -2.121082321E-02  6.562000141E-03  1.125819333E-01 
       156  2.120567486E-02 -2.120567486E-02  6.562000141E-03  3.297842299E-01 
       157  2.119949646E-02 -2.119949646E-02  6.562000141E-03  5.753363462E-01 
       158  2.119208500E-02 -2.119208500E-02  6.562000141E-03  8.465720347E-01 
       159  2.118319459E-02 -2.118319459E-02  6.562000141E-03  1.135265165E+00 
       160  2.117252536E-02 -2.117252536E-02  6.562000606E-03  1.422924082E+00 
       161  2.115972899E-02 -2.115972899E-02  6.562000606E-03  1.702757603E+00 
       162  2.114437334E-02 -2.114437334E-02  6.562000141E-03  1.990605780E+00 
       163  2.112595551E-02 -2.112595551E-02  6.562000606E-03  2.344891302E+00 
       164  2.110386454E-02 -2.110386454E-02  6.562000606E-03  2.797668925E+00 
       165  2.107902244E-02 -2.107902244E-02  6.562000606E-03  3.781429711E+00 
       166  2.101956122E-02 -2.101956122E-02  6.562000606E-03  5.103894321E+00 
       167  2.093681321E-02 -2.093681321E-02  6.562000606E-03  5.412559484E+00 
       168  2.088592015E-02 -2.088592015E-02  6.562000141E-03  5.357495021E+00 
       169  2.081407420E-02 -2.081407420E-02  6.562000141E-03  5.260877155E+00 
       170  2.074207366E-02 -2.074207366E-02  6.562000141E-03  5.346189803E+00 
       171  2.067007311E-02 -2.067007311E-02  6.562000141E-03  5.452635310E+00 
       172  2.059807256E-02 -2.059807256E-02  6.562000141E-03  5.600175887E+00 
       173  2.052607387E-02 -2.052607387E-02  6.562000141E-03  5.406625627E+00 
       174  2.045407332E-02 -2.045407332E-02  6.562000141E-03  4.858250581E+00 
       175  2.038207278E-02 -2.038207278E-02  6.562000141E-03  4.520545111E+00 
       176  2.031007409E-02 -2.031007409E-02  6.562000141E-03  4.276190425E+00 
       177  2.023807354E-02 -2.023807354E-02  6.562000141E-03  4.170667870E+00 
       178  2.016607299E-02 -2.016607299E-02  6.562000141E-03  4.187355553E+00 
       179  2.009407245E-02 -2.009407245E-02  6.562000141E-03  4.195118552E+00 
       180  2.002207376E-02 -2.002207376E-02  6.562000141E-03  4.333144719E+00 
