cellnumber     x-coordinate     y-coordinate     z-coordinate velocity-magnitude 
         1  1.895486377E-02 -1.895486377E-02  6.562000141E-03  5.065712790E+00 
         2  1.889867149E-02 -1.889867149E-02  6.562000141E-03  5.127425566E+00 
         3  1.880285516E-02 -1.880285144E-02  6.562000141E-03  5.290222368E+00 
         4  1.868750528E-02 -1.868749782E-02  6.562000141E-03  5.553152045E+00 
         5  1.856250502E-02 -1.856249757E-02  6.562000141E-03  5.485004937E+00 
         6  1.899245940E-02 -1.899245940E-02  6.562000606E-03  5.029218206E+00 
         7  1.905349456E-02 -1.905349456E-02  6.562000606E-03  4.920270708E+00 
         8  1.914011873E-02 -1.914011873E-02  6.562000141E-03  5.088527932E+00 
         9  1.923859492E-02 -1.923859492E-02  6.562000141E-03  5.130518959E+00 
        10  1.930207387E-02 -1.930207387E-02  6.562000141E-03  5.079817350E+00 
        11  1.937407255E-02 -1.937407255E-02  6.562000141E-03  5.025199073E+00 
        12  1.944607310E-02 -1.944607310E-02  6.562000141E-03  4.903224929E+00 
        13  1.951807365E-02 -1.951807365E-02  6.562000141E-03  4.767173539E+00 
        14  1.959007420E-02 -1.959007420E-02  6.562000141E-03  4.732373160E+00 
        15  1.966207288E-02 -1.966207288E-02  6.562000141E-03  4.675501968E+00 
        16  1.973407343E-02 -1.973407343E-02  6.562000141E-03  4.636959633E+00 
        17  1.980607398E-02 -1.980607398E-02  6.562000141E-03  4.605350218E+00 
        18  1.987807266E-02 -1.987807266E-02  6.562000141E-03  4.530731564E+00 
        19  1.995007321E-02 -1.995007321E-02  6.562000141E-03  4.509086289E+00 
        20  2.002207376E-02 -2.002207376E-02  6.562000141E-03  4.460244442E+00 
        21  2.009407431E-02 -2.009407431E-02  6.562000141E-03  4.522905915E+00 
        22  2.016607299E-02 -2.016607299E-02  6.562000141E-03  4.540788135E+00 
        23  2.023807354E-02 -2.023807354E-02  6.562000141E-03  4.655949994E+00 
        24  2.031007409E-02 -2.031007409E-02  6.562000141E-03  4.648490265E+00 
        25  2.038207278E-02 -2.038207278E-02  6.562000141E-03  4.741494647E+00 
        26  2.045407332E-02 -2.045407332E-02  6.562000141E-03  4.733365245E+00 
        27  2.052607387E-02 -2.052607387E-02  6.562000141E-03  4.781987423E+00 
        28  2.059807256E-02 -2.059807256E-02  6.562000141E-03  4.706857867E+00 
        29  2.067007311E-02 -2.067007311E-02  6.562000141E-03  4.634617010E+00 
        30  2.074207366E-02 -2.074207366E-02  6.562000141E-03  4.570930200E+00 
        31  2.081407234E-02 -2.081407234E-02  6.562000141E-03  4.461551590E+00 
        32  2.088592015E-02 -2.088592015E-02  6.562000141E-03  4.515892500E+00 
        33  2.093681321E-02 -2.093681321E-02  6.562000141E-03  4.790217685E+00 
        34  2.101955935E-02 -2.101955935E-02  6.562000141E-03  5.135249944E+00 
        35  2.107902244E-02 -2.107902244E-02  6.562000606E-03  5.208622272E+00 
        36  2.110386454E-02 -2.110386454E-02  6.562000606E-03  4.900946754E+00 
        37  2.112595551E-02 -2.112595551E-02  6.562000606E-03  4.406691252E+00 
        38  2.114437334E-02 -2.114437334E-02  6.562000606E-03  3.792680916E+00 
        39  2.115972713E-02 -2.115972713E-02  6.562000606E-03  3.118045869E+00 
        40  2.117252536E-02 -2.117252536E-02  6.562000141E-03  2.455780422E+00 
        41  2.118319459E-02 -2.118319459E-02  6.562000141E-03  1.851116034E+00 
        42  2.119208500E-02 -2.119208500E-02  6.562000141E-03  1.321845104E+00 
        43  2.119949646E-02 -2.119949646E-02  6.562000141E-03  8.691193743E-01 
        44  2.120567486E-02 -2.120567486E-02  6.562000141E-03  4.856363050E-01 
        45  2.121082321E-02 -2.121082321E-02  6.562000141E-03  1.620294004E-01 
        46  1.493750513E-02 -1.493749861E-02  6.562000141E-03  5.089279695E+00 
        47  1.481250487E-02 -1.481249835E-02  6.562000141E-03  5.030406883E+00 
        48  1.468750462E-02 -1.468749810E-02  6.562000141E-03  4.969030763E+00 
        49  1.456250530E-02 -1.456249878E-02  6.562000141E-03  4.908939510E+00 
        50  1.443750504E-02 -1.443749852E-02  6.562000141E-03  4.851441177E+00 
        51  1.431250479E-02 -1.431249827E-02  6.562000141E-03  4.794991920E+00 
        52  1.418750547E-02 -1.418749802E-02  6.562000141E-03  4.734192652E+00 
        53  1.406250522E-02 -1.406249870E-02  6.562000141E-03  4.667439303E+00 
        54  1.393750496E-02 -1.393749844E-02  6.562000141E-03  4.599363567E+00 
        55  1.381250471E-02 -1.381249819E-02  6.562000141E-03  4.531108998E+00 
        56  1.368750539E-02 -1.368749794E-02  6.562000141E-03  4.464524497E+00 
        57  1.356250513E-02 -1.356249861E-02  6.562000141E-03  4.400238811E+00 
        58  1.343750488E-02 -1.343749836E-02  6.562000141E-03  4.340813093E+00 
        59  1.331250463E-02 -1.331249811E-02  6.562000141E-03  4.287267481E+00 
        60  1.318750530E-02 -1.318749785E-02  6.562000141E-03  4.238941695E+00 
        61  1.306250505E-02 -1.306249853E-02  6.562000141E-03  4.194621920E+00 
        62  1.293750480E-02 -1.293749828E-02  6.562000141E-03  4.154888236E+00 
        63  1.281250548E-02 -1.281249803E-02  6.562000141E-03  4.119832610E+00 
        64  1.268750522E-02 -1.268749870E-02  6.562000141E-03  4.090573801E+00 
        65  1.256250497E-02 -1.256249845E-02  6.562000141E-03  4.074114825E+00 
        66  1.243750472E-02 -1.243749820E-02  6.562000141E-03  4.074424793E+00 
        67  1.231250539E-02 -1.231249794E-02  6.562000141E-03  4.061419206E+00 
        68  1.218750514E-02 -1.218749862E-02  6.562000141E-03  3.942761905E+00 
        69  1.206250489E-02 -1.206249837E-02  6.562000141E-03  3.818058345E+00 
        70  1.193750463E-02 -1.193749812E-02  6.562000141E-03  3.778366078E+00 
        71  1.843750477E-02 -1.843749732E-02  6.562000141E-03  5.485461438E+00 
        72  1.831250452E-02 -1.831249893E-02  6.562000141E-03  5.392019014E+00 
        73  1.818750426E-02 -1.818749867E-02  6.562000141E-03  5.467345833E+00 
        74  1.806250401E-02 -1.806249842E-02  6.562000141E-03  5.607748145E+00 
        75  1.793750376E-02 -1.793749817E-02  6.562000141E-03  5.784160047E+00 
        76  1.781250536E-02 -1.781249791E-02  6.562000141E-03  5.624087074E+00 
        77  1.768750511E-02 -1.768749766E-02  6.562000141E-03  5.475032665E+00 
        78  1.756250486E-02 -1.756249741E-02  6.562000141E-03  5.311439001E+00 
        79  1.743750460E-02 -1.743749902E-02  6.562000141E-03  5.225836569E+00 
        80  1.731250435E-02 -1.731249876E-02  6.562000141E-03  5.375174180E+00 
        81  1.718750410E-02 -1.718749851E-02  6.562000141E-03  5.688427950E+00 
        82  1.706250384E-02 -1.706249826E-02  6.562000141E-03  5.805366223E+00 
        83  1.693750545E-02 -1.693749800E-02  6.562000141E-03  5.812296364E+00 
        84  1.681250520E-02 -1.681249775E-02  6.562000141E-03  5.821516207E+00 
        85  1.668750495E-02 -1.668749750E-02  6.562000141E-03  5.982274140E+00 
        86  1.656250469E-02 -1.656249724E-02  6.562000141E-03  6.084949323E+00 
        87  1.643750444E-02 -1.643749885E-02  6.562000141E-03  6.008297981E+00 
        88  1.631250419E-02 -1.631249860E-02  6.562000141E-03  5.812763860E+00 
        89  1.618750393E-02 -1.618749835E-02  6.562000141E-03  5.568176693E+00 
        90  1.606250554E-02 -1.606249809E-02  6.562000141E-03  5.449261140E+00 
        91  1.593750529E-02 -1.593749784E-02  6.562000141E-03  5.375318775E+00 
        92  1.581250504E-02 -1.581249759E-02  6.562000141E-03  5.342499561E+00 
        93  1.568750478E-02 -1.568749733E-02  6.562000141E-03  5.315585961E+00 
        94  1.556250453E-02 -1.556249801E-02  6.562000141E-03  5.293063788E+00 
        95  1.543750521E-02 -1.543749869E-02  6.562000141E-03  5.265882324E+00 
        96  1.531250495E-02 -1.531249844E-02  6.562000141E-03  5.232518661E+00 
        97  1.518750470E-02 -1.518749818E-02  6.562000141E-03  5.191679288E+00 
        98  1.506250538E-02 -1.506249793E-02  6.562000141E-03  5.143717735E+00 
        99  9.687504731E-03 -9.687498212E-03  6.562000141E-03  2.900570732E+00 
       100  9.812504984E-03 -9.812498465E-03  6.562000141E-03  2.813077019E+00 
       101  9.937505238E-03 -9.937497787E-03  6.562000141E-03  2.790078478E+00 
       102  1.006250549E-02 -1.006249804E-02  6.562000141E-03  2.884377247E+00 
       103  1.018750481E-02 -1.018749829E-02  6.562000141E-03  3.004439558E+00 
       104  1.031250507E-02 -1.031249855E-02  6.562000141E-03  3.128095364E+00 
       105  1.043750532E-02 -1.043749787E-02  6.562000141E-03  3.191610215E+00 
       106  1.056250557E-02 -1.056249812E-02  6.562000141E-03  3.155940944E+00 
       107  1.068750490E-02 -1.068749838E-02  6.562000141E-03  3.091553826E+00 
       108  1.081250515E-02 -1.081249863E-02  6.562000141E-03  3.105600062E+00 
       109  1.093750540E-02 -1.093749795E-02  6.562000141E-03  3.201427944E+00 
       110  1.106250472E-02 -1.106249820E-02  6.562000141E-03  3.271374412E+00 
       111  1.118750498E-02 -1.118749846E-02  6.562000141E-03  3.316704044E+00 
       112  1.131250523E-02 -1.131249871E-02  6.562000141E-03  3.384845615E+00 
       113  1.143750548E-02 -1.143749803E-02  6.562000141E-03  3.441488511E+00 
       114  1.156250481E-02 -1.156249829E-02  6.562000141E-03  3.497214550E+00 
       115  1.168750506E-02 -1.168749854E-02  6.562000141E-03  3.584548503E+00 
       116  1.181250531E-02 -1.181249786E-02  6.562000141E-03  3.694080922E+00 
       117  4.687505309E-03 -4.687497858E-03  6.562000141E-03  7.925267719E-01 
       118  4.812505096E-03 -4.812498111E-03  6.562000141E-03  8.354124378E-01 
       119  4.937505350E-03 -4.937497899E-03  6.562000141E-03  8.779632915E-01 
       120  5.062505137E-03 -5.062498152E-03  6.562000141E-03  9.100368847E-01 
       121  5.187505390E-03 -5.187497940E-03  6.562000141E-03  9.359741190E-01 
       122  5.312505178E-03 -5.312498193E-03  6.562000141E-03  9.336884111E-01 
       123  5.437505431E-03 -5.437497981E-03  6.562000141E-03  9.050839635E-01 
       124  5.562505219E-03 -5.562498234E-03  6.562000141E-03  8.724936315E-01 
       125  5.687505007E-03 -5.687498022E-03  6.562000141E-03  8.195802149E-01 
       126  5.812505260E-03 -5.812498275E-03  6.562000141E-03  7.257289653E-01 
       127  5.937505048E-03 -5.937498063E-03  6.562000141E-03  6.223000576E-01 
       128  6.062505301E-03 -6.062498316E-03  6.562000141E-03  5.686422869E-01 
       129  6.187505089E-03 -6.187498104E-03  6.562000141E-03  5.565521580E-01 
       130  6.312505342E-03 -6.312497891E-03  6.562000141E-03  5.729532370E-01 
       131  6.437505130E-03 -6.437498145E-03  6.562000141E-03  6.259826163E-01 
       132  6.562505383E-03 -6.562497932E-03  6.562000141E-03  6.817859136E-01 
       133  6.687505171E-03 -6.687498186E-03  6.562000141E-03  6.974725202E-01 
       134  6.812505424E-03 -6.812497973E-03  6.562000141E-03  6.630827993E-01 
       135  6.937505212E-03 -6.937498227E-03  6.562000141E-03  5.652599911E-01 
       136  7.062504999E-03 -7.062498014E-03  6.562000141E-03  4.628970204E-01 
       137  7.187505253E-03 -7.187498268E-03  6.562000141E-03  6.190914984E-01 
       138  7.312505040E-03 -7.312498055E-03  6.562000141E-03  9.475168780E-01 
       139  7.437505294E-03 -7.437498309E-03  6.562000141E-03  1.231346172E+00 
       140  7.562505081E-03 -7.562498096E-03  6.562000141E-03  1.545387047E+00 
       141  7.687505335E-03 -7.687498350E-03  6.562000141E-03  1.785404640E+00 
       142  7.812504657E-03 -7.812498137E-03  6.562000141E-03  2.007524307E+00 
       143  7.937504910E-03 -7.937498391E-03  6.562000141E-03  2.182388115E+00 
       144  8.062505163E-03 -8.062497713E-03  6.562000141E-03  2.272622084E+00 
       145  8.187505417E-03 -8.187497966E-03  6.562000141E-03  2.273949589E+00 
       146  8.312504739E-03 -8.312498219E-03  6.562000141E-03  2.217671853E+00 
       147  8.437504992E-03 -8.437498473E-03  6.562000141E-03  2.385706401E+00 
       148  8.562505245E-03 -8.562497795E-03  6.562000141E-03  2.832939692E+00 
       149  8.687505499E-03 -8.687498048E-03  6.562000141E-03  2.883333734E+00 
       150  8.812504821E-03 -8.812498301E-03  6.562000141E-03  2.783512402E+00 
       151  8.937505074E-03 -8.937498555E-03  6.562000141E-03  2.580333544E+00 
       152  9.062505327E-03 -9.062497877E-03  6.562000141E-03  2.517564902E+00 
       153  9.187505580E-03 -9.187498130E-03  6.562000141E-03  2.624754710E+00 
       154  9.312504902E-03 -9.312498383E-03  6.562000141E-03  2.815003330E+00 
       155  9.437505156E-03 -9.437498637E-03  6.562000141E-03  2.923043825E+00 
       156  9.562505409E-03 -9.562497959E-03  6.562000141E-03  2.937496187E+00 
       157  2.830355195E-03 -2.830355195E-03  6.562000141E-03  1.050579890E+00 
       158  2.835455118E-03 -2.835455118E-03  6.562000606E-03  1.059276675E+00 
       159  2.841580659E-03 -2.841580659E-03  6.562000606E-03  1.069151951E+00 
       160  2.848939039E-03 -2.848939039E-03  6.562000141E-03  1.080119557E+00 
       161  2.857780783E-03 -2.857780783E-03  6.562000141E-03  1.091902059E+00 
       162  2.868407173E-03 -2.868407173E-03  6.562000141E-03  1.103786573E+00 
       163  2.881182823E-03 -2.881182823E-03  6.562000141E-03  1.114302427E+00 
       164  2.896548249E-03 -2.896548249E-03  6.562000606E-03  1.120746957E+00 
       165  2.915035933E-03 -2.915035933E-03  6.562000606E-03  1.119033803E+00 
       166  2.937293379E-03 -2.937293379E-03  6.562000606E-03  1.102908472E+00 
       167  2.975319512E-03 -2.975319512E-03  6.562000606E-03  1.055090843E+00 
       168  3.059382550E-03 -3.059382550E-03  6.562000141E-03  8.940756877E-01 
       169  3.123705974E-03 -3.123705974E-03  6.562000141E-03  8.399298606E-01 
       170  3.189919051E-03 -3.189915325E-03  6.562000141E-03  7.746396224E-01 
       171  3.312505083E-03 -3.312497865E-03  6.562000141E-03  7.596362078E-01 
       172  3.437505104E-03 -3.437497886E-03  6.562000141E-03  7.674652534E-01 
       173  3.562505124E-03 -3.562497906E-03  6.562000141E-03  7.597111774E-01 
       174  3.687505145E-03 -3.687497927E-03  6.562000141E-03  7.358620814E-01 
       175  3.812505165E-03 -3.812497947E-03  6.562000141E-03  6.964581964E-01 
       176  3.937505186E-03 -3.937497735E-03  6.562000141E-03  6.547429946E-01 
       177  4.062505439E-03 -4.062497988E-03  6.562000141E-03  6.324136920E-01 
       178  4.187505227E-03 -4.187498242E-03  6.562000141E-03  6.337510964E-01 
       179  4.312505480E-03 -4.312498029E-03  6.562000141E-03  6.512207450E-01 
       180  4.437505268E-03 -4.437498283E-03  6.562000141E-03  6.904939910E-01 
       181  4.562505055E-03 -4.562498070E-03  6.562000141E-03  7.423863814E-01 
