cellnumber     x-coordinate     y-coordinate     z-coordinate velocity-magnitude 
         1  1.206250209E-02 -1.206250582E-02  6.562000141E-03  3.817564261E+00 
         2  1.193750184E-02 -1.193750557E-02  6.562000141E-03  3.702820757E+00 
         3  1.181250159E-02 -1.181250624E-02  6.562000141E-03  3.626012635E+00 
         4  1.168750226E-02 -1.168750599E-02  6.562000141E-03  3.571064347E+00 
         5  1.156250201E-02 -1.156250574E-02  6.562000141E-03  3.542773076E+00 
         6  1.143750176E-02 -1.143750548E-02  6.562000141E-03  3.501018632E+00 
         7  1.131250151E-02 -1.131250616E-02  6.562000141E-03  3.448128484E+00 
         8  1.118750218E-02 -1.118750591E-02  6.562000141E-03  3.427969958E+00 
         9  1.106250193E-02 -1.106250565E-02  6.562000141E-03  3.416506481E+00 
        10  1.093750168E-02 -1.093750540E-02  6.562000141E-03  3.381967838E+00 
        11  1.656250097E-02 -1.656250656E-02  6.562000141E-03  5.635606415E+00 
        12  1.643750072E-02 -1.643750630E-02  6.562000141E-03  5.682587918E+00 
        13  1.631250046E-02 -1.631250605E-02  6.562000141E-03  5.724765930E+00 
        14  1.618750207E-02 -1.618750580E-02  6.562000141E-03  5.604755999E+00 
        15  1.606250182E-02 -1.606250554E-02  6.562000141E-03  5.320565162E+00 
        16  1.593750156E-02 -1.593750529E-02  6.562000141E-03  5.265327079E+00 
        17  1.581250131E-02 -1.581250504E-02  6.562000141E-03  5.389737890E+00 
        18  1.568750106E-02 -1.568750665E-02  6.562000141E-03  5.492544912E+00 
        19  1.556250174E-02 -1.556250639E-02  6.562000141E-03  5.549835425E+00 
        20  1.543750148E-02 -1.543750614E-02  6.562000141E-03  5.401036407E+00 
        21  1.531250123E-02 -1.531250589E-02  6.562000141E-03  5.368844143E+00 
        22  1.518750191E-02 -1.518750563E-02  6.562000141E-03  5.319723886E+00 
        23  1.506250165E-02 -1.506250631E-02  6.562000141E-03  5.275452084E+00 
        24  1.493750140E-02 -1.493750606E-02  6.562000141E-03  5.238100844E+00 
        25  1.481250208E-02 -1.481250580E-02  6.562000141E-03  5.192745895E+00 
        26  1.468750183E-02 -1.468750555E-02  6.562000141E-03  5.146051983E+00 
        27  1.456250157E-02 -1.456250623E-02  6.562000141E-03  5.105467038E+00 
        28  1.443750132E-02 -1.443750598E-02  6.562000141E-03  5.059494605E+00 
        29  1.431250200E-02 -1.431250572E-02  6.562000141E-03  4.998872675E+00 
        30  1.418750174E-02 -1.418750640E-02  6.562000141E-03  4.907467869E+00 
        31  1.406250149E-02 -1.406250615E-02  6.562000141E-03  4.773638090E+00 
        32  1.393750217E-02 -1.393750589E-02  6.562000141E-03  4.618959230E+00 
        33  1.381250191E-02 -1.381250564E-02  6.562000141E-03  4.491642288E+00 
        34  1.368750166E-02 -1.368750632E-02  6.562000141E-03  4.422933165E+00 
        35  1.356250141E-02 -1.356250606E-02  6.562000141E-03  4.395810749E+00 
        36  1.343750209E-02 -1.343750581E-02  6.562000141E-03  4.377950203E+00 
        37  1.331250183E-02 -1.331250556E-02  6.562000141E-03  4.356375536E+00 
        38  1.318750158E-02 -1.318750624E-02  6.562000141E-03  4.331621626E+00 
        39  1.306250133E-02 -1.306250598E-02  6.562000141E-03  4.305887036E+00 
        40  1.293750200E-02 -1.293750573E-02  6.562000141E-03  4.280868078E+00 
        41  1.281250175E-02 -1.281250548E-02  6.562000141E-03  4.257278772E+00 
        42  1.268750150E-02 -1.268750615E-02  6.562000141E-03  4.232882822E+00 
        43  1.256250218E-02 -1.256250590E-02  6.562000141E-03  4.200383842E+00 
        44  1.243750192E-02 -1.243750565E-02  6.562000141E-03  4.147457555E+00 
        45  1.231250167E-02 -1.231250633E-02  6.562000141E-03  4.064553483E+00 
        46  1.218750142E-02 -1.218750607E-02  6.562000141E-03  3.951394303E+00 
        47  5.437502172E-03 -5.437505431E-03  6.562000141E-03  7.360514526E-01 
        48  5.312501919E-03 -5.312505644E-03  6.562000141E-03  7.328987270E-01 
        49  5.187502131E-03 -5.187505390E-03  6.562000141E-03  7.106426591E-01 
        50  5.062501878E-03 -5.062505603E-03  6.562000141E-03  6.767995588E-01 
        51  4.937502090E-03 -4.937505350E-03  6.562000141E-03  6.204373759E-01 
        52  4.812502302E-03 -4.812505562E-03  6.562000141E-03  5.476523951E-01 
        53  4.687502049E-03 -4.687505774E-03  6.562000141E-03  4.850009391E-01 
        54  4.562502261E-03 -4.562505521E-03  6.562000141E-03  4.341031997E-01 
        55  4.437502008E-03 -4.437505733E-03  6.562000141E-03  3.976018251E-01 
        56  4.312502220E-03 -4.312505480E-03  6.562000141E-03  3.931976096E-01 
        57  4.187501967E-03 -4.187505692E-03  6.562000141E-03  4.334200316E-01 
        58  4.062502179E-03 -4.062505439E-03  6.562000141E-03  4.998512556E-01 
        59  3.937501926E-03 -3.937505651E-03  6.562000141E-03  5.590459551E-01 
        60  3.812501905E-03 -3.812505398E-03  6.562000141E-03  5.982465078E-01 
        61  3.687502118E-03 -3.687505377E-03  6.562000141E-03  6.426760161E-01 
        62  3.562502097E-03 -3.562505357E-03  6.562000141E-03  6.707479017E-01 
        63  3.437502077E-03 -3.437505336E-03  6.562000141E-03  6.892685797E-01 
        64  3.312502056E-03 -3.312505316E-03  6.562000141E-03  6.943174547E-01 
        65  3.195532598E-03 -3.195534227E-03  6.562000606E-03  6.889194778E-01 
        66  3.099788679E-03 -3.099788679E-03  6.562000141E-03  7.407101039E-01 
        67  3.022594377E-03 -3.022594377E-03  6.562000141E-03  7.995791385E-01 
        68  2.967901994E-03 -2.967901994E-03  6.562000606E-03  8.805358650E-01 
        69  2.937011421E-03 -2.937011421E-03  6.562000606E-03  9.504215057E-01 
        70  2.914825454E-03 -2.914825454E-03  6.562000606E-03  9.967606325E-01 
        71  2.896386664E-03 -2.896386664E-03  6.562000606E-03  1.033469411E+00 
        72  2.881055698E-03 -2.881055698E-03  6.562000141E-03  1.058090515E+00 
        73  2.868303098E-03 -2.868303098E-03  6.562000141E-03  1.071355384E+00 
        74  2.857688349E-03 -2.857688349E-03  6.562000141E-03  1.075672542E+00 
        75  2.848849166E-03 -2.848849166E-03  6.562000141E-03  1.073749645E+00 
        76  2.841493115E-03 -2.841493115E-03  6.562000141E-03  1.067936518E+00 
        77  2.835373627E-03 -2.835373627E-03  6.562001072E-03  1.060049361E+00 
        78  2.830280224E-03 -2.830280224E-03  6.562001072E-03  1.051326365E+00 
        79  1.081250142E-02 -1.081250608E-02  6.562000141E-03  3.245208650E+00 
        80  1.068750210E-02 -1.068750583E-02  6.562000141E-03  3.152094097E+00 
        81  1.056250185E-02 -1.056250557E-02  6.562000141E-03  3.212225836E+00 
        82  1.043750159E-02 -1.043750625E-02  6.562000141E-03  3.175586309E+00 
        83  1.031250227E-02 -1.031250600E-02  6.562000141E-03  3.113531138E+00 
        84  1.018750202E-02 -1.018750574E-02  6.562000141E-03  3.042190117E+00 
        85  1.006250177E-02 -1.006250549E-02  6.562000141E-03  2.939300893E+00 
        86  9.937501512E-03 -9.937506169E-03  6.562000141E-03  2.816994915E+00 
        87  9.812502190E-03 -9.812505916E-03  6.562000141E-03  2.690996286E+00 
        88  9.687501937E-03 -9.687505662E-03  6.562000141E-03  2.591806214E+00 
        89  9.562501684E-03 -9.562505409E-03  6.562000141E-03  2.532997589E+00 
        90  9.437502362E-03 -9.437506087E-03  6.562000141E-03  2.514189710E+00 
        91  9.312502109E-03 -9.312505834E-03  6.562000141E-03  2.518014703E+00 
        92  9.187501855E-03 -9.187505580E-03  6.562000141E-03  2.528229189E+00 
        93  9.062501602E-03 -9.062505327E-03  6.562000141E-03  2.529121565E+00 
        94  8.937502280E-03 -8.937506005E-03  6.562000141E-03  2.497180466E+00 
        95  8.812502027E-03 -8.812505752E-03  6.562000141E-03  2.431818071E+00 
        96  8.687501773E-03 -8.687505499E-03  6.562000141E-03  2.329534940E+00 
        97  8.562501520E-03 -8.562506177E-03  6.562000141E-03  2.208426483E+00 
        98  8.437502198E-03 -8.437505923E-03  6.562000141E-03  2.104227439E+00 
        99  8.312501945E-03 -8.312505670E-03  6.562000141E-03  1.977642112E+00 
       100  8.187501691E-03 -8.187505417E-03  6.562000141E-03  1.807780112E+00 
       101  8.062502369E-03 -8.062506095E-03  6.562000141E-03  1.758430372E+00 
       102  7.937502116E-03 -7.937505841E-03  6.562000141E-03  1.797873291E+00 
       103  7.812501863E-03 -7.812505588E-03  6.562000141E-03  1.873873019E+00 
       104  7.687502075E-03 -7.687505800E-03  6.562000141E-03  1.976708817E+00 
       105  7.562501822E-03 -7.562505547E-03  6.562000141E-03  2.118956951E+00 
       106  7.437502034E-03 -7.437505759E-03  6.562000141E-03  2.267093015E+00 
       107  7.312501781E-03 -7.312505506E-03  6.562000141E-03  2.099345822E+00 
       108  7.187501993E-03 -7.187505718E-03  6.562000141E-03  1.843571918E+00 
       109  7.062502205E-03 -7.062505465E-03  6.562000141E-03  1.895870484E+00 
       110  6.937501952E-03 -6.937505677E-03  6.562000141E-03  1.965379876E+00 
       111  6.812502164E-03 -6.812505424E-03  6.562000141E-03  1.477460722E+00 
       112  6.687501911E-03 -6.687505636E-03  6.562000141E-03  9.491896068E-01 
       113  6.562502123E-03 -6.562505849E-03  6.562000141E-03  9.549728318E-01 
       114  6.437501870E-03 -6.437505595E-03  6.562000141E-03  9.097497109E-01 
       115  6.312502082E-03 -6.312505808E-03  6.562000141E-03  8.769593342E-01 
       116  6.187501829E-03 -6.187505554E-03  6.562000141E-03  8.895958957E-01 
       117  6.062502041E-03 -6.062505767E-03  6.562000141E-03  8.730012071E-01 
       118  5.937502254E-03 -5.937505513E-03  6.562000141E-03  8.465511675E-01 
       119  5.812502000E-03 -5.812505726E-03  6.562000141E-03  8.184431049E-01 
       120  5.687502213E-03 -5.687505472E-03  6.562000141E-03  7.841284997E-01 
       121  5.562501960E-03 -5.562505685E-03  6.562000141E-03  7.497374938E-01 
       122  1.668750122E-02 -1.668750495E-02  6.562000141E-03  5.434526668E+00 
       123  1.681250148E-02 -1.681250520E-02  6.562000141E-03  5.300556998E+00 
       124  1.693750173E-02 -1.693750545E-02  6.562000141E-03  5.242711343E+00 
       125  1.706250198E-02 -1.706250571E-02  6.562000141E-03  5.235092398E+00 
       126  1.718750224E-02 -1.718750596E-02  6.562000141E-03  5.293330862E+00 
       127  1.731250063E-02 -1.731250621E-02  6.562000141E-03  5.310927182E+00 
       128  1.743750088E-02 -1.743750647E-02  6.562000141E-03  5.274149596E+00 
       129  1.756250113E-02 -1.756250672E-02  6.562000141E-03  5.130463544E+00 
       130  1.768750139E-02 -1.768750511E-02  6.562000141E-03  5.052843923E+00 
       131  1.781250164E-02 -1.781250536E-02  6.562000141E-03  4.961534320E+00 
       132  1.793750189E-02 -1.793750562E-02  6.562000141E-03  4.867340735E+00 
       133  1.806250215E-02 -1.806250587E-02  6.562000141E-03  4.856122880E+00 
       134  1.818750054E-02 -1.818750612E-02  6.562000141E-03  4.913927314E+00 
       135  1.831250079E-02 -1.831250638E-02  6.562000141E-03  5.017782628E+00 
       136  1.843750104E-02 -1.843750663E-02  6.562000141E-03  5.149691651E+00 
       137  1.856250130E-02 -1.856250502E-02  6.562000141E-03  5.266631508E+00 
       138  1.868750155E-02 -1.868750528E-02  6.562000141E-03  5.273952052E+00 
       139  1.880351081E-02 -1.880351454E-02  6.562000141E-03  5.169806850E+00 
       140  1.890108548E-02 -1.890108548E-02  6.562000141E-03  4.999216642E+00 
       141  1.895662583E-02 -1.895662583E-02  6.562000141E-03  5.037729870E+00 
       142  2.121082321E-02 -2.121082321E-02  6.562000141E-03  1.085551610E-01 
       143  2.120567486E-02 -2.120567486E-02  6.562000141E-03  3.203959758E-01 
       144  2.119949646E-02 -2.119949646E-02  6.562000141E-03  5.621117800E-01 
       145  2.119208500E-02 -2.119208500E-02  6.562000141E-03  8.328006023E-01 
       146  2.118319459E-02 -2.118319459E-02  6.562000141E-03  1.131345850E+00 
       147  2.117252536E-02 -2.117252536E-02  6.562000606E-03  1.458828164E+00 
       148  2.115972899E-02 -2.115972899E-02  6.562000606E-03  1.823673763E+00 
       149  2.114437334E-02 -2.114437334E-02  6.562000141E-03  2.241812211E+00 
       150  2.112595551E-02 -2.112595551E-02  6.562000606E-03  2.701080523E+00 
       151  2.110386454E-02 -2.110386454E-02  6.562000606E-03  3.188708665E+00 
       152  2.107902244E-02 -2.107902244E-02  6.562000606E-03  3.754767356E+00 
       153  2.101956122E-02 -2.101956122E-02  6.562000606E-03  4.258079986E+00 
       154  2.093681321E-02 -2.093681321E-02  6.562000606E-03  4.525369190E+00 
       155  2.088592015E-02 -2.088592015E-02  6.562000141E-03  4.612079746E+00 
       156  2.081407420E-02 -2.081407420E-02  6.562000141E-03  4.781315872E+00 
       157  2.074207366E-02 -2.074207366E-02  6.562000141E-03  4.815514359E+00 
       158  2.067007311E-02 -2.067007311E-02  6.562000141E-03  4.705053157E+00 
       159  2.059807256E-02 -2.059807256E-02  6.562000141E-03  4.644591646E+00 
       160  2.052607387E-02 -2.052607387E-02  6.562000141E-03  4.585835909E+00 
       161  2.045407332E-02 -2.045407332E-02  6.562000141E-03  4.612304016E+00 
       162  2.038207278E-02 -2.038207278E-02  6.562000141E-03  4.607487056E+00 
       163  2.031007409E-02 -2.031007409E-02  6.562000141E-03  4.666393969E+00 
       164  2.023807354E-02 -2.023807354E-02  6.562000141E-03  4.730483963E+00 
       165  2.016607299E-02 -2.016607299E-02  6.562000141E-03  4.829323775E+00 
       166  2.009407245E-02 -2.009407245E-02  6.562000141E-03  4.899748132E+00 
       167  2.002207376E-02 -2.002207376E-02  6.562000141E-03  5.050870132E+00 
       168  1.995007321E-02 -1.995007321E-02  6.562000141E-03  5.093009690E+00 
       169  1.987807266E-02 -1.987807266E-02  6.562000141E-03  5.256830248E+00 
       170  1.980607398E-02 -1.980607398E-02  6.562000141E-03  5.141490072E+00 
       171  1.973407343E-02 -1.973407343E-02  6.562000141E-03  5.158235539E+00 
       172  1.966207288E-02 -1.966207288E-02  6.562000141E-03  4.997616928E+00 
       173  1.959007233E-02 -1.959007233E-02  6.562000141E-03  5.032995146E+00 
       174  1.951807365E-02 -1.951807365E-02  6.562000141E-03  4.943192166E+00 
       175  1.944607310E-02 -1.944607310E-02  6.562000141E-03  4.974663475E+00 
       176  1.937407255E-02 -1.937407255E-02  6.562000141E-03  4.904363660E+00 
       177  1.930207387E-02 -1.930207387E-02  6.562000141E-03  4.871481194E+00 
       178  1.923859492E-02 -1.923859492E-02  6.562000141E-03  4.850804571E+00 
       179  1.914011873E-02 -1.914011873E-02  6.562000141E-03  4.870778320E+00 
       180  1.905349456E-02 -1.905349456E-02  6.562000606E-03  4.918972521E+00 
       181  1.899245940E-02 -1.899245940E-02  6.562000606E-03  4.947832322E+00 
