cellnumber     x-coordinate     y-coordinate     z-coordinate velocity-magnitude 
         1  2.830386627E-03 -2.830386627E-03  6.562000606E-03  1.041581279E+00 
         2  2.835483057E-03 -2.835483057E-03  6.562000141E-03  1.031450735E+00 
         3  2.841604175E-03 -2.841604175E-03  6.562000141E-03  1.018002712E+00 
         4  2.848957200E-03 -2.848957200E-03  6.562000141E-03  1.000183244E+00 
         5  2.857792191E-03 -2.857792191E-03  6.562000141E-03  9.767254165E-01 
         6  2.868410433E-03 -2.868410433E-03  6.562000141E-03  9.463144609E-01 
         7  2.881176071E-03 -2.881176071E-03  6.562000141E-03  9.082161766E-01 
         8  2.896528924E-03 -2.896528924E-03  6.562000141E-03  8.632574566E-01 
         9  2.915001474E-03 -2.915001474E-03  6.562000141E-03  8.162282591E-01 
        10  2.937239828E-03 -2.937239828E-03  6.562000606E-03  7.737053818E-01 
        11  2.974424278E-03 -2.974424278E-03  6.562000606E-03  7.366805221E-01 
        12  3.062227275E-03 -3.062231001E-03  6.562000141E-03  6.826176249E-01 
        13  3.187494585E-03 -3.187502269E-03  6.562000141E-03  6.542077801E-01 
        14  3.312494606E-03 -3.312502289E-03  6.562000141E-03  6.390472016E-01 
        15  3.437494626E-03 -3.437502310E-03  6.562000141E-03  6.482012563E-01 
        16  3.562494647E-03 -3.562502330E-03  6.562000141E-03  6.529084549E-01 
        17  3.687494667E-03 -3.687502351E-03  6.562000141E-03  6.365106682E-01 
        18  3.812494455E-03 -3.812502371E-03  6.562000141E-03  5.970268924E-01 
        19  3.937494475E-03 -3.937502392E-03  6.562000141E-03  5.370194682E-01 
        20  4.062494729E-03 -4.062502645E-03  6.562000141E-03  4.820167597E-01 
        21  1.206249464E-02 -1.206250302E-02  6.562000141E-03  3.790682823E+00 
        22  1.218749397E-02 -1.218750235E-02  6.562000141E-03  3.862117712E+00 
        23  1.231249422E-02 -1.231250260E-02  6.562000141E-03  3.935362978E+00 
        24  1.243749447E-02 -1.243750285E-02  6.562000141E-03  3.988611694E+00 
        25  1.256249472E-02 -1.256250311E-02  6.562000141E-03  4.041484532E+00 
        26  1.268749405E-02 -1.268750243E-02  6.562000141E-03  4.142291888E+00 
        27  1.281249430E-02 -1.281250268E-02  6.562000141E-03  4.263825465E+00 
        28  1.293749455E-02 -1.293750294E-02  6.562000141E-03  4.370694295E+00 
        29  1.306249481E-02 -1.306250319E-02  6.562000141E-03  4.441665855E+00 
        30  1.318749413E-02 -1.318750251E-02  6.562000141E-03  4.490136959E+00 
        31  1.331249438E-02 -1.331250276E-02  6.562000141E-03  4.529017947E+00 
        32  1.343749464E-02 -1.343750302E-02  6.562000141E-03  4.546904922E+00 
        33  1.356249396E-02 -1.356250234E-02  6.562000141E-03  4.599247739E+00 
        34  1.368749421E-02 -1.368750259E-02  6.562000141E-03  4.678639631E+00 
        35  1.381249446E-02 -1.381250285E-02  6.562000141E-03  4.763822030E+00 
        36  1.393749472E-02 -1.393750310E-02  6.562000141E-03  4.846571025E+00 
        37  1.406249404E-02 -1.406250242E-02  6.562000141E-03  4.922370092E+00 
        38  1.168749481E-02 -1.168750226E-02  6.562000141E-03  3.640883452E+00 
        39  1.156249456E-02 -1.156250294E-02  6.562000141E-03  3.642337239E+00 
        40  1.143749431E-02 -1.143750269E-02  6.562000141E-03  3.635847254E+00 
        41  1.131249405E-02 -1.131250244E-02  6.562000141E-03  3.612075766E+00 
        42  1.118749473E-02 -1.118750311E-02  6.562000141E-03  3.561825147E+00 
        43  1.193749439E-02 -1.193750277E-02  6.562000141E-03  3.729433479E+00 
        44  1.181249414E-02 -1.181250252E-02  6.562000141E-03  3.672457609E+00 
        45  1.106249448E-02 -1.106250286E-02  6.562000141E-03  3.483974798E+00 
        46  1.093749423E-02 -1.093750261E-02  6.562000141E-03  3.409433772E+00 
        47  1.081249490E-02 -1.081250235E-02  6.562000141E-03  3.350231210E+00 
        48  1.068749465E-02 -1.068750303E-02  6.562000141E-03  3.299156558E+00 
        49  1.056249440E-02 -1.056250278E-02  6.562000141E-03  3.246736579E+00 
        50  1.043749414E-02 -1.043750253E-02  6.562000141E-03  3.191569391E+00 
        51  1.031249482E-02 -1.031250227E-02  6.562000141E-03  3.133840079E+00 
        52  1.018749457E-02 -1.018750295E-02  6.562000141E-03  3.068991288E+00 
        53  1.006249432E-02 -1.006250270E-02  6.562000141E-03  2.984148939E+00 
        54  9.937494062E-03 -9.937502444E-03  6.562000141E-03  2.872428673E+00 
        55  9.812494740E-03 -9.812503122E-03  6.562000141E-03  2.756035488E+00 
        56  9.687494487E-03 -9.687502868E-03  6.562000141E-03  2.691974175E+00 
        57  9.562494233E-03 -9.562502615E-03  6.562000141E-03  2.692607364E+00 
        58  9.437494911E-03 -9.437502362E-03  6.562000141E-03  2.771962149E+00 
        59  9.312494658E-03 -9.312503040E-03  6.562000141E-03  2.754814265E+00 
        60  9.187494405E-03 -9.187502787E-03  6.562000141E-03  2.695483707E+00 
        61  9.062494151E-03 -9.062502533E-03  6.562000141E-03  2.634645699E+00 
        62  8.937494829E-03 -8.937502280E-03  6.562000141E-03  2.618343105E+00 
        63  8.812494576E-03 -8.812502958E-03  6.562000141E-03  2.717049829E+00 
        64  8.687494323E-03 -8.687502705E-03  6.562000141E-03  2.741493826E+00 
        65  8.562494069E-03 -8.562502451E-03  6.562000141E-03  2.677240349E+00 
        66  8.437494747E-03 -8.437502198E-03  6.562000141E-03  2.540555383E+00 
        67  8.312494494E-03 -8.312502876E-03  6.562000141E-03  2.377604013E+00 
        68  8.187494241E-03 -8.187502623E-03  6.562000141E-03  2.221828069E+00 
        69  8.062494919E-03 -8.062502369E-03  6.562000141E-03  2.135851332E+00 
        70  7.937494665E-03 -7.937503047E-03  6.562000141E-03  2.100988051E+00 
        71  7.812494412E-03 -7.812502794E-03  6.562000141E-03  2.124464528E+00 
        72  7.687494624E-03 -7.687502541E-03  6.562000141E-03  2.247938508E+00 
        73  7.562494371E-03 -7.562502753E-03  6.562000141E-03  2.183894299E+00 
        74  7.437494583E-03 -7.437502500E-03  6.562000141E-03  1.876858742E+00 
        75  7.312494330E-03 -7.312502712E-03  6.562000141E-03  1.427910213E+00 
        76  7.187494542E-03 -7.187502459E-03  6.562000141E-03  9.764422648E-01 
        77  7.062494755E-03 -7.062502671E-03  6.562000141E-03  7.771146693E-01 
        78  6.937494501E-03 -6.937502418E-03  6.562000141E-03  9.005904814E-01 
        79  6.812494714E-03 -6.812502630E-03  6.562000141E-03  1.072860488E+00 
        80  6.687494460E-03 -6.687502377E-03  6.562000141E-03  1.170771195E+00 
        81  6.562494673E-03 -6.562502589E-03  6.562000141E-03  1.211310376E+00 
        82  6.437494420E-03 -6.437502336E-03  6.562000141E-03  1.226339805E+00 
        83  6.312494632E-03 -6.312502548E-03  6.562000141E-03  1.227274811E+00 
        84  6.187494379E-03 -6.187502295E-03  6.562000141E-03  1.161478286E+00 
        85  1.756249368E-02 -1.756250300E-02  6.562000141E-03  6.311522574E+00 
        86  1.743749343E-02 -1.743750274E-02  6.562000141E-03  6.144457076E+00 
        87  1.731249318E-02 -1.731250249E-02  6.562000141E-03  6.112673891E+00 
        88  1.718749478E-02 -1.718750224E-02  6.562000141E-03  6.084628169E+00 
        89  1.706249453E-02 -1.706250198E-02  6.562000141E-03  5.945954284E+00 
        90  1.693749428E-02 -1.693750359E-02  6.562000141E-03  5.761292243E+00 
        91  1.681249402E-02 -1.681250334E-02  6.562000141E-03  5.582115074E+00 
        92  1.668749377E-02 -1.668750308E-02  6.562000141E-03  5.349531612E+00 
        93  1.656249352E-02 -1.656250283E-02  6.562000141E-03  5.103691062E+00 
        94  1.643749326E-02 -1.643750258E-02  6.562000141E-03  5.151024410E+00 
        95  1.631249487E-02 -1.631250232E-02  6.562000141E-03  5.803850047E+00 
        96  1.618749462E-02 -1.618750207E-02  6.562000141E-03  6.157277965E+00 
        97  1.606249437E-02 -1.606250182E-02  6.562000141E-03  5.884286869E+00 
        98  1.593749411E-02 -1.593750343E-02  6.562000141E-03  5.688966137E+00 
        99  1.581249386E-02 -1.581250317E-02  6.562000141E-03  5.660273790E+00 
       100  1.568749361E-02 -1.568750292E-02  6.562000141E-03  5.509910780E+00 
       101  1.556249429E-02 -1.556250267E-02  6.562000141E-03  5.430888020E+00 
       102  1.543749403E-02 -1.543750241E-02  6.562000141E-03  5.390978508E+00 
       103  1.531249471E-02 -1.531250309E-02  6.562000141E-03  5.390859000E+00 
       104  1.518749446E-02 -1.518750284E-02  6.562000141E-03  5.394066465E+00 
       105  1.506249420E-02 -1.506250259E-02  6.562000141E-03  5.366379707E+00 
       106  1.493749395E-02 -1.493750326E-02  6.562000141E-03  5.321045492E+00 
       107  1.481249463E-02 -1.481250301E-02  6.562000141E-03  5.270196158E+00 
       108  1.468749437E-02 -1.468750276E-02  6.562000141E-03  5.217406636E+00 
       109  1.456249412E-02 -1.456250250E-02  6.562000141E-03  5.161311573E+00 
       110  1.443749387E-02 -1.443750318E-02  6.562000141E-03  5.105080432E+00 
       111  1.431249455E-02 -1.431250293E-02  6.562000141E-03  5.048878893E+00 
       112  1.418749429E-02 -1.418750267E-02  6.562000141E-03  4.989312487E+00 
       113  4.187494516E-03 -4.187502433E-03  6.562000141E-03  4.420368610E-01 
       114  4.312494770E-03 -4.312502220E-03  6.562000141E-03  4.199697940E-01 
       115  4.437494557E-03 -4.437502474E-03  6.562000141E-03  4.184929386E-01 
       116  4.562494811E-03 -4.562502261E-03  6.562000141E-03  4.448971136E-01 
       117  4.687494598E-03 -4.687502515E-03  6.562000141E-03  5.080829438E-01 
       118  4.812494852E-03 -4.812502302E-03  6.562000141E-03  5.965878341E-01 
       119  4.937494639E-03 -4.937502556E-03  6.562000141E-03  6.975768255E-01 
       120  5.062494427E-03 -5.062502343E-03  6.562000141E-03  7.309446590E-01 
       121  5.187494680E-03 -5.187502597E-03  6.562000141E-03  7.028797121E-01 
       122  5.312494468E-03 -5.312502384E-03  6.562000141E-03  7.463547480E-01 
       123  5.437494721E-03 -5.437502638E-03  6.562000141E-03  7.826166450E-01 
       124  5.562494509E-03 -5.562502425E-03  6.562000141E-03  8.255477026E-01 
       125  5.687494762E-03 -5.687502678E-03  6.562000141E-03  9.239012162E-01 
       126  5.812494550E-03 -5.812502466E-03  6.562000141E-03  9.780611427E-01 
       127  5.937494803E-03 -5.937502719E-03  6.562000141E-03  1.010417289E+00 
       128  6.062494591E-03 -6.062502507E-03  6.562000141E-03  1.049537432E+00 
       129  1.895638742E-02 -1.895638742E-02  6.562000141E-03  5.170407557E+00 
       130  1.889957115E-02 -1.889957115E-02  6.562000606E-03  5.204031752E+00 
       131  1.880222000E-02 -1.880222373E-02  6.562000141E-03  5.331537089E+00 
       132  1.868749410E-02 -1.868750341E-02  6.562000141E-03  5.587360997E+00 
       133  1.856249385E-02 -1.856250316E-02  6.562000141E-03  5.744556918E+00 
       134  1.843749359E-02 -1.843750291E-02  6.562000141E-03  5.758129660E+00 
       135  1.831249334E-02 -1.831250265E-02  6.562000141E-03  5.820307255E+00 
       136  1.818749309E-02 -1.818750240E-02  6.562000141E-03  5.783752917E+00 
       137  1.806249470E-02 -1.806250215E-02  6.562000141E-03  5.605694785E+00 
       138  1.793749444E-02 -1.793750189E-02  6.562000141E-03  5.552903675E+00 
       139  1.781249419E-02 -1.781250350E-02  6.562000141E-03  6.111410057E+00 
       140  1.768749394E-02 -1.768750325E-02  6.562000141E-03  6.477270228E+00 
       141  2.121082321E-02 -2.121082321E-02  6.562000141E-03  1.289612303E-01 
       142  2.120567486E-02 -2.120567486E-02  6.562000141E-03  3.826709370E-01 
       143  2.119949646E-02 -2.119949646E-02  6.562000141E-03  6.752847976E-01 
       144  2.119208500E-02 -2.119208500E-02  6.562000141E-03  1.008268185E+00 
       145  2.118319459E-02 -2.118319459E-02  6.562000141E-03  1.384820338E+00 
       146  2.117252536E-02 -2.117252536E-02  6.562000606E-03  1.812985060E+00 
       147  2.115972899E-02 -2.115972899E-02  6.562000606E-03  2.313969186E+00 
       148  2.114437334E-02 -2.114437334E-02  6.562000141E-03  2.885030131E+00 
       149  2.112595551E-02 -2.112595551E-02  6.562000606E-03  3.504053411E+00 
       150  2.110386454E-02 -2.110386454E-02  6.562000606E-03  4.069677450E+00 
       151  2.107902244E-02 -2.107902244E-02  6.562000606E-03  4.564013048E+00 
       152  2.101956122E-02 -2.101956122E-02  6.562000606E-03  4.708264798E+00 
       153  2.093681321E-02 -2.093681321E-02  6.562000606E-03  4.708095144E+00 
       154  2.088592015E-02 -2.088592015E-02  6.562000141E-03  4.626124025E+00 
       155  2.081407420E-02 -2.081407420E-02  6.562000141E-03  4.434439073E+00 
       156  2.074207366E-02 -2.074207366E-02  6.562000141E-03  4.195001676E+00 
       157  2.067007311E-02 -2.067007311E-02  6.562000141E-03  4.149742505E+00 
       158  2.059807256E-02 -2.059807256E-02  6.562000141E-03  4.110138135E+00 
       159  2.052607387E-02 -2.052607387E-02  6.562000141E-03  4.118434909E+00 
       160  2.045407332E-02 -2.045407332E-02  6.562000141E-03  4.136172647E+00 
       161  2.038207278E-02 -2.038207278E-02  6.562000141E-03  4.094401288E+00 
       162  2.031007409E-02 -2.031007409E-02  6.562000141E-03  4.083988700E+00 
       163  2.023807354E-02 -2.023807354E-02  6.562000141E-03  4.004512772E+00 
       164  2.016607299E-02 -2.016607299E-02  6.562000141E-03  4.022456130E+00 
       165  2.009407245E-02 -2.009407245E-02  6.562000141E-03  4.019829142E+00 
       166  2.002207376E-02 -2.002207376E-02  6.562000141E-03  4.121697539E+00 
       167  1.995007321E-02 -1.995007321E-02  6.562000141E-03  4.235713840E+00 
       168  1.987807266E-02 -1.987807266E-02  6.562000141E-03  4.319155270E+00 
       169  1.980607398E-02 -1.980607398E-02  6.562000141E-03  4.417268913E+00 
       170  1.973407343E-02 -1.973407343E-02  6.562000141E-03  4.452680837E+00 
       171  1.966207288E-02 -1.966207288E-02  6.562000141E-03  4.559059300E+00 
       172  1.959007233E-02 -1.959007233E-02  6.562000141E-03  4.740156912E+00 
       173  1.951807365E-02 -1.951807365E-02  6.562000141E-03  5.011873012E+00 
       174  1.944607310E-02 -1.944607310E-02  6.562000141E-03  5.087670320E+00 
       175  1.937407255E-02 -1.937407255E-02  6.562000141E-03  5.148581206E+00 
       176  1.930207387E-02 -1.930207387E-02  6.562000141E-03  5.057353122E+00 
       177  1.923859492E-02 -1.923859492E-02  6.562000141E-03  5.037746091E+00 
       178  1.914011873E-02 -1.914011873E-02  6.562000141E-03  4.987344593E+00 
       179  1.905349456E-02 -1.905349456E-02  6.562000606E-03  4.995287892E+00 
       180  1.899245940E-02 -1.899245940E-02  6.562000606E-03  5.080293293E+00 
