cellnumber     x-coordinate     y-coordinate     z-coordinate velocity-magnitude 
         1  1.999999955E-02 -2.984774485E-02  6.562000141E-03  8.050566677E-01 
         2  1.999999955E-02 -2.980891429E-02  6.562000141E-03  9.913794632E-01 
         3  1.999999955E-02 -2.971169166E-02  6.562000141E-03  1.300601222E+00 
         4  1.999999955E-02 -2.959104441E-02  6.562000141E-03  2.075816499E+00 
         5  1.999999955E-02 -2.946904302E-02  6.562000141E-03  3.178509584E+00 
         6  1.999999955E-02 -2.932504192E-02  6.562000141E-03  3.695467169E+00 
         7  1.999999955E-02 -2.918104269E-02  6.562000141E-03  3.849324349E+00 
         8  1.999999955E-02 -2.903704345E-02  6.562000141E-03  3.988172822E+00 
         9  1.999999955E-02 -2.889304236E-02  6.562000141E-03  4.043030563E+00 
        10  1.999999955E-02 -2.874904312E-02  6.562000141E-03  3.828641620E+00 
        11  1.999999955E-02 -2.860504203E-02  6.562000141E-03  3.511427250E+00 
        12  1.999999955E-02 -2.846104279E-02  6.562000141E-03  3.410821716E+00 
        13  1.999999955E-02 -2.831704356E-02  6.562000141E-03  3.365519467E+00 
        14  1.999999955E-02 -2.817304246E-02  6.562000141E-03  3.113227362E+00 
        15  1.999999955E-02 -2.802904323E-02  6.562000141E-03  3.088620338E+00 
        16  1.999999955E-02 -2.788504213E-02  6.562000141E-03  2.853288089E+00 
        17  1.999999955E-02 -2.774104290E-02  6.562000141E-03  2.660340662E+00 
        18  1.999999955E-02 -2.759704366E-02  6.562000141E-03  2.989684333E+00 
        19  1.999999955E-02 -2.745304257E-02  6.562000141E-03  3.168269413E+00 
        20  1.999999955E-02 -2.730904333E-02  6.562000141E-03  3.255326291E+00 
        21  1.999999955E-02 -2.716504224E-02  6.562000141E-03  3.078592872E+00 
        22  1.999999955E-02 -2.702104300E-02  6.562000141E-03  2.515042441E+00 
        23  1.999999955E-02 -2.687704377E-02  6.562000141E-03  2.292640767E+00 
        24  1.999999955E-02 -2.673304267E-02  6.562000141E-03  2.854998486E+00 
        25  1.999999955E-02 -2.658904344E-02  6.562000141E-03  3.434875210E+00 
        26  1.999999955E-02 -2.644504234E-02  6.562000141E-03  3.800275431E+00 
        27  1.999999955E-02 -2.630104311E-02  6.562000141E-03  3.857833506E+00 
        28  1.999999955E-02 -2.615704387E-02  6.562000141E-03  3.768524840E+00 
        29  1.999998651E-02 -2.607314475E-02  6.562000141E-03  3.839203951E+00 
        30  1.999994740E-02 -2.602700889E-02  6.562000141E-03  3.828298358E+00 
        31  1.999996044E-02 -2.592459694E-02  6.562000141E-03  3.939300702E+00 
        32  1.999999955E-02 -2.583321184E-02  6.561999675E-03  3.848014685E+00 
