cellnumber     x-coordinate     y-coordinate     z-coordinate velocity-magnitude 
         1  1.999999955E-02 -2.984774485E-02  6.562000141E-03  1.367936394E+00 
         2  1.999999955E-02 -2.980891429E-02  6.562000141E-03  1.549922339E+00 
         3  1.999999955E-02 -2.971169166E-02  6.562000141E-03  1.902093317E+00 
         4  1.999999955E-02 -2.959104441E-02  6.562000141E-03  2.463102439E+00 
         5  1.999999955E-02 -2.946904302E-02  6.562000141E-03  3.244884501E+00 
         6  1.999999955E-02 -2.932504192E-02  6.562000141E-03  4.138404791E+00 
         7  1.999999955E-02 -2.918104269E-02  6.562000141E-03  4.194719083E+00 
         8  1.999999955E-02 -2.903704345E-02  6.562000141E-03  3.927474876E+00 
         9  1.999999955E-02 -2.889304236E-02  6.562000141E-03  3.755194560E+00 
        10  1.999999955E-02 -2.874904312E-02  6.562000141E-03  3.537038693E+00 
        11  1.999999955E-02 -2.860504203E-02  6.562000141E-03  3.319111148E+00 
        12  1.999999955E-02 -2.846104279E-02  6.562000141E-03  3.134690118E+00 
        13  1.999999955E-02 -2.831704356E-02  6.562000141E-03  3.041840776E+00 
        14  1.999999955E-02 -2.817304246E-02  6.562000141E-03  3.030420586E+00 
        15  1.999999955E-02 -2.802904323E-02  6.562000141E-03  3.072053898E+00 
        16  1.999999955E-02 -2.788504213E-02  6.562000141E-03  3.130394572E+00 
        17  1.999999955E-02 -2.774104290E-02  6.562000141E-03  3.146584832E+00 
        18  1.999999955E-02 -2.759704366E-02  6.562000141E-03  3.114445592E+00 
        19  1.999999955E-02 -2.745304257E-02  6.562000141E-03  2.988885651E+00 
        20  1.999999955E-02 -2.730904333E-02  6.562000141E-03  2.884878543E+00 
        21  1.999999955E-02 -2.716504224E-02  6.562000141E-03  2.834278116E+00 
        22  1.999999955E-02 -2.702104300E-02  6.562000141E-03  2.819605558E+00 
        23  1.999999955E-02 -2.687704377E-02  6.562000141E-03  2.817537488E+00 
        24  1.999999955E-02 -2.673304267E-02  6.562000141E-03  2.864581010E+00 
        25  1.999999955E-02 -2.658904344E-02  6.562000141E-03  2.909993811E+00 
        26  1.999999955E-02 -2.644504234E-02  6.562000141E-03  2.907371422E+00 
        27  1.999999955E-02 -2.630104311E-02  6.562000141E-03  2.949451400E+00 
        28  1.999999955E-02 -2.615704387E-02  6.562000141E-03  3.001351026E+00 
        29  1.999998651E-02 -2.607314475E-02  6.562000141E-03  2.946761184E+00 
        30  1.999994740E-02 -2.602700889E-02  6.562000141E-03  2.864005514E+00 
        31  1.999996044E-02 -2.592459694E-02  6.562000141E-03  2.906681530E+00 
        32  1.999999955E-02 -2.583321184E-02  6.561999675E-03  2.806607731E+00 
