cellnumber     x-coordinate     y-coordinate     z-coordinate velocity-magnitude 
         1  1.999999955E-02 -2.984774485E-02  6.562000141E-03  6.926455005E-01 
         2  1.999999955E-02 -2.980891429E-02  6.562000141E-03  9.761289696E-01 
         3  1.999999955E-02 -2.971169166E-02  6.562000141E-03  1.740121554E+00 
         4  1.999999955E-02 -2.959104441E-02  6.562000141E-03  3.188256647E+00 
         5  1.999999955E-02 -2.946904302E-02  6.562000141E-03  3.801125112E+00 
         6  1.999999955E-02 -2.932504192E-02  6.562000141E-03  3.972525817E+00 
         7  1.999999955E-02 -2.918104269E-02  6.562000141E-03  3.999694809E+00 
         8  1.999999955E-02 -2.903704345E-02  6.562000141E-03  4.034910628E+00 
         9  1.999999955E-02 -2.889304236E-02  6.562000141E-03  4.117367016E+00 
        10  1.999999955E-02 -2.874904312E-02  6.562000141E-03  4.107641756E+00 
        11  1.999999955E-02 -2.860504203E-02  6.562000141E-03  4.030553261E+00 
        12  1.999999955E-02 -2.846104279E-02  6.562000141E-03  4.001561563E+00 
        13  1.999999955E-02 -2.831704356E-02  6.562000141E-03  4.025093714E+00 
        14  1.999999955E-02 -2.817304246E-02  6.562000141E-03  4.064546419E+00 
        15  1.999999955E-02 -2.802904323E-02  6.562000141E-03  4.097569514E+00 
        16  1.999999955E-02 -2.788504213E-02  6.562000141E-03  4.108672213E+00 
        17  1.999999955E-02 -2.774104290E-02  6.562000141E-03  3.946672484E+00 
        18  1.999999955E-02 -2.759704366E-02  6.562000141E-03  3.655087271E+00 
        19  1.999999955E-02 -2.745304257E-02  6.562000141E-03  3.460800998E+00 
        20  1.999999955E-02 -2.730904333E-02  6.562000141E-03  3.350961134E+00 
        21  1.999999955E-02 -2.716504224E-02  6.562000141E-03  3.307612657E+00 
        22  1.999999955E-02 -2.702104300E-02  6.562000141E-03  3.265654127E+00 
        23  1.999999955E-02 -2.687704377E-02  6.562000141E-03  3.222322737E+00 
        24  1.999999955E-02 -2.673304267E-02  6.562000141E-03  3.232673872E+00 
        25  1.999999955E-02 -2.658904344E-02  6.562000141E-03  3.279004785E+00 
        26  1.999999955E-02 -2.644504234E-02  6.562000141E-03  3.281275200E+00 
        27  1.999999955E-02 -2.630104311E-02  6.562000141E-03  3.296240714E+00 
        28  1.999999955E-02 -2.615704387E-02  6.562000141E-03  3.195890171E+00 
        29  1.999998651E-02 -2.607314475E-02  6.562000141E-03  2.962599921E+00 
        30  1.999994740E-02 -2.602700889E-02  6.562000141E-03  3.319068480E+00 
        31  1.999996044E-02 -2.592459694E-02  6.562000141E-03  2.974540202E+00 
        32  1.999999955E-02 -2.583321184E-02  6.561999675E-03  3.016682536E+00 
