cellnumber     x-coordinate     y-coordinate     z-coordinate velocity-magnitude 
         1  1.999999955E-02 -2.583321184E-02  6.561999675E-03  3.769859782E+00 
         2  1.999996044E-02 -2.592459694E-02  6.562000141E-03  3.815568618E+00 
         3  1.999994740E-02 -2.602700889E-02  6.562000141E-03  3.748182033E+00 
         4  1.999998651E-02 -2.607314475E-02  6.562000141E-03  3.793564113E+00 
         5  1.999999955E-02 -2.615704387E-02  6.562000141E-03  3.941440349E+00 
         6  1.999999955E-02 -2.630104311E-02  6.562000141E-03  4.014683995E+00 
         7  1.999999955E-02 -2.644504234E-02  6.562000141E-03  4.114142868E+00 
         8  1.999999955E-02 -2.658904344E-02  6.562000141E-03  4.223914145E+00 
         9  1.999999955E-02 -2.673304267E-02  6.562000141E-03  4.304916606E+00 
        10  1.999999955E-02 -2.687704377E-02  6.562000141E-03  4.372199294E+00 
        11  1.999999955E-02 -2.702104300E-02  6.562000141E-03  4.359689851E+00 
        12  1.999999955E-02 -2.716504224E-02  6.562000141E-03  4.246882491E+00 
        13  1.999999955E-02 -2.730904333E-02  6.562000141E-03  4.149064576E+00 
        14  1.999999955E-02 -2.745304257E-02  6.562000141E-03  4.048432771E+00 
        15  1.999999955E-02 -2.759704366E-02  6.562000141E-03  3.895892458E+00 
        16  1.999999955E-02 -2.774104290E-02  6.562000141E-03  3.702867614E+00 
        17  1.999999955E-02 -2.788504399E-02  6.562000141E-03  3.589256004E+00 
        18  1.999999955E-02 -2.802904323E-02  6.562000141E-03  3.563391159E+00 
        19  1.999999955E-02 -2.817304432E-02  6.562000141E-03  3.440427592E+00 
        20  1.999999955E-02 -2.831704356E-02  6.562000141E-03  3.567259431E+00 
        21  1.999999955E-02 -2.846104279E-02  6.562000141E-03  3.836418698E+00 
        22  1.999999955E-02 -2.860504203E-02  6.562000141E-03  4.005535092E+00 
        23  1.999999955E-02 -2.874904312E-02  6.562000141E-03  4.020284129E+00 
        24  1.999999955E-02 -2.889304236E-02  6.562000141E-03  4.000466297E+00 
        25  1.999999955E-02 -2.903704345E-02  6.562000141E-03  3.970903537E+00 
        26  1.999999955E-02 -2.918104269E-02  6.562000141E-03  3.911265972E+00 
        27  1.999999955E-02 -2.932504378E-02  6.562000141E-03  3.894459782E+00 
        28  1.999999955E-02 -2.946904302E-02  6.562000141E-03  3.964223728E+00 
        29  1.999999955E-02 -2.959104441E-02  6.562000141E-03  4.060761007E+00 
        30  1.999999955E-02 -2.971169166E-02  6.562000606E-03  4.116899523E+00 
        31  1.999999955E-02 -2.980891429E-02  6.562000141E-03  4.072617268E+00 
        32  1.999999955E-02 -2.984774485E-02  6.562000141E-03  3.211759168E+00 
