cellnumber     x-coordinate     y-coordinate     z-coordinate velocity-magnitude 
         1  1.999999955E-02 -2.984774485E-02  6.562000141E-03  1.461782697E+00 
         2  1.999999955E-02 -2.980891429E-02  6.562000141E-03  1.807049428E+00 
         3  1.999999955E-02 -2.971169166E-02  6.562000141E-03  2.351570635E+00 
         4  1.999999955E-02 -2.959104441E-02  6.562000141E-03  2.491785004E+00 
         5  1.999999955E-02 -2.946904302E-02  6.562000141E-03  2.755719783E+00 
         6  1.999999955E-02 -2.932504192E-02  6.562000141E-03  3.490401873E+00 
         7  1.999999955E-02 -2.918104269E-02  6.562000141E-03  3.652463462E+00 
         8  1.999999955E-02 -2.903704345E-02  6.562000141E-03  3.733640482E+00 
         9  1.999999955E-02 -2.889304236E-02  6.562000141E-03  3.686713621E+00 
        10  1.999999955E-02 -2.874904312E-02  6.562000141E-03  3.560934455E+00 
        11  1.999999955E-02 -2.860504203E-02  6.562000141E-03  3.488960993E+00 
        12  1.999999955E-02 -2.846104279E-02  6.562000141E-03  3.481208514E+00 
        13  1.999999955E-02 -2.831704356E-02  6.562000141E-03  3.514380817E+00 
        14  1.999999955E-02 -2.817304246E-02  6.562000141E-03  3.524653148E+00 
        15  1.999999955E-02 -2.802904323E-02  6.562000141E-03  3.497910593E+00 
        16  1.999999955E-02 -2.788504213E-02  6.562000141E-03  3.404503914E+00 
        17  1.999999955E-02 -2.774104290E-02  6.562000141E-03  3.455120107E+00 
        18  1.999999955E-02 -2.759704366E-02  6.562000141E-03  3.591457277E+00 
        19  1.999999955E-02 -2.745304257E-02  6.562000141E-03  3.629539227E+00 
        20  1.999999955E-02 -2.730904333E-02  6.562000141E-03  3.609264272E+00 
        21  1.999999955E-02 -2.716504224E-02  6.562000141E-03  3.577694994E+00 
        22  1.999999955E-02 -2.702104300E-02  6.562000141E-03  3.531792397E+00 
        23  1.999999955E-02 -2.687704377E-02  6.562000141E-03  3.346827454E+00 
        24  1.999999955E-02 -2.673304267E-02  6.562000141E-03  2.969547387E+00 
        25  1.999999955E-02 -2.658904344E-02  6.562000141E-03  2.837961642E+00 
        26  1.999999955E-02 -2.644504234E-02  6.562000141E-03  2.820300378E+00 
        27  1.999999955E-02 -2.630104311E-02  6.562000141E-03  2.914863153E+00 
        28  1.999999955E-02 -2.615704387E-02  6.562000141E-03  3.004441988E+00 
        29  1.999998651E-02 -2.607314475E-02  6.562000141E-03  3.105798615E+00 
        30  1.999994740E-02 -2.602700889E-02  6.562000141E-03  2.982188256E+00 
        31  1.999996044E-02 -2.592459694E-02  6.562000141E-03  3.156161486E+00 
        32  1.999999955E-02 -2.583321184E-02  6.561999675E-03  3.011856458E+00 
