cellnumber     x-coordinate     y-coordinate     z-coordinate velocity-magnitude 
         1  1.999999955E-02 -2.583321184E-02  6.562000141E-03  3.155356530E+00 
         2  1.999996044E-02 -2.592459694E-02  6.562000141E-03  3.385044367E+00 
         3  1.999994740E-02 -2.602700889E-02  6.562000141E-03  3.559474670E+00 
         4  1.999998651E-02 -2.607314475E-02  6.562000141E-03  3.729916616E+00 
         5  1.999999955E-02 -2.615704387E-02  6.562000141E-03  3.802360502E+00 
         6  1.999999955E-02 -2.630104311E-02  6.562000141E-03  3.849329457E+00 
         7  1.999999955E-02 -2.644504234E-02  6.562000141E-03  3.748761638E+00 
         8  1.999999955E-02 -2.658904344E-02  6.562000141E-03  3.482016028E+00 
         9  1.999999955E-02 -2.673304267E-02  6.562000141E-03  3.348278431E+00 
        10  1.999999955E-02 -2.687704377E-02  6.562000141E-03  3.389166406E+00 
        11  1.999999955E-02 -2.702104300E-02  6.562000141E-03  3.508961592E+00 
        12  1.999999955E-02 -2.716504224E-02  6.562000141E-03  3.666444190E+00 
        13  1.999999955E-02 -2.730904333E-02  6.562000141E-03  3.817447905E+00 
        14  1.999999955E-02 -2.745304257E-02  6.562000141E-03  3.837944051E+00 
        15  1.999999955E-02 -2.759704366E-02  6.562000141E-03  3.798225832E+00 
        16  1.999999955E-02 -2.774104290E-02  6.562000141E-03  3.659470851E+00 
        17  1.999999955E-02 -2.788504213E-02  6.562000141E-03  3.502984318E+00 
        18  1.999999955E-02 -2.802904323E-02  6.562000141E-03  3.574080656E+00 
        19  1.999999955E-02 -2.817304246E-02  6.562000141E-03  3.889249443E+00 
        20  1.999999955E-02 -2.831704356E-02  6.562000141E-03  3.996726158E+00 
        21  1.999999955E-02 -2.846104279E-02  6.562000141E-03  3.835478667E+00 
        22  1.999999955E-02 -2.860504203E-02  6.562000141E-03  3.733642121E+00 
        23  1.999999955E-02 -2.874904312E-02  6.562000141E-03  3.879791438E+00 
        24  1.999999955E-02 -2.889304236E-02  6.562000141E-03  3.844210651E+00 
        25  1.999999955E-02 -2.903704345E-02  6.562000141E-03  3.261548441E+00 
        26  1.999999955E-02 -2.918104269E-02  6.562000141E-03  3.145918984E+00 
        27  1.999999955E-02 -2.932504192E-02  6.562000141E-03  3.366358701E+00 
        28  1.999999955E-02 -2.946904302E-02  6.562000141E-03  3.040592654E+00 
        29  1.999999955E-02 -2.959104441E-02  6.562000141E-03  2.278477255E+00 
        30  1.999999955E-02 -2.971169166E-02  6.562000141E-03  1.948710461E+00 
        31  1.999999955E-02 -2.980891429E-02  6.562000141E-03  1.583712706E+00 
        32  1.999999955E-02 -2.984774485E-02  6.562000141E-03  1.307378961E+00 
