cellnumber     x-coordinate     y-coordinate     z-coordinate velocity-magnitude 
         1  1.999999955E-02 -2.984774485E-02  6.562000141E-03  1.890153750E+00 
         2  1.999999955E-02 -2.980891429E-02  6.562000141E-03  2.519879328E+00 
         3  1.999999955E-02 -2.971169166E-02  6.562000141E-03  3.301899299E+00 
         4  1.999999955E-02 -2.959104441E-02  6.562000141E-03  3.120827823E+00 
         5  1.999999955E-02 -2.946904302E-02  6.562000141E-03  3.124589537E+00 
         6  1.999999955E-02 -2.932504192E-02  6.562000141E-03  3.745819131E+00 
         7  1.999999955E-02 -2.918104269E-02  6.562000141E-03  4.115876678E+00 
         8  1.999999955E-02 -2.903704345E-02  6.562000141E-03  4.224103456E+00 
         9  1.999999955E-02 -2.889304236E-02  6.562000141E-03  4.303754882E+00 
        10  1.999999955E-02 -2.874904312E-02  6.562000141E-03  4.325180708E+00 
        11  1.999999955E-02 -2.860504203E-02  6.562000141E-03  4.306643772E+00 
        12  1.999999955E-02 -2.846104279E-02  6.562000141E-03  4.231793787E+00 
        13  1.999999955E-02 -2.831704356E-02  6.562000141E-03  4.107039363E+00 
        14  1.999999955E-02 -2.817304246E-02  6.562000141E-03  3.630756909E+00 
        15  1.999999955E-02 -2.802904323E-02  6.562000141E-03  3.553096955E+00 
        16  1.999999955E-02 -2.788504213E-02  6.562000141E-03  3.579384128E+00 
        17  1.999999955E-02 -2.774104290E-02  6.562000141E-03  3.399737055E+00 
        18  1.999999955E-02 -2.759704366E-02  6.562000141E-03  3.476471063E+00 
        19  1.999999955E-02 -2.745304257E-02  6.562000141E-03  3.834804696E+00 
        20  1.999999955E-02 -2.730904333E-02  6.562000141E-03  3.873539219E+00 
        21  1.999999955E-02 -2.716504224E-02  6.562000141E-03  3.522242113E+00 
        22  1.999999955E-02 -2.702104300E-02  6.562000141E-03  3.238451943E+00 
        23  1.999999955E-02 -2.687704377E-02  6.562000141E-03  3.007145446E+00 
        24  1.999999955E-02 -2.673304267E-02  6.562000141E-03  2.750288435E+00 
        25  1.999999955E-02 -2.658904344E-02  6.562000141E-03  2.759463730E+00 
        26  1.999999955E-02 -2.644504234E-02  6.562000141E-03  2.866574467E+00 
        27  1.999999955E-02 -2.630104311E-02  6.562000141E-03  2.896853858E+00 
        28  1.999999955E-02 -2.615704387E-02  6.562000141E-03  3.036010732E+00 
        29  1.999998651E-02 -2.607314475E-02  6.562000141E-03  3.191736685E+00 
        30  1.999994740E-02 -2.602700889E-02  6.562000141E-03  3.188785596E+00 
        31  1.999996044E-02 -2.592459694E-02  6.562000141E-03  3.258280859E+00 
        32  1.999999955E-02 -2.583321184E-02  6.561999675E-03  3.207561428E+00 
