cellnumber     x-coordinate     y-coordinate     z-coordinate velocity-magnitude 
         1  1.999999955E-02 -2.984774485E-02  6.562000141E-03  7.170329915E-01 
         2  1.999999955E-02 -2.980891429E-02  6.562000141E-03  8.379307990E-01 
         3  1.999999955E-02 -2.971169166E-02  6.562000141E-03  1.086575529E+00 
         4  1.999999955E-02 -2.959104441E-02  6.562000141E-03  1.400858228E+00 
         5  1.999999955E-02 -2.946904302E-02  6.562000141E-03  1.823263534E+00 
         6  1.999999955E-02 -2.932504192E-02  6.562000141E-03  2.609549223E+00 
         7  1.999999955E-02 -2.918104269E-02  6.562000141E-03  3.150886985E+00 
         8  1.999999955E-02 -2.903704345E-02  6.562000141E-03  3.880833999E+00 
         9  1.999999955E-02 -2.889304236E-02  6.562000141E-03  4.339285921E+00 
        10  1.999999955E-02 -2.874904312E-02  6.562000141E-03  4.348882484E+00 
        11  1.999999955E-02 -2.860504203E-02  6.562000141E-03  4.292344764E+00 
        12  1.999999955E-02 -2.846104279E-02  6.562000141E-03  4.217447917E+00 
        13  1.999999955E-02 -2.831704356E-02  6.562000141E-03  4.117805630E+00 
        14  1.999999955E-02 -2.817304246E-02  6.562000141E-03  4.043815419E+00 
        15  1.999999955E-02 -2.802904323E-02  6.562000141E-03  4.016032246E+00 
        16  1.999999955E-02 -2.788504213E-02  6.562000141E-03  4.004692794E+00 
        17  1.999999955E-02 -2.774104290E-02  6.562000141E-03  4.002489857E+00 
        18  1.999999955E-02 -2.759704366E-02  6.562000141E-03  3.990087326E+00 
        19  1.999999955E-02 -2.745304257E-02  6.562000141E-03  3.963126648E+00 
        20  1.999999955E-02 -2.730904333E-02  6.562000141E-03  3.909358902E+00 
        21  1.999999955E-02 -2.716504224E-02  6.562000141E-03  3.845102773E+00 
        22  1.999999955E-02 -2.702104300E-02  6.562000141E-03  3.802024830E+00 
        23  1.999999955E-02 -2.687704377E-02  6.562000141E-03  3.732869017E+00 
        24  1.999999955E-02 -2.673304267E-02  6.562000141E-03  3.727302078E+00 
        25  1.999999955E-02 -2.658904344E-02  6.562000141E-03  3.558583233E+00 
        26  1.999999955E-02 -2.644504234E-02  6.562000141E-03  3.099965787E+00 
        27  1.999999955E-02 -2.630104311E-02  6.562000141E-03  2.897402062E+00 
        28  1.999999955E-02 -2.615704387E-02  6.562000141E-03  2.918804358E+00 
        29  1.999998651E-02 -2.607314475E-02  6.562000141E-03  3.007200594E+00 
        30  1.999994740E-02 -2.602700889E-02  6.562000141E-03  3.010226574E+00 
        31  1.999996044E-02 -2.592459694E-02  6.562000141E-03  3.114350750E+00 
        32  1.999999955E-02 -2.583321184E-02  6.561999675E-03  3.103737321E+00 
