cellnumber     x-coordinate     y-coordinate     z-coordinate velocity-magnitude 
         1  1.999999955E-02 -2.984774485E-02  6.562000141E-03  1.325744717E+00 
         2  1.999999955E-02 -2.980891429E-02  6.562000141E-03  1.563209258E+00 
         3  1.999999955E-02 -2.971169166E-02  6.562000141E-03  1.948018062E+00 
         4  1.999999955E-02 -2.959104441E-02  6.562000141E-03  2.373303653E+00 
         5  1.999999955E-02 -2.946904302E-02  6.562000141E-03  2.937164771E+00 
         6  1.999999955E-02 -2.932504192E-02  6.562000141E-03  3.013468869E+00 
         7  1.999999955E-02 -2.918104269E-02  6.562000141E-03  3.521210277E+00 
         8  1.999999955E-02 -2.903704345E-02  6.562000141E-03  3.906129575E+00 
         9  1.999999955E-02 -2.889304236E-02  6.562000141E-03  3.992540173E+00 
        10  1.999999955E-02 -2.874904312E-02  6.562000141E-03  4.011977335E+00 
        11  1.999999955E-02 -2.860504203E-02  6.562000141E-03  3.970273924E+00 
        12  1.999999955E-02 -2.846104279E-02  6.562000141E-03  3.947478341E+00 
        13  1.999999955E-02 -2.831704356E-02  6.562000141E-03  3.943428971E+00 
        14  1.999999955E-02 -2.817304246E-02  6.562000141E-03  4.000123472E+00 
        15  1.999999955E-02 -2.802904323E-02  6.562000141E-03  4.015927799E+00 
        16  1.999999955E-02 -2.788504213E-02  6.562000141E-03  3.925817481E+00 
        17  1.999999955E-02 -2.774104290E-02  6.562000141E-03  3.787736039E+00 
        18  1.999999955E-02 -2.759704366E-02  6.562000141E-03  3.725316181E+00 
        19  1.999999955E-02 -2.745304257E-02  6.562000141E-03  3.805820123E+00 
        20  1.999999955E-02 -2.730904333E-02  6.562000141E-03  3.938169922E+00 
        21  1.999999955E-02 -2.716504224E-02  6.562000141E-03  4.041653868E+00 
        22  1.999999955E-02 -2.702104300E-02  6.562000141E-03  4.065570362E+00 
        23  1.999999955E-02 -2.687704377E-02  6.562000141E-03  3.978262920E+00 
        24  1.999999955E-02 -2.673304267E-02  6.562000141E-03  3.907167505E+00 
        25  1.999999955E-02 -2.658904344E-02  6.562000141E-03  3.897622146E+00 
        26  1.999999955E-02 -2.644504234E-02  6.562000141E-03  3.893053240E+00 
        27  1.999999955E-02 -2.630104311E-02  6.562000141E-03  3.849396190E+00 
        28  1.999999955E-02 -2.615704387E-02  6.562000141E-03  3.774621715E+00 
        29  1.999998651E-02 -2.607314475E-02  6.562000141E-03  3.720617519E+00 
        30  1.999994740E-02 -2.602700889E-02  6.562000141E-03  3.617477198E+00 
        31  1.999996044E-02 -2.592459694E-02  6.562000141E-03  3.587178264E+00 
        32  1.999999955E-02 -2.583321184E-02  6.561999675E-03  3.301328712E+00 
