cellnumber     x-coordinate     y-coordinate     z-coordinate velocity-magnitude 
         1 -1.356250327E-02 -1.356249396E-02  6.562000141E-03  5.292085775E+00 
         2 -1.368750352E-02 -1.368749421E-02  6.562000141E-03  5.210504515E+00 
         3 -5.562502425E-03 -5.562494509E-03  6.562000141E-03  1.791769597E+00 
         4 -5.687502678E-03 -5.687494297E-03  6.562000141E-03  1.659826218E+00 
         5 -5.812502466E-03 -5.812494550E-03  6.562000141E-03  1.413390954E+00 
         6 -5.937502719E-03 -5.937494338E-03  6.562000141E-03  1.091496850E+00 
         7 -6.062502507E-03 -6.062494591E-03  6.562000141E-03  8.654465348E-01 
         8 -6.187502760E-03 -6.187494379E-03  6.562000141E-03  1.027952641E+00 
         9 -6.312502548E-03 -6.312494632E-03  6.562000141E-03  1.397086856E+00 
        10 -6.437502801E-03 -6.437494420E-03  6.562000141E-03  1.784103558E+00 
        11 -6.562502589E-03 -6.562494207E-03  6.562000141E-03  1.840595293E+00 
        12 -6.687502842E-03 -6.687494460E-03  6.562000141E-03  1.784932755E+00 
        13 -6.812502630E-03 -6.812494248E-03  6.562000141E-03  1.557656157E+00 
        14 -6.937502883E-03 -6.937494501E-03  6.562000141E-03  1.509885068E+00 
        15 -7.062502671E-03 -7.062494289E-03  6.562000141E-03  1.871042474E+00 
        16 -7.187502924E-03 -7.187494542E-03  6.562000141E-03  2.023096898E+00 
        17 -1.331250276E-02 -1.331249438E-02  6.562000141E-03  5.188163393E+00 
        18 -1.318750344E-02 -1.318749413E-02  6.562000141E-03  5.011064887E+00 
        19 -1.306250319E-02 -1.306249388E-02  6.562000141E-03  4.892989047E+00 
        20 -1.293750294E-02 -1.293749362E-02  6.562000141E-03  4.859025034E+00 
        21 -1.281250268E-02 -1.281249430E-02  6.562000141E-03  4.823895281E+00 
        22 -1.268750336E-02 -1.268749405E-02  6.562000141E-03  4.768292315E+00 
        23 -1.256250311E-02 -1.256249379E-02  6.562000141E-03  4.691148540E+00 
        24 -1.243750285E-02 -1.243749447E-02  6.562000141E-03  4.602666462E+00 
        25 -1.231250353E-02 -1.231249422E-02  6.562000141E-03  4.514477687E+00 
        26 -1.218750328E-02 -1.218749397E-02  6.562000141E-03  4.429828926E+00 
        27 -1.206250302E-02 -1.206249371E-02  6.562000141E-03  4.345274521E+00 
        28 -1.193750277E-02 -1.193749439E-02  6.562000141E-03  4.255859372E+00 
        29 -1.181250345E-02 -1.181249414E-02  6.562000141E-03  4.167577002E+00 
        30 -1.168750320E-02 -1.168749388E-02  6.562000141E-03  4.094199353E+00 
        31 -1.156250294E-02 -1.156249456E-02  6.562000141E-03  4.041445047E+00 
        32 -1.143750269E-02 -1.143749431E-02  6.562000141E-03  3.992533393E+00 
        33 -1.131250337E-02 -1.131249405E-02  6.562000141E-03  3.931438882E+00 
        34 -1.118750311E-02 -1.118749380E-02  6.562000141E-03  3.842996043E+00 
        35 -1.106250286E-02 -1.106249448E-02  6.562000141E-03  3.731908326E+00 
        36 -1.093750261E-02 -1.093749423E-02  6.562000141E-03  3.642926106E+00 
        37 -1.081250329E-02 -1.081249397E-02  6.562000141E-03  3.590962483E+00 
        38 -1.068750303E-02 -1.068749372E-02  6.562000141E-03  3.560852849E+00 
        39 -1.056250278E-02 -1.056249440E-02  6.562000141E-03  3.544069179E+00 
        40 -1.043750253E-02 -1.043749414E-02  6.562000141E-03  3.550064395E+00 
        41 -1.031250320E-02 -1.031249389E-02  6.562000141E-03  3.564805255E+00 
        42 -1.018750295E-02 -1.018749457E-02  6.562000141E-03  3.550846076E+00 
        43 -1.006250270E-02 -1.006249432E-02  6.562000141E-03  3.438353820E+00 
        44 -9.937503375E-03 -9.937494062E-03  6.562000141E-03  3.294039820E+00 
        45 -9.812503122E-03 -9.812493809E-03  6.562000141E-03  3.209891870E+00 
        46 -9.687502868E-03 -9.687494487E-03  6.562000141E-03  3.223036041E+00 
        47 -9.562502615E-03 -9.562494233E-03  6.562000141E-03  3.290805938E+00 
        48 -9.437503293E-03 -9.437493980E-03  6.562000141E-03  3.204537764E+00 
        49 -9.312503040E-03 -9.312494658E-03  6.562000141E-03  3.059565411E+00 
        50 -9.187502787E-03 -9.187494405E-03  6.562000141E-03  3.021143559E+00 
        51 -9.062502533E-03 -9.062494151E-03  6.562000141E-03  2.943455272E+00 
        52 -8.937503211E-03 -8.937493898E-03  6.562000141E-03  2.870285587E+00 
        53 -8.812502958E-03 -8.812494576E-03  6.562000141E-03  2.877578410E+00 
        54 -8.687502705E-03 -8.687494323E-03  6.562000141E-03  2.982005559E+00 
        55 -8.562502451E-03 -8.562494069E-03  6.562000141E-03  2.824234199E+00 
        56 -8.437503129E-03 -8.437494747E-03  6.562000141E-03  2.552804023E+00 
        57 -8.312502876E-03 -8.312494494E-03  6.562000141E-03  2.410753353E+00 
        58 -8.187502623E-03 -8.187494241E-03  6.562000141E-03  2.310613844E+00 
        59 -8.062502369E-03 -8.062493987E-03  6.562000141E-03  2.400573128E+00 
        60 -7.937503047E-03 -7.937494665E-03  6.562000141E-03  2.648500876E+00 
        61 -7.812502794E-03 -7.812494412E-03  6.562000141E-03  2.584240541E+00 
        62 -7.687502541E-03 -7.687494159E-03  6.562000141E-03  2.485041192E+00 
        63 -7.562502753E-03 -7.562494371E-03  6.562000141E-03  2.274492441E+00 
        64 -7.437502965E-03 -7.437494118E-03  6.562000141E-03  2.106773126E+00 
        65 -7.312502712E-03 -7.312494330E-03  6.562000141E-03  2.025205104E+00 
        66 -2.830386627E-03 -2.830386627E-03  6.562000606E-03  1.062280052E+00 
        67 -2.835483057E-03 -2.835483057E-03  6.562000606E-03  1.086333588E+00 
        68 -2.841603942E-03 -2.841603942E-03  6.562000141E-03  1.107302599E+00 
        69 -2.848957200E-03 -2.848957200E-03  6.562000141E-03  1.121801357E+00 
        70 -2.857792191E-03 -2.857792191E-03  6.562000141E-03  1.125056075E+00 
        71 -2.868410666E-03 -2.868410666E-03  6.562000141E-03  1.110481575E+00 
        72 -2.881176071E-03 -2.881176071E-03  6.562000606E-03  1.072118591E+00 
        73 -2.896528924E-03 -2.896528924E-03  6.562000141E-03  1.005392615E+00 
        74 -2.915001474E-03 -2.915001474E-03  6.562000141E-03  9.194153490E-01 
        75 -2.937239595E-03 -2.937239595E-03  6.562000606E-03  8.357696262E-01 
        76 -2.974424278E-03 -2.974424278E-03  6.562000606E-03  7.936207459E-01 
        77 -3.062231001E-03 -3.062227275E-03  6.562000141E-03  8.872430592E-01 
        78 -3.187502269E-03 -3.187494585E-03  6.562000141E-03  9.729279421E-01 
        79 -3.312502289E-03 -3.312494606E-03  6.562000141E-03  1.059847369E+00 
        80 -3.437502310E-03 -3.437494393E-03  6.562000141E-03  1.181546265E+00 
        81 -3.562502330E-03 -3.562494414E-03  6.562000141E-03  1.318679805E+00 
        82 -3.687502351E-03 -3.687494434E-03  6.562000141E-03  1.475520396E+00 
        83 -3.812502371E-03 -3.812494455E-03  6.562000141E-03  1.623369386E+00 
        84 -3.937502392E-03 -3.937494475E-03  6.562000141E-03  1.654216407E+00 
        85 -4.062502645E-03 -4.062494729E-03  6.562000141E-03  1.560247854E+00 
        86 -4.187502433E-03 -4.187494516E-03  6.562000141E-03  1.623605182E+00 
        87 -4.312502686E-03 -4.312494770E-03  6.562000141E-03  1.743856819E+00 
        88 -4.437502474E-03 -4.437494557E-03  6.562000141E-03  1.227354946E+00 
        89 -4.562502727E-03 -4.562494345E-03  6.562000141E-03  1.143435088E+00 
        90 -4.687502515E-03 -4.687494598E-03  6.562000141E-03  1.603192172E+00 
        91 -4.812502768E-03 -4.812494386E-03  6.562000141E-03  1.836161137E+00 
        92 -4.937502556E-03 -4.937494639E-03  6.562000141E-03  1.874006358E+00 
        93 -5.062502809E-03 -5.062494427E-03  6.562000141E-03  1.885985468E+00 
        94 -5.187502597E-03 -5.187494680E-03  6.562000141E-03  1.919814645E+00 
        95 -5.312502850E-03 -5.312494468E-03  6.562000141E-03  1.910398629E+00 
        96 -5.437502638E-03 -5.437494256E-03  6.562000141E-03  1.842532330E+00 
        97 -1.843750291E-02 -1.843749359E-02  6.562000141E-03  5.549269287E+00 
        98 -1.831250265E-02 -1.831249334E-02  6.562000141E-03  5.745537027E+00 
        99 -1.818750240E-02 -1.818749309E-02  6.562000141E-03  5.684032430E+00 
       100 -1.806250401E-02 -1.806249283E-02  6.562000141E-03  5.562697451E+00 
       101 -1.793750376E-02 -1.793749258E-02  6.562000141E-03  5.579968506E+00 
       102 -1.781250350E-02 -1.781249419E-02  6.562000141E-03  5.716220026E+00 
       103 -1.768750325E-02 -1.768749394E-02  6.562000141E-03  5.790529239E+00 
       104 -1.756250300E-02 -1.756249368E-02  6.562000141E-03  6.041453956E+00 
       105 -1.743750274E-02 -1.743749343E-02  6.562000141E-03  5.997663373E+00 
       106 -1.731250249E-02 -1.731249318E-02  6.562000141E-03  5.805033719E+00 
       107 -1.718750224E-02 -1.718749292E-02  6.562000141E-03  5.776959598E+00 
       108 -1.706250384E-02 -1.706249267E-02  6.562000141E-03  5.845731640E+00 
       109 -1.895638742E-02 -1.895638742E-02  6.562000606E-03  4.488952013E+00 
       110 -1.889957115E-02 -1.889957115E-02  6.562000141E-03  4.534604487E+00 
       111 -1.880222373E-02 -1.880222000E-02  6.562000141E-03  4.918684008E+00 
       112 -1.868750341E-02 -1.868749410E-02  6.562000141E-03  5.221958962E+00 
       113 -1.856250316E-02 -1.856249385E-02  6.562000141E-03  5.348532517E+00 
       114 -1.898222044E-02 -1.898222044E-02  6.562000606E-03  4.468332442E+00 
       115 -1.904012822E-02 -1.904012822E-02  6.562000141E-03  4.454321064E+00 
       116 -1.912219450E-02 -1.912219450E-02  6.562000606E-03  4.439335227E+00 
       117 -1.916676387E-02 -1.916676387E-02  6.562000606E-03  4.440773155E+00 
       118 -1.923896931E-02 -1.923896931E-02  6.562000141E-03  4.340991630E+00 
       119 -1.931096986E-02 -1.931096986E-02  6.562000141E-03  4.358366829E+00 
       120 -1.938296854E-02 -1.938296854E-02  6.562000141E-03  4.211826326E+00 
       121 -1.945496909E-02 -1.945496909E-02  6.562000141E-03  4.239907468E+00 
       122 -1.952696964E-02 -1.952696964E-02  6.562000141E-03  4.087314923E+00 
       123 -1.959896833E-02 -1.959896833E-02  6.562000606E-03  4.039898829E+00 
       124 -1.967096888E-02 -1.967096888E-02  6.562000141E-03  3.908665945E+00 
       125 -1.974296942E-02 -1.974296942E-02  6.562000141E-03  3.926365245E+00 
       126 -1.981496811E-02 -1.981496811E-02  6.562000141E-03  3.861264977E+00 
       127 -1.988696866E-02 -1.988696866E-02  6.562000141E-03  3.897317109E+00 
       128 -2.121081017E-02 -2.121081017E-02  6.562000141E-03  9.476857616E-02 
       129 -2.120563947E-02 -2.120563947E-02  6.562000141E-03  2.800360959E-01 
       130 -2.119943500E-02 -2.119943500E-02  6.562000606E-03  4.951339182E-01 
       131 -2.119199000E-02 -2.119199000E-02  6.562000141E-03  7.449580569E-01 
       132 -2.118305862E-02 -2.118305862E-02  6.562000141E-03  1.035051593E+00 
       133 -2.117234282E-02 -2.117234282E-02  6.562000606E-03  1.371533554E+00 
       134 -2.115948685E-02 -2.115948685E-02  6.562000606E-03  1.758380893E+00 
       135 -2.114406601E-02 -2.114406601E-02  6.562000606E-03  2.202984790E+00 
       136 -2.112556621E-02 -2.112556621E-02  6.562000606E-03  2.702176509E+00 
       137 -2.110337466E-02 -2.110337466E-02  6.562000606E-03  3.272737176E+00 
       138 -2.106651478E-02 -2.106651478E-02  6.562000606E-03  4.047013045E+00 
       139 -2.102797665E-02 -2.102797665E-02  6.562000141E-03  4.507638278E+00 
       140 -2.100796066E-02 -2.100796066E-02  6.562000141E-03  4.668869731E+00 
       141 -2.095155232E-02 -2.095155232E-02  6.562000141E-03  4.778017051E+00 
       142 -2.089514025E-02 -2.089514025E-02  6.562000141E-03  4.853537602E+00 
       143 -2.082296833E-02 -2.082296833E-02  6.562000141E-03  4.929358613E+00 
       144 -2.075096779E-02 -2.075096779E-02  6.562000141E-03  4.895052752E+00 
       145 -2.067896910E-02 -2.067896910E-02  6.562000141E-03  4.929788681E+00 
       146 -2.060696855E-02 -2.060696855E-02  6.562000141E-03  4.932939788E+00 
       147 -2.053496987E-02 -2.053496987E-02  6.562000606E-03  4.877778874E+00 
       148 -2.046296932E-02 -2.046296932E-02  6.562000141E-03  4.758688336E+00 
       149 -2.039096877E-02 -2.039096877E-02  6.562000141E-03  4.659478034E+00 
       150 -2.031897008E-02 -2.031897008E-02  6.562000606E-03  4.517802554E+00 
       151 -2.024696954E-02 -2.024696954E-02  6.562000141E-03  4.423160081E+00 
       152 -2.017496899E-02 -2.017496899E-02  6.562000141E-03  4.139618417E+00 
       153 -2.010296844E-02 -2.010296844E-02  6.562000141E-03  4.049839891E+00 
       154 -2.003096975E-02 -2.003096975E-02  6.562000141E-03  3.920810146E+00 
       155 -1.995896921E-02 -1.995896921E-02  6.562000141E-03  3.876714416E+00 
       156 -1.693750359E-02 -1.693749428E-02  6.562000141E-03  5.870410860E+00 
       157 -1.681250334E-02 -1.681249402E-02  6.562000141E-03  5.870343662E+00 
       158 -1.668750308E-02 -1.668749377E-02  6.562000141E-03  5.827495380E+00 
       159 -1.656250283E-02 -1.656249352E-02  6.562000141E-03  5.854115419E+00 
       160 -1.643750258E-02 -1.643749326E-02  6.562000141E-03  5.840534292E+00 
       161 -1.631250232E-02 -1.631249301E-02  6.562000141E-03  5.838250515E+00 
       162 -1.618750393E-02 -1.618749276E-02  6.562000141E-03  5.849833725E+00 
       163 -1.606250368E-02 -1.606249437E-02  6.562000141E-03  5.873129878E+00 
       164 -1.593750343E-02 -1.593749411E-02  6.562000141E-03  5.902471413E+00 
       165 -1.581250317E-02 -1.581249386E-02  6.562000141E-03  5.867432510E+00 
       166 -1.568750292E-02 -1.568749361E-02  6.562000141E-03  5.745815291E+00 
       167 -1.556250360E-02 -1.556249429E-02  6.562000141E-03  5.625987579E+00 
       168 -1.543750335E-02 -1.543749403E-02  6.562000141E-03  5.509795003E+00 
       169 -1.531250309E-02 -1.531249378E-02  6.562000141E-03  5.320382238E+00 
       170 -1.518750284E-02 -1.518749353E-02  6.562000141E-03  5.198245332E+00 
       171 -1.506250352E-02 -1.506249420E-02  6.562000141E-03  5.131885442E+00 
       172 -1.493750326E-02 -1.493749395E-02  6.562000141E-03  5.075755954E+00 
       173 -1.481250301E-02 -1.481249370E-02  6.562000141E-03  5.023799794E+00 
       174 -1.468750369E-02 -1.468749344E-02  6.562000141E-03  4.966889119E+00 
       175 -1.456250343E-02 -1.456249412E-02  6.562000141E-03  4.896651293E+00 
       176 -1.443750318E-02 -1.443749387E-02  6.562000141E-03  4.866769246E+00 
       177 -1.431250293E-02 -1.431249361E-02  6.562000141E-03  4.896500576E+00 
       178 -1.418750361E-02 -1.418749429E-02  6.562000141E-03  4.939600380E+00 
       179 -1.406250335E-02 -1.406249404E-02  6.562000141E-03  4.969054665E+00 
       180 -1.393750310E-02 -1.393749379E-02  6.562000141E-03  5.017362240E+00 
       181 -1.381250285E-02 -1.381249353E-02  6.562000141E-03  5.103117095E+00 
       182 -1.343750302E-02 -1.343749370E-02  6.562000141E-03  5.282739121E+00 
