cellnumber     x-coordinate     y-coordinate     z-coordinate velocity-magnitude 
         1 -1.818749495E-02 -1.818749681E-02  6.562000141E-03  5.267856905E+00 
         2 -1.806249656E-02 -1.806249656E-02  6.562000141E-03  5.821462673E+00 
         3 -1.793749630E-02 -1.793749630E-02  6.562000141E-03  5.835000340E+00 
         4 -1.781249605E-02 -1.781249605E-02  6.562000141E-03  5.934013879E+00 
         5 -1.768749580E-02 -1.768749580E-02  6.562000141E-03  5.965453713E+00 
         6 -1.756249554E-02 -1.756249741E-02  6.562000141E-03  6.002543992E+00 
         7 -1.743749529E-02 -1.743749715E-02  6.562000141E-03  6.023309548E+00 
         8 -1.731249504E-02 -1.731249690E-02  6.562000141E-03  6.020389052E+00 
         9 -1.718749478E-02 -1.718749665E-02  6.562000141E-03  6.057728244E+00 
        10 -1.706249639E-02 -1.706249639E-02  6.562000141E-03  6.141840594E+00 
        11 -1.693749614E-02 -1.693749614E-02  6.562000141E-03  6.051654895E+00 
        12 -1.681249589E-02 -1.681249589E-02  6.562000141E-03  5.693607707E+00 
        13 -1.668749563E-02 -1.668749750E-02  6.562000141E-03  5.663943940E+00 
        14 -1.656249538E-02 -1.656249724E-02  6.562000141E-03  5.713750611E+00 
        15 -1.643749513E-02 -1.643749699E-02  6.562000141E-03  5.806522319E+00 
        16 -1.631249487E-02 -1.631249674E-02  6.562000141E-03  5.830718427E+00 
        17 -1.618749648E-02 -1.618749648E-02  6.562000141E-03  5.820508660E+00 
        18 -1.606249623E-02 -1.606249623E-02  6.562000141E-03  5.749544249E+00 
        19 -1.593749598E-02 -1.593749598E-02  6.562000141E-03  5.683388094E+00 
        20 -1.581249572E-02 -1.581249759E-02  6.562000141E-03  5.617447498E+00 
        21 -1.568749547E-02 -1.568749733E-02  6.562000141E-03  5.530628300E+00 
        22 -1.556249615E-02 -1.556249708E-02  6.562000141E-03  5.439381798E+00 
        23 -1.543749589E-02 -1.543749683E-02  6.562000141E-03  5.393473138E+00 
        24 -1.531249564E-02 -1.531249657E-02  6.562000141E-03  5.424072627E+00 
        25 -1.518749539E-02 -1.518749725E-02  6.562000141E-03  5.482306770E+00 
        26 -1.506249607E-02 -1.506249700E-02  6.562000141E-03  5.497049101E+00 
        27 -1.895096339E-02 -1.895096339E-02  6.562000606E-03  5.310382583E+00 
        28 -1.890101843E-02 -1.890101843E-02  6.562000606E-03  5.429760118E+00 
        29 -1.880909875E-02 -1.880909875E-02  6.562000141E-03  5.557621962E+00 
        30 -1.868749596E-02 -1.868749596E-02  6.562000141E-03  5.683435431E+00 
        31 -1.856249571E-02 -1.856249571E-02  6.562000141E-03  5.791550684E+00 
        32 -1.843749546E-02 -1.843749732E-02  6.562000141E-03  5.683627239E+00 
        33 -1.831249520E-02 -1.831249706E-02  6.562000141E-03  5.161914785E+00 
        34 -1.898222044E-02 -1.898222044E-02  6.562000606E-03  5.296882917E+00 
        35 -1.904012822E-02 -1.904012822E-02  6.562000141E-03  5.008127887E+00 
        36 -1.912219450E-02 -1.912219450E-02  6.562000606E-03  4.640681920E+00 
        37 -1.916676387E-02 -1.916676387E-02  6.562000606E-03  4.290071978E+00 
        38 -1.923896931E-02 -1.923896931E-02  6.562000141E-03  4.151404703E+00 
        39 -1.931096986E-02 -1.931096986E-02  6.562000141E-03  4.183159909E+00 
        40 -1.938296854E-02 -1.938296854E-02  6.562000141E-03  4.227416070E+00 
        41 -1.945496909E-02 -1.945496909E-02  6.562000141E-03  4.299964908E+00 
        42 -1.952696964E-02 -1.952696964E-02  6.562000141E-03  4.284401488E+00 
        43 -1.959896833E-02 -1.959896833E-02  6.562000606E-03  4.352056067E+00 
        44 -1.967096888E-02 -1.967096888E-02  6.562000141E-03  4.272461689E+00 
        45 -1.974296942E-02 -1.974296942E-02  6.562000141E-03  4.181671170E+00 
        46 -1.981496811E-02 -1.981496811E-02  6.562000141E-03  3.928556671E+00 
        47 -1.988696866E-02 -1.988696866E-02  6.562000141E-03  3.837068722E+00 
        48 -2.121081017E-02 -2.121081017E-02  6.562000141E-03  1.224311242E-01 
        49 -2.120563947E-02 -2.120563947E-02  6.562000141E-03  3.525438656E-01 
        50 -2.119943500E-02 -2.119943500E-02  6.562000606E-03  6.071577260E-01 
        51 -2.119199000E-02 -2.119199000E-02  6.562000141E-03  8.866817053E-01 
        52 -2.118305862E-02 -2.118305862E-02  6.562000141E-03  1.191081045E+00 
        53 -2.117234282E-02 -2.117234282E-02  6.562000606E-03  1.517796955E+00 
        54 -2.115948685E-02 -2.115948685E-02  6.562000606E-03  1.858868212E+00 
        55 -2.114406601E-02 -2.114406601E-02  6.562000606E-03  2.197976639E+00 
        56 -2.112556621E-02 -2.112556621E-02  6.562000606E-03  2.516482175E+00 
        57 -2.110337466E-02 -2.110337466E-02  6.562000606E-03  2.796952194E+00 
        58 -2.106651478E-02 -2.106651478E-02  6.562000606E-03  3.129406430E+00 
        59 -2.102797665E-02 -2.102797665E-02  6.562000141E-03  3.535643319E+00 
        60 -2.100796066E-02 -2.100796066E-02  6.562000141E-03  3.543872664E+00 
        61 -2.095155232E-02 -2.095155232E-02  6.562000141E-03  3.797142374E+00 
        62 -2.089514025E-02 -2.089514025E-02  6.562000141E-03  4.122716989E+00 
        63 -2.082296833E-02 -2.082296833E-02  6.562000141E-03  4.253310628E+00 
        64 -2.075096779E-02 -2.075096779E-02  6.562000141E-03  4.441236442E+00 
        65 -2.067896910E-02 -2.067896910E-02  6.562000141E-03  4.385318221E+00 
        66 -2.060696855E-02 -2.060696855E-02  6.562000141E-03  4.352494848E+00 
        67 -2.053496987E-02 -2.053496987E-02  6.562000606E-03  4.271592830E+00 
        68 -2.046296932E-02 -2.046296932E-02  6.562000141E-03  4.133348980E+00 
        69 -2.039096877E-02 -2.039096877E-02  6.562000141E-03  4.093201826E+00 
        70 -2.031897008E-02 -2.031897008E-02  6.562000606E-03  3.931103143E+00 
        71 -2.024696954E-02 -2.024696954E-02  6.562000141E-03  3.794370576E+00 
        72 -2.017496899E-02 -2.017496899E-02  6.562000141E-03  3.634191494E+00 
        73 -2.010296844E-02 -2.010296844E-02  6.562000141E-03  3.561244603E+00 
        74 -2.003096975E-02 -2.003096975E-02  6.562000141E-03  3.580497170E+00 
        75 -1.995896921E-02 -1.995896921E-02  6.562000141E-03  3.669021987E+00 
        76 -1.493749581E-02 -1.493749674E-02  6.562000141E-03  5.456430194E+00 
        77 -1.481249556E-02 -1.481249742E-02  6.562000141E-03  5.393731906E+00 
        78 -1.468749531E-02 -1.468749717E-02  6.562000141E-03  5.354268754E+00 
        79 -1.456249598E-02 -1.456249692E-02  6.562000141E-03  5.303866371E+00 
        80 -1.443749573E-02 -1.443749666E-02  6.562000141E-03  5.221184171E+00 
        81 -1.431249548E-02 -1.431249734E-02  6.562000141E-03  5.162587107E+00 
        82 -1.418749616E-02 -1.418749709E-02  6.562000141E-03  5.142870114E+00 
        83 -1.406249590E-02 -1.406249683E-02  6.562000141E-03  5.120907573E+00 
        84 -1.393749565E-02 -1.393749751E-02  6.562000141E-03  5.097204469E+00 
        85 -1.381249540E-02 -1.381249726E-02  6.562000141E-03  5.078583651E+00 
        86 -1.368749607E-02 -1.368749700E-02  6.562000141E-03  5.063695817E+00 
        87 -1.356249582E-02 -1.356249675E-02  6.562000141E-03  5.050875930E+00 
        88 -1.343749557E-02 -1.343749743E-02  6.562000141E-03  5.037564625E+00 
        89 -1.331249531E-02 -1.331249718E-02  6.562000141E-03  5.019636885E+00 
        90 -1.318749599E-02 -1.318749692E-02  6.562000141E-03  4.993443307E+00 
        91 -1.306249574E-02 -1.306249760E-02  6.562000141E-03  4.961338592E+00 
        92 -1.293749548E-02 -1.293749735E-02  6.562000141E-03  4.928031857E+00 
        93 -1.281249523E-02 -1.281249709E-02  6.562000141E-03  4.902426763E+00 
        94 -1.268749591E-02 -1.268749684E-02  6.562000141E-03  4.887769308E+00 
        95 -1.256249566E-02 -1.256249752E-02  6.562000141E-03  4.880304508E+00 
        96 -1.243749540E-02 -1.243749727E-02  6.562000141E-03  4.868960806E+00 
        97 -1.231249608E-02 -1.231249701E-02  6.562000141E-03  4.837547804E+00 
        98 -1.218749583E-02 -1.218749676E-02  6.562000141E-03  4.768668820E+00 
        99 -1.206249557E-02 -1.206249744E-02  6.562000141E-03  4.642895090E+00 
       100 -1.193749532E-02 -1.193749718E-02  6.562000141E-03  4.466694290E+00 
       101 -1.181249600E-02 -1.181249693E-02  6.562000141E-03  4.308559485E+00 
       102 -1.168749575E-02 -1.168749761E-02  6.562000141E-03  4.224985607E+00 
       103 -1.156249549E-02 -1.156249736E-02  6.562000141E-03  4.140915779E+00 
       104 -1.143749524E-02 -1.143749710E-02  6.562000141E-03  4.122547726E+00 
       105 -1.131249592E-02 -1.131249685E-02  6.562000141E-03  4.139651198E+00 
       106 -1.118749566E-02 -1.118749753E-02  6.562000141E-03  4.216256901E+00 
       107 -6.062495057E-03 -6.062497385E-03  6.562000141E-03  1.493159674E+00 
       108 -6.187495310E-03 -6.187497638E-03  6.562000141E-03  1.364967536E+00 
       109 -6.312495098E-03 -6.312497426E-03  6.562000141E-03  1.199223490E+00 
       110 -6.437495351E-03 -6.437497679E-03  6.562000141E-03  1.115391282E+00 
       111 -6.562495138E-03 -6.562497467E-03  6.562000141E-03  1.089433503E+00 
       112 -6.687495392E-03 -6.687497720E-03  6.562000141E-03  1.028762926E+00 
       113 -6.812495179E-03 -6.812497508E-03  6.562000141E-03  9.848566085E-01 
       114 -6.937495433E-03 -6.937497295E-03  6.562000141E-03  1.054464974E+00 
       115 -7.062495220E-03 -7.062497549E-03  6.562000141E-03  1.173363139E+00 
       116 -7.187495474E-03 -7.187497336E-03  6.562000141E-03  1.482058930E+00 
       117 -7.312495261E-03 -7.312497590E-03  6.562000141E-03  2.031205507E+00 
       118 -7.437495515E-03 -7.437497377E-03  6.562000141E-03  2.593755575E+00 
       119 -7.562495302E-03 -7.562497631E-03  6.562000141E-03  2.898581975E+00 
       120 -7.687495090E-03 -7.687497418E-03  6.562000141E-03  3.052798646E+00 
       121 -7.812495343E-03 -7.812497672E-03  6.562000141E-03  2.851294087E+00 
       122 -7.937495597E-03 -7.937497459E-03  6.562000141E-03  3.130890200E+00 
       123 -8.062494919E-03 -8.062497713E-03  6.562000141E-03  3.248446658E+00 
       124 -8.187495172E-03 -8.187497035E-03  6.562000141E-03  2.778996471E+00 
       125 -8.312495425E-03 -8.312497288E-03  6.562000141E-03  2.711629928E+00 
       126 -8.437495679E-03 -8.437497541E-03  6.562000141E-03  2.829871118E+00 
       127 -8.562495001E-03 -8.562497795E-03  6.562000141E-03  2.825723742E+00 
       128 -8.687495254E-03 -8.687497117E-03  6.562000141E-03  2.855168501E+00 
       129 -8.812495507E-03 -8.812497370E-03  6.562000141E-03  2.952612481E+00 
       130 -8.937495761E-03 -8.937497623E-03  6.562000141E-03  3.041064692E+00 
       131 -9.062495083E-03 -9.062496945E-03  6.562000141E-03  3.152706772E+00 
       132 -9.187495336E-03 -9.187497199E-03  6.562000141E-03  3.250571582E+00 
       133 -9.312495589E-03 -9.312497452E-03  6.562000141E-03  3.367526021E+00 
       134 -9.437495843E-03 -9.437497705E-03  6.562000141E-03  3.413672428E+00 
       135 -9.562495165E-03 -9.562497027E-03  6.562000141E-03  3.456408724E+00 
       136 -9.687495418E-03 -9.687497281E-03  6.562000141E-03  3.478194451E+00 
       137 -9.812495671E-03 -9.812497534E-03  6.562000141E-03  3.476970859E+00 
       138 -9.937495925E-03 -9.937497787E-03  6.562000141E-03  3.570594542E+00 
       139 -1.006249525E-02 -1.006249711E-02  6.562000141E-03  3.719798262E+00 
       140 -1.018749550E-02 -1.018749736E-02  6.562000141E-03  3.834897735E+00 
       141 -1.031249575E-02 -1.031249762E-02  6.562000141E-03  3.927544447E+00 
       142 -1.043749508E-02 -1.043749694E-02  6.562000141E-03  3.989184716E+00 
       143 -1.056249533E-02 -1.056249719E-02  6.562000141E-03  4.184639267E+00 
       144 -1.068749558E-02 -1.068749744E-02  6.562000141E-03  4.227409640E+00 
       145 -1.081249584E-02 -1.081249770E-02  6.562000141E-03  4.313762581E+00 
       146 -1.093749516E-02 -1.093749702E-02  6.562000141E-03  4.392636218E+00 
       147 -1.106249541E-02 -1.106249727E-02  6.562000141E-03  4.330446544E+00 
       148 -5.937495269E-03 -5.937497597E-03  6.562000141E-03  1.535399333E+00 
       149 -5.812495016E-03 -5.812497344E-03  6.562000141E-03  1.483905519E+00 
       150 -5.687495228E-03 -5.687497556E-03  6.562000141E-03  1.448333038E+00 
       151 -5.562494975E-03 -5.562497769E-03  6.562000141E-03  1.432837526E+00 
       152 -5.437495187E-03 -5.437497515E-03  6.562000141E-03  1.456256699E+00 
       153 -5.312494934E-03 -5.312497728E-03  6.562000141E-03  1.503744069E+00 
       154 -5.187495146E-03 -5.187497474E-03  6.562000141E-03  1.528750678E+00 
       155 -5.062495358E-03 -5.062497687E-03  6.562000141E-03  1.557881080E+00 
       156 -4.937495105E-03 -4.937497433E-03  6.562000141E-03  1.564891738E+00 
       157 -4.812495317E-03 -4.812497646E-03  6.562000141E-03  1.560747686E+00 
       158 -4.687495064E-03 -4.687497858E-03  6.562000141E-03  1.544912980E+00 
       159 -2.830350772E-03 -2.830350772E-03  6.562000141E-03  1.034318523E+00 
       160 -2.835454186E-03 -2.835454186E-03  6.562000606E-03  1.028429985E+00 
       161 -2.841583686E-03 -2.841583686E-03  6.562000141E-03  1.048764232E+00 
       162 -2.848947421E-03 -2.848947421E-03  6.562000141E-03  1.099420279E+00 
       163 -2.857794985E-03 -2.857794985E-03  6.562000141E-03  1.177242369E+00 
       164 -2.868429059E-03 -2.868429059E-03  6.562000141E-03  1.268306011E+00 
       165 -2.881214023E-03 -2.881214023E-03  6.562000141E-03  1.352114279E+00 
       166 -2.896590391E-03 -2.896590391E-03  6.562000141E-03  1.408379892E+00 
       167 -2.915092744E-03 -2.915092744E-03  6.562000141E-03  1.429722622E+00 
       168 -2.937367652E-03 -2.937367652E-03  6.562000141E-03  1.412987250E+00 
       169 -2.973292954E-03 -2.973292954E-03  6.562000606E-03  1.365272217E+00 
       170 -3.061021678E-03 -3.061023075E-03  6.562000141E-03  1.256491348E+00 
       171 -3.187494818E-03 -3.187497612E-03  6.562000141E-03  1.222411728E+00 
       172 -3.312494839E-03 -3.312497633E-03  6.562000141E-03  1.062377409E+00 
       173 -3.437494859E-03 -3.437497653E-03  6.562000141E-03  1.059212228E+00 
       174 -3.562494880E-03 -3.562497674E-03  6.562000141E-03  1.032608689E+00 
       175 -3.687494900E-03 -3.687497694E-03  6.562000141E-03  9.718693942E-01 
       176 -3.812494921E-03 -3.812497482E-03  6.562000141E-03  9.422829631E-01 
       177 -3.937494941E-03 -3.937497735E-03  6.562000141E-03  1.083645705E+00 
       178 -4.062495194E-03 -4.062497523E-03  6.562000141E-03  1.259155716E+00 
       179 -4.187494982E-03 -4.187497776E-03  6.562000141E-03  1.358006968E+00 
       180 -4.312495235E-03 -4.312497564E-03  6.562000141E-03  1.504496658E+00 
       181 -4.437495023E-03 -4.437497817E-03  6.562000141E-03  1.481062509E+00 
       182 -4.562495276E-03 -4.562497605E-03  6.562000141E-03  1.524767996E+00 
