cellnumber     x-coordinate     y-coordinate     z-coordinate velocity-magnitude 
         1 -1.895096526E-02 -1.895096526E-02  6.562000141E-03  3.951663545E+00 
         2 -1.890101843E-02 -1.890101843E-02  6.562000141E-03  4.036003234E+00 
         3 -1.880909875E-02 -1.880909875E-02  6.562000141E-03  4.001840705E+00 
         4 -1.868749596E-02 -1.868749596E-02  6.562000141E-03  4.125799208E+00 
         5 -1.856249571E-02 -1.856249571E-02  6.562000141E-03  4.290411066E+00 
         6 -1.843749546E-02 -1.843749546E-02  6.562000141E-03  4.672969943E+00 
         7 -1.831249706E-02 -1.831249706E-02  6.562000141E-03  5.214934290E+00 
         8 -1.818749681E-02 -1.818749681E-02  6.562000141E-03  5.351288826E+00 
         9 -1.806249656E-02 -1.806249656E-02  6.562000141E-03  5.293664147E+00 
        10 -1.793749630E-02 -1.793749630E-02  6.562000141E-03  5.346053141E+00 
        11 -1.781249605E-02 -1.781249605E-02  6.562000141E-03  5.434246893E+00 
        12 -1.768749580E-02 -1.768749580E-02  6.562000141E-03  5.554588728E+00 
        13 -1.756249554E-02 -1.756249554E-02  6.562000141E-03  5.641443493E+00 
        14 -1.743749529E-02 -1.743749715E-02  6.562000141E-03  5.679843175E+00 
        15 -1.731249690E-02 -1.731249690E-02  6.562000141E-03  5.742547364E+00 
        16 -1.718749665E-02 -1.718749665E-02  6.562000141E-03  5.821716250E+00 
        17 -1.706249639E-02 -1.706249639E-02  6.562000141E-03  5.847386918E+00 
        18 -1.693749614E-02 -1.693749614E-02  6.562000141E-03  5.826045996E+00 
        19 -1.681249589E-02 -1.681249589E-02  6.562000141E-03  5.741250618E+00 
        20 -1.668749563E-02 -1.668749563E-02  6.562000141E-03  5.644948272E+00 
        21 -1.656249538E-02 -1.656249538E-02  6.562000141E-03  5.551270978E+00 
        22 -1.643749513E-02 -1.643749699E-02  6.562000141E-03  5.495324510E+00 
        23 -1.631249674E-02 -1.631249674E-02  6.562000141E-03  5.487493131E+00 
        24 -1.618749648E-02 -1.618749648E-02  6.562000141E-03  5.494829416E+00 
        25 -1.606249623E-02 -1.606249623E-02  6.562000141E-03  5.554364814E+00 
        26 -1.593749598E-02 -1.593749598E-02  6.562000141E-03  5.632230140E+00 
        27 -1.581249572E-02 -1.581249572E-02  6.562000141E-03  5.742858342E+00 
        28 -1.568749547E-02 -1.568749547E-02  6.562000141E-03  5.818781587E+00 
        29 -1.556249615E-02 -1.556249708E-02  6.562000141E-03  5.763624141E+00 
        30 -1.543749589E-02 -1.543749683E-02  6.562000141E-03  5.649910204E+00 
        31 -1.531249657E-02 -1.531249657E-02  6.562000141E-03  5.528243605E+00 
        32 -1.518749632E-02 -1.518749632E-02  6.562000141E-03  5.403312815E+00 
        33 -1.506249607E-02 -1.506249700E-02  6.562000141E-03  5.367377286E+00 
        34 -1.898222044E-02 -1.898222044E-02  6.562000606E-03  3.968011259E+00 
        35 -1.904012822E-02 -1.904012822E-02  6.562000141E-03  3.895611014E+00 
        36 -1.912219450E-02 -1.912219450E-02  6.562000606E-03  3.730398287E+00 
        37 -1.916676387E-02 -1.916676387E-02  6.562000606E-03  3.841768138E+00 
        38 -1.923896931E-02 -1.923896931E-02  6.562000141E-03  3.946199923E+00 
        39 -1.931096986E-02 -1.931096986E-02  6.562000141E-03  4.352060225E+00 
        40 -1.938296854E-02 -1.938296854E-02  6.562000141E-03  4.642185564E+00 
        41 -1.945496909E-02 -1.945496909E-02  6.562000141E-03  4.779277440E+00 
        42 -1.952696964E-02 -1.952696964E-02  6.562000141E-03  4.809481033E+00 
        43 -1.959896833E-02 -1.959896833E-02  6.562000606E-03  4.836943661E+00 
        44 -1.967096888E-02 -1.967096888E-02  6.562000141E-03  4.867825838E+00 
        45 -1.974296942E-02 -1.974296942E-02  6.562000141E-03  4.762692572E+00 
        46 -1.981496811E-02 -1.981496811E-02  6.562000141E-03  4.624305547E+00 
        47 -1.988696866E-02 -1.988696866E-02  6.562000141E-03  4.372296366E+00 
        48 -2.121081017E-02 -2.121081017E-02  6.562000141E-03  9.013564481E-02 
        49 -2.120563947E-02 -2.120563947E-02  6.562000141E-03  2.704506640E-01 
        50 -2.119943500E-02 -2.119943500E-02  6.562000606E-03  4.836220763E-01 
        51 -2.119199000E-02 -2.119199000E-02  6.562000141E-03  7.340569894E-01 
        52 -2.118305862E-02 -2.118305862E-02  6.562000141E-03  1.026714470E+00 
        53 -2.117234282E-02 -2.117234282E-02  6.562000606E-03  1.367770264E+00 
        54 -2.115948685E-02 -2.115948685E-02  6.562000606E-03  1.761618153E+00 
        55 -2.114406601E-02 -2.114406601E-02  6.562000606E-03  2.212025897E+00 
        56 -2.112556621E-02 -2.112556621E-02  6.562000606E-03  2.706356302E+00 
        57 -2.110337466E-02 -2.110337466E-02  6.562000606E-03  3.192273020E+00 
        58 -2.106651478E-02 -2.106651478E-02  6.562000606E-03  3.614693061E+00 
        59 -2.102797665E-02 -2.102797665E-02  6.562000141E-03  3.818592155E+00 
        60 -2.100796066E-02 -2.100796066E-02  6.562000141E-03  3.717906445E+00 
        61 -2.095155232E-02 -2.095155232E-02  6.562000141E-03  3.827325455E+00 
        62 -2.089514025E-02 -2.089514025E-02  6.562000141E-03  3.744124648E+00 
        63 -2.082296833E-02 -2.082296833E-02  6.562000141E-03  3.800898669E+00 
        64 -2.075096779E-02 -2.075096779E-02  6.562000141E-03  3.685823143E+00 
        65 -2.067896910E-02 -2.067896910E-02  6.562000141E-03  3.667044686E+00 
        66 -2.060696855E-02 -2.060696855E-02  6.562000141E-03  3.630503026E+00 
        67 -2.053496987E-02 -2.053496987E-02  6.562000606E-03  3.698074074E+00 
        68 -2.046296932E-02 -2.046296932E-02  6.562000141E-03  3.816606140E+00 
        69 -2.039096877E-02 -2.039096877E-02  6.562000141E-03  4.010356501E+00 
        70 -2.031897008E-02 -2.031897008E-02  6.562000606E-03  4.158147517E+00 
        71 -2.024696954E-02 -2.024696954E-02  6.562000141E-03  4.262553727E+00 
        72 -2.017496899E-02 -2.017496899E-02  6.562000141E-03  4.314094176E+00 
        73 -2.010296844E-02 -2.010296844E-02  6.562000141E-03  4.322654233E+00 
        74 -2.003096975E-02 -2.003096975E-02  6.562000141E-03  4.238054129E+00 
        75 -1.995896921E-02 -1.995896921E-02  6.562000141E-03  4.366914296E+00 
        76 -1.493749581E-02 -1.493749674E-02  6.562000141E-03  5.463636804E+00 
        77 -1.481249649E-02 -1.481249649E-02  6.562000141E-03  5.566714878E+00 
        78 -1.468749624E-02 -1.468749717E-02  6.562000141E-03  5.593321287E+00 
        79 -1.456249598E-02 -1.456249692E-02  6.562000141E-03  5.582534940E+00 
        80 -1.443749573E-02 -1.443749666E-02  6.562000141E-03  5.523404445E+00 
        81 -1.431249641E-02 -1.431249641E-02  6.562000141E-03  5.461241802E+00 
        82 -1.418749616E-02 -1.418749709E-02  6.562000141E-03  5.398125557E+00 
        83 -1.406249590E-02 -1.406249683E-02  6.562000141E-03  5.342204416E+00 
        84 -1.393749565E-02 -1.393749658E-02  6.562000141E-03  5.279971221E+00 
        85 -1.381249633E-02 -1.381249726E-02  6.562000141E-03  5.172828414E+00 
        86 -1.368749607E-02 -1.368749700E-02  6.562000141E-03  5.030323734E+00 
        87 -1.356249582E-02 -1.356249675E-02  6.562000141E-03  4.899750036E+00 
        88 -1.343749557E-02 -1.343749650E-02  6.562000141E-03  4.796361935E+00 
        89 -1.331249624E-02 -1.331249718E-02  6.562000141E-03  4.676239104E+00 
        90 -1.318749599E-02 -1.318749692E-02  6.562000141E-03  4.524091061E+00 
        91 -1.306249574E-02 -1.306249667E-02  6.562000141E-03  4.386659145E+00 
        92 -1.293749548E-02 -1.293749642E-02  6.562000141E-03  4.308502059E+00 
        93 -1.281249616E-02 -1.281249709E-02  6.562000141E-03  4.288436676E+00 
        94 -1.268749591E-02 -1.268749684E-02  6.562000141E-03  4.297391628E+00 
        95 -1.256249566E-02 -1.256249659E-02  6.562000141E-03  4.293250634E+00 
        96 -1.243749633E-02 -1.243749727E-02  6.562000141E-03  4.284965743E+00 
        97 -1.231249608E-02 -1.231249701E-02  6.562000141E-03  4.225956183E+00 
        98 -1.218749583E-02 -1.218749676E-02  6.562000141E-03  4.162692894E+00 
        99 -1.206249557E-02 -1.206249651E-02  6.562000141E-03  4.178404003E+00 
       100 -1.193749625E-02 -1.193749718E-02  6.562000141E-03  4.218041357E+00 
       101 -1.181249600E-02 -1.181249693E-02  6.562000141E-03  4.222040282E+00 
       102 -1.168749575E-02 -1.168749668E-02  6.562000141E-03  4.195483298E+00 
       103 -1.156249549E-02 -1.156249736E-02  6.562000141E-03  4.168727048E+00 
       104 -1.143749617E-02 -1.143749710E-02  6.562000141E-03  4.086417399E+00 
       105 -1.131249592E-02 -1.131249685E-02  6.562000141E-03  3.993024402E+00 
       106 -1.118749566E-02 -1.118749660E-02  6.562000141E-03  3.973383821E+00 
       107 -2.830350772E-03 -2.830350772E-03  6.562000606E-03  1.064158482E+00 
       108 -2.835454186E-03 -2.835454186E-03  6.562000141E-03  1.100438439E+00 
       109 -2.841583686E-03 -2.841583686E-03  6.562000141E-03  1.143784401E+00 
       110 -2.848947188E-03 -2.848947188E-03  6.562000141E-03  1.193575512E+00 
       111 -2.857794985E-03 -2.857794985E-03  6.562000606E-03  1.248348663E+00 
       112 -2.868429059E-03 -2.868429059E-03  6.562000141E-03  1.305419671E+00 
       113 -2.881214023E-03 -2.881214023E-03  6.562000606E-03  1.362014716E+00 
       114 -2.896590624E-03 -2.896590624E-03  6.562000141E-03  1.414597145E+00 
       115 -2.915092511E-03 -2.915092511E-03  6.562000141E-03  1.462315195E+00 
       116 -2.937367652E-03 -2.937367652E-03  6.562000141E-03  1.504165126E+00 
       117 -2.973292954E-03 -2.973292954E-03  6.562000606E-03  1.553662979E+00 
       118 -3.061021678E-03 -3.061023075E-03  6.562000606E-03  1.534003959E+00 
       119 -3.187495051E-03 -3.187497612E-03  6.562000141E-03  1.265596574E+00 
       120 -3.312495071E-03 -3.312497633E-03  6.562000141E-03  1.165989596E+00 
       121 -3.437495092E-03 -3.437497420E-03  6.562000141E-03  1.359448269E+00 
       122 -3.562495112E-03 -3.562497441E-03  6.562000141E-03  1.679786894E+00 
       123 -3.687495133E-03 -3.687497461E-03  6.562000141E-03  1.887635582E+00 
       124 -3.812495153E-03 -3.812497482E-03  6.562000141E-03  2.067775481E+00 
       125 -3.937494941E-03 -3.937497735E-03  6.562000141E-03  2.104137357E+00 
       126 -4.062495194E-03 -4.062497523E-03  6.562000141E-03  1.956718628E+00 
       127 -4.187494982E-03 -4.187497776E-03  6.562000141E-03  1.699782686E+00 
       128 -4.312495235E-03 -4.312497564E-03  6.562000141E-03  1.721541334E+00 
       129 -4.437495023E-03 -4.437497351E-03  6.562000141E-03  1.736201235E+00 
       130 -4.562495276E-03 -4.562497605E-03  6.562000141E-03  1.647503182E+00 
       131 -6.062495522E-03 -6.062497385E-03  6.562000141E-03  1.229804335E+00 
       132 -6.187495310E-03 -6.187497638E-03  6.562000141E-03  1.229350490E+00 
       133 -6.312495563E-03 -6.312497426E-03  6.562000141E-03  1.238868443E+00 
       134 -6.437495351E-03 -6.437497213E-03  6.562000141E-03  1.349031883E+00 
       135 -6.562495604E-03 -6.562497467E-03  6.562000141E-03  1.601450434E+00 
       136 -6.687495392E-03 -6.687497254E-03  6.562000141E-03  1.672125833E+00 
       137 -6.812495179E-03 -6.812497508E-03  6.562000141E-03  1.576075918E+00 
       138 -6.937495433E-03 -6.937497295E-03  6.562000141E-03  1.595091489E+00 
       139 -7.062495220E-03 -7.062497549E-03  6.562000141E-03  1.938966001E+00 
       140 -7.187495474E-03 -7.187497336E-03  6.562000141E-03  2.398858845E+00 
       141 -7.312495261E-03 -7.312497124E-03  6.562000141E-03  2.795626634E+00 
       142 -7.437495515E-03 -7.437497377E-03  6.562000141E-03  2.811292919E+00 
       143 -7.562495302E-03 -7.562497165E-03  6.562000141E-03  2.705375771E+00 
       144 -7.687495556E-03 -7.687497418E-03  6.562000141E-03  2.584618193E+00 
       145 -7.812495343E-03 -7.812497206E-03  6.562000141E-03  2.590816611E+00 
       146 -7.937495597E-03 -7.937497459E-03  6.562000141E-03  2.628767530E+00 
       147 -8.062495850E-03 -8.062497713E-03  6.562000141E-03  2.598761691E+00 
       148 -8.187495172E-03 -8.187497035E-03  6.562000141E-03  2.484566887E+00 
       149 -8.312495425E-03 -8.312497288E-03  6.562000141E-03  2.337140512E+00 
       150 -8.437495679E-03 -8.437497541E-03  6.562000141E-03  2.179258367E+00 
       151 -8.562495932E-03 -8.562496863E-03  6.562000141E-03  2.039847245E+00 
       152 -8.687495254E-03 -8.687497117E-03  6.562000141E-03  2.063272570E+00 
       153 -8.812495507E-03 -8.812497370E-03  6.562000141E-03  2.123163724E+00 
       154 -8.937495761E-03 -8.937497623E-03  6.562000141E-03  2.523629451E+00 
       155 -9.062496014E-03 -9.062496945E-03  6.562000141E-03  3.055924868E+00 
       156 -9.187495336E-03 -9.187497199E-03  6.562000141E-03  3.293784177E+00 
       157 -9.312495589E-03 -9.312497452E-03  6.562000141E-03  3.403027044E+00 
       158 -9.437495843E-03 -9.437496774E-03  6.562000141E-03  3.529538457E+00 
       159 -9.562496096E-03 -9.562497027E-03  6.562000141E-03  3.640453738E+00 
       160 -9.687495418E-03 -9.687497281E-03  6.562000141E-03  3.729647048E+00 
       161 -9.812495671E-03 -9.812497534E-03  6.562000141E-03  3.806554671E+00 
       162 -9.937495925E-03 -9.937496856E-03  6.562000141E-03  3.884066197E+00 
       163 -1.006249525E-02 -1.006249711E-02  6.562000141E-03  3.928017760E+00 
       164 -1.018749550E-02 -1.018749736E-02  6.562000141E-03  3.930030551E+00 
       165 -1.031249575E-02 -1.031249668E-02  6.562000141E-03  3.861298249E+00 
       166 -1.043749601E-02 -1.043749694E-02  6.562000141E-03  3.811059369E+00 
       167 -1.056249533E-02 -1.056249719E-02  6.562000141E-03  3.747792637E+00 
       168 -1.068749558E-02 -1.068749744E-02  6.562000141E-03  3.697625762E+00 
       169 -1.081249584E-02 -1.081249677E-02  6.562000141E-03  3.744028660E+00 
       170 -1.093749609E-02 -1.093749702E-02  6.562000141E-03  3.858277327E+00 
       171 -1.106249541E-02 -1.106249727E-02  6.562000141E-03  3.955647610E+00 
       172 -5.937495269E-03 -5.937497597E-03  6.562000141E-03  1.322240867E+00 
       173 -5.812495481E-03 -5.812497344E-03  6.562000141E-03  1.607333555E+00 
       174 -5.687495228E-03 -5.687497556E-03  6.562000141E-03  1.790319194E+00 
       175 -5.562495440E-03 -5.562497303E-03  6.562000141E-03  1.776177914E+00 
       176 -5.437495187E-03 -5.437497515E-03  6.562000141E-03  1.896903098E+00 
       177 -5.312495399E-03 -5.312497262E-03  6.562000141E-03  1.976426542E+00 
       178 -5.187495146E-03 -5.187497474E-03  6.562000141E-03  1.941371331E+00 
       179 -5.062495358E-03 -5.062497687E-03  6.562000141E-03  1.971353691E+00 
       180 -4.937495105E-03 -4.937497433E-03  6.562000141E-03  1.925830720E+00 
       181 -4.812495317E-03 -4.812497646E-03  6.562000141E-03  1.756189095E+00 
       182 -4.687495064E-03 -4.687497392E-03  6.562000141E-03  1.599223069E+00 
