cellnumber     x-coordinate     y-coordinate     z-coordinate velocity-magnitude 
         1 -1.898222044E-02 -1.898222044E-02  6.562000606E-03  5.344266278E+00 
         2 -1.904012822E-02 -1.904012822E-02  6.562000141E-03  5.313097405E+00 
         3 -1.912219450E-02 -1.912219450E-02  6.562000606E-03  5.283334104E+00 
         4 -1.916676387E-02 -1.916676387E-02  6.562000606E-03  4.949365979E+00 
         5 -1.923896931E-02 -1.923896931E-02  6.562000141E-03  4.662103913E+00 
         6 -1.931096986E-02 -1.931096986E-02  6.562000141E-03  4.235848099E+00 
         7 -1.938296854E-02 -1.938296854E-02  6.562000141E-03  3.944306719E+00 
         8 -1.945496909E-02 -1.945496909E-02  6.562000141E-03  3.845316801E+00 
         9 -1.952696964E-02 -1.952696964E-02  6.562000141E-03  3.909995268E+00 
        10 -1.959896833E-02 -1.959896833E-02  6.562000606E-03  3.939194367E+00 
        11 -1.967096888E-02 -1.967096888E-02  6.562000141E-03  3.952287389E+00 
        12 -1.974296942E-02 -1.974296942E-02  6.562000141E-03  3.950736400E+00 
        13 -1.981496811E-02 -1.981496811E-02  6.562000141E-03  3.939030158E+00 
        14 -1.988696866E-02 -1.988696866E-02  6.562000141E-03  3.941151391E+00 
        15 -2.121081017E-02 -2.121081017E-02  6.562000141E-03  1.017988221E-01 
        16 -2.120563947E-02 -2.120563947E-02  6.562000141E-03  3.054087366E-01 
        17 -2.119943500E-02 -2.119943500E-02  6.562000606E-03  5.460160818E-01 
        18 -2.119199000E-02 -2.119199000E-02  6.562000141E-03  8.281248434E-01 
        19 -2.118305862E-02 -2.118305862E-02  6.562000141E-03  1.155794407E+00 
        20 -2.117234282E-02 -2.117234282E-02  6.562000606E-03  1.532641388E+00 
        21 -2.115948685E-02 -2.115948685E-02  6.562000606E-03  1.961088711E+00 
        22 -2.114406601E-02 -2.114406601E-02  6.562000606E-03  2.445497547E+00 
        23 -2.112556621E-02 -2.112556621E-02  6.562000606E-03  2.982962899E+00 
        24 -2.110337466E-02 -2.110337466E-02  6.562000606E-03  3.552161778E+00 
        25 -2.106651478E-02 -2.106651478E-02  6.562000606E-03  4.184032214E+00 
        26 -2.102797665E-02 -2.102797665E-02  6.562000141E-03  4.645636620E+00 
        27 -2.100796066E-02 -2.100796066E-02  6.562000141E-03  4.723511936E+00 
        28 -2.095155232E-02 -2.095155232E-02  6.562000141E-03  4.789070706E+00 
        29 -2.089514025E-02 -2.089514025E-02  6.562000141E-03  4.971008277E+00 
        30 -2.082296833E-02 -2.082296833E-02  6.562000141E-03  5.089216758E+00 
        31 -2.075096779E-02 -2.075096779E-02  6.562000141E-03  5.126585110E+00 
        32 -2.067896910E-02 -2.067896910E-02  6.562000141E-03  4.970760358E+00 
        33 -2.060696855E-02 -2.060696855E-02  6.562000141E-03  4.791732664E+00 
        34 -2.053496987E-02 -2.053496987E-02  6.562000606E-03  4.558330203E+00 
        35 -2.046296932E-02 -2.046296932E-02  6.562000141E-03  4.409120003E+00 
        36 -2.039096877E-02 -2.039096877E-02  6.562000141E-03  4.350771937E+00 
        37 -2.031897008E-02 -2.031897008E-02  6.562000606E-03  4.297608080E+00 
        38 -2.024696954E-02 -2.024696954E-02  6.562000141E-03  4.190423972E+00 
        39 -2.017496899E-02 -2.017496899E-02  6.562000141E-03  4.044206667E+00 
        40 -2.010296844E-02 -2.010296844E-02  6.562000141E-03  3.957255681E+00 
        41 -2.003096975E-02 -2.003096975E-02  6.562000141E-03  3.977202975E+00 
        42 -1.995896921E-02 -1.995896921E-02  6.562000141E-03  3.927526502E+00 
        43 -1.631250605E-02 -1.631250046E-02  6.562000141E-03  5.829389330E+00 
        44 -1.643750630E-02 -1.643750072E-02  6.562000141E-03  5.821253302E+00 
        45 -1.656250656E-02 -1.656250097E-02  6.562000141E-03  6.069932414E+00 
        46 -1.668750681E-02 -1.668750122E-02  6.562000141E-03  6.042421073E+00 
        47 -1.681250706E-02 -1.681250148E-02  6.562000141E-03  6.057830872E+00 
        48 -1.693750732E-02 -1.693749987E-02  6.562000141E-03  6.062426318E+00 
        49 -1.706250571E-02 -1.706250012E-02  6.562000141E-03  5.953073051E+00 
        50 -1.718750596E-02 -1.718750037E-02  6.562000141E-03  5.774967352E+00 
        51 -1.731250621E-02 -1.731250063E-02  6.562000141E-03  5.793077329E+00 
        52 -1.743750647E-02 -1.743750088E-02  6.562000141E-03  5.894200768E+00 
        53 -1.756250672E-02 -1.756250113E-02  6.562000141E-03  5.997490280E+00 
        54 -1.768750697E-02 -1.768750139E-02  6.562000141E-03  6.036402519E+00 
        55 -1.781250723E-02 -1.781250164E-02  6.562000141E-03  5.898791873E+00 
        56 -1.793750562E-02 -1.793750003E-02  6.562000141E-03  5.576428915E+00 
        57 -1.806250587E-02 -1.806250028E-02  6.562000141E-03  5.565989567E+00 
        58 -1.818750612E-02 -1.818750054E-02  6.562000141E-03  5.735092379E+00 
        59 -1.831250638E-02 -1.831250079E-02  6.562000141E-03  5.629357434E+00 
        60 -1.843750663E-02 -1.843750104E-02  6.562000141E-03  5.615762937E+00 
        61 -1.856250688E-02 -1.856250130E-02  6.562000141E-03  5.592161144E+00 
        62 -1.868750714E-02 -1.868750155E-02  6.562000141E-03  5.263080599E+00 
        63 -1.880351454E-02 -1.880351081E-02  6.562000141E-03  5.404157451E+00 
        64 -1.890108548E-02 -1.890108548E-02  6.562000141E-03  5.460873686E+00 
        65 -1.895662583E-02 -1.895662583E-02  6.562000141E-03  5.473310555E+00 
        66 -1.618750580E-02 -1.618750021E-02  6.562000141E-03  5.788273574E+00 
        67 -1.606250554E-02 -1.606249996E-02  6.562000141E-03  5.956997418E+00 
        68 -1.006250642E-02 -1.006250177E-02  6.562000141E-03  3.380015952E+00 
        69 -1.018750574E-02 -1.018750109E-02  6.562000141E-03  3.512628763E+00 
        70 -1.031250600E-02 -1.031250134E-02  6.562000141E-03  3.549807878E+00 
        71 -1.043750625E-02 -1.043750159E-02  6.562000141E-03  3.570525784E+00 
        72 -1.056250650E-02 -1.056250185E-02  6.562000141E-03  3.658927348E+00 
        73 -1.068750583E-02 -1.068750117E-02  6.562000141E-03  3.841744383E+00 
        74 -1.081250608E-02 -1.081250142E-02  6.562000141E-03  3.897615791E+00 
        75 -1.093750633E-02 -1.093750168E-02  6.562000141E-03  3.977964285E+00 
        76 -1.106250659E-02 -1.106250193E-02  6.562000141E-03  4.103001894E+00 
        77 -1.118750591E-02 -1.118750125E-02  6.562000141E-03  4.193459473E+00 
        78 -1.131250616E-02 -1.131250151E-02  6.562000141E-03  4.240947658E+00 
        79 -1.143750641E-02 -1.143750176E-02  6.562000141E-03  4.256810426E+00 
        80 -1.156250667E-02 -1.156250108E-02  6.562000141E-03  4.260535926E+00 
        81 -1.168750599E-02 -1.168750133E-02  6.562000141E-03  4.237773621E+00 
        82 -1.181250624E-02 -1.181250159E-02  6.562000141E-03  4.189480170E+00 
        83 -1.193750650E-02 -1.193750184E-02  6.562000141E-03  4.102574933E+00 
        84 -1.206250675E-02 -1.206250116E-02  6.562000141E-03  3.992254135E+00 
        85 -2.830280224E-03 -2.830280224E-03  6.562000606E-03  1.016902721E+00 
        86 -2.835373627E-03 -2.835373627E-03  6.562000141E-03  9.657517764E-01 
        87 -2.841493115E-03 -2.841493115E-03  6.562000141E-03  9.160888933E-01 
        88 -2.848849166E-03 -2.848849166E-03  6.562000141E-03  8.728749002E-01 
        89 -2.857688116E-03 -2.857688349E-03  6.562000141E-03  8.417990334E-01 
        90 -2.868303098E-03 -2.868303098E-03  6.562000606E-03  8.271640484E-01 
        91 -2.881055698E-03 -2.881055698E-03  6.562000606E-03  8.273237286E-01 
        92 -2.896386897E-03 -2.896386897E-03  6.562000606E-03  8.362870653E-01 
        93 -2.914825454E-03 -2.914825454E-03  6.562000141E-03  8.415192926E-01 
        94 -2.937011421E-03 -2.937011421E-03  6.562000606E-03  8.437651691E-01 
        95 -2.967901994E-03 -2.967901994E-03  6.562000606E-03  8.273596304E-01 
        96 -3.022594377E-03 -3.022594377E-03  6.562000141E-03  8.886813630E-01 
        97 -3.099788679E-03 -3.099788679E-03  6.562000606E-03  1.052357339E+00 
        98 -3.195534460E-03 -3.195532598E-03  6.562000606E-03  1.195497773E+00 
        99 -3.312505549E-03 -3.312501824E-03  6.562000141E-03  1.241579034E+00 
       100 -3.437505569E-03 -3.437501844E-03  6.562000141E-03  1.181125225E+00 
       101 -3.562505590E-03 -3.562501865E-03  6.562000141E-03  1.245396521E+00 
       102 -3.687505610E-03 -3.687501885E-03  6.562000141E-03  1.547371009E+00 
       103 -3.812505631E-03 -3.812501905E-03  6.562000141E-03  1.823550821E+00 
       104 -3.937505651E-03 -3.937501926E-03  6.562000141E-03  1.959596154E+00 
       105 -4.062505905E-03 -4.062502179E-03  6.562000141E-03  2.064174945E+00 
       106 -4.187505692E-03 -4.187501967E-03  6.562000141E-03  2.121459412E+00 
       107 -4.312505480E-03 -4.312501755E-03  6.562000141E-03  2.060408821E+00 
       108 -4.437505733E-03 -4.437502008E-03  6.562000141E-03  1.973989537E+00 
       109 -4.562505521E-03 -4.562501796E-03  6.562000141E-03  1.846574141E+00 
       110 -4.687505774E-03 -4.687502049E-03  6.562000141E-03  1.651927337E+00 
       111 -4.812505562E-03 -4.812501837E-03  6.562000141E-03  1.521145987E+00 
       112 -4.937505815E-03 -4.937502090E-03  6.562000141E-03  1.516290753E+00 
       113 -5.062505603E-03 -5.062501878E-03  6.562000141E-03  1.661048315E+00 
       114 -5.187505856E-03 -5.187501665E-03  6.562000141E-03  1.854594012E+00 
       115 -5.312505644E-03 -5.312501919E-03  6.562000141E-03  1.998768539E+00 
       116 -5.437505897E-03 -5.437501706E-03  6.562000141E-03  1.859366896E+00 
       117 -5.562505685E-03 -5.562501960E-03  6.562000141E-03  1.605685160E+00 
       118 -5.687505938E-03 -5.687501747E-03  6.562000141E-03  1.218990146E+00 
       119 -5.812505726E-03 -5.812502000E-03  6.562000141E-03  9.666522679E-01 
       120 -5.937505979E-03 -5.937501788E-03  6.562000141E-03  1.177271159E+00 
       121 -6.062505767E-03 -6.062502041E-03  6.562000141E-03  1.144467216E+00 
       122 -6.187506020E-03 -6.187501829E-03  6.562000141E-03  1.125342938E+00 
       123 -6.312505808E-03 -6.312501617E-03  6.562000141E-03  1.152004254E+00 
       124 -6.437506061E-03 -6.437501870E-03  6.562000141E-03  1.002844276E+00 
       125 -6.562505849E-03 -6.562501658E-03  6.562000141E-03  9.925065132E-01 
       126 -6.687506102E-03 -6.687501911E-03  6.562000141E-03  1.572083483E+00 
       127 -6.812505890E-03 -6.812501699E-03  6.562000141E-03  2.105969676E+00 
       128 -6.937505677E-03 -6.937501952E-03  6.562000141E-03  2.346779110E+00 
       129 -7.062505931E-03 -7.062501740E-03  6.562000141E-03  2.536591368E+00 
       130 -7.187505718E-03 -7.187501527E-03  6.562000141E-03  2.537663699E+00 
       131 -7.312505972E-03 -7.312501781E-03  6.562000141E-03  2.513453550E+00 
       132 -7.437505759E-03 -7.437501568E-03  6.562000141E-03  2.627543772E+00 
       133 -7.562506013E-03 -7.562501822E-03  6.562000141E-03  2.682876920E+00 
       134 -7.687505800E-03 -7.687501609E-03  6.562000141E-03  2.841230224E+00 
       135 -7.812505588E-03 -7.812501863E-03  6.562000141E-03  2.864178030E+00 
       136 -7.937505841E-03 -7.937502116E-03  6.562000141E-03  2.473802294E+00 
       137 -8.062506095E-03 -8.062501438E-03  6.562000141E-03  2.521595256E+00 
       138 -8.187506348E-03 -8.187501691E-03  6.562000141E-03  2.297916046E+00 
       139 -8.312505670E-03 -8.312501945E-03  6.562000141E-03  2.030336566E+00 
       140 -8.437505923E-03 -8.437501267E-03  6.562000141E-03  2.374179705E+00 
       141 -8.562506177E-03 -8.562501520E-03  6.562000141E-03  3.017407053E+00 
       142 -8.687506430E-03 -8.687501773E-03  6.562000141E-03  3.182837277E+00 
       143 -8.812505752E-03 -8.812502027E-03  6.562000141E-03  3.217567312E+00 
       144 -8.937506005E-03 -8.937501349E-03  6.562000141E-03  3.312014730E+00 
       145 -9.062506258E-03 -9.062501602E-03  6.562000141E-03  3.231290648E+00 
       146 -9.187506512E-03 -9.187501855E-03  6.562000141E-03  3.188124604E+00 
       147 -9.312505834E-03 -9.312501177E-03  6.562000141E-03  3.208548490E+00 
       148 -9.437506087E-03 -9.437501431E-03  6.562000141E-03  3.214690995E+00 
       149 -9.562506340E-03 -9.562501684E-03  6.562000141E-03  3.217712310E+00 
       150 -9.687505662E-03 -9.687501937E-03  6.562000141E-03  3.213440529E+00 
       151 -9.812505916E-03 -9.812501259E-03  6.562000141E-03  3.194126198E+00 
       152 -9.937506169E-03 -9.937501512E-03  6.562000141E-03  3.228157762E+00 
       153 -1.218750607E-02 -1.218750142E-02  6.562000141E-03  3.904052316E+00 
       154 -1.231250633E-02 -1.231250167E-02  6.562000141E-03  3.886791386E+00 
       155 -1.243750658E-02 -1.243750099E-02  6.562000141E-03  3.945368798E+00 
       156 -1.256250590E-02 -1.256250124E-02  6.562000141E-03  4.046474307E+00 
       157 -1.268750615E-02 -1.268750150E-02  6.562000141E-03  4.142842132E+00 
       158 -1.281250641E-02 -1.281250175E-02  6.562000141E-03  4.204055183E+00 
       159 -1.293750666E-02 -1.293750107E-02  6.562000141E-03  4.227056861E+00 
       160 -1.306250598E-02 -1.306250133E-02  6.562000141E-03  4.227646783E+00 
       161 -1.318750624E-02 -1.318750158E-02  6.562000141E-03  4.276928169E+00 
       162 -1.331250649E-02 -1.331250090E-02  6.562000141E-03  4.392190325E+00 
       163 -1.343750674E-02 -1.343750115E-02  6.562000141E-03  4.524666247E+00 
       164 -1.356250606E-02 -1.356250141E-02  6.562000141E-03  4.627683635E+00 
       165 -1.368750632E-02 -1.368750166E-02  6.562000141E-03  4.701942149E+00 
       166 -1.381250657E-02 -1.381250098E-02  6.562000141E-03  4.776371066E+00 
       167 -1.393750682E-02 -1.393750124E-02  6.562000141E-03  4.868377206E+00 
       168 -1.406250615E-02 -1.406250149E-02  6.562000141E-03  4.972279661E+00 
       169 -1.418750640E-02 -1.418750081E-02  6.562000141E-03  5.072159403E+00 
       170 -1.431250665E-02 -1.431250107E-02  6.562000141E-03  5.152382749E+00 
       171 -1.443750691E-02 -1.443750132E-02  6.562000141E-03  5.204550208E+00 
       172 -1.456250623E-02 -1.456250157E-02  6.562000141E-03  5.223359966E+00 
       173 -1.468750648E-02 -1.468750089E-02  6.562000141E-03  5.218786709E+00 
       174 -1.481250674E-02 -1.481250115E-02  6.562000141E-03  5.222160403E+00 
       175 -1.493750606E-02 -1.493750140E-02  6.562000141E-03  5.340866129E+00 
       176 -1.506250631E-02 -1.506250072E-02  6.562000141E-03  5.744325444E+00 
       177 -1.518750656E-02 -1.518750098E-02  6.562000141E-03  5.768511251E+00 
       178 -1.531250682E-02 -1.531250123E-02  6.562000141E-03  5.660325123E+00 
       179 -1.543750614E-02 -1.543750148E-02  6.562000141E-03  5.593297819E+00 
       180 -1.556250639E-02 -1.556250080E-02  6.562000141E-03  5.556657084E+00 
       181 -1.568750665E-02 -1.568750106E-02  6.562000141E-03  5.393108235E+00 
       182 -1.581250690E-02 -1.581250131E-02  6.562000141E-03  5.241597929E+00 
       183 -1.593750715E-02 -1.593750156E-02  6.562000141E-03  5.520297481E+00 
