cellnumber     x-coordinate     y-coordinate     z-coordinate velocity-magnitude 
         1 -1.006250642E-02 -1.006250177E-02  6.562000141E-03  3.692919112E+00 
         2 -1.018750574E-02 -1.018750202E-02  6.562000141E-03  3.873214169E+00 
         3 -1.031250600E-02 -1.031250134E-02  6.562000141E-03  3.918668531E+00 
         4 -1.043750625E-02 -1.043750159E-02  6.562000141E-03  3.879820084E+00 
         5 -1.056250557E-02 -1.056250185E-02  6.562000141E-03  3.844722744E+00 
         6 -1.068750583E-02 -1.068750210E-02  6.562000141E-03  3.807649051E+00 
         7 -1.081250608E-02 -1.081250142E-02  6.562000141E-03  3.795674729E+00 
         8 -1.093750633E-02 -1.093750168E-02  6.562000141E-03  3.829031887E+00 
         9 -1.106250565E-02 -1.106250193E-02  6.562000141E-03  3.900600113E+00 
        10 -1.118750591E-02 -1.118750125E-02  6.562000141E-03  3.988177808E+00 
        11 -1.131250616E-02 -1.131250151E-02  6.562000141E-03  4.073751666E+00 
        12 -1.143750641E-02 -1.143750176E-02  6.562000141E-03  4.151660119E+00 
        13 -1.156250574E-02 -1.156250201E-02  6.562000141E-03  4.236143649E+00 
        14 -1.168750599E-02 -1.168750133E-02  6.562000141E-03  4.323368109E+00 
        15 -1.181250624E-02 -1.181250159E-02  6.562000141E-03  4.399540218E+00 
        16 -1.193750650E-02 -1.193750184E-02  6.562000141E-03  4.448749375E+00 
        17 -1.206250582E-02 -1.206250116E-02  6.562000141E-03  4.480304372E+00 
        18 -2.830280224E-03 -2.830280224E-03  6.562000606E-03  9.740951131E-01 
        19 -2.835373627E-03 -2.835373627E-03  6.562000606E-03  8.799582956E-01 
        20 -2.841493115E-03 -2.841493115E-03  6.562000141E-03  8.470736836E-01 
        21 -2.848849166E-03 -2.848849166E-03  6.562000141E-03  8.909062411E-01 
        22 -2.857688349E-03 -2.857688349E-03  6.562000141E-03  9.936768481E-01 
        23 -2.868303098E-03 -2.868303098E-03  6.562000141E-03  1.113271566E+00 
        24 -2.881055698E-03 -2.881055698E-03  6.562000606E-03  1.208981745E+00 
        25 -2.896386897E-03 -2.896386897E-03  6.562000606E-03  1.266857920E+00 
        26 -2.914825454E-03 -2.914825454E-03  6.562000606E-03  1.310820610E+00 
        27 -2.937011421E-03 -2.937011421E-03  6.562000606E-03  1.361256691E+00 
        28 -2.967901761E-03 -2.967901761E-03  6.562000606E-03  1.432597272E+00 
        29 -3.022594145E-03 -3.022594145E-03  6.562000141E-03  1.628168413E+00 
        30 -3.099788679E-03 -3.099788679E-03  6.562000141E-03  1.696090717E+00 
        31 -3.195534460E-03 -3.195532598E-03  6.562000606E-03  1.784860370E+00 
        32 -3.312505549E-03 -3.312502056E-03  6.562000141E-03  1.711633615E+00 
        33 -3.437505569E-03 -3.437501844E-03  6.562000141E-03  1.563740371E+00 
        34 -3.562505590E-03 -3.562501865E-03  6.562000141E-03  1.732687979E+00 
        35 -3.687505377E-03 -3.687501885E-03  6.562000141E-03  1.844368385E+00 
        36 -3.812505398E-03 -3.812501905E-03  6.562000141E-03  1.793503022E+00 
        37 -3.937505651E-03 -3.937501926E-03  6.562000141E-03  1.484460424E+00 
        38 -4.062505439E-03 -4.062502179E-03  6.562000141E-03  1.093779260E+00 
        39 -4.187505692E-03 -4.187501967E-03  6.562000141E-03  7.677059087E-01 
        40 -4.312505480E-03 -4.312502220E-03  6.562000141E-03  7.376250257E-01 
        41 -4.437505733E-03 -4.437502008E-03  6.562000141E-03  8.090964357E-01 
        42 -4.562505521E-03 -4.562501796E-03  6.562000141E-03  9.144319385E-01 
        43 -4.687505774E-03 -4.687502049E-03  6.562000141E-03  1.025557894E+00 
        44 -4.812505562E-03 -4.812501837E-03  6.562000141E-03  1.144129692E+00 
        45 -4.937505815E-03 -4.937502090E-03  6.562000141E-03  1.300857965E+00 
        46 -5.062505603E-03 -5.062501878E-03  6.562000141E-03  1.532746365E+00 
        47 -5.187505856E-03 -5.187502131E-03  6.562000141E-03  1.821557689E+00 
        48 -5.312505644E-03 -5.312501919E-03  6.562000141E-03  2.014673409E+00 
        49 -5.437505897E-03 -5.437502172E-03  6.562000141E-03  1.945739658E+00 
        50 -5.562505685E-03 -5.562501960E-03  6.562000141E-03  1.591121761E+00 
        51 -5.687505938E-03 -5.687501747E-03  6.562000141E-03  1.163510778E+00 
        52 -5.812505726E-03 -5.812502000E-03  6.562000141E-03  9.676483822E-01 
        53 -5.937505513E-03 -5.937501788E-03  6.562000141E-03  9.691280172E-01 
        54 -6.062505767E-03 -6.062502041E-03  6.562000141E-03  1.013459085E+00 
        55 -6.187505554E-03 -6.187501829E-03  6.562000141E-03  1.090660280E+00 
        56 -6.312505808E-03 -6.312502082E-03  6.562000141E-03  1.247503988E+00 
        57 -6.437505595E-03 -6.437501870E-03  6.562000141E-03  1.575823332E+00 
        58 -6.562505849E-03 -6.562501658E-03  6.562000141E-03  1.819465299E+00 
        59 -6.687505636E-03 -6.687501911E-03  6.562000141E-03  1.846459992E+00 
        60 -6.812505890E-03 -6.812501699E-03  6.562000141E-03  1.726489251E+00 
        61 -6.937505677E-03 -6.937501952E-03  6.562000141E-03  1.629779303E+00 
        62 -7.062505931E-03 -7.062501740E-03  6.562000141E-03  1.609250696E+00 
        63 -7.187505718E-03 -7.187501993E-03  6.562000141E-03  1.709032476E+00 
        64 -7.312505972E-03 -7.312501781E-03  6.562000141E-03  1.871253804E+00 
        65 -7.437505759E-03 -7.437502034E-03  6.562000141E-03  2.055855427E+00 
        66 -7.562506013E-03 -7.562501822E-03  6.562000141E-03  2.221067006E+00 
        67 -7.687505800E-03 -7.687501609E-03  6.562000141E-03  2.534203648E+00 
        68 -7.812505588E-03 -7.812501863E-03  6.562000141E-03  2.648017948E+00 
        69 -7.937505841E-03 -7.937502116E-03  6.562000141E-03  2.712317221E+00 
        70 -8.062506095E-03 -8.062501438E-03  6.562000141E-03  2.310484989E+00 
        71 -8.187506348E-03 -8.187501691E-03  6.562000141E-03  2.196477709E+00 
        72 -8.312505670E-03 -8.312501945E-03  6.562000141E-03  2.200265399E+00 
        73 -8.437505923E-03 -8.437502198E-03  6.562000141E-03  2.185167680E+00 
        74 -8.562506177E-03 -8.562501520E-03  6.562000141E-03  2.052251688E+00 
        75 -8.687505499E-03 -8.687501773E-03  6.562000141E-03  1.938115705E+00 
        76 -8.812505752E-03 -8.812502027E-03  6.562000141E-03  2.298949942E+00 
        77 -8.937506005E-03 -8.937501349E-03  6.562000141E-03  2.618875384E+00 
        78 -9.062506258E-03 -9.062501602E-03  6.562000141E-03  2.798498102E+00 
        79 -9.187505580E-03 -9.187501855E-03  6.562000141E-03  3.021216902E+00 
        80 -9.312505834E-03 -9.312502109E-03  6.562000141E-03  3.040610024E+00 
        81 -9.437506087E-03 -9.437501431E-03  6.562000141E-03  3.062731010E+00 
        82 -9.562506340E-03 -9.562501684E-03  6.562000141E-03  3.243640944E+00 
        83 -9.687505662E-03 -9.687501937E-03  6.562000141E-03  3.331611814E+00 
        84 -9.812505916E-03 -9.812501259E-03  6.562000141E-03  3.367251596E+00 
        85 -9.937506169E-03 -9.937501512E-03  6.562000141E-03  3.474927956E+00 
        86 -1.218750607E-02 -1.218750142E-02  6.562000141E-03  4.514895163E+00 
        87 -1.231250633E-02 -1.231250167E-02  6.562000141E-03  4.557498691E+00 
        88 -1.243750658E-02 -1.243750192E-02  6.562000141E-03  4.608013865E+00 
        89 -1.256250590E-02 -1.256250124E-02  6.562000141E-03  4.663136408E+00 
        90 -1.268750615E-02 -1.268750150E-02  6.562000141E-03  4.721082521E+00 
        91 -1.281250641E-02 -1.281250175E-02  6.562000141E-03  4.778318661E+00 
        92 -1.293750573E-02 -1.293750107E-02  6.562000141E-03  4.833293225E+00 
        93 -1.306250598E-02 -1.306250133E-02  6.562000141E-03  4.883080437E+00 
        94 -1.318750624E-02 -1.318750158E-02  6.562000141E-03  4.932397522E+00 
        95 -1.331250649E-02 -1.331250183E-02  6.562000141E-03  4.977467038E+00 
        96 -1.343750581E-02 -1.343750115E-02  6.562000141E-03  5.016803885E+00 
        97 -1.356250606E-02 -1.356250141E-02  6.562000141E-03  5.059354429E+00 
        98 -1.368750632E-02 -1.368750166E-02  6.562000141E-03  5.100203580E+00 
        99 -1.381250657E-02 -1.381250191E-02  6.562000141E-03  5.131227483E+00 
       100 -1.393750589E-02 -1.393750124E-02  6.562000141E-03  5.151092019E+00 
       101 -1.406250615E-02 -1.406250149E-02  6.562000141E-03  5.172463562E+00 
       102 -1.418750640E-02 -1.418750174E-02  6.562000141E-03  5.231475539E+00 
       103 -1.431250665E-02 -1.431250107E-02  6.562000141E-03  5.315160511E+00 
       104 -1.443750598E-02 -1.443750132E-02  6.562000141E-03  5.351763415E+00 
       105 -1.456250623E-02 -1.456250157E-02  6.562000141E-03  5.357681792E+00 
       106 -1.468750648E-02 -1.468750183E-02  6.562000141E-03  5.380124014E+00 
       107 -1.481250674E-02 -1.481250115E-02  6.562000141E-03  5.454739177E+00 
       108 -1.493750606E-02 -1.493750140E-02  6.562000141E-03  5.567225142E+00 
       109 -1.506250631E-02 -1.506250165E-02  6.562000141E-03  5.634509883E+00 
       110 -1.518750656E-02 -1.518750098E-02  6.562000141E-03  5.633697678E+00 
       111 -1.531250589E-02 -1.531250123E-02  6.562000141E-03  5.627100496E+00 
       112 -1.543750614E-02 -1.543750148E-02  6.562000141E-03  5.627139123E+00 
       113 -1.556250639E-02 -1.556250174E-02  6.562000141E-03  5.618083917E+00 
       114 -1.568750665E-02 -1.568750106E-02  6.562000141E-03  5.604309199E+00 
       115 -1.581250690E-02 -1.581250131E-02  6.562000141E-03  5.606714331E+00 
       116 -1.593750529E-02 -1.593750156E-02  6.562000141E-03  5.600785977E+00 
       117 -1.618750580E-02 -1.618750021E-02  6.562000141E-03  5.503019858E+00 
       118 -1.606250554E-02 -1.606250182E-02  6.562000141E-03  5.583208326E+00 
       119 -1.631250605E-02 -1.631250046E-02  6.562000141E-03  5.451710639E+00 
       120 -1.643750630E-02 -1.643750072E-02  6.562000141E-03  5.489579397E+00 
       121 -1.656250656E-02 -1.656250097E-02  6.562000141E-03  5.549770569E+00 
       122 -1.668750681E-02 -1.668750122E-02  6.562000141E-03  5.621199793E+00 
       123 -1.681250706E-02 -1.681250148E-02  6.562000141E-03  5.698865450E+00 
       124 -1.693750545E-02 -1.693750173E-02  6.562000141E-03  5.821064673E+00 
       125 -1.706250571E-02 -1.706250012E-02  6.562000141E-03  5.561891665E+00 
       126 -1.718750596E-02 -1.718750037E-02  6.562000141E-03  5.304373340E+00 
       127 -1.731250621E-02 -1.731250063E-02  6.562000141E-03  5.166859388E+00 
       128 -1.743750647E-02 -1.743750088E-02  6.562000141E-03  5.067677592E+00 
       129 -1.756250672E-02 -1.756250113E-02  6.562000141E-03  5.246266853E+00 
       130 -1.768750697E-02 -1.768750139E-02  6.562000141E-03  5.684809565E+00 
       131 -1.781250536E-02 -1.781250164E-02  6.562000141E-03  6.214217757E+00 
       132 -1.793750562E-02 -1.793750189E-02  6.562000141E-03  6.418818983E+00 
       133 -1.806250587E-02 -1.806250028E-02  6.562000141E-03  6.086727438E+00 
       134 -1.818750612E-02 -1.818750054E-02  6.562000141E-03  5.626381187E+00 
       135 -1.831250638E-02 -1.831250079E-02  6.562000141E-03  5.533771193E+00 
       136 -1.843750663E-02 -1.843750104E-02  6.562000141E-03  5.481836725E+00 
       137 -1.856250688E-02 -1.856250130E-02  6.562000141E-03  5.177019660E+00 
       138 -1.868750714E-02 -1.868750155E-02  6.562000141E-03  5.081734769E+00 
       139 -1.880351454E-02 -1.880351081E-02  6.562000141E-03  5.045109357E+00 
       140 -1.890108548E-02 -1.890108548E-02  6.562000141E-03  4.904412923E+00 
       141 -1.895662583E-02 -1.895662583E-02  6.562000141E-03  4.864229473E+00 
       142 -1.898222044E-02 -1.898222044E-02  6.562000606E-03  4.771244900E+00 
       143 -1.904012822E-02 -1.904012822E-02  6.562000141E-03  4.710475426E+00 
       144 -1.912219450E-02 -1.912219450E-02  6.562000606E-03  4.677373224E+00 
       145 -1.916676387E-02 -1.916676387E-02  6.562000606E-03  4.695398836E+00 
       146 -1.923896931E-02 -1.923896931E-02  6.562000141E-03  4.649116767E+00 
       147 -1.931096986E-02 -1.931096986E-02  6.562000141E-03  4.677055921E+00 
       148 -1.938296854E-02 -1.938296854E-02  6.562000141E-03  4.551729636E+00 
       149 -1.945496909E-02 -1.945496909E-02  6.562000141E-03  4.563599255E+00 
       150 -1.952696964E-02 -1.952696964E-02  6.562000141E-03  4.419239921E+00 
       151 -1.959896833E-02 -1.959896833E-02  6.562000606E-03  4.392696907E+00 
       152 -1.967096888E-02 -1.967096888E-02  6.562000141E-03  4.258491958E+00 
       153 -1.974296942E-02 -1.974296942E-02  6.562000141E-03  4.157340783E+00 
       154 -1.981496811E-02 -1.981496811E-02  6.562000141E-03  4.079927602E+00 
       155 -1.988696866E-02 -1.988696866E-02  6.562000141E-03  3.859248689E+00 
       156 -2.121081017E-02 -2.121081017E-02  6.562000141E-03  1.717938890E-01 
       157 -2.120563947E-02 -2.120563947E-02  6.562000141E-03  5.141318855E-01 
       158 -2.119943500E-02 -2.119943500E-02  6.562000606E-03  9.141565141E-01 
       159 -2.119199000E-02 -2.119199000E-02  6.562000141E-03  1.369406032E+00 
       160 -2.118305862E-02 -2.118305862E-02  6.562000141E-03  1.863545270E+00 
       161 -2.117234282E-02 -2.117234282E-02  6.562000606E-03  2.359472843E+00 
       162 -2.115948685E-02 -2.115948685E-02  6.562000606E-03  2.800976542E+00 
       163 -2.114406601E-02 -2.114406601E-02  6.562000606E-03  3.135009874E+00 
       164 -2.112556621E-02 -2.112556621E-02  6.562000606E-03  3.341701069E+00 
       165 -2.110337466E-02 -2.110337466E-02  6.562000606E-03  3.458884810E+00 
       166 -2.106651478E-02 -2.106651478E-02  6.562000606E-03  3.549830981E+00 
       167 -2.102797665E-02 -2.102797665E-02  6.562000141E-03  3.570598564E+00 
       168 -2.100796066E-02 -2.100796066E-02  6.562000141E-03  3.628326834E+00 
       169 -2.095155232E-02 -2.095155232E-02  6.562000141E-03  3.642773793E+00 
       170 -2.089514025E-02 -2.089514025E-02  6.562000141E-03  3.720054405E+00 
       171 -2.082296833E-02 -2.082296833E-02  6.562000141E-03  3.681856558E+00 
       172 -2.075096779E-02 -2.075096779E-02  6.562000141E-03  3.776107896E+00 
       173 -2.067896910E-02 -2.067896910E-02  6.562000141E-03  3.845837332E+00 
       174 -2.060696855E-02 -2.060696855E-02  6.562000141E-03  3.940267771E+00 
       175 -2.053496987E-02 -2.053496987E-02  6.562000606E-03  4.019630400E+00 
       176 -2.046296932E-02 -2.046296932E-02  6.562000141E-03  4.091906401E+00 
       177 -2.039096877E-02 -2.039096877E-02  6.562000141E-03  4.137054140E+00 
       178 -2.031897008E-02 -2.031897008E-02  6.562000606E-03  4.126108770E+00 
       179 -2.024696954E-02 -2.024696954E-02  6.562000141E-03  4.134887113E+00 
       180 -2.017496899E-02 -2.017496899E-02  6.562000141E-03  4.028710255E+00 
       181 -2.010296844E-02 -2.010296844E-02  6.562000141E-03  3.950467898E+00 
       182 -2.003096975E-02 -2.003096975E-02  6.562000141E-03  3.834670146E+00 
       183 -1.995896921E-02 -1.995896921E-02  6.562000141E-03  3.850620101E+00 
