cellnumber     x-coordinate     y-coordinate     z-coordinate velocity-magnitude 
         1 -1.006250549E-02 -1.006250177E-02  6.562000141E-03  3.629424650E+00 
         2 -1.018750574E-02 -1.018750202E-02  6.562000141E-03  3.682179278E+00 
         3 -1.031250600E-02 -1.031250134E-02  6.562000141E-03  3.751544030E+00 
         4 -1.043750625E-02 -1.043750159E-02  6.562000141E-03  3.785690366E+00 
         5 -1.056250557E-02 -1.056250185E-02  6.562000141E-03  3.790277828E+00 
         6 -1.068750583E-02 -1.068750210E-02  6.562000141E-03  3.835563970E+00 
         7 -1.081250608E-02 -1.081250142E-02  6.562000141E-03  3.887112138E+00 
         8 -1.093750633E-02 -1.093750168E-02  6.562000141E-03  3.810457909E+00 
         9 -1.106250565E-02 -1.106250193E-02  6.562000141E-03  3.715265041E+00 
        10 -1.118750591E-02 -1.118750125E-02  6.562000141E-03  3.740810946E+00 
        11 -1.131250616E-02 -1.131250151E-02  6.562000141E-03  3.833275479E+00 
        12 -1.143750641E-02 -1.143750176E-02  6.562000141E-03  3.949531955E+00 
        13 -1.156250574E-02 -1.156250201E-02  6.562000141E-03  4.057916425E+00 
        14 -1.168750599E-02 -1.168750133E-02  6.562000141E-03  4.157581689E+00 
        15 -1.181250624E-02 -1.181250159E-02  6.562000141E-03  4.217998291E+00 
        16 -1.193750557E-02 -1.193750184E-02  6.562000141E-03  4.249271162E+00 
        17 -1.206250582E-02 -1.206250209E-02  6.562000141E-03  4.333352074E+00 
        18 -1.618750580E-02 -1.618750207E-02  6.562000141E-03  5.482951263E+00 
        19 -1.606250554E-02 -1.606250182E-02  6.562000141E-03  5.558339438E+00 
        20 -1.898222044E-02 -1.898222044E-02  6.562000606E-03  4.660146050E+00 
        21 -1.904012822E-02 -1.904012822E-02  6.562000141E-03  4.392591660E+00 
        22 -1.912219450E-02 -1.912219450E-02  6.562000606E-03  4.164847300E+00 
        23 -1.916676387E-02 -1.916676387E-02  6.562000606E-03  4.087437646E+00 
        24 -1.923896931E-02 -1.923896931E-02  6.562000141E-03  4.020901109E+00 
        25 -1.931096986E-02 -1.931096986E-02  6.562000141E-03  3.950116227E+00 
        26 -1.938296854E-02 -1.938296854E-02  6.562000141E-03  3.984011847E+00 
        27 -1.945496909E-02 -1.945496909E-02  6.562000141E-03  4.002784865E+00 
        28 -1.952696964E-02 -1.952696964E-02  6.562000141E-03  4.138474474E+00 
        29 -1.959896833E-02 -1.959896833E-02  6.562000606E-03  4.184708256E+00 
        30 -1.967096888E-02 -1.967096888E-02  6.562000141E-03  4.271845120E+00 
        31 -1.974296942E-02 -1.974296942E-02  6.562000141E-03  4.274763373E+00 
        32 -1.981496811E-02 -1.981496811E-02  6.562000141E-03  4.226266599E+00 
        33 -1.988696866E-02 -1.988696866E-02  6.562000141E-03  4.190564886E+00 
        34 -2.121081017E-02 -2.121081017E-02  6.562000141E-03  9.099046248E-02 
        35 -2.120563947E-02 -2.120563947E-02  6.562000141E-03  2.670235788E-01 
        36 -2.119943500E-02 -2.119943500E-02  6.562000606E-03  4.668293631E-01 
        37 -2.119199000E-02 -2.119199000E-02  6.562000141E-03  6.923420620E-01 
        38 -2.118305862E-02 -2.118305862E-02  6.562000141E-03  9.485885128E-01 
        39 -2.117234282E-02 -2.117234282E-02  6.562000606E-03  1.246660413E+00 
        40 -2.115948685E-02 -2.115948685E-02  6.562000606E-03  1.610698233E+00 
        41 -2.114406601E-02 -2.114406601E-02  6.562000606E-03  2.095649001E+00 
        42 -2.112556621E-02 -2.112556621E-02  6.562000606E-03  2.758169531E+00 
        43 -2.110337466E-02 -2.110337466E-02  6.562000606E-03  3.635584431E+00 
        44 -2.106651478E-02 -2.106651478E-02  6.562000606E-03  4.309378398E+00 
        45 -2.102797665E-02 -2.102797665E-02  6.562000141E-03  4.379915939E+00 
        46 -2.100796066E-02 -2.100796066E-02  6.562000141E-03  4.406020126E+00 
        47 -2.095155232E-02 -2.095155232E-02  6.562000141E-03  4.356439407E+00 
        48 -2.089514025E-02 -2.089514025E-02  6.562000141E-03  4.178331043E+00 
        49 -2.082296833E-02 -2.082296833E-02  6.562000141E-03  4.154311891E+00 
        50 -2.075096779E-02 -2.075096779E-02  6.562000141E-03  4.085454334E+00 
        51 -2.067896910E-02 -2.067896910E-02  6.562000141E-03  4.105513759E+00 
        52 -2.060696855E-02 -2.060696855E-02  6.562000141E-03  4.093084366E+00 
        53 -2.053496987E-02 -2.053496987E-02  6.562000606E-03  4.038541653E+00 
        54 -2.046296932E-02 -2.046296932E-02  6.562000141E-03  3.982312147E+00 
        55 -2.039096877E-02 -2.039096877E-02  6.562000141E-03  3.860902773E+00 
        56 -2.031897008E-02 -2.031897008E-02  6.562000606E-03  3.866994711E+00 
        57 -2.024696954E-02 -2.024696954E-02  6.562000141E-03  3.775021129E+00 
        58 -2.017496899E-02 -2.017496899E-02  6.562000141E-03  3.905981149E+00 
        59 -2.010296844E-02 -2.010296844E-02  6.562000141E-03  3.868867092E+00 
        60 -2.003096975E-02 -2.003096975E-02  6.562000141E-03  4.049305128E+00 
        61 -1.995896921E-02 -1.995896921E-02  6.562000141E-03  4.025469329E+00 
        62 -1.631250605E-02 -1.631250046E-02  6.562000141E-03  5.504761578E+00 
        63 -1.643750630E-02 -1.643750072E-02  6.562000141E-03  5.676281936E+00 
        64 -1.656250656E-02 -1.656250097E-02  6.562000141E-03  5.880797584E+00 
        65 -1.668750681E-02 -1.668750122E-02  6.562000141E-03  6.081881830E+00 
        66 -1.681250520E-02 -1.681250148E-02  6.562000141E-03  6.171711419E+00 
        67 -1.693750545E-02 -1.693750173E-02  6.562000141E-03  6.189139435E+00 
        68 -1.706250571E-02 -1.706250198E-02  6.562000141E-03  6.218386662E+00 
        69 -1.718750596E-02 -1.718750037E-02  6.562000141E-03  6.091670794E+00 
        70 -1.731250621E-02 -1.731250063E-02  6.562000141E-03  5.904608093E+00 
        71 -1.743750647E-02 -1.743750088E-02  6.562000141E-03  6.007104869E+00 
        72 -1.756250672E-02 -1.756250113E-02  6.562000141E-03  6.231169392E+00 
        73 -1.768750697E-02 -1.768750139E-02  6.562000141E-03  6.175964824E+00 
        74 -1.781250536E-02 -1.781250164E-02  6.562000141E-03  5.873763893E+00 
        75 -1.793750562E-02 -1.793750189E-02  6.562000141E-03  5.597027821E+00 
        76 -1.806250587E-02 -1.806250028E-02  6.562000141E-03  5.369017037E+00 
        77 -1.818750612E-02 -1.818750054E-02  6.562000141E-03  5.400442095E+00 
        78 -1.831250638E-02 -1.831250079E-02  6.562000141E-03  5.378366855E+00 
        79 -1.843750663E-02 -1.843750104E-02  6.562000141E-03  5.308497313E+00 
        80 -1.856250688E-02 -1.856250130E-02  6.562000141E-03  5.389561876E+00 
        81 -1.868750528E-02 -1.868750155E-02  6.562000141E-03  5.254789254E+00 
        82 -1.880351268E-02 -1.880351081E-02  6.562000141E-03  5.080739893E+00 
        83 -1.890108548E-02 -1.890108548E-02  6.561999675E-03  5.025381079E+00 
        84 -1.895662397E-02 -1.895662397E-02  6.561999675E-03  4.922423419E+00 
        85 -2.830280224E-03 -2.830280224E-03  6.562000606E-03  1.069934232E+00 
        86 -2.835373627E-03 -2.835373627E-03  6.562000606E-03  1.120080007E+00 
        87 -2.841493115E-03 -2.841493115E-03  6.562000141E-03  1.182565076E+00 
        88 -2.848849166E-03 -2.848849166E-03  6.562000141E-03  1.258483099E+00 
        89 -2.857688349E-03 -2.857688349E-03  6.562000141E-03  1.346488038E+00 
        90 -2.868303098E-03 -2.868303098E-03  6.562000141E-03  1.441123792E+00 
        91 -2.881055698E-03 -2.881055698E-03  6.562000606E-03  1.530943143E+00 
        92 -2.896386897E-03 -2.896386897E-03  6.562000606E-03  1.597636847E+00 
        93 -2.914825454E-03 -2.914825454E-03  6.562000606E-03  1.620525574E+00 
        94 -2.937011421E-03 -2.937011421E-03  6.562000606E-03  1.588145410E+00 
        95 -2.967901994E-03 -2.967901994E-03  6.562000606E-03  1.491830502E+00 
        96 -3.022594145E-03 -3.022594145E-03  6.562000141E-03  1.469961838E+00 
        97 -3.099788679E-03 -3.099788679E-03  6.562000141E-03  1.855629560E+00 
        98 -3.195534460E-03 -3.195532598E-03  6.562000606E-03  2.092623984E+00 
        99 -3.312505549E-03 -3.312502056E-03  6.562000141E-03  1.884543046E+00 
       100 -3.437505336E-03 -3.437502077E-03  6.562000141E-03  1.296671859E+00 
       101 -3.562505357E-03 -3.562501865E-03  6.562000141E-03  9.113113957E-01 
       102 -3.687505377E-03 -3.687501885E-03  6.562000141E-03  9.725191478E-01 
       103 -3.812505398E-03 -3.812501905E-03  6.562000141E-03  1.257097344E+00 
       104 -3.937505651E-03 -3.937501926E-03  6.562000141E-03  1.445563204E+00 
       105 -4.062505439E-03 -4.062502179E-03  6.562000141E-03  1.525245076E+00 
       106 -4.187505692E-03 -4.187501967E-03  6.562000141E-03  1.678013582E+00 
       107 -4.312505480E-03 -4.312502220E-03  6.562000141E-03  1.717092931E+00 
       108 -4.437505733E-03 -4.437502008E-03  6.562000141E-03  1.618751221E+00 
       109 -4.562505521E-03 -4.562502261E-03  6.562000141E-03  1.490569326E+00 
       110 -4.687505774E-03 -4.687502049E-03  6.562000141E-03  1.494174895E+00 
       111 -4.812505562E-03 -4.812501837E-03  6.562000141E-03  1.764951854E+00 
       112 -4.937505815E-03 -4.937502090E-03  6.562000141E-03  2.143415401E+00 
       113 -5.062505603E-03 -5.062501878E-03  6.562000141E-03  2.006796364E+00 
       114 -5.187505856E-03 -5.187502131E-03  6.562000141E-03  2.266173141E+00 
       115 -5.312505644E-03 -5.312501919E-03  6.562000141E-03  2.233716158E+00 
       116 -5.437505897E-03 -5.437502172E-03  6.562000141E-03  1.873658083E+00 
       117 -5.562505685E-03 -5.562501960E-03  6.562000141E-03  1.429552680E+00 
       118 -5.687505472E-03 -5.687501747E-03  6.562000141E-03  1.223057950E+00 
       119 -5.812505726E-03 -5.812502000E-03  6.562000141E-03  1.163669900E+00 
       120 -5.937505513E-03 -5.937501788E-03  6.562000141E-03  1.062812441E+00 
       121 -6.062505767E-03 -6.062502041E-03  6.562000141E-03  1.033308398E+00 
       122 -6.187505554E-03 -6.187501829E-03  6.562000141E-03  1.204366143E+00 
       123 -6.312505808E-03 -6.312502082E-03  6.562000141E-03  1.007902978E+00 
       124 -6.437505595E-03 -6.437501870E-03  6.562000141E-03  1.083322536E+00 
       125 -6.562505849E-03 -6.562502123E-03  6.562000141E-03  1.152861888E+00 
       126 -6.687505636E-03 -6.687501911E-03  6.562000141E-03  1.151409127E+00 
       127 -6.812505890E-03 -6.812501699E-03  6.562000141E-03  1.251287846E+00 
       128 -6.937505677E-03 -6.937501952E-03  6.562000141E-03  1.643688890E+00 
       129 -7.062505931E-03 -7.062501740E-03  6.562000141E-03  1.975656020E+00 
       130 -7.187505718E-03 -7.187501993E-03  6.562000141E-03  2.044330359E+00 
       131 -7.312505972E-03 -7.312501781E-03  6.562000141E-03  1.869778684E+00 
       132 -7.437505759E-03 -7.437502034E-03  6.562000141E-03  1.697539380E+00 
       133 -7.562506013E-03 -7.562501822E-03  6.562000141E-03  1.583878865E+00 
       134 -7.687505800E-03 -7.687502075E-03  6.562000141E-03  1.791865492E+00 
       135 -7.812505588E-03 -7.812501863E-03  6.562000141E-03  2.166861687E+00 
       136 -7.937505841E-03 -7.937502116E-03  6.562000141E-03  2.419142837E+00 
       137 -8.062506095E-03 -8.062501438E-03  6.562000141E-03  2.272765311E+00 
       138 -8.187505417E-03 -8.187501691E-03  6.562000141E-03  2.264909709E+00 
       139 -8.312505670E-03 -8.312501945E-03  6.562000141E-03  2.611626105E+00 
       140 -8.437505923E-03 -8.437502198E-03  6.562000141E-03  2.973416395E+00 
       141 -8.562506177E-03 -8.562501520E-03  6.562000141E-03  3.269153102E+00 
       142 -8.687505499E-03 -8.687501773E-03  6.562000141E-03  3.414644144E+00 
       143 -8.812505752E-03 -8.812502027E-03  6.562000141E-03  3.238448023E+00 
       144 -8.937506005E-03 -8.937502280E-03  6.562000141E-03  3.056646097E+00 
       145 -9.062506258E-03 -9.062501602E-03  6.562000141E-03  2.732377590E+00 
       146 -9.187505580E-03 -9.187501855E-03  6.562000141E-03  2.770612810E+00 
       147 -9.312505834E-03 -9.312502109E-03  6.562000141E-03  3.126943315E+00 
       148 -9.437506087E-03 -9.437501431E-03  6.562000141E-03  3.269045286E+00 
       149 -9.562506340E-03 -9.562501684E-03  6.562000141E-03  3.336275355E+00 
       150 -9.687505662E-03 -9.687501937E-03  6.562000141E-03  3.393539170E+00 
       151 -9.812505916E-03 -9.812502190E-03  6.562000141E-03  3.464967135E+00 
       152 -9.937506169E-03 -9.937501512E-03  6.562000141E-03  3.560701285E+00 
       153 -1.218750607E-02 -1.218750142E-02  6.562000141E-03  4.487067778E+00 
       154 -1.231250633E-02 -1.231250167E-02  6.562000141E-03  4.674160903E+00 
       155 -1.243750565E-02 -1.243750192E-02  6.562000141E-03  4.827630508E+00 
       156 -1.256250590E-02 -1.256250124E-02  6.562000141E-03  4.923633837E+00 
       157 -1.268750615E-02 -1.268750150E-02  6.562000141E-03  4.996509057E+00 
       158 -1.281250641E-02 -1.281250175E-02  6.562000141E-03  5.073200810E+00 
       159 -1.293750573E-02 -1.293750200E-02  6.562000141E-03  5.130104649E+00 
       160 -1.306250598E-02 -1.306250133E-02  6.562000141E-03  5.165591442E+00 
       161 -1.318750624E-02 -1.318750158E-02  6.562000141E-03  5.183661480E+00 
       162 -1.331250649E-02 -1.331250183E-02  6.562000141E-03  5.191485357E+00 
       163 -1.343750581E-02 -1.343750115E-02  6.562000141E-03  5.187447970E+00 
       164 -1.356250606E-02 -1.356250141E-02  6.562000141E-03  5.163224572E+00 
       165 -1.368750632E-02 -1.368750166E-02  6.562000141E-03  5.207347016E+00 
       166 -1.381250657E-02 -1.381250191E-02  6.562000141E-03  5.354499659E+00 
       167 -1.393750589E-02 -1.393750124E-02  6.562000141E-03  5.531346901E+00 
       168 -1.406250615E-02 -1.406250149E-02  6.562000141E-03  5.665985955E+00 
       169 -1.418750640E-02 -1.418750174E-02  6.562000141E-03  5.734180225E+00 
       170 -1.431250572E-02 -1.431250200E-02  6.562000141E-03  5.757177324E+00 
       171 -1.443750598E-02 -1.443750132E-02  6.562000141E-03  5.743814423E+00 
       172 -1.456250623E-02 -1.456250157E-02  6.562000141E-03  5.713167273E+00 
       173 -1.468750648E-02 -1.468750183E-02  6.562000141E-03  5.702665403E+00 
       174 -1.481250580E-02 -1.481250115E-02  6.562000141E-03  5.698947235E+00 
       175 -1.493750606E-02 -1.493750140E-02  6.562000141E-03  5.657946624E+00 
       176 -1.506250631E-02 -1.506250165E-02  6.562000141E-03  5.603282117E+00 
       177 -1.518750656E-02 -1.518750191E-02  6.562000141E-03  5.547256108E+00 
       178 -1.531250589E-02 -1.531250123E-02  6.562000141E-03  5.501971540E+00 
       179 -1.543750614E-02 -1.543750148E-02  6.562000141E-03  5.565298290E+00 
       180 -1.556250639E-02 -1.556250174E-02  6.562000141E-03  5.571808431E+00 
       181 -1.568750665E-02 -1.568750106E-02  6.562000141E-03  5.528612527E+00 
       182 -1.581250690E-02 -1.581250131E-02  6.562000141E-03  5.502787317E+00 
       183 -1.593750529E-02 -1.593750156E-02  6.562000141E-03  5.560736687E+00 
