cellnumber     x-coordinate     y-coordinate     z-coordinate velocity-magnitude 
         1 -9.812498465E-03 -9.812504984E-03  6.562000141E-03  3.168267826E+00 
         2 -9.687499143E-03 -9.687504731E-03  6.562000141E-03  2.672602102E+00 
         3 -9.562498890E-03 -9.562504478E-03  6.562000141E-03  2.378052758E+00 
         4 -9.437498637E-03 -9.437504224E-03  6.562000141E-03  2.423378353E+00 
         5 -9.312498383E-03 -9.312504902E-03  6.562000141E-03  2.610187849E+00 
         6 -9.187499061E-03 -9.187504649E-03  6.562000141E-03  2.753268364E+00 
         7 -9.062498808E-03 -9.062504396E-03  6.562000141E-03  2.850501269E+00 
         8 -8.937498555E-03 -8.937505074E-03  6.562000141E-03  2.944064617E+00 
         9 -8.812498301E-03 -8.812504821E-03  6.562000141E-03  2.923364809E+00 
        10 -8.687498979E-03 -8.687504567E-03  6.562000141E-03  2.720139328E+00 
        11 -8.562498726E-03 -8.562504314E-03  6.562000141E-03  2.624634429E+00 
        12 -8.437498473E-03 -8.437504992E-03  6.562000141E-03  2.728985795E+00 
        13 -8.312499151E-03 -8.312504739E-03  6.562000141E-03  2.803192794E+00 
        14 -8.187498897E-03 -8.187504485E-03  6.562000141E-03  2.958263605E+00 
        15 -8.062498644E-03 -8.062504232E-03  6.562000141E-03  2.951258654E+00 
        16 -7.937498391E-03 -7.937504910E-03  6.562000141E-03  2.991135708E+00 
        17 -7.812498603E-03 -7.812504657E-03  6.562000141E-03  3.063090464E+00 
        18 -7.687498815E-03 -7.687504869E-03  6.562000141E-03  2.993722158E+00 
        19 -7.562498562E-03 -7.562504616E-03  6.562000141E-03  2.814829957E+00 
        20 -7.437498774E-03 -7.437504828E-03  6.562000141E-03  2.583983824E+00 
        21 -7.312498521E-03 -7.312504575E-03  6.562000141E-03  2.021958646E+00 
        22 -7.187498733E-03 -7.187504787E-03  6.562000141E-03  1.987692613E+00 
        23 -7.062498480E-03 -7.062504534E-03  6.562000141E-03  2.112457318E+00 
        24 -6.937498692E-03 -6.937504746E-03  6.562000141E-03  1.958484608E+00 
        25 -6.812498439E-03 -6.812504958E-03  6.562000141E-03  1.441480365E+00 
        26 -6.687498651E-03 -6.687504705E-03  6.562000141E-03  1.313024577E+00 
        27 -9.937498719E-03 -9.937504306E-03  6.562000141E-03  3.508256547E+00 
        28 -1.006249897E-02 -1.006250456E-02  6.562000141E-03  3.661282952E+00 
        29 -1.018749923E-02 -1.018750481E-02  6.562000141E-03  3.729335022E+00 
        30 -1.031249855E-02 -1.031250414E-02  6.562000141E-03  3.791514459E+00 
        31 -1.043749880E-02 -1.043750439E-02  6.562000141E-03  3.846913831E+00 
        32 -1.056249905E-02 -1.056250464E-02  6.562000141E-03  3.900696631E+00 
        33 -1.068749931E-02 -1.068750490E-02  6.562000141E-03  3.904714648E+00 
        34 -1.081249863E-02 -1.081250422E-02  6.562000141E-03  3.861532347E+00 
        35 -1.093749888E-02 -1.093750447E-02  6.562000141E-03  3.810655361E+00 
        36 -1.106249914E-02 -1.106250472E-02  6.562000141E-03  3.805645008E+00 
        37 -1.118749939E-02 -1.118750405E-02  6.562000141E-03  3.874536922E+00 
        38 -1.131249871E-02 -1.131250430E-02  6.562000141E-03  3.964848927E+00 
        39 -1.143749896E-02 -1.143750455E-02  6.562000141E-03  3.999789408E+00 
        40 -1.156249922E-02 -1.156250481E-02  6.562000141E-03  3.953917127E+00 
        41 -1.168749854E-02 -1.168750413E-02  6.562000141E-03  3.909570120E+00 
        42 -1.181249879E-02 -1.181250438E-02  6.562000141E-03  3.905923793E+00 
        43 -1.193749905E-02 -1.193750463E-02  6.562000141E-03  3.983712817E+00 
        44 -1.206249930E-02 -1.206250396E-02  6.562000141E-03  4.115330753E+00 
        45 -1.218749862E-02 -1.218750421E-02  6.562000141E-03  4.233927761E+00 
        46 -1.231249887E-02 -1.231250446E-02  6.562000141E-03  4.282597295E+00 
        47 -1.243749913E-02 -1.243750472E-02  6.562000141E-03  4.322946552E+00 
        48 -1.256249938E-02 -1.256250404E-02  6.562000141E-03  4.405097289E+00 
        49 -1.268749870E-02 -1.268750429E-02  6.562000141E-03  4.484663284E+00 
        50 -1.281249896E-02 -1.281250454E-02  6.562000141E-03  4.504893712E+00 
        51 -1.293749921E-02 -1.293750387E-02  6.562000141E-03  4.496616214E+00 
        52 -1.306249946E-02 -1.306250412E-02  6.562000141E-03  4.569394980E+00 
        53 -1.318749879E-02 -1.318750437E-02  6.562000141E-03  4.581994569E+00 
        54 -1.331249904E-02 -1.331250463E-02  6.562000141E-03  4.570039679E+00 
        55 -1.343749929E-02 -1.343750395E-02  6.562000141E-03  4.648470513E+00 
        56 -1.356249955E-02 -1.356250420E-02  6.562000141E-03  4.767045388E+00 
        57 -1.681249961E-02 -1.681250334E-02  6.562000141E-03  5.602459017E+00 
        58 -1.668749936E-02 -1.668750308E-02  6.562000141E-03  5.554188416E+00 
        59 -1.656249911E-02 -1.656250283E-02  6.562000141E-03  5.563261175E+00 
        60 -1.643749885E-02 -1.643750444E-02  6.562000141E-03  5.574103146E+00 
        61 -1.631249860E-02 -1.631250419E-02  6.562000141E-03  5.580952946E+00 
        62 -1.618749835E-02 -1.618750393E-02  6.562000141E-03  5.596372466E+00 
        63 -1.606249996E-02 -1.606250368E-02  6.562000141E-03  5.609766218E+00 
        64 -1.593749970E-02 -1.593750343E-02  6.562000141E-03  5.603495279E+00 
        65 -1.581249945E-02 -1.581250317E-02  6.562000141E-03  5.571057895E+00 
        66 -1.568749920E-02 -1.568750292E-02  6.562000141E-03  5.508122276E+00 
        67 -1.556249894E-02 -1.556250360E-02  6.562000141E-03  5.463349097E+00 
        68 -1.543749962E-02 -1.543750428E-02  6.562000141E-03  5.443783069E+00 
        69 -1.531249937E-02 -1.531250402E-02  6.562000141E-03  5.438433209E+00 
        70 -1.518749911E-02 -1.518750377E-02  6.562000141E-03  5.450372634E+00 
        71 -1.506249886E-02 -1.506250445E-02  6.562000141E-03  5.446195896E+00 
        72 -1.493749954E-02 -1.493750419E-02  6.562000141E-03  5.373590549E+00 
        73 -1.481249928E-02 -1.481250394E-02  6.562000141E-03  5.294557044E+00 
        74 -1.468749903E-02 -1.468750369E-02  6.562000141E-03  5.262542658E+00 
        75 -1.456249971E-02 -1.456250437E-02  6.562000141E-03  5.263347234E+00 
        76 -1.443749946E-02 -1.443750411E-02  6.562000141E-03  5.273278909E+00 
        77 -1.431249920E-02 -1.431250386E-02  6.562000141E-03  5.222078100E+00 
        78 -1.418749895E-02 -1.418750454E-02  6.562000141E-03  5.126700820E+00 
        79 -1.406249963E-02 -1.406250428E-02  6.562000141E-03  5.053067937E+00 
        80 -1.393749937E-02 -1.393750403E-02  6.562000141E-03  4.988656940E+00 
        81 -1.381249912E-02 -1.381250378E-02  6.562000141E-03  4.926324555E+00 
        82 -1.368749887E-02 -1.368750446E-02  6.562000141E-03  4.861370890E+00 
        83 -6.437498610E-03 -6.437504664E-03  6.562000141E-03  1.104972201E+00 
        84 -6.312498357E-03 -6.312504876E-03  6.562000141E-03  1.130961117E+00 
        85 -6.187498569E-03 -6.187504623E-03  6.562000141E-03  1.247500313E+00 
        86 -6.062498316E-03 -6.062504835E-03  6.562000141E-03  1.389503757E+00 
        87 -5.937498529E-03 -5.937505048E-03  6.562000141E-03  1.573334757E+00 
        88 -5.812498275E-03 -5.812504794E-03  6.562000141E-03  1.725431618E+00 
        89 -5.687498488E-03 -5.687505007E-03  6.562000141E-03  1.793885319E+00 
        90 -5.562498234E-03 -5.562504753E-03  6.562000141E-03  1.478534134E+00 
        91 -5.437498447E-03 -5.437504966E-03  6.562000141E-03  1.079430405E+00 
        92 -5.312498193E-03 -5.312504712E-03  6.562000141E-03  8.360758120E-01 
        93 -5.187498406E-03 -5.187504925E-03  6.562000141E-03  6.563661520E-01 
        94 -5.062498618E-03 -5.062505137E-03  6.562000141E-03  3.483713393E-01 
        95 -4.937498365E-03 -4.937504884E-03  6.562000141E-03  3.409834558E-01 
        96 -4.812498577E-03 -4.812505096E-03  6.562000141E-03  7.478897420E-01 
        97 -4.687498324E-03 -4.687504843E-03  6.562000141E-03  8.523269890E-01 
        98 -4.562498536E-03 -4.562505055E-03  6.562000141E-03  9.437675376E-01 
        99 -4.437498283E-03 -4.437504802E-03  6.562000141E-03  1.193635910E+00 
       100 -4.312498495E-03 -4.312505014E-03  6.562000141E-03  1.431423147E+00 
       101 -4.187498242E-03 -4.187505227E-03  6.562000141E-03  1.590301018E+00 
       102 -4.062498454E-03 -4.062504973E-03  6.562000141E-03  1.718956786E+00 
       103 -3.937498201E-03 -3.937504720E-03  6.562000141E-03  1.619760785E+00 
       104 -3.812498180E-03 -3.812504932E-03  6.562000141E-03  1.487186653E+00 
       105 -3.687498160E-03 -3.687504912E-03  6.562000141E-03  1.396928492E+00 
       106 -3.562498139E-03 -3.562504891E-03  6.562000141E-03  1.371425071E+00 
       107 -3.437498119E-03 -3.437504871E-03  6.562000141E-03  1.395830885E+00 
       108 -3.312498098E-03 -3.312504850E-03  6.562000141E-03  1.439154236E+00 
       109 -3.189915558E-03 -3.189918818E-03  6.562000141E-03  1.501925604E+00 
       110 -3.123705974E-03 -3.123705974E-03  6.562000141E-03  1.519000148E+00 
       111 -3.059382550E-03 -3.059382550E-03  6.562000141E-03  1.568834257E+00 
       112 -2.975319512E-03 -2.975319512E-03  6.562000141E-03  1.671555558E+00 
       113 -2.937293379E-03 -2.937293379E-03  6.562000606E-03  1.711356242E+00 
       114 -2.915036166E-03 -2.915036166E-03  6.562000606E-03  1.712316990E+00 
       115 -2.896548016E-03 -2.896548016E-03  6.562000141E-03  1.673624172E+00 
       116 -2.881183056E-03 -2.881183056E-03  6.562000141E-03  1.594076882E+00 
       117 -2.868407406E-03 -2.868407406E-03  6.562000606E-03  1.491425012E+00 
       118 -2.857780783E-03 -2.857780783E-03  6.562000606E-03  1.383327878E+00 
       119 -2.848939039E-03 -2.848939039E-03  6.562000606E-03  1.282215804E+00 
       120 -2.841580426E-03 -2.841580426E-03  6.562000141E-03  1.195067489E+00 
       121 -2.835455118E-03 -2.835455118E-03  6.562000141E-03  1.124529846E+00 
       122 -2.830355195E-03 -2.830355195E-03  6.562000141E-03  1.070407721E+00 
       123 -6.562498398E-03 -6.562504917E-03  6.562000141E-03  1.161564863E+00 
       124 -1.895486377E-02 -1.895486377E-02  6.562000141E-03  4.563178338E+00 
       125 -1.889866963E-02 -1.889866963E-02  6.562000141E-03  4.581163899E+00 
       126 -1.880285330E-02 -1.880285516E-02  6.562000141E-03  4.963962820E+00 
       127 -1.868749969E-02 -1.868750341E-02  6.562000141E-03  5.158001467E+00 
       128 -1.856249943E-02 -1.856250316E-02  6.562000141E-03  5.218639395E+00 
       129 -1.843749918E-02 -1.843750291E-02  6.562000141E-03  5.233662787E+00 
       130 -1.831249893E-02 -1.831250265E-02  6.562000141E-03  5.277707293E+00 
       131 -1.818749867E-02 -1.818750426E-02  6.562000141E-03  5.486590618E+00 
       132 -1.806249842E-02 -1.806250401E-02  6.562000141E-03  5.572944438E+00 
       133 -1.793750003E-02 -1.793750376E-02  6.562000141E-03  5.784220865E+00 
       134 -1.781249978E-02 -1.781250350E-02  6.562000141E-03  5.936217997E+00 
       135 -1.768749952E-02 -1.768750325E-02  6.562000141E-03  5.934832396E+00 
       136 -1.756249927E-02 -1.756250300E-02  6.562000141E-03  6.051487145E+00 
       137 -1.743749902E-02 -1.743750274E-02  6.562000141E-03  6.025960836E+00 
       138 -1.731249876E-02 -1.731250435E-02  6.562000141E-03  5.772218600E+00 
       139 -1.718749851E-02 -1.718750410E-02  6.562000141E-03  5.420717967E+00 
       140 -1.706250012E-02 -1.706250384E-02  6.562000141E-03  5.347762417E+00 
       141 -1.693749987E-02 -1.693750359E-02  6.562000141E-03  5.542861284E+00 
       142 -1.898222044E-02 -1.898222044E-02  6.562000606E-03  4.610459257E+00 
       143 -1.904012822E-02 -1.904012822E-02  6.562000141E-03  4.494404451E+00 
       144 -1.912219450E-02 -1.912219450E-02  6.562000606E-03  4.359392220E+00 
       145 -1.916676387E-02 -1.916676387E-02  6.562000606E-03  4.313780340E+00 
       146 -1.923896931E-02 -1.923896931E-02  6.562000141E-03  4.230232453E+00 
       147 -1.931096986E-02 -1.931096986E-02  6.562000141E-03  4.187043967E+00 
       148 -1.938296854E-02 -1.938296854E-02  6.562000141E-03  4.127415050E+00 
       149 -1.945496909E-02 -1.945496909E-02  6.562000141E-03  4.111856734E+00 
       150 -1.952696964E-02 -1.952696964E-02  6.562000141E-03  4.071139761E+00 
       151 -1.959896833E-02 -1.959896833E-02  6.562000606E-03  4.126038163E+00 
       152 -1.967096888E-02 -1.967096888E-02  6.562000141E-03  4.114020722E+00 
       153 -1.974296942E-02 -1.974296942E-02  6.562000141E-03  4.207116318E+00 
       154 -1.981496811E-02 -1.981496811E-02  6.562000141E-03  4.300190110E+00 
       155 -1.988696866E-02 -1.988696866E-02  6.562000141E-03  4.455831317E+00 
       156 -2.121081017E-02 -2.121081017E-02  6.562000141E-03  1.482561716E-01 
       157 -2.120563947E-02 -2.120563947E-02  6.562000141E-03  4.419919842E-01 
       158 -2.119943500E-02 -2.119943500E-02  6.562000606E-03  7.892251823E-01 
       159 -2.119199000E-02 -2.119199000E-02  6.562000141E-03  1.200747369E+00 
       160 -2.118305862E-02 -2.118305862E-02  6.562000141E-03  1.685830052E+00 
       161 -2.117234282E-02 -2.117234282E-02  6.562000606E-03  2.240969456E+00 
       162 -2.115948685E-02 -2.115948685E-02  6.562000606E-03  2.831527918E+00 
       163 -2.114406601E-02 -2.114406601E-02  6.562000606E-03  3.372797607E+00 
       164 -2.112556621E-02 -2.112556621E-02  6.562000606E-03  3.767947897E+00 
       165 -2.110337466E-02 -2.110337466E-02  6.562000606E-03  3.996618710E+00 
       166 -2.106651478E-02 -2.106651478E-02  6.562000606E-03  4.203037932E+00 
       167 -2.102797665E-02 -2.102797665E-02  6.562000141E-03  4.469361569E+00 
       168 -2.100796066E-02 -2.100796066E-02  6.562000141E-03  4.396436652E+00 
       169 -2.095155232E-02 -2.095155232E-02  6.562000141E-03  4.518681020E+00 
       170 -2.089514025E-02 -2.089514025E-02  6.562000141E-03  4.529193213E+00 
       171 -2.082296833E-02 -2.082296833E-02  6.562000141E-03  4.507691512E+00 
       172 -2.075096779E-02 -2.075096779E-02  6.562000141E-03  4.428652474E+00 
       173 -2.067896910E-02 -2.067896910E-02  6.562000141E-03  4.452313885E+00 
       174 -2.060696855E-02 -2.060696855E-02  6.562000141E-03  4.519747001E+00 
       175 -2.053496987E-02 -2.053496987E-02  6.562000606E-03  4.524255495E+00 
       176 -2.046296932E-02 -2.046296932E-02  6.562000141E-03  4.603336119E+00 
       177 -2.039096877E-02 -2.039096877E-02  6.562000141E-03  4.415509965E+00 
       178 -2.031897008E-02 -2.031897008E-02  6.562000606E-03  4.577201191E+00 
       179 -2.024696954E-02 -2.024696954E-02  6.562000141E-03  4.554913672E+00 
       180 -2.017496899E-02 -2.017496899E-02  6.562000141E-03  4.721183122E+00 
       181 -2.010296844E-02 -2.010296844E-02  6.562000141E-03  4.748891556E+00 
       182 -2.003096975E-02 -2.003096975E-02  6.562000141E-03  4.728679567E+00 
       183 -1.995896921E-02 -1.995896921E-02  6.562000141E-03  4.606529480E+00 
