cellnumber     x-coordinate     y-coordinate     z-coordinate velocity-magnitude 
         1 -9.812499397E-03 -9.812504053E-03  6.562000141E-03  3.645125320E+00 
         2 -9.687499143E-03 -9.687504731E-03  6.562000141E-03  3.695014537E+00 
         3 -9.562498890E-03 -9.562504478E-03  6.562000141E-03  3.754410324E+00 
         4 -9.437498637E-03 -9.437504224E-03  6.562000141E-03  3.748594452E+00 
         5 -9.312499315E-03 -9.312504902E-03  6.562000141E-03  3.682001837E+00 
         6 -9.187499061E-03 -9.187504649E-03  6.562000141E-03  3.631822966E+00 
         7 -9.062498808E-03 -9.062504396E-03  6.562000141E-03  3.632833923E+00 
         8 -8.937498555E-03 -8.937504143E-03  6.562000141E-03  3.519333598E+00 
         9 -8.812499233E-03 -8.812504821E-03  6.562000141E-03  3.102822072E+00 
        10 -8.687498979E-03 -8.687504567E-03  6.562000141E-03  2.590341465E+00 
        11 -8.562498726E-03 -8.562504314E-03  6.562000141E-03  2.511594447E+00 
        12 -8.437498473E-03 -8.437504992E-03  6.562000141E-03  2.620561894E+00 
        13 -8.312499151E-03 -8.312504739E-03  6.562000141E-03  2.614666484E+00 
        14 -8.187498897E-03 -8.187504485E-03  6.562000141E-03  2.406216218E+00 
        15 -8.062498644E-03 -8.062504232E-03  6.562000141E-03  2.195793259E+00 
        16 -7.937498391E-03 -7.937504910E-03  6.562000141E-03  2.106945434E+00 
        17 -7.812498603E-03 -7.812504657E-03  6.562000141E-03  2.279608584E+00 
        18 -7.687498815E-03 -7.687504403E-03  6.562000141E-03  2.337135186E+00 
        19 -7.562498562E-03 -7.562504616E-03  6.562000141E-03  2.466217040E+00 
        20 -7.437498774E-03 -7.437504828E-03  6.562000141E-03  2.662117833E+00 
        21 -7.312498521E-03 -7.312504575E-03  6.562000141E-03  2.702189082E+00 
        22 -7.187498733E-03 -7.187504787E-03  6.562000141E-03  2.337355312E+00 
        23 -7.062498480E-03 -7.062504534E-03  6.562000141E-03  1.852221894E+00 
        24 -6.937498692E-03 -6.937504746E-03  6.562000141E-03  1.518030842E+00 
        25 -6.812498439E-03 -6.812504493E-03  6.562000141E-03  1.386935467E+00 
        26 -6.687498651E-03 -6.687504705E-03  6.562000141E-03  1.467498242E+00 
        27 -1.681249961E-02 -1.681250334E-02  6.562000141E-03  5.923480160E+00 
        28 -1.668749936E-02 -1.668750308E-02  6.562000141E-03  5.850772811E+00 
        29 -1.656249911E-02 -1.656250283E-02  6.562000141E-03  5.811271389E+00 
        30 -1.643749885E-02 -1.643750258E-02  6.562000141E-03  5.789938131E+00 
        31 -1.631249860E-02 -1.631250419E-02  6.562000141E-03  5.792638956E+00 
        32 -1.618750021E-02 -1.618750393E-02  6.562000141E-03  5.801710908E+00 
        33 -1.606249996E-02 -1.606250368E-02  6.562000141E-03  5.812727687E+00 
        34 -1.593749970E-02 -1.593750343E-02  6.562000141E-03  5.816934430E+00 
        35 -1.581249945E-02 -1.581250317E-02  6.562000141E-03  5.815668509E+00 
        36 -1.568749920E-02 -1.568750292E-02  6.562000141E-03  5.804613923E+00 
        37 -1.556249987E-02 -1.556250360E-02  6.562000141E-03  5.772489833E+00 
        38 -1.543749962E-02 -1.543750335E-02  6.562000141E-03  5.745658287E+00 
        39 -1.531249937E-02 -1.531250402E-02  6.562000141E-03  5.734754799E+00 
        40 -1.518749911E-02 -1.518750377E-02  6.562000141E-03  5.707556286E+00 
        41 -1.506249979E-02 -1.506250352E-02  6.562000141E-03  5.656166948E+00 
        42 -1.493749954E-02 -1.493750419E-02  6.562000141E-03  5.604635656E+00 
        43 -1.481249928E-02 -1.481250394E-02  6.562000141E-03  5.530699719E+00 
        44 -1.468749903E-02 -1.468750369E-02  6.562000141E-03  5.381127942E+00 
        45 -1.456249971E-02 -1.456250343E-02  6.562000141E-03  5.153534271E+00 
        46 -1.443749946E-02 -1.443750411E-02  6.562000141E-03  5.000672870E+00 
        47 -1.431249920E-02 -1.431250386E-02  6.562000141E-03  4.984153827E+00 
        48 -1.418749988E-02 -1.418750361E-02  6.562000141E-03  4.978796162E+00 
        49 -1.406249963E-02 -1.406250428E-02  6.562000141E-03  4.981762472E+00 
        50 -1.393749937E-02 -1.393750403E-02  6.562000141E-03  5.032245499E+00 
        51 -1.381249912E-02 -1.381250378E-02  6.562000141E-03  5.113268958E+00 
        52 -1.368749980E-02 -1.368750352E-02  6.562000141E-03  5.163929331E+00 
        53 -1.895486377E-02 -1.895486377E-02  6.562000606E-03  5.883971072E+00 
        54 -1.889866963E-02 -1.889866963E-02  6.562000141E-03  5.742583858E+00 
        55 -1.880285330E-02 -1.880285516E-02  6.562000606E-03  5.526512849E+00 
        56 -1.868749969E-02 -1.868750341E-02  6.562000141E-03  5.246898208E+00 
        57 -1.856249943E-02 -1.856250316E-02  6.562000141E-03  5.188304031E+00 
        58 -1.843749918E-02 -1.843750291E-02  6.562000141E-03  5.350273919E+00 
        59 -1.831249893E-02 -1.831250265E-02  6.562000141E-03  5.645236545E+00 
        60 -1.818750054E-02 -1.818750240E-02  6.562000141E-03  5.763003145E+00 
        61 -1.806250028E-02 -1.806250401E-02  6.562000141E-03  5.774867903E+00 
        62 -1.793750003E-02 -1.793750376E-02  6.562000141E-03  5.819362940E+00 
        63 -1.781249978E-02 -1.781250350E-02  6.562000141E-03  5.913048704E+00 
        64 -1.768749952E-02 -1.768750325E-02  6.562000141E-03  6.001084251E+00 
        65 -1.756249927E-02 -1.756250300E-02  6.562000141E-03  6.127658698E+00 
        66 -1.743749902E-02 -1.743750274E-02  6.562000141E-03  6.193494466E+00 
        67 -1.731249876E-02 -1.731250249E-02  6.562000141E-03  6.163471603E+00 
        68 -1.718750037E-02 -1.718750410E-02  6.562000141E-03  6.119814992E+00 
        69 -1.706250012E-02 -1.706250384E-02  6.562000141E-03  6.080918138E+00 
        70 -1.693749987E-02 -1.693750359E-02  6.562000141E-03  6.021155825E+00 
        71 -6.562498864E-03 -6.562504917E-03  6.562000141E-03  1.612736321E+00 
        72 -6.437498610E-03 -6.437504664E-03  6.562000141E-03  1.599836623E+00 
        73 -6.312498823E-03 -6.312504876E-03  6.562000141E-03  1.555924030E+00 
        74 -6.187498569E-03 -6.187504623E-03  6.562000141E-03  1.501065253E+00 
        75 -6.062498782E-03 -6.062504835E-03  6.562000141E-03  1.477737009E+00 
        76 -5.937498529E-03 -5.937504582E-03  6.562000141E-03  1.563260904E+00 
        77 -5.812498741E-03 -5.812504794E-03  6.562000141E-03  1.671973501E+00 
        78 -5.687498488E-03 -5.687505007E-03  6.562000141E-03  1.683529774E+00 
        79 -5.562498700E-03 -5.562504753E-03  6.562000141E-03  1.704557400E+00 
        80 -5.437498447E-03 -5.437504966E-03  6.562000141E-03  1.636003372E+00 
        81 -5.312498659E-03 -5.312504712E-03  6.562000141E-03  1.450112653E+00 
        82 -5.187498406E-03 -5.187504925E-03  6.562000141E-03  1.194271971E+00 
        83 -5.062498618E-03 -5.062504672E-03  6.562000141E-03  9.788744223E-01 
        84 -4.937498365E-03 -4.937504884E-03  6.562000141E-03  9.182177410E-01 
        85 -4.812498577E-03 -4.812505096E-03  6.562000141E-03  9.708579329E-01 
        86 -4.687498324E-03 -4.687504843E-03  6.562000141E-03  1.064991928E+00 
        87 -4.562498536E-03 -4.562505055E-03  6.562000141E-03  1.186366980E+00 
        88 -4.437498283E-03 -4.437504802E-03  6.562000141E-03  1.309790733E+00 
        89 -4.312498495E-03 -4.312505014E-03  6.562000141E-03  1.442969642E+00 
        90 -4.187498242E-03 -4.187504761E-03  6.562000141E-03  1.549668441E+00 
        91 -4.062498454E-03 -4.062504973E-03  6.562000141E-03  1.555873535E+00 
        92 -3.937498201E-03 -3.937504720E-03  6.562000141E-03  1.851984013E+00 
        93 -3.812498180E-03 -3.812504932E-03  6.562000141E-03  1.889093262E+00 
        94 -3.687498160E-03 -3.687504912E-03  6.562000141E-03  1.840639160E+00 
        95 -3.562498139E-03 -3.562504891E-03  6.562000141E-03  1.922271771E+00 
        96 -3.437498119E-03 -3.437504871E-03  6.562000141E-03  1.879964231E+00 
        97 -3.312498098E-03 -3.312504850E-03  6.562000141E-03  1.697182726E+00 
        98 -3.189915558E-03 -3.189918818E-03  6.562000141E-03  1.613855503E+00 
        99 -3.123705974E-03 -3.123705974E-03  6.562000141E-03  1.536305525E+00 
       100 -3.059382550E-03 -3.059382550E-03  6.562000141E-03  1.535335167E+00 
       101 -2.975319512E-03 -2.975319512E-03  6.562000141E-03  1.448185119E+00 
       102 -2.937293379E-03 -2.937293379E-03  6.562000606E-03  1.437258842E+00 
       103 -2.915036166E-03 -2.915036166E-03  6.562000606E-03  1.422968765E+00 
       104 -2.896548249E-03 -2.896548249E-03  6.562000606E-03  1.398781050E+00 
       105 -2.881183056E-03 -2.881183056E-03  6.562000141E-03  1.352146518E+00 
       106 -2.868407406E-03 -2.868407406E-03  6.562000141E-03  1.285223369E+00 
       107 -2.857780783E-03 -2.857780783E-03  6.562000606E-03  1.206940662E+00 
       108 -2.848939272E-03 -2.848939272E-03  6.562000141E-03  1.131542654E+00 
       109 -2.841580659E-03 -2.841580659E-03  6.562000141E-03  1.072940874E+00 
       110 -2.835455118E-03 -2.835455118E-03  6.562000606E-03  1.040597747E+00 
       111 -2.830355195E-03 -2.830355195E-03  6.562000141E-03  1.036840764E+00 
       112 -9.937498719E-03 -9.937504306E-03  6.562000141E-03  3.640031047E+00 
       113 -1.006249897E-02 -1.006250456E-02  6.562000141E-03  3.634140693E+00 
       114 -1.018749923E-02 -1.018750481E-02  6.562000141E-03  3.613272688E+00 
       115 -1.031249948E-02 -1.031250414E-02  6.562000141E-03  3.593796856E+00 
       116 -1.043749880E-02 -1.043750439E-02  6.562000141E-03  3.595397781E+00 
       117 -1.056249905E-02 -1.056250464E-02  6.562000141E-03  3.625818612E+00 
       118 -1.068749931E-02 -1.068750396E-02  6.562000141E-03  3.672065403E+00 
       119 -1.081249863E-02 -1.081250422E-02  6.562000141E-03  3.726002715E+00 
       120 -1.093749888E-02 -1.093750447E-02  6.562000141E-03  3.784646465E+00 
       121 -1.106249914E-02 -1.106250472E-02  6.562000141E-03  3.842841869E+00 
       122 -1.118749939E-02 -1.118750405E-02  6.562000141E-03  3.896483517E+00 
       123 -1.131249871E-02 -1.131250430E-02  6.562000141E-03  3.947901437E+00 
       124 -1.143749896E-02 -1.143750455E-02  6.562000141E-03  4.010642046E+00 
       125 -1.156249922E-02 -1.156250387E-02  6.562000141E-03  4.084733172E+00 
       126 -1.168749947E-02 -1.168750413E-02  6.562000141E-03  4.174092683E+00 
       127 -1.181249879E-02 -1.181250438E-02  6.562000141E-03  4.275277613E+00 
       128 -1.193749905E-02 -1.193750463E-02  6.562000141E-03  4.377550030E+00 
       129 -1.206249930E-02 -1.206250396E-02  6.562000141E-03  4.467963086E+00 
       130 -1.218749955E-02 -1.218750421E-02  6.562000141E-03  4.547536637E+00 
       131 -1.231249887E-02 -1.231250446E-02  6.562000141E-03  4.606937838E+00 
       132 -1.243749913E-02 -1.243750378E-02  6.562000141E-03  4.653431979E+00 
       133 -1.256249938E-02 -1.256250404E-02  6.562000141E-03  4.695278557E+00 
       134 -1.268749963E-02 -1.268750429E-02  6.562000141E-03  4.734811848E+00 
       135 -1.281249896E-02 -1.281250361E-02  6.562000141E-03  4.783582856E+00 
       136 -1.293749921E-02 -1.293750387E-02  6.562000141E-03  4.842830286E+00 
       137 -1.306249946E-02 -1.306250412E-02  6.562000141E-03  4.910238106E+00 
       138 -1.318749972E-02 -1.318750437E-02  6.562000141E-03  4.975893051E+00 
       139 -1.331249904E-02 -1.331250370E-02  6.562000141E-03  5.037451862E+00 
       140 -1.343749929E-02 -1.343750395E-02  6.562000141E-03  5.100323709E+00 
       141 -1.356249955E-02 -1.356250420E-02  6.562000141E-03  5.151550985E+00 
       142 -2.121081017E-02 -2.121081017E-02  6.562000141E-03  1.257482016E-01 
       143 -2.120563947E-02 -2.120563947E-02  6.562000141E-03  3.788299071E-01 
       144 -2.119943500E-02 -2.119943500E-02  6.562000606E-03  6.801199445E-01 
       145 -2.119199000E-02 -2.119199000E-02  6.562000141E-03  1.034606965E+00 
       146 -2.118305862E-02 -2.118305862E-02  6.562000141E-03  1.441211029E+00 
       147 -2.117234282E-02 -2.117234282E-02  6.562000606E-03  1.889009992E+00 
       148 -2.115948685E-02 -2.115948685E-02  6.562000606E-03  2.364182097E+00 
       149 -2.114406601E-02 -2.114406601E-02  6.562000606E-03  2.833448947E+00 
       150 -2.112556621E-02 -2.112556621E-02  6.562000606E-03  3.261708485E+00 
       151 -2.110337466E-02 -2.110337466E-02  6.562000606E-03  3.644518722E+00 
       152 -2.106651478E-02 -2.106651478E-02  6.562000606E-03  4.047380168E+00 
       153 -2.102797665E-02 -2.102797665E-02  6.562000141E-03  4.155692825E+00 
       154 -2.100796066E-02 -2.100796066E-02  6.562000141E-03  4.202116834E+00 
       155 -2.095155232E-02 -2.095155232E-02  6.562000141E-03  4.129918135E+00 
       156 -2.089514025E-02 -2.089514025E-02  6.562000141E-03  4.118056026E+00 
       157 -2.082296833E-02 -2.082296833E-02  6.562000141E-03  4.088490967E+00 
       158 -2.075096779E-02 -2.075096779E-02  6.562000141E-03  4.057555144E+00 
       159 -2.067896910E-02 -2.067896910E-02  6.562000141E-03  4.132445478E+00 
       160 -2.060696855E-02 -2.060696855E-02  6.562000141E-03  4.215152376E+00 
       161 -2.053496987E-02 -2.053496987E-02  6.562000606E-03  4.450615299E+00 
       162 -2.046296932E-02 -2.046296932E-02  6.562000141E-03  4.711023403E+00 
       163 -2.039096877E-02 -2.039096877E-02  6.562000141E-03  4.949878042E+00 
       164 -2.031897008E-02 -2.031897008E-02  6.562000606E-03  5.037645114E+00 
       165 -2.024696954E-02 -2.024696954E-02  6.562000141E-03  4.994045841E+00 
       166 -2.017496899E-02 -2.017496899E-02  6.562000141E-03  4.815791099E+00 
       167 -2.010296844E-02 -2.010296844E-02  6.562000141E-03  4.693177733E+00 
       168 -2.003096975E-02 -2.003096975E-02  6.562000141E-03  4.664768283E+00 
       169 -1.995896921E-02 -1.995896921E-02  6.562000141E-03  4.637591138E+00 
       170 -1.898222044E-02 -1.898222044E-02  6.562000606E-03  5.866341856E+00 
       171 -1.904012822E-02 -1.904012822E-02  6.562000141E-03  5.831575645E+00 
       172 -1.912219450E-02 -1.912219450E-02  6.562000606E-03  5.734127970E+00 
       173 -1.916676387E-02 -1.916676387E-02  6.562000606E-03  5.673159038E+00 
       174 -1.923896931E-02 -1.923896931E-02  6.562000141E-03  5.506093977E+00 
       175 -1.931096986E-02 -1.931096986E-02  6.562000141E-03  5.262588245E+00 
       176 -1.938296854E-02 -1.938296854E-02  6.562000141E-03  4.965629199E+00 
       177 -1.945496909E-02 -1.945496909E-02  6.562000141E-03  4.526490362E+00 
       178 -1.952696964E-02 -1.952696964E-02  6.562000141E-03  4.339951219E+00 
       179 -1.959896833E-02 -1.959896833E-02  6.562000606E-03  4.067918033E+00 
       180 -1.967096888E-02 -1.967096888E-02  6.562000141E-03  4.270333879E+00 
       181 -1.974296942E-02 -1.974296942E-02  6.562000141E-03  4.277908017E+00 
       182 -1.981496811E-02 -1.981496811E-02  6.562000141E-03  4.536375164E+00 
       183 -1.988696866E-02 -1.988696866E-02  6.562000141E-03  4.615769413E+00 
