cellnumber     x-coordinate     y-coordinate     z-coordinate velocity-magnitude 
         1 -9.812498465E-03 -9.812504053E-03  6.562000141E-03  3.607777320E+00 
         2 -9.687499143E-03 -9.687504731E-03  6.562000141E-03  3.567975289E+00 
         3 -9.562498890E-03 -9.562504478E-03  6.562000141E-03  3.454136282E+00 
         4 -9.437498637E-03 -9.437504224E-03  6.562000141E-03  3.280124216E+00 
         5 -9.312499315E-03 -9.312504902E-03  6.562000141E-03  3.171586885E+00 
         6 -9.187499061E-03 -9.187504649E-03  6.562000141E-03  3.172468503E+00 
         7 -9.062498808E-03 -9.062504396E-03  6.562000141E-03  3.229606928E+00 
         8 -8.937498555E-03 -8.937504143E-03  6.562000141E-03  3.277041236E+00 
         9 -8.812499233E-03 -8.812504821E-03  6.562000141E-03  3.189723685E+00 
        10 -8.687498979E-03 -8.687504567E-03  6.562000141E-03  3.207530897E+00 
        11 -8.562498726E-03 -8.562504314E-03  6.562000141E-03  3.258845382E+00 
        12 -8.437498473E-03 -8.437504992E-03  6.562000141E-03  3.272298207E+00 
        13 -8.312499151E-03 -8.312504739E-03  6.562000141E-03  3.231581216E+00 
        14 -8.187498897E-03 -8.187504485E-03  6.562000141E-03  3.141083336E+00 
        15 -8.062498644E-03 -8.062504232E-03  6.562000141E-03  3.061346718E+00 
        16 -7.937498391E-03 -7.937504910E-03  6.562000141E-03  2.997999630E+00 
        17 -7.812498603E-03 -7.812504657E-03  6.562000141E-03  3.004396805E+00 
        18 -7.687498815E-03 -7.687504403E-03  6.562000141E-03  2.997792093E+00 
        19 -7.562498562E-03 -7.562504616E-03  6.562000141E-03  2.804185057E+00 
        20 -7.437498774E-03 -7.437504828E-03  6.562000141E-03  2.397065176E+00 
        21 -7.312498521E-03 -7.312504575E-03  6.562000141E-03  2.099130294E+00 
        22 -7.187498733E-03 -7.187504787E-03  6.562000141E-03  1.473557773E+00 
        23 -7.062498480E-03 -7.062504534E-03  6.562000141E-03  1.340066407E+00 
        24 -6.937498692E-03 -6.937504746E-03  6.562000141E-03  1.535801118E+00 
        25 -6.812498439E-03 -6.812504493E-03  6.562000141E-03  1.748922563E+00 
        26 -6.687498651E-03 -6.687504705E-03  6.562000141E-03  1.527558582E+00 
        27 -1.681249961E-02 -1.681250334E-02  6.562000141E-03  5.469807980E+00 
        28 -1.668749936E-02 -1.668750308E-02  6.562000141E-03  5.560568900E+00 
        29 -1.656249911E-02 -1.656250283E-02  6.562000141E-03  5.639123865E+00 
        30 -1.643749885E-02 -1.643750444E-02  6.562000141E-03  5.628479441E+00 
        31 -1.631249860E-02 -1.631250419E-02  6.562000141E-03  5.636199358E+00 
        32 -1.618750021E-02 -1.618750393E-02  6.562000141E-03  5.738548768E+00 
        33 -1.606249996E-02 -1.606250368E-02  6.562000141E-03  5.610578416E+00 
        34 -1.593749970E-02 -1.593750343E-02  6.562000141E-03  5.801637864E+00 
        35 -1.581249945E-02 -1.581250317E-02  6.562000141E-03  5.656581144E+00 
        36 -1.568749920E-02 -1.568750292E-02  6.562000141E-03  5.335013700E+00 
        37 -1.556249987E-02 -1.556250360E-02  6.562000141E-03  5.237847879E+00 
        38 -1.543749962E-02 -1.543750428E-02  6.562000141E-03  5.219759559E+00 
        39 -1.531249937E-02 -1.531250402E-02  6.562000141E-03  5.289435610E+00 
        40 -1.518749911E-02 -1.518750377E-02  6.562000141E-03  5.402192405E+00 
        41 -1.506249979E-02 -1.506250352E-02  6.562000141E-03  5.496805307E+00 
        42 -1.493749954E-02 -1.493750419E-02  6.562000141E-03  5.500519820E+00 
        43 -1.481249928E-02 -1.481250394E-02  6.562000141E-03  5.486648163E+00 
        44 -1.468749903E-02 -1.468750369E-02  6.562000141E-03  5.455319056E+00 
        45 -1.456249971E-02 -1.456250437E-02  6.562000141E-03  5.409895390E+00 
        46 -1.443749946E-02 -1.443750411E-02  6.562000141E-03  5.409403687E+00 
        47 -1.431249920E-02 -1.431250386E-02  6.562000141E-03  5.464984436E+00 
        48 -1.418749895E-02 -1.418750361E-02  6.562000141E-03  5.525494378E+00 
        49 -1.406249963E-02 -1.406250428E-02  6.562000141E-03  5.577463276E+00 
        50 -1.393749937E-02 -1.393750403E-02  6.562000141E-03  5.631768705E+00 
        51 -1.381249912E-02 -1.381250378E-02  6.562000141E-03  5.609614623E+00 
        52 -1.368749887E-02 -1.368750446E-02  6.562000141E-03  5.478777528E+00 
        53 -6.562498398E-03 -6.562504917E-03  6.562000141E-03  1.156678998E+00 
        54 -6.437498610E-03 -6.437504664E-03  6.562000141E-03  7.802359039E-01 
        55 -6.312498357E-03 -6.312504876E-03  6.562000141E-03  9.289673519E-01 
        56 -6.187498569E-03 -6.187504623E-03  6.562000141E-03  1.300907035E+00 
        57 -6.062498316E-03 -6.062504835E-03  6.562000141E-03  1.576257474E+00 
        58 -5.937498529E-03 -5.937504582E-03  6.562000141E-03  1.814678781E+00 
        59 -5.812498741E-03 -5.812504794E-03  6.562000141E-03  1.876705091E+00 
        60 -5.687498488E-03 -5.687505007E-03  6.562000141E-03  1.868574622E+00 
        61 -5.562498700E-03 -5.562504753E-03  6.562000141E-03  1.848998524E+00 
        62 -5.437498447E-03 -5.437504966E-03  6.562000141E-03  1.900355350E+00 
        63 -5.312498659E-03 -5.312504712E-03  6.562000141E-03  1.885768656E+00 
        64 -5.187498406E-03 -5.187504925E-03  6.562000141E-03  1.995600640E+00 
        65 -5.062498618E-03 -5.062504672E-03  6.562000141E-03  2.225508130E+00 
        66 -4.937498365E-03 -4.937504884E-03  6.562000141E-03  2.388861310E+00 
        67 -4.812498577E-03 -4.812505096E-03  6.562000141E-03  2.016554937E+00 
        68 -4.687498324E-03 -4.687504843E-03  6.562000141E-03  1.889876165E+00 
        69 -4.562498536E-03 -4.562505055E-03  6.562000141E-03  2.041664698E+00 
        70 -4.437498283E-03 -4.437504802E-03  6.562000141E-03  1.960667762E+00 
        71 -4.312498495E-03 -4.312505014E-03  6.562000141E-03  1.823472214E+00 
        72 -4.187498242E-03 -4.187504761E-03  6.562000141E-03  1.612664722E+00 
        73 -4.062498454E-03 -4.062504973E-03  6.562000141E-03  1.409443904E+00 
        74 -3.937498201E-03 -3.937504720E-03  6.562000141E-03  1.177455168E+00 
        75 -3.812498180E-03 -3.812504932E-03  6.562000141E-03  9.887747784E-01 
        76 -3.687498160E-03 -3.687504912E-03  6.562000141E-03  9.606201961E-01 
        77 -3.562498139E-03 -3.562504891E-03  6.562000141E-03  1.124505702E+00 
        78 -3.437498119E-03 -3.437504871E-03  6.562000141E-03  1.371144209E+00 
        79 -3.312498098E-03 -3.312504850E-03  6.562000141E-03  1.572103825E+00 
        80 -3.189915558E-03 -3.189919051E-03  6.562000141E-03  1.661683694E+00 
        81 -3.123705974E-03 -3.123705974E-03  6.562000606E-03  1.650117662E+00 
        82 -3.059382550E-03 -3.059382550E-03  6.562000606E-03  1.645446571E+00 
        83 -2.975319512E-03 -2.975319512E-03  6.562000606E-03  1.695255823E+00 
        84 -2.937293379E-03 -2.937293379E-03  6.562000606E-03  1.745067452E+00 
        85 -2.915036166E-03 -2.915036166E-03  6.562000606E-03  1.773025430E+00 
        86 -2.896548016E-03 -2.896548016E-03  6.562000141E-03  1.769702743E+00 
        87 -2.881182823E-03 -2.881182823E-03  6.562000141E-03  1.711088922E+00 
        88 -2.868407173E-03 -2.868407173E-03  6.562000141E-03  1.604966490E+00 
        89 -2.857780783E-03 -2.857780783E-03  6.562000141E-03  1.473612487E+00 
        90 -2.848939039E-03 -2.848939039E-03  6.562000141E-03  1.341152051E+00 
        91 -2.841580426E-03 -2.841580426E-03  6.562000606E-03  1.224793746E+00 
        92 -2.835455118E-03 -2.835455118E-03  6.562000606E-03  1.133920145E+00 
        93 -2.830355195E-03 -2.830355195E-03  6.562000141E-03  1.070885028E+00 
        94 -9.937498719E-03 -9.937504306E-03  6.562000141E-03  3.648485556E+00 
        95 -1.006249897E-02 -1.006250456E-02  6.562000141E-03  3.725258940E+00 
        96 -1.018749923E-02 -1.018750481E-02  6.562000141E-03  3.775853483E+00 
        97 -1.031249855E-02 -1.031250414E-02  6.562000141E-03  3.819050766E+00 
        98 -1.043749880E-02 -1.043750439E-02  6.562000141E-03  3.856697013E+00 
        99 -1.056249905E-02 -1.056250464E-02  6.562000141E-03  3.912896487E+00 
       100 -1.068749931E-02 -1.068750396E-02  6.562000141E-03  3.989598809E+00 
       101 -1.081249863E-02 -1.081250422E-02  6.562000141E-03  4.042730654E+00 
       102 -1.093749888E-02 -1.093750447E-02  6.562000141E-03  4.114943754E+00 
       103 -1.106249914E-02 -1.106250472E-02  6.562000141E-03  4.156568447E+00 
       104 -1.118749939E-02 -1.118750405E-02  6.562000141E-03  4.152553241E+00 
       105 -1.131249871E-02 -1.131250430E-02  6.562000141E-03  4.135490751E+00 
       106 -1.143749896E-02 -1.143750455E-02  6.562000141E-03  4.128410109E+00 
       107 -1.156249922E-02 -1.156250387E-02  6.562000141E-03  4.133958412E+00 
       108 -1.168749947E-02 -1.168750413E-02  6.562000141E-03  4.144189025E+00 
       109 -1.181249879E-02 -1.181250438E-02  6.562000141E-03  4.154966730E+00 
       110 -1.193749905E-02 -1.193750463E-02  6.562000141E-03  4.172749072E+00 
       111 -1.206249930E-02 -1.206250396E-02  6.562000141E-03  4.204615274E+00 
       112 -1.218749955E-02 -1.218750421E-02  6.562000141E-03  4.269620944E+00 
       113 -1.231249887E-02 -1.231250446E-02  6.562000141E-03  4.341333654E+00 
       114 -1.243749913E-02 -1.243750378E-02  6.562000141E-03  4.425502396E+00 
       115 -1.256249938E-02 -1.256250404E-02  6.562000141E-03  4.518049602E+00 
       116 -1.268749963E-02 -1.268750429E-02  6.562000141E-03  4.613112683E+00 
       117 -1.281249896E-02 -1.281250454E-02  6.562000141E-03  4.733578511E+00 
       118 -1.293749921E-02 -1.293750387E-02  6.562000141E-03  4.864389416E+00 
       119 -1.306249946E-02 -1.306250412E-02  6.562000141E-03  4.983394495E+00 
       120 -1.318749879E-02 -1.318750437E-02  6.562000141E-03  5.086209970E+00 
       121 -1.331249904E-02 -1.331250370E-02  6.562000141E-03  5.168729833E+00 
       122 -1.343749929E-02 -1.343750395E-02  6.562000141E-03  5.238161958E+00 
       123 -1.356249955E-02 -1.356250420E-02  6.562000141E-03  5.330855395E+00 
       124 -1.895486377E-02 -1.895486377E-02  6.562000141E-03  4.690037948E+00 
       125 -1.889866963E-02 -1.889866963E-02  6.562000606E-03  4.676460474E+00 
       126 -1.880285330E-02 -1.880285516E-02  6.562000141E-03  4.679733782E+00 
       127 -1.868749969E-02 -1.868750341E-02  6.562000141E-03  5.005759844E+00 
       128 -1.856249943E-02 -1.856250316E-02  6.562000141E-03  5.464743683E+00 
       129 -1.843749918E-02 -1.843750291E-02  6.562000141E-03  5.582232326E+00 
       130 -1.831249893E-02 -1.831250265E-02  6.562000141E-03  5.767233697E+00 
       131 -1.818749867E-02 -1.818750426E-02  6.562000141E-03  5.836702522E+00 
       132 -1.806250028E-02 -1.806250401E-02  6.562000141E-03  5.852576198E+00 
       133 -1.793750003E-02 -1.793750376E-02  6.562000141E-03  5.863234218E+00 
       134 -1.781249978E-02 -1.781250350E-02  6.562000141E-03  5.834867652E+00 
       135 -1.768749952E-02 -1.768750325E-02  6.562000141E-03  5.617036127E+00 
       136 -1.756249927E-02 -1.756250300E-02  6.562000141E-03  5.391676880E+00 
       137 -1.743749902E-02 -1.743750274E-02  6.562000141E-03  5.536097449E+00 
       138 -1.731249876E-02 -1.731250435E-02  6.562000141E-03  5.568350241E+00 
       139 -1.718749851E-02 -1.718750410E-02  6.562000141E-03  5.500446045E+00 
       140 -1.706250012E-02 -1.706250384E-02  6.562000141E-03  5.453868783E+00 
       141 -1.693749987E-02 -1.693750359E-02  6.562000141E-03  5.436848188E+00 
       142 -2.121081017E-02 -2.121081017E-02  6.562000141E-03  7.067866489E-02 
       143 -2.120563947E-02 -2.120563947E-02  6.562000141E-03  2.104517187E-01 
       144 -2.119943500E-02 -2.119943500E-02  6.562000606E-03  3.744325288E-01 
       145 -2.119199000E-02 -2.119199000E-02  6.562000141E-03  5.658295216E-01 
       146 -2.118305862E-02 -2.118305862E-02  6.562000141E-03  7.867834015E-01 
       147 -2.117234282E-02 -2.117234282E-02  6.562000606E-03  1.036937684E+00 
       148 -2.115948685E-02 -2.115948685E-02  6.562000606E-03  1.309051042E+00 
       149 -2.114406601E-02 -2.114406601E-02  6.562000606E-03  1.589423747E+00 
       150 -2.112556621E-02 -2.112556621E-02  6.562000606E-03  1.850208541E+00 
       151 -2.110337466E-02 -2.110337466E-02  6.562000606E-03  2.077250035E+00 
       152 -2.106651478E-02 -2.106651478E-02  6.562000606E-03  2.343301735E+00 
       153 -2.102797665E-02 -2.102797665E-02  6.562000141E-03  2.893993634E+00 
       154 -2.100796066E-02 -2.100796066E-02  6.562000141E-03  2.969380465E+00 
       155 -2.095155232E-02 -2.095155232E-02  6.562000141E-03  2.998870620E+00 
       156 -2.089514025E-02 -2.089514025E-02  6.562000141E-03  3.494649331E+00 
       157 -2.082296833E-02 -2.082296833E-02  6.562000141E-03  3.818783938E+00 
       158 -2.075096779E-02 -2.075096779E-02  6.562000141E-03  4.048847416E+00 
       159 -2.067896910E-02 -2.067896910E-02  6.562000141E-03  4.074766023E+00 
       160 -2.060696855E-02 -2.060696855E-02  6.562000141E-03  4.097494324E+00 
       161 -2.053496987E-02 -2.053496987E-02  6.562000606E-03  4.092286177E+00 
       162 -2.046296932E-02 -2.046296932E-02  6.562000141E-03  4.094207931E+00 
       163 -2.039096877E-02 -2.039096877E-02  6.562000141E-03  4.208633439E+00 
       164 -2.031897008E-02 -2.031897008E-02  6.562000606E-03  4.148773135E+00 
       165 -2.024696954E-02 -2.024696954E-02  6.562000141E-03  4.094199748E+00 
       166 -2.017496899E-02 -2.017496899E-02  6.562000141E-03  3.891096378E+00 
       167 -2.010296844E-02 -2.010296844E-02  6.562000141E-03  3.846951911E+00 
       168 -2.003096975E-02 -2.003096975E-02  6.562000141E-03  3.846133413E+00 
       169 -1.995896921E-02 -1.995896921E-02  6.562000141E-03  3.863060441E+00 
       170 -1.898222044E-02 -1.898222044E-02  6.562000606E-03  4.582580434E+00 
       171 -1.904012822E-02 -1.904012822E-02  6.562000141E-03  4.611011773E+00 
       172 -1.912219450E-02 -1.912219450E-02  6.562000606E-03  4.536956967E+00 
       173 -1.916676387E-02 -1.916676387E-02  6.562000606E-03  4.447730862E+00 
       174 -1.923896931E-02 -1.923896931E-02  6.562000141E-03  4.220243831E+00 
       175 -1.931096986E-02 -1.931096986E-02  6.562000141E-03  3.979153393E+00 
       176 -1.938296854E-02 -1.938296854E-02  6.562000141E-03  3.756580835E+00 
       177 -1.945496909E-02 -1.945496909E-02  6.562000141E-03  3.572442199E+00 
       178 -1.952696964E-02 -1.952696964E-02  6.562000141E-03  3.607184537E+00 
       179 -1.959896833E-02 -1.959896833E-02  6.562000606E-03  3.647673852E+00 
       180 -1.967096888E-02 -1.967096888E-02  6.562000141E-03  3.770645431E+00 
       181 -1.974296942E-02 -1.974296942E-02  6.562000141E-03  3.833987971E+00 
       182 -1.981496811E-02 -1.981496811E-02  6.562000141E-03  3.864464017E+00 
       183 -1.988696866E-02 -1.988696866E-02  6.562000141E-03  3.883008472E+00 
