cellnumber     x-coordinate     y-coordinate     z-coordinate velocity-magnitude 
         1 -1.843750477E-02 -1.843749173E-02  6.562000141E-03  5.259078696E+00 
         2 -1.831250452E-02 -1.831249334E-02  6.562000141E-03  5.216331064E+00 
         3 -1.818750426E-02 -1.818749309E-02  6.562000141E-03  5.268367503E+00 
         4 -1.806250401E-02 -1.806249283E-02  6.562000141E-03  5.292058173E+00 
         5 -1.793750376E-02 -1.793749258E-02  6.562000141E-03  5.347442929E+00 
         6 -1.781250350E-02 -1.781249233E-02  6.562000141E-03  5.312655439E+00 
         7 -1.768750325E-02 -1.768749207E-02  6.562000141E-03  5.199837325E+00 
         8 -1.756250486E-02 -1.756249182E-02  6.562000141E-03  4.963827528E+00 
         9 -1.743750460E-02 -1.743749343E-02  6.562000141E-03  4.791950644E+00 
        10 -1.731250435E-02 -1.731249318E-02  6.562000141E-03  4.733609724E+00 
        11 -1.718750410E-02 -1.718749292E-02  6.562000141E-03  4.651316048E+00 
        12 -1.706250384E-02 -1.706249267E-02  6.562000141E-03  4.508316234E+00 
        13 -2.121081017E-02 -2.121081017E-02  6.562000141E-03  1.127800835E-01 
        14 -2.120563947E-02 -2.120563947E-02  6.562000141E-03  3.303266068E-01 
        15 -2.119943500E-02 -2.119943500E-02  6.562000606E-03  5.790842822E-01 
        16 -2.119199000E-02 -2.119199000E-02  6.562000141E-03  8.626746861E-01 
        17 -2.118305862E-02 -2.118305862E-02  6.562000141E-03  1.184527304E+00 
        18 -2.117234282E-02 -2.117234282E-02  6.562000606E-03  1.547324725E+00 
        19 -2.115948685E-02 -2.115948685E-02  6.562000606E-03  1.949142649E+00 
        20 -2.114406601E-02 -2.114406601E-02  6.562000606E-03  2.390419011E+00 
        21 -2.112556621E-02 -2.112556621E-02  6.562000606E-03  2.860309056E+00 
        22 -2.110337466E-02 -2.110337466E-02  6.562000606E-03  3.385404879E+00 
        23 -2.106651478E-02 -2.106651478E-02  6.562000606E-03  4.131009719E+00 
        24 -2.102797665E-02 -2.102797665E-02  6.562000141E-03  4.582810223E+00 
        25 -2.100796066E-02 -2.100796066E-02  6.562000141E-03  4.808126021E+00 
        26 -2.095155232E-02 -2.095155232E-02  6.562000141E-03  4.866225933E+00 
        27 -2.089514025E-02 -2.089514025E-02  6.562000141E-03  4.950664399E+00 
        28 -2.082296833E-02 -2.082296833E-02  6.562000141E-03  4.954521357E+00 
        29 -2.075096779E-02 -2.075096779E-02  6.562000141E-03  4.742030482E+00 
        30 -2.067896910E-02 -2.067896910E-02  6.562000141E-03  4.693335097E+00 
        31 -2.060696855E-02 -2.060696855E-02  6.562000141E-03  4.445289870E+00 
        32 -2.053496987E-02 -2.053496987E-02  6.562000606E-03  4.357674390E+00 
        33 -2.046296932E-02 -2.046296932E-02  6.562000141E-03  4.150469447E+00 
        34 -2.039096877E-02 -2.039096877E-02  6.562000141E-03  4.085740741E+00 
        35 -2.031897008E-02 -2.031897008E-02  6.562000606E-03  3.940355364E+00 
        36 -2.024696954E-02 -2.024696954E-02  6.562000141E-03  3.871174840E+00 
        37 -2.017496899E-02 -2.017496899E-02  6.562000141E-03  3.811154527E+00 
        38 -2.010296844E-02 -2.010296844E-02  6.562000141E-03  3.844958959E+00 
        39 -2.003096975E-02 -2.003096975E-02  6.562000141E-03  3.979307999E+00 
        40 -1.995896921E-02 -1.995896921E-02  6.562000141E-03  4.020494151E+00 
        41 -1.895638742E-02 -1.895638742E-02  6.562000141E-03  4.521192871E+00 
        42 -1.889957115E-02 -1.889957115E-02  6.562000141E-03  4.399576271E+00 
        43 -1.880222559E-02 -1.880222000E-02  6.562000141E-03  4.169598867E+00 
        44 -1.868750341E-02 -1.868749224E-02  6.562000141E-03  4.231232974E+00 
        45 -1.856250316E-02 -1.856249198E-02  6.562000141E-03  4.837252154E+00 
        46 -1.898222044E-02 -1.898222044E-02  6.562000606E-03  4.758575198E+00 
        47 -1.904012822E-02 -1.904012822E-02  6.562000141E-03  4.754645567E+00 
        48 -1.912219450E-02 -1.912219450E-02  6.562000606E-03  4.712299106E+00 
        49 -1.916676387E-02 -1.916676387E-02  6.562000606E-03  4.688158118E+00 
        50 -1.923896931E-02 -1.923896931E-02  6.562000141E-03  4.710330475E+00 
        51 -1.931096986E-02 -1.931096986E-02  6.562000141E-03  4.733722263E+00 
        52 -1.938296854E-02 -1.938296854E-02  6.562000141E-03  4.742590735E+00 
        53 -1.945496909E-02 -1.945496909E-02  6.562000141E-03  4.778158704E+00 
        54 -1.952696964E-02 -1.952696964E-02  6.562000141E-03  4.729005989E+00 
        55 -1.959896833E-02 -1.959896833E-02  6.562000606E-03  4.704349940E+00 
        56 -1.967096888E-02 -1.967096888E-02  6.562000141E-03  4.478975253E+00 
        57 -1.974296942E-02 -1.974296942E-02  6.562000141E-03  4.417676080E+00 
        58 -1.981496811E-02 -1.981496811E-02  6.562000141E-03  4.215412635E+00 
        59 -1.988696866E-02 -1.988696866E-02  6.562000141E-03  4.149901425E+00 
        60 -2.830386627E-03 -2.830386627E-03  6.562000606E-03  1.022288213E+00 
        61 -2.835483057E-03 -2.835483057E-03  6.562000606E-03  9.988286036E-01 
        62 -2.841604175E-03 -2.841604175E-03  6.562000606E-03  1.008809113E+00 
        63 -2.848957200E-03 -2.848957200E-03  6.562000141E-03  1.061151200E+00 
        64 -2.857792191E-03 -2.857792191E-03  6.562000141E-03  1.154247602E+00 
        65 -2.868410433E-03 -2.868410433E-03  6.562000606E-03  1.273380132E+00 
        66 -2.881176071E-03 -2.881176071E-03  6.562000606E-03  1.390649286E+00 
        67 -2.896528924E-03 -2.896528924E-03  6.562000141E-03  1.483166902E+00 
        68 -2.915001474E-03 -2.915001474E-03  6.562000141E-03  1.560773388E+00 
        69 -2.937239595E-03 -2.937239595E-03  6.562000141E-03  1.631370635E+00 
        70 -2.974424278E-03 -2.974424278E-03  6.562000141E-03  1.743428654E+00 
        71 -3.062231001E-03 -3.062227042E-03  6.562000141E-03  1.921441129E+00 
        72 -3.187502502E-03 -3.187494352E-03  6.562000141E-03  1.997136427E+00 
        73 -3.312502522E-03 -3.312494373E-03  6.562000141E-03  2.012087529E+00 
        74 -3.437502543E-03 -3.437494393E-03  6.562000141E-03  1.837737452E+00 
        75 -3.562502563E-03 -3.562494414E-03  6.562000141E-03  2.029088091E+00 
        76 -3.687502583E-03 -3.687494202E-03  6.562000141E-03  2.197205534E+00 
        77 -3.812502604E-03 -3.812494222E-03  6.562000141E-03  2.213374516E+00 
        78 -3.937502392E-03 -3.937494475E-03  6.562000141E-03  2.242280064E+00 
        79 -4.062502645E-03 -4.062494263E-03  6.562000141E-03  2.117982824E+00 
        80 -4.187502898E-03 -4.187494516E-03  6.562000141E-03  1.808870825E+00 
        81 -4.312502686E-03 -4.312494304E-03  6.562000141E-03  1.688625840E+00 
        82 -4.437502939E-03 -4.437494557E-03  6.562000141E-03  1.794072909E+00 
        83 -4.562502727E-03 -4.562494345E-03  6.562000141E-03  1.799229344E+00 
        84 -4.687502980E-03 -4.687494133E-03  6.562000141E-03  1.833660137E+00 
        85 -4.812502768E-03 -4.812494386E-03  6.562000141E-03  1.800575888E+00 
        86 -4.937503021E-03 -4.937494174E-03  6.562000141E-03  1.692267645E+00 
        87 -5.062502809E-03 -5.062494427E-03  6.562000141E-03  1.635691748E+00 
        88 -5.187503062E-03 -5.187494215E-03  6.562000141E-03  1.574290628E+00 
        89 -5.312502850E-03 -5.312494468E-03  6.562000141E-03  1.533258431E+00 
        90 -5.437502638E-03 -5.437494256E-03  6.562000141E-03  1.452723841E+00 
        91 -1.331250370E-02 -1.331249345E-02  6.562000141E-03  5.349891229E+00 
        92 -1.318750344E-02 -1.318749320E-02  6.562000141E-03  5.305625006E+00 
        93 -1.306250412E-02 -1.306249388E-02  6.562000141E-03  5.215784108E+00 
        94 -1.293750387E-02 -1.293749362E-02  6.562000141E-03  5.087316440E+00 
        95 -1.281250361E-02 -1.281249337E-02  6.562000141E-03  4.940579910E+00 
        96 -1.268750336E-02 -1.268749312E-02  6.562000141E-03  4.798017265E+00 
        97 -1.256250404E-02 -1.256249379E-02  6.562000141E-03  4.668708466E+00 
        98 -1.243750378E-02 -1.243749354E-02  6.562000141E-03  4.569284546E+00 
        99 -1.231250353E-02 -1.231249329E-02  6.562000141E-03  4.509754714E+00 
       100 -1.218750328E-02 -1.218749397E-02  6.562000141E-03  4.413523865E+00 
       101 -1.206250396E-02 -1.206249371E-02  6.562000141E-03  4.313293113E+00 
       102 -1.193750370E-02 -1.193749346E-02  6.562000141E-03  4.262188678E+00 
       103 -1.181250345E-02 -1.181249321E-02  6.562000141E-03  4.251822308E+00 
       104 -1.168750320E-02 -1.168749388E-02  6.562000141E-03  4.282236025E+00 
       105 -1.156250387E-02 -1.156249363E-02  6.562000141E-03  4.305015205E+00 
       106 -1.143750362E-02 -1.143749338E-02  6.562000141E-03  4.291143796E+00 
       107 -1.131250337E-02 -1.131249405E-02  6.562000141E-03  4.235666822E+00 
       108 -1.118750311E-02 -1.118749380E-02  6.562000141E-03  4.175551651E+00 
       109 -1.106250379E-02 -1.106249355E-02  6.562000141E-03  4.174959601E+00 
       110 -1.093750354E-02 -1.093749329E-02  6.562000141E-03  4.185885313E+00 
       111 -1.081250329E-02 -1.081249397E-02  6.562000141E-03  4.184425702E+00 
       112 -1.068750303E-02 -1.068749372E-02  6.562000141E-03  4.165589417E+00 
       113 -1.056250371E-02 -1.056249347E-02  6.562000141E-03  4.087629604E+00 
       114 -1.043750346E-02 -1.043749414E-02  6.562000141E-03  3.996777268E+00 
       115 -1.031250320E-02 -1.031249389E-02  6.562000141E-03  3.937819760E+00 
       116 -1.018750295E-02 -1.018749364E-02  6.562000141E-03  3.920057108E+00 
       117 -1.006250363E-02 -1.006249338E-02  6.562000141E-03  3.922089889E+00 
       118 -9.937503375E-03 -9.937494062E-03  6.562000141E-03  3.870852071E+00 
       119 -9.812503122E-03 -9.812493809E-03  6.562000141E-03  3.759189913E+00 
       120 -9.687502868E-03 -9.687493555E-03  6.562000141E-03  3.630560707E+00 
       121 -9.562503546E-03 -9.562494233E-03  6.562000141E-03  3.475767979E+00 
       122 -9.437503293E-03 -9.437493980E-03  6.562000141E-03  3.318262137E+00 
       123 -9.312503040E-03 -9.312493727E-03  6.562000141E-03  3.128242416E+00 
       124 -9.187503718E-03 -9.187493473E-03  6.562000141E-03  2.926480959E+00 
       125 -9.062503465E-03 -9.062494151E-03  6.562000141E-03  2.806915991E+00 
       126 -8.937503211E-03 -8.937493898E-03  6.562000141E-03  2.805442090E+00 
       127 -8.812502958E-03 -8.812493645E-03  6.562000141E-03  2.908762709E+00 
       128 -8.687503636E-03 -8.687494323E-03  6.562000141E-03  2.990591736E+00 
       129 -8.562503383E-03 -8.562494069E-03  6.562000141E-03  3.002801870E+00 
       130 -8.437503129E-03 -8.437493816E-03  6.562000141E-03  2.979619496E+00 
       131 -8.312502876E-03 -8.312493563E-03  6.562000141E-03  2.873652500E+00 
       132 -8.187503554E-03 -8.187494241E-03  6.562000141E-03  2.691363637E+00 
       133 -8.062503301E-03 -8.062493987E-03  6.562000141E-03  2.494330974E+00 
       134 -7.937503047E-03 -7.937493734E-03  6.562000141E-03  2.384815197E+00 
       135 -7.812502794E-03 -7.812493946E-03  6.562000141E-03  2.229103070E+00 
       136 -7.687503006E-03 -7.687494159E-03  6.562000141E-03  1.981199830E+00 
       137 -7.562503219E-03 -7.562493905E-03  6.562000141E-03  1.885063431E+00 
       138 -7.437502965E-03 -7.437494118E-03  6.562000141E-03  2.073159467E+00 
       139 -7.312503178E-03 -7.312493864E-03  6.562000141E-03  2.283486768E+00 
       140 -5.562502891E-03 -5.562494043E-03  6.562000141E-03  1.404608715E+00 
       141 -5.687502678E-03 -5.687494297E-03  6.562000141E-03  1.381365150E+00 
       142 -5.812502932E-03 -5.812494084E-03  6.562000141E-03  1.416546446E+00 
       143 -5.937502719E-03 -5.937494338E-03  6.562000141E-03  1.558522038E+00 
       144 -6.062502973E-03 -6.062494125E-03  6.562000141E-03  1.643596986E+00 
       145 -6.187502760E-03 -6.187494379E-03  6.562000141E-03  1.680272432E+00 
       146 -6.312503014E-03 -6.312494166E-03  6.562000141E-03  1.627369687E+00 
       147 -6.437502801E-03 -6.437493954E-03  6.562000141E-03  1.541250223E+00 
       148 -6.562503055E-03 -6.562494207E-03  6.562000141E-03  1.530255559E+00 
       149 -6.687502842E-03 -6.687493995E-03  6.562000141E-03  1.599776596E+00 
       150 -6.812503096E-03 -6.812494248E-03  6.562000141E-03  1.721109102E+00 
       151 -6.937502883E-03 -6.937494036E-03  6.562000141E-03  1.779111961E+00 
       152 -7.062503137E-03 -7.062494289E-03  6.562000141E-03  1.631341497E+00 
       153 -7.187502924E-03 -7.187494077E-03  6.562000141E-03  1.912083676E+00 
       154 -1.356250420E-02 -1.356249303E-02  6.562000141E-03  5.347724415E+00 
       155 -1.368750352E-02 -1.368749328E-02  6.562000141E-03  5.339517428E+00 
       156 -1.693750359E-02 -1.693749242E-02  6.562000141E-03  4.482113840E+00 
       157 -1.681250334E-02 -1.681249216E-02  6.562000141E-03  4.567501125E+00 
       158 -1.668750308E-02 -1.668749191E-02  6.562000141E-03  4.703351314E+00 
       159 -1.656250469E-02 -1.656249352E-02  6.562000141E-03  5.124198829E+00 
       160 -1.643750444E-02 -1.643749326E-02  6.562000141E-03  5.513043877E+00 
       161 -1.631250419E-02 -1.631249301E-02  6.562000141E-03  5.636204092E+00 
       162 -1.618750393E-02 -1.618749276E-02  6.562000141E-03  5.630802701E+00 
       163 -1.606250368E-02 -1.606249250E-02  6.562000141E-03  5.563902754E+00 
       164 -1.593750343E-02 -1.593749225E-02  6.562000141E-03  5.388791487E+00 
       165 -1.581250317E-02 -1.581249200E-02  6.562000141E-03  5.312760390E+00 
       166 -1.568750292E-02 -1.568749361E-02  6.562000141E-03  5.380464761E+00 
       167 -1.556250360E-02 -1.556249335E-02  6.562000141E-03  5.568329967E+00 
       168 -1.543750428E-02 -1.543749310E-02  6.562000141E-03  5.653341110E+00 
       169 -1.531250402E-02 -1.531249285E-02  6.562000141E-03  5.662084362E+00 
       170 -1.518750377E-02 -1.518749353E-02  6.562000141E-03  5.642647636E+00 
       171 -1.506250352E-02 -1.506249327E-02  6.562000141E-03  5.607843927E+00 
       172 -1.493750419E-02 -1.493749302E-02  6.562000141E-03  5.552220520E+00 
       173 -1.481250394E-02 -1.481249370E-02  6.562000141E-03  5.506162306E+00 
       174 -1.468750369E-02 -1.468749344E-02  6.562000141E-03  5.446637935E+00 
       175 -1.456250343E-02 -1.456249319E-02  6.562000141E-03  5.379784493E+00 
       176 -1.443750411E-02 -1.443749294E-02  6.562000141E-03  5.351629412E+00 
       177 -1.431250386E-02 -1.431249361E-02  6.562000141E-03  5.367406420E+00 
       178 -1.418750361E-02 -1.418749336E-02  6.562000141E-03  5.393642179E+00 
       179 -1.406250335E-02 -1.406249311E-02  6.562000141E-03  5.392699920E+00 
       180 -1.393750403E-02 -1.393749379E-02  6.562000141E-03  5.368136406E+00 
       181 -1.381250378E-02 -1.381249353E-02  6.562000141E-03  5.348171280E+00 
       182 -1.343750395E-02 -1.343749370E-02  6.562000141E-03  5.360047698E+00 
