cellnumber     x-coordinate     y-coordinate     z-coordinate velocity-magnitude 
         1 -2.121081017E-02 -2.121081017E-02  6.562000141E-03  1.205705858E-01 
         2 -2.120563947E-02 -2.120563947E-02  6.562000141E-03  3.590591230E-01 
         3 -2.119943500E-02 -2.119943500E-02  6.562000606E-03  6.363712604E-01 
         4 -2.119199000E-02 -2.119199000E-02  6.562000141E-03  9.548715606E-01 
         5 -2.118305862E-02 -2.118305862E-02  6.562000141E-03  1.316043042E+00 
         6 -2.117234282E-02 -2.117234282E-02  6.562000606E-03  1.719702165E+00 
         7 -2.115948685E-02 -2.115948685E-02  6.562000606E-03  2.160607810E+00 
         8 -2.114406601E-02 -2.114406601E-02  6.562000606E-03  2.631417079E+00 
         9 -2.112556621E-02 -2.112556621E-02  6.562000606E-03  3.108311836E+00 
        10 -2.110337466E-02 -2.110337466E-02  6.562000606E-03  3.552290170E+00 
        11 -2.106651478E-02 -2.106651478E-02  6.562000606E-03  3.970300608E+00 
        12 -2.102797665E-02 -2.102797665E-02  6.562000141E-03  4.064489673E+00 
        13 -2.100796066E-02 -2.100796066E-02  6.562000141E-03  4.154071557E+00 
        14 -2.095155232E-02 -2.095155232E-02  6.562000141E-03  4.175812915E+00 
        15 -2.089514025E-02 -2.089514025E-02  6.562000141E-03  4.167594656E+00 
        16 -2.082296833E-02 -2.082296833E-02  6.562000141E-03  4.161434335E+00 
        17 -2.075096779E-02 -2.075096779E-02  6.562000141E-03  4.124554858E+00 
        18 -2.067896910E-02 -2.067896910E-02  6.562000141E-03  4.212761240E+00 
        19 -2.060696855E-02 -2.060696855E-02  6.562000141E-03  4.137300442E+00 
        20 -2.053496987E-02 -2.053496987E-02  6.562000606E-03  4.227437765E+00 
        21 -2.046296932E-02 -2.046296932E-02  6.562000141E-03  4.099085312E+00 
        22 -2.039096877E-02 -2.039096877E-02  6.562000141E-03  4.165039575E+00 
        23 -2.031897008E-02 -2.031897008E-02  6.562000606E-03  4.090855816E+00 
        24 -2.024696954E-02 -2.024696954E-02  6.562000141E-03  4.213289312E+00 
        25 -2.017496899E-02 -2.017496899E-02  6.562000141E-03  4.118300276E+00 
        26 -2.010296844E-02 -2.010296844E-02  6.562000141E-03  4.199495787E+00 
        27 -2.003096975E-02 -2.003096975E-02  6.562000141E-03  4.007844232E+00 
        28 -1.995896921E-02 -1.995896921E-02  6.562000141E-03  4.068474062E+00 
        29 -1.843750291E-02 -1.843749359E-02  6.562000141E-03  5.273746023E+00 
        30 -1.831250452E-02 -1.831249334E-02  6.562000141E-03  5.387514394E+00 
        31 -1.818750426E-02 -1.818749309E-02  6.562000141E-03  5.339041227E+00 
        32 -1.806250401E-02 -1.806249283E-02  6.562000141E-03  5.200454623E+00 
        33 -1.793750376E-02 -1.793749258E-02  6.562000141E-03  4.985665797E+00 
        34 -1.781250350E-02 -1.781249233E-02  6.562000141E-03  4.840132668E+00 
        35 -1.768750325E-02 -1.768749207E-02  6.562000141E-03  4.806730866E+00 
        36 -1.756250300E-02 -1.756249368E-02  6.562000141E-03  5.138977740E+00 
        37 -1.743750274E-02 -1.743749343E-02  6.562000141E-03  5.624761502E+00 
        38 -1.731250435E-02 -1.731249318E-02  6.562000141E-03  5.683490692E+00 
        39 -1.718750410E-02 -1.718749292E-02  6.562000141E-03  5.601791890E+00 
        40 -1.706250384E-02 -1.706249267E-02  6.562000141E-03  5.622451764E+00 
        41 -1.895638742E-02 -1.895638742E-02  6.562000141E-03  5.361494718E+00 
        42 -1.889957115E-02 -1.889957115E-02  6.562000141E-03  5.203447474E+00 
        43 -1.880222559E-02 -1.880222000E-02  6.562000141E-03  4.951344038E+00 
        44 -1.868750341E-02 -1.868749224E-02  6.562000141E-03  4.897555018E+00 
        45 -1.856250316E-02 -1.856249198E-02  6.562000141E-03  5.118912898E+00 
        46 -1.898222044E-02 -1.898222044E-02  6.562000606E-03  5.285836521E+00 
        47 -1.904012822E-02 -1.904012822E-02  6.562000141E-03  5.481558979E+00 
        48 -1.912219450E-02 -1.912219450E-02  6.562000606E-03  5.653571316E+00 
        49 -1.916676387E-02 -1.916676387E-02  6.562000606E-03  5.768669963E+00 
        50 -1.923896931E-02 -1.923896931E-02  6.562000141E-03  5.701857084E+00 
        51 -1.931096986E-02 -1.931096986E-02  6.562000141E-03  5.771539382E+00 
        52 -1.938296854E-02 -1.938296854E-02  6.562000141E-03  5.655563061E+00 
        53 -1.945496909E-02 -1.945496909E-02  6.562000141E-03  5.628612751E+00 
        54 -1.952696964E-02 -1.952696964E-02  6.562000141E-03  5.424371756E+00 
        55 -1.959896833E-02 -1.959896833E-02  6.562000606E-03  5.234584253E+00 
        56 -1.967096888E-02 -1.967096888E-02  6.562000141E-03  5.010252614E+00 
        57 -1.974296942E-02 -1.974296942E-02  6.562000141E-03  4.757970881E+00 
        58 -1.981496811E-02 -1.981496811E-02  6.562000141E-03  4.420665943E+00 
        59 -1.988696866E-02 -1.988696866E-02  6.562000141E-03  4.056506022E+00 
        60 -1.693750359E-02 -1.693749242E-02  6.562000141E-03  5.659839307E+00 
        61 -1.681250334E-02 -1.681249216E-02  6.562000141E-03  5.797706043E+00 
        62 -1.668750308E-02 -1.668749377E-02  6.562000141E-03  5.946704507E+00 
        63 -1.656250283E-02 -1.656249352E-02  6.562000141E-03  5.919456235E+00 
        64 -1.643750444E-02 -1.643749326E-02  6.562000141E-03  5.742915651E+00 
        65 -1.631250419E-02 -1.631249301E-02  6.562000141E-03  5.571410830E+00 
        66 -1.618750393E-02 -1.618749276E-02  6.562000141E-03  5.428252956E+00 
        67 -1.606250368E-02 -1.606249250E-02  6.562000141E-03  5.329883749E+00 
        68 -1.593750343E-02 -1.593749225E-02  6.562000141E-03  5.365606971E+00 
        69 -1.581250317E-02 -1.581249386E-02  6.562000141E-03  5.411531124E+00 
        70 -1.568750292E-02 -1.568749361E-02  6.562000141E-03  5.403639703E+00 
        71 -1.556250360E-02 -1.556249335E-02  6.562000141E-03  5.382610246E+00 
        72 -1.543750335E-02 -1.543749310E-02  6.562000141E-03  5.376468876E+00 
        73 -1.531250402E-02 -1.531249378E-02  6.562000141E-03  5.415955366E+00 
        74 -1.518750377E-02 -1.518749353E-02  6.562000141E-03  5.471310264E+00 
        75 -1.506250352E-02 -1.506249327E-02  6.562000141E-03  5.519961894E+00 
        76 -1.493750326E-02 -1.493749302E-02  6.562000141E-03  5.548185021E+00 
        77 -1.481250394E-02 -1.481249370E-02  6.562000141E-03  5.549562448E+00 
        78 -1.468750369E-02 -1.468749344E-02  6.562000141E-03  5.541533424E+00 
        79 -1.456250343E-02 -1.456249319E-02  6.562000141E-03  5.521286214E+00 
        80 -1.443750318E-02 -1.443749387E-02  6.562000141E-03  5.483462586E+00 
        81 -1.431250386E-02 -1.431249361E-02  6.562000141E-03  5.432350272E+00 
        82 -1.418750361E-02 -1.418749336E-02  6.562000141E-03  5.380628354E+00 
        83 -1.406250335E-02 -1.406249311E-02  6.562000141E-03  5.334236757E+00 
        84 -1.393750403E-02 -1.393749379E-02  6.562000141E-03  5.298117684E+00 
        85 -1.381250378E-02 -1.381249353E-02  6.562000141E-03  5.270448402E+00 
        86 -1.343750395E-02 -1.343749370E-02  6.562000141E-03  5.200955044E+00 
        87 -1.356250327E-02 -1.356249396E-02  6.562000141E-03  5.224926915E+00 
        88 -1.368750352E-02 -1.368749328E-02  6.562000141E-03  5.247814375E+00 
        89 -1.331250370E-02 -1.331249345E-02  6.562000141E-03  5.176839528E+00 
        90 -1.318750344E-02 -1.318749320E-02  6.562000141E-03  5.151821290E+00 
        91 -1.306250319E-02 -1.306249388E-02  6.562000141E-03  5.098841495E+00 
        92 -1.293750387E-02 -1.293749362E-02  6.562000141E-03  4.999473744E+00 
        93 -1.281250361E-02 -1.281249337E-02  6.562000141E-03  4.896463526E+00 
        94 -1.268750336E-02 -1.268749405E-02  6.562000141E-03  4.825927999E+00 
        95 -1.256250311E-02 -1.256249379E-02  6.562000141E-03  4.783985049E+00 
        96 -1.243750378E-02 -1.243749354E-02  6.562000141E-03  4.739286408E+00 
        97 -1.231250353E-02 -1.231249329E-02  6.562000141E-03  4.673218182E+00 
        98 -1.218750328E-02 -1.218749397E-02  6.562000141E-03  4.592640928E+00 
        99 -1.206250302E-02 -1.206249371E-02  6.562000141E-03  4.492151354E+00 
       100 -1.193750370E-02 -1.193749346E-02  6.562000141E-03  4.366702157E+00 
       101 -1.181250345E-02 -1.181249414E-02  6.562000141E-03  4.231208498E+00 
       102 -1.168750320E-02 -1.168749388E-02  6.562000141E-03  4.107899822E+00 
       103 -1.156250294E-02 -1.156249363E-02  6.562000141E-03  4.013529951E+00 
       104 -1.143750362E-02 -1.143749338E-02  6.562000141E-03  3.962256409E+00 
       105 -1.131250337E-02 -1.131249405E-02  6.562000141E-03  3.953572153E+00 
       106 -1.118750311E-02 -1.118749380E-02  6.562000141E-03  3.917303981E+00 
       107 -1.106250286E-02 -1.106249355E-02  6.562000141E-03  3.843967019E+00 
       108 -1.093750354E-02 -1.093749423E-02  6.562000141E-03  3.820852380E+00 
       109 -1.081250329E-02 -1.081249397E-02  6.562000141E-03  3.801299041E+00 
       110 -1.068750303E-02 -1.068749372E-02  6.562000141E-03  3.726756495E+00 
       111 -1.056250371E-02 -1.056249347E-02  6.562000141E-03  3.622371027E+00 
       112 -1.043750346E-02 -1.043749414E-02  6.562000141E-03  3.531382405E+00 
       113 -1.031250320E-02 -1.031249389E-02  6.562000141E-03  3.510751898E+00 
       114 -1.018750295E-02 -1.018749364E-02  6.562000141E-03  3.508833104E+00 
       115 -1.006250363E-02 -1.006249432E-02  6.562000141E-03  3.491166298E+00 
       116 -9.937503375E-03 -9.937494062E-03  6.562000141E-03  3.444229581E+00 
       117 -9.812503122E-03 -9.812493809E-03  6.562000141E-03  3.372706735E+00 
       118 -9.687502868E-03 -9.687493555E-03  6.562000141E-03  3.305554034E+00 
       119 -9.562503546E-03 -9.562494233E-03  6.562000141E-03  3.286916864E+00 
       120 -9.437503293E-03 -9.437493980E-03  6.562000141E-03  3.267056311E+00 
       121 -9.312503040E-03 -9.312493727E-03  6.562000141E-03  3.192814914E+00 
       122 -9.187502787E-03 -9.187494405E-03  6.562000141E-03  3.098204207E+00 
       123 -9.062503465E-03 -9.062494151E-03  6.562000141E-03  3.031695474E+00 
       124 -8.937503211E-03 -8.937493898E-03  6.562000141E-03  2.986143485E+00 
       125 -8.812502958E-03 -8.812493645E-03  6.562000141E-03  2.939441005E+00 
       126 -8.687502705E-03 -8.687494323E-03  6.562000141E-03  2.915972981E+00 
       127 -8.562503383E-03 -8.562494069E-03  6.562000141E-03  2.887390673E+00 
       128 -8.437503129E-03 -8.437493816E-03  6.562000141E-03  2.680132180E+00 
       129 -8.312502876E-03 -8.312494494E-03  6.562000141E-03  2.221958149E+00 
       130 -8.187502623E-03 -8.187494241E-03  6.562000141E-03  1.868734208E+00 
       131 -8.062503301E-03 -8.062493987E-03  6.562000141E-03  1.853772024E+00 
       132 -7.937503047E-03 -7.937493734E-03  6.562000141E-03  1.930240958E+00 
       133 -7.812502794E-03 -7.812493946E-03  6.562000141E-03  2.002427832E+00 
       134 -7.687503006E-03 -7.687494159E-03  6.562000141E-03  2.149693138E+00 
       135 -7.562502753E-03 -7.562493905E-03  6.562000141E-03  2.227879023E+00 
       136 -7.437502965E-03 -7.437494118E-03  6.562000141E-03  2.208704603E+00 
       137 -7.312503178E-03 -7.312494330E-03  6.562000141E-03  2.183037649E+00 
       138 -2.830386627E-03 -2.830386627E-03  6.562000606E-03  1.053683406E+00 
       139 -2.835483057E-03 -2.835483057E-03  6.562000606E-03  1.079984080E+00 
       140 -2.841603942E-03 -2.841604175E-03  6.562000606E-03  1.124732579E+00 
       141 -2.848957200E-03 -2.848957200E-03  6.562000141E-03  1.191089860E+00 
       142 -2.857792191E-03 -2.857792191E-03  6.562000141E-03  1.278709337E+00 
       143 -2.868410433E-03 -2.868410433E-03  6.562000606E-03  1.382679452E+00 
       144 -2.881176071E-03 -2.881176071E-03  6.562000606E-03  1.493758452E+00 
       145 -2.896528924E-03 -2.896528924E-03  6.562000141E-03  1.601031702E+00 
       146 -2.915001474E-03 -2.915001474E-03  6.562000606E-03  1.695460070E+00 
       147 -2.937239595E-03 -2.937239595E-03  6.562000141E-03  1.775121282E+00 
       148 -2.974424278E-03 -2.974424278E-03  6.562000141E-03  1.844983665E+00 
       149 -3.062231001E-03 -3.062227042E-03  6.562000141E-03  1.865443594E+00 
       150 -3.187502502E-03 -3.187494352E-03  6.562000141E-03  1.771483037E+00 
       151 -3.312502522E-03 -3.312494373E-03  6.562000141E-03  1.672868956E+00 
       152 -3.437502543E-03 -3.437494393E-03  6.562000141E-03  1.801590577E+00 
       153 -3.562502563E-03 -3.562494414E-03  6.562000141E-03  1.804529842E+00 
       154 -3.687502583E-03 -3.687494434E-03  6.562000141E-03  1.153156670E+00 
       155 -3.812502604E-03 -3.812494455E-03  6.562000141E-03  7.924805642E-01 
       156 -3.937502392E-03 -3.937494475E-03  6.562000141E-03  7.731588800E-01 
       157 -4.062502645E-03 -4.062494263E-03  6.562000141E-03  8.757093890E-01 
       158 -4.187502898E-03 -4.187494516E-03  6.562000141E-03  8.271677837E-01 
       159 -4.312502686E-03 -4.312494304E-03  6.562000141E-03  9.361666269E-01 
       160 -4.437502474E-03 -4.437494557E-03  6.562000141E-03  1.207526075E+00 
       161 -4.562502727E-03 -4.562494345E-03  6.562000141E-03  1.376193120E+00 
       162 -4.687502515E-03 -4.687494598E-03  6.562000141E-03  1.416168038E+00 
       163 -4.812502768E-03 -4.812494386E-03  6.562000141E-03  1.439893045E+00 
       164 -4.937502556E-03 -4.937494174E-03  6.562000141E-03  1.550770760E+00 
       165 -5.062502809E-03 -5.062494427E-03  6.562000141E-03  1.540181631E+00 
       166 -5.187502597E-03 -5.187494215E-03  6.562000141E-03  1.222020064E+00 
       167 -5.312502850E-03 -5.312494468E-03  6.562000141E-03  8.921854026E-01 
       168 -5.437502638E-03 -5.437494256E-03  6.562000141E-03  7.288240697E-01 
       169 -5.562502891E-03 -5.562494509E-03  6.562000141E-03  5.566968892E-01 
       170 -5.687502678E-03 -5.687494297E-03  6.562000141E-03  5.960213820E-01 
       171 -5.812502932E-03 -5.812494084E-03  6.562000141E-03  9.665020867E-01 
       172 -5.937502719E-03 -5.937494338E-03  6.562000141E-03  1.134178575E+00 
       173 -6.062502973E-03 -6.062494125E-03  6.562000141E-03  1.188252790E+00 
       174 -6.187502760E-03 -6.187494379E-03  6.562000141E-03  8.764798438E-01 
       175 -6.312503014E-03 -6.312494166E-03  6.562000141E-03  5.745682200E-01 
       176 -6.437502801E-03 -6.437494420E-03  6.562000141E-03  4.199772755E-01 
       177 -6.562503055E-03 -6.562494207E-03  6.562000141E-03  6.659674027E-01 
       178 -6.687502842E-03 -6.687493995E-03  6.562000141E-03  1.358568286E+00 
       179 -6.812503096E-03 -6.812494248E-03  6.562000141E-03  1.942465402E+00 
       180 -6.937502883E-03 -6.937494036E-03  6.562000141E-03  2.302595898E+00 
       181 -7.062503137E-03 -7.062494289E-03  6.562000141E-03  2.399737847E+00 
       182 -7.187502924E-03 -7.187494077E-03  6.562000141E-03  2.279184680E+00 
