cellnumber     x-coordinate     y-coordinate     z-coordinate velocity-magnitude 
         1 -5.437502638E-03 -5.437494721E-03  6.562000141E-03  1.695847755E+00 
         2 -5.312502384E-03 -5.312494468E-03  6.562000141E-03  1.600906595E+00 
         3 -5.187502597E-03 -5.187494680E-03  6.562000141E-03  1.628127225E+00 
         4 -5.062502343E-03 -5.062494427E-03  6.562000141E-03  1.583621894E+00 
         5 -4.937502556E-03 -4.937494639E-03  6.562000141E-03  1.558040881E+00 
         6 -4.812502302E-03 -4.812494852E-03  6.562000141E-03  1.540661753E+00 
         7 -4.687502515E-03 -4.687494598E-03  6.562000141E-03  1.466924315E+00 
         8 -4.562502261E-03 -4.562494811E-03  6.562000141E-03  1.246817279E+00 
         9 -4.437502474E-03 -4.437494557E-03  6.562000141E-03  1.163555481E+00 
        10 -4.312502220E-03 -4.312494770E-03  6.562000141E-03  1.163896552E+00 
        11 -4.187502433E-03 -4.187494516E-03  6.562000141E-03  1.165662974E+00 
        12 -4.062502645E-03 -4.062494729E-03  6.562000141E-03  1.289801923E+00 
        13 -3.937502392E-03 -3.937494475E-03  6.562000141E-03  1.203191263E+00 
        14 -3.812502371E-03 -3.812494688E-03  6.562000141E-03  1.306214104E+00 
        15 -3.687502351E-03 -3.687494667E-03  6.562000141E-03  1.613594773E+00 
        16 -3.562502330E-03 -3.562494647E-03  6.562000141E-03  1.943215204E+00 
        17 -3.437502310E-03 -3.437494626E-03  6.562000141E-03  2.042535874E+00 
        18 -3.312502289E-03 -3.312494606E-03  6.562000141E-03  2.053635295E+00 
        19 -3.187502269E-03 -3.187494585E-03  6.562000141E-03  1.959076013E+00 
        20 -3.062231001E-03 -3.062227042E-03  6.562000141E-03  1.639254667E+00 
        21 -2.974424278E-03 -2.974424278E-03  6.562000606E-03  1.286655503E+00 
        22 -2.937239828E-03 -2.937239828E-03  6.562000141E-03  1.215526031E+00 
        23 -2.915001474E-03 -2.915001474E-03  6.562000141E-03  1.211516110E+00 
        24 -2.896528924E-03 -2.896528924E-03  6.562000606E-03  1.184595671E+00 
        25 -2.881176071E-03 -2.881176071E-03  6.562000606E-03  1.088029813E+00 
        26 -2.868410666E-03 -2.868410666E-03  6.562000141E-03  9.483362114E-01 
        27 -2.857792191E-03 -2.857792191E-03  6.562000606E-03  8.273893431E-01 
        28 -2.848957200E-03 -2.848957200E-03  6.562000141E-03  7.822347646E-01 
        29 -2.841603942E-03 -2.841603942E-03  6.562000141E-03  8.145573036E-01 
        30 -2.835483057E-03 -2.835483057E-03  6.562001072E-03  8.932945803E-01 
        31 -2.830386627E-03 -2.830386627E-03  6.562000606E-03  9.893891818E-01 
        32 -5.562502425E-03 -5.562494509E-03  6.562000141E-03  1.840984886E+00 
        33 -5.687502678E-03 -5.687494762E-03  6.562000141E-03  2.023820017E+00 
        34 -5.812502466E-03 -5.812494550E-03  6.562000141E-03  2.139658154E+00 
        35 -5.937502254E-03 -5.937494803E-03  6.562000141E-03  1.957428262E+00 
        36 -6.062502507E-03 -6.062494591E-03  6.562000141E-03  1.637374664E+00 
        37 -6.187502295E-03 -6.187494379E-03  6.562000141E-03  1.423894600E+00 
        38 -6.312502548E-03 -6.312494632E-03  6.562000141E-03  1.277222175E+00 
        39 -6.437502336E-03 -6.437494420E-03  6.562000141E-03  1.060361548E+00 
        40 -6.562502589E-03 -6.562494673E-03  6.562000141E-03  1.017111517E+00 
        41 -6.687502377E-03 -6.687494460E-03  6.562000141E-03  1.282707978E+00 
        42 -6.812502630E-03 -6.812494714E-03  6.562000141E-03  1.257696941E+00 
        43 -6.937502418E-03 -6.937494501E-03  6.562000141E-03  1.158092605E+00 
        44 -7.062502671E-03 -7.062494755E-03  6.562000141E-03  1.218844697E+00 
        45 -7.187502459E-03 -7.187494542E-03  6.562000141E-03  1.611868491E+00 
        46 -1.343750302E-02 -1.343749464E-02  6.562000141E-03  5.081183100E+00 
        47 -1.381250285E-02 -1.381249446E-02  6.562000141E-03  5.205881784E+00 
        48 -1.393750310E-02 -1.393749472E-02  6.562000141E-03  5.245916741E+00 
        49 -1.406250242E-02 -1.406249404E-02  6.562000141E-03  5.274972678E+00 
        50 -1.418750267E-02 -1.418749429E-02  6.562000141E-03  5.298788403E+00 
        51 -1.431250293E-02 -1.431249455E-02  6.562000141E-03  5.323585228E+00 
        52 -1.443750318E-02 -1.443749387E-02  6.562000141E-03  5.352398189E+00 
        53 -1.456250250E-02 -1.456249412E-02  6.562000141E-03  5.386549621E+00 
        54 -1.468750276E-02 -1.468749437E-02  6.562000141E-03  5.424389068E+00 
        55 -1.481250301E-02 -1.481249463E-02  6.562000141E-03  5.460416517E+00 
        56 -1.493750326E-02 -1.493749395E-02  6.562000141E-03  5.493391126E+00 
        57 -1.506250259E-02 -1.506249420E-02  6.562000141E-03  5.511395944E+00 
        58 -1.518750284E-02 -1.518749446E-02  6.562000141E-03  5.509057362E+00 
        59 -1.531250309E-02 -1.531249471E-02  6.562000141E-03  5.492179592E+00 
        60 -1.543750241E-02 -1.543749403E-02  6.562000141E-03  5.494143244E+00 
        61 -1.556250267E-02 -1.556249429E-02  6.562000141E-03  5.491641233E+00 
        62 -1.568750292E-02 -1.568749361E-02  6.562000141E-03  5.546804827E+00 
        63 -1.581250317E-02 -1.581249386E-02  6.562000141E-03  5.581083708E+00 
        64 -1.593750343E-02 -1.593749411E-02  6.562000141E-03  5.558357225E+00 
        65 -1.606250182E-02 -1.606249437E-02  6.562000141E-03  5.552556053E+00 
        66 -1.618750207E-02 -1.618749462E-02  6.562000141E-03  5.484888871E+00 
        67 -1.631250232E-02 -1.631249487E-02  6.562000141E-03  5.384305451E+00 
        68 -1.643750258E-02 -1.643749326E-02  6.562000141E-03  5.313526169E+00 
        69 -1.656250283E-02 -1.656249352E-02  6.562000141E-03  5.333355956E+00 
        70 -1.668750308E-02 -1.668749377E-02  6.562000141E-03  5.407550956E+00 
        71 -1.681250334E-02 -1.681249402E-02  6.562000141E-03  5.440315038E+00 
        72 -1.693750173E-02 -1.693749428E-02  6.562000141E-03  5.468359698E+00 
        73 -7.312502712E-03 -7.312494796E-03  6.562000141E-03  2.070649531E+00 
        74 -7.437502500E-03 -7.437494583E-03  6.562000141E-03  2.160781498E+00 
        75 -7.562502753E-03 -7.562494371E-03  6.562000141E-03  2.143262314E+00 
        76 -7.687502541E-03 -7.687494624E-03  6.562000141E-03  2.345951807E+00 
        77 -7.812502794E-03 -7.812494412E-03  6.562000141E-03  2.515948169E+00 
        78 -7.937502116E-03 -7.937494665E-03  6.562000141E-03  2.763796007E+00 
        79 -8.062502369E-03 -8.062494919E-03  6.562000141E-03  2.994949793E+00 
        80 -8.187502623E-03 -8.187494241E-03  6.562000141E-03  3.091719188E+00 
        81 -8.312502876E-03 -8.312494494E-03  6.562000141E-03  3.142171490E+00 
        82 -8.437502198E-03 -8.437494747E-03  6.562000141E-03  3.211583589E+00 
        83 -8.562502451E-03 -8.562495001E-03  6.562000141E-03  3.325769162E+00 
        84 -8.687502705E-03 -8.687494323E-03  6.562000141E-03  3.431022133E+00 
        85 -8.812502958E-03 -8.812494576E-03  6.562000141E-03  3.564794586E+00 
        86 -8.937502280E-03 -8.937494829E-03  6.562000141E-03  3.435713010E+00 
        87 -9.062502533E-03 -9.062494151E-03  6.562000141E-03  3.368733818E+00 
        88 -9.187502787E-03 -9.187494405E-03  6.562000141E-03  3.401586487E+00 
        89 -9.312503040E-03 -9.312494658E-03  6.562000141E-03  3.326034558E+00 
        90 -9.437502362E-03 -9.437494911E-03  6.562000141E-03  3.302611025E+00 
        91 -9.562502615E-03 -9.562494233E-03  6.562000141E-03  3.397977160E+00 
        92 -9.687502868E-03 -9.687494487E-03  6.562000141E-03  3.539955294E+00 
        93 -9.812502190E-03 -9.812494740E-03  6.562000141E-03  3.476675294E+00 
        94 -9.937502444E-03 -9.937494062E-03  6.562000141E-03  3.368678053E+00 
        95 -1.006250270E-02 -1.006249432E-02  6.562000141E-03  3.365062247E+00 
        96 -1.018750295E-02 -1.018749457E-02  6.562000141E-03  3.464695527E+00 
        97 -1.031250227E-02 -1.031249482E-02  6.562000141E-03  3.561969633E+00 
        98 -1.043750253E-02 -1.043749414E-02  6.562000141E-03  3.664123485E+00 
        99 -1.056250278E-02 -1.056249440E-02  6.562000141E-03  3.811366259E+00 
       100 -1.068750303E-02 -1.068749465E-02  6.562000141E-03  3.924481260E+00 
       101 -1.081250235E-02 -1.081249490E-02  6.562000141E-03  3.958587213E+00 
       102 -1.093750261E-02 -1.093749423E-02  6.562000141E-03  3.937751046E+00 
       103 -1.106250286E-02 -1.106249448E-02  6.562000141E-03  3.823281768E+00 
       104 -1.118750311E-02 -1.118749473E-02  6.562000141E-03  3.703148528E+00 
       105 -1.131250244E-02 -1.131249405E-02  6.562000141E-03  3.631704378E+00 
       106 -1.143750269E-02 -1.143749431E-02  6.562000141E-03  3.636358782E+00 
       107 -1.156250294E-02 -1.156249456E-02  6.562000141E-03  3.841133209E+00 
       108 -1.168750226E-02 -1.168749481E-02  6.562000141E-03  3.927513399E+00 
       109 -1.181250252E-02 -1.181249414E-02  6.562000141E-03  3.975485324E+00 
       110 -1.193750277E-02 -1.193749439E-02  6.562000141E-03  4.118735701E+00 
       111 -1.206250302E-02 -1.206249464E-02  6.562000141E-03  4.228871070E+00 
       112 -1.218750235E-02 -1.218749397E-02  6.562000141E-03  4.305416321E+00 
       113 -1.231250260E-02 -1.231249422E-02  6.562000141E-03  4.385057561E+00 
       114 -1.243750285E-02 -1.243749447E-02  6.562000141E-03  4.465327489E+00 
       115 -1.256250311E-02 -1.256249472E-02  6.562000141E-03  4.550596006E+00 
       116 -1.268750243E-02 -1.268749405E-02  6.562000141E-03  4.645117047E+00 
       117 -1.281250268E-02 -1.281249430E-02  6.562000141E-03  4.746008959E+00 
       118 -1.293750294E-02 -1.293749455E-02  6.562000141E-03  4.845777120E+00 
       119 -1.306250319E-02 -1.306249481E-02  6.562000141E-03  4.939790696E+00 
       120 -1.318750251E-02 -1.318749413E-02  6.562000141E-03  5.018258724E+00 
       121 -1.331250276E-02 -1.331249438E-02  6.562000141E-03  5.063571773E+00 
       122 -1.356250234E-02 -1.356249396E-02  6.562000141E-03  5.107255088E+00 
       123 -1.368750259E-02 -1.368749421E-02  6.562000141E-03  5.154746724E+00 
       124 -2.121081017E-02 -2.121081017E-02  6.562000141E-03  1.080459152E-01 
       125 -2.120563947E-02 -2.120563947E-02  6.562000141E-03  3.212143791E-01 
       126 -2.119943500E-02 -2.119943500E-02  6.562000141E-03  5.689054966E-01 
       127 -2.119199000E-02 -2.119199000E-02  6.562000141E-03  8.534023103E-01 
       128 -2.118305862E-02 -2.118305862E-02  6.562000141E-03  1.175965708E+00 
       129 -2.117234282E-02 -2.117234282E-02  6.562000606E-03  1.535715044E+00 
       130 -2.115948685E-02 -2.115948685E-02  6.562000606E-03  1.927735337E+00 
       131 -2.114406601E-02 -2.114406601E-02  6.562000141E-03  2.339638600E+00 
       132 -2.112556435E-02 -2.112556435E-02  6.562000141E-03  2.761779502E+00 
       133 -2.110337466E-02 -2.110337466E-02  6.562001072E-03  3.173712391E+00 
       134 -2.106651478E-02 -2.106651478E-02  6.562000606E-03  3.785245279E+00 
       135 -2.102797665E-02 -2.102797665E-02  6.562000141E-03  4.211327946E+00 
       136 -2.100796066E-02 -2.100796066E-02  6.562000141E-03  4.360007433E+00 
       137 -2.095155232E-02 -2.095155232E-02  6.562000141E-03  4.507855692E+00 
       138 -2.089514025E-02 -2.089514025E-02  6.562000141E-03  4.824407189E+00 
       139 -2.082296833E-02 -2.082296833E-02  6.562000141E-03  4.777777726E+00 
       140 -2.075096965E-02 -2.075096965E-02  6.562000141E-03  4.683057064E+00 
       141 -2.067896910E-02 -2.067896910E-02  6.562000141E-03  4.488883608E+00 
       142 -2.060696855E-02 -2.060696855E-02  6.562000606E-03  4.315174134E+00 
       143 -2.053496987E-02 -2.053496987E-02  6.562000141E-03  4.249286276E+00 
       144 -2.046296932E-02 -2.046296932E-02  6.562000141E-03  4.141152880E+00 
       145 -2.039096877E-02 -2.039096877E-02  6.562000141E-03  4.183388220E+00 
       146 -2.031897008E-02 -2.031897008E-02  6.562000141E-03  4.113817018E+00 
       147 -2.024696767E-02 -2.024696767E-02  6.562000141E-03  4.199551493E+00 
       148 -2.017496899E-02 -2.017496899E-02  6.562000141E-03  4.211520422E+00 
       149 -2.010296844E-02 -2.010296844E-02  6.562000141E-03  4.319487770E+00 
       150 -2.003096975E-02 -2.003096975E-02  6.562000606E-03  4.443579732E+00 
       151 -1.995896921E-02 -1.995896921E-02  6.562000141E-03  4.565008778E+00 
       152 -1.706250198E-02 -1.706249453E-02  6.562000141E-03  5.543814443E+00 
       153 -1.718750224E-02 -1.718749478E-02  6.562000141E-03  5.701503390E+00 
       154 -1.731250249E-02 -1.731249318E-02  6.562000141E-03  5.877794810E+00 
       155 -1.743750274E-02 -1.743749343E-02  6.562000141E-03  6.028730807E+00 
       156 -1.756250300E-02 -1.756249368E-02  6.562000141E-03  6.048236125E+00 
       157 -1.768750325E-02 -1.768749394E-02  6.562000141E-03  5.953262667E+00 
       158 -1.781250350E-02 -1.781249419E-02  6.562000141E-03  5.874231504E+00 
       159 -1.793750189E-02 -1.793749444E-02  6.562000141E-03  5.726101841E+00 
       160 -1.806250215E-02 -1.806249470E-02  6.562000141E-03  5.515392013E+00 
       161 -1.818750240E-02 -1.818749309E-02  6.562000141E-03  5.282512715E+00 
       162 -1.831250265E-02 -1.831249334E-02  6.562000141E-03  5.165144495E+00 
       163 -1.843750291E-02 -1.843749359E-02  6.562000141E-03  5.469903751E+00 
       164 -1.895638742E-02 -1.895638742E-02  6.562000141E-03  4.526790132E+00 
       165 -1.889957115E-02 -1.889957115E-02  6.562000141E-03  4.699223149E+00 
       166 -1.880222373E-02 -1.880222000E-02  6.562000141E-03  5.045480978E+00 
       167 -1.868750341E-02 -1.868749410E-02  6.562000141E-03  5.015655180E+00 
       168 -1.856250316E-02 -1.856249385E-02  6.562000141E-03  5.196027725E+00 
       169 -1.898222044E-02 -1.898222044E-02  6.562000606E-03  4.547412558E+00 
       170 -1.904012822E-02 -1.904012822E-02  6.562000141E-03  4.475925516E+00 
       171 -1.912219450E-02 -1.912219450E-02  6.562000606E-03  4.370271360E+00 
       172 -1.916676387E-02 -1.916676387E-02  6.562000606E-03  4.263074122E+00 
       173 -1.923896931E-02 -1.923896931E-02  6.562000141E-03  4.122024448E+00 
       174 -1.931096986E-02 -1.931096986E-02  6.562000606E-03  4.107566621E+00 
       175 -1.938297041E-02 -1.938297041E-02  6.562000606E-03  3.990917374E+00 
       176 -1.945497096E-02 -1.945497096E-02  6.562000606E-03  3.875336991E+00 
       177 -1.952696964E-02 -1.952696964E-02  6.562000606E-03  3.884977394E+00 
       178 -1.959897019E-02 -1.959897019E-02  6.562000606E-03  3.898705429E+00 
       179 -1.967096888E-02 -1.967096888E-02  6.562000141E-03  4.086498633E+00 
       180 -1.974296942E-02 -1.974296942E-02  6.562000141E-03  4.175697558E+00 
       181 -1.981496997E-02 -1.981496997E-02  6.562000606E-03  4.416251796E+00 
       182 -1.988697052E-02 -1.988697052E-02  6.562000141E-03  4.546146274E+00 
