cellnumber     x-coordinate     y-coordinate     z-coordinate velocity-magnitude 
         1  2.999999933E-02 -2.730904333E-02  6.562000141E-03  5.515249496E+00 
         2  2.999999933E-02 -2.716504410E-02  6.562000141E-03  5.581922913E+00 
         3  2.999999933E-02 -2.702104300E-02  6.562000141E-03  5.634773424E+00 
         4  2.999999933E-02 -2.687704377E-02  6.562000141E-03  5.295943653E+00 
         5  2.999999933E-02 -2.673304267E-02  6.562000141E-03  4.571376141E+00 
         6  2.999999933E-02 -2.658904344E-02  6.562000141E-03  4.114566604E+00 
         7  2.999999933E-02 -2.644504420E-02  6.562000141E-03  3.745922662E+00 
         8  2.999999933E-02 -2.630104311E-02  6.562000141E-03  3.326143522E+00 
         9  2.999999933E-02 -2.615704387E-02  6.562000141E-03  3.016852749E+00 
        10  2.999999933E-02 -2.601304278E-02  6.562000141E-03  2.929757755E+00 
        11  2.999999933E-02 -2.586904354E-02  6.562000141E-03  2.588364616E+00 
        12  2.999999933E-02 -2.572504245E-02  6.562000141E-03  2.417887637E+00 
        13  2.999999933E-02 -2.558104321E-02  6.562000141E-03  2.857728491E+00 
        14  2.999999933E-02 -2.543704398E-02  6.562000141E-03  3.341771346E+00 
        15  2.999999933E-02 -2.529304288E-02  6.562000141E-03  3.285687664E+00 
        16  2.999999933E-02 -2.514904365E-02  6.562000141E-03  3.216259264E+00 
        17  2.999999933E-02 -2.500504255E-02  6.562000141E-03  2.944300613E+00 
        18  2.999999933E-02 -2.486104332E-02  6.562000141E-03  1.924687777E+00 
        19  2.999999933E-02 -2.471704409E-02  6.562000141E-03  5.372994241E-01 
        20  2.999999933E-02 -2.457304299E-02  6.562000141E-03  3.554140868E-01 
        21  2.999999933E-02 -2.442904375E-02  6.562000141E-03  6.393146908E-01 
        22  2.999999933E-02 -2.429169975E-02  6.562000141E-03  8.468200795E-01 
        23  2.999999933E-02 -2.420346625E-02  6.562000141E-03  9.116003858E-01 
        24  2.999999933E-02 -2.412424795E-02  6.562000141E-03  9.365493594E-01 
        25  2.999999933E-02 -2.404091880E-02  6.562000141E-03  1.150723761E+00 
        26  2.999999933E-02 -2.401195839E-02  6.562000606E-03  1.161885369E+00 
        27  2.999999933E-02 -3.145632520E-02  6.562000141E-03  9.185127969E-01 
        28  2.999999933E-02 -3.133584931E-02  6.562000141E-03  6.756591046E-01 
        29  2.999999933E-02 -3.119704314E-02  6.562000141E-03  9.186485432E-01 
        30  2.999999933E-02 -3.105304390E-02  6.562000141E-03  1.669130610E+00 
        31  2.999999933E-02 -3.090904281E-02  6.562000141E-03  2.044262010E+00 
        32  2.999999933E-02 -3.076504357E-02  6.562000141E-03  2.536357442E+00 
        33  2.999999933E-02 -3.062104248E-02  6.562000141E-03  2.842357534E+00 
        34  2.999999933E-02 -3.047704324E-02  6.562000141E-03  2.514372366E+00 
        35  2.999999933E-02 -3.033304401E-02  6.562000141E-03  2.440014750E+00 
        36  2.999999933E-02 -3.018904291E-02  6.562000141E-03  3.310616009E+00 
        37  2.999999933E-02 -3.004504368E-02  6.562000141E-03  3.759025804E+00 
        38  2.999999933E-02 -2.990104258E-02  6.562000141E-03  3.754239163E+00 
        39  2.999999933E-02 -2.975704335E-02  6.562000141E-03  3.978109793E+00 
        40  2.999999933E-02 -2.961304411E-02  6.562000141E-03  4.316514709E+00 
        41  2.999999933E-02 -2.946904302E-02  6.562000141E-03  4.462950170E+00 
        42  2.999999933E-02 -2.932504378E-02  6.562000141E-03  4.586924119E+00 
        43  2.999999933E-02 -2.745304257E-02  6.562000141E-03  5.554136156E+00 
        44  2.999999933E-02 -2.759704366E-02  6.562000141E-03  5.454393488E+00 
        45  2.999999933E-02 -2.774104290E-02  6.562000141E-03  5.362523465E+00 
        46  2.999999933E-02 -2.788504399E-02  6.562000141E-03  5.262770609E+00 
        47  2.999999933E-02 -2.802904323E-02  6.562000141E-03  5.098844578E+00 
        48  2.999999933E-02 -2.817304246E-02  6.562000141E-03  4.938069588E+00 
        49  2.999999933E-02 -2.831704356E-02  6.562000141E-03  4.783481135E+00 
        50  2.999999933E-02 -2.846104279E-02  6.562000141E-03  4.693766855E+00 
        51  2.999999933E-02 -2.860504389E-02  6.562000141E-03  4.650244075E+00 
        52  2.999999933E-02 -2.874904312E-02  6.562000141E-03  4.634932543E+00 
        53  2.999999933E-02 -2.889304422E-02  6.562000141E-03  4.601037686E+00 
        54  2.999999933E-02 -2.903704345E-02  6.562000141E-03  4.614409675E+00 
        55  2.999999933E-02 -2.918104269E-02  6.562000141E-03  4.597469045E+00 
