cellnumber     x-coordinate     y-coordinate     z-coordinate velocity-magnitude 
         1  2.999999933E-02 -2.730904333E-02  6.562000141E-03  3.625372240E+00 
         2  2.999999933E-02 -2.716504410E-02  6.562000141E-03  4.325372922E+00 
         3  2.999999933E-02 -2.702104300E-02  6.562000141E-03  4.379672037E+00 
         4  2.999999933E-02 -2.687704377E-02  6.562000141E-03  3.905079264E+00 
         5  2.999999933E-02 -2.673304267E-02  6.562000141E-03  3.760055737E+00 
         6  2.999999933E-02 -2.658904344E-02  6.562000141E-03  3.257989608E+00 
         7  2.999999933E-02 -2.644504420E-02  6.562000141E-03  3.329258233E+00 
         8  2.999999933E-02 -2.630104311E-02  6.562000141E-03  3.638728072E+00 
         9  2.999999933E-02 -2.615704387E-02  6.562000141E-03  3.892237463E+00 
        10  2.999999933E-02 -2.601304278E-02  6.562000141E-03  4.081028389E+00 
        11  2.999999933E-02 -2.586904354E-02  6.562000141E-03  3.960646397E+00 
        12  2.999999933E-02 -2.572504245E-02  6.562000141E-03  3.768362628E+00 
        13  2.999999933E-02 -2.558104321E-02  6.562000141E-03  3.541714781E+00 
        14  2.999999933E-02 -2.543704398E-02  6.562000141E-03  3.036343288E+00 
        15  2.999999933E-02 -2.529304288E-02  6.562000141E-03  2.683509258E+00 
        16  2.999999933E-02 -2.514904365E-02  6.562000141E-03  1.968557499E+00 
        17  2.999999933E-02 -2.500504255E-02  6.562000141E-03  1.290543745E+00 
        18  2.999999933E-02 -2.486104332E-02  6.562000141E-03  1.270121422E+00 
        19  2.999999933E-02 -2.471704409E-02  6.562000141E-03  1.325407707E+00 
        20  2.999999933E-02 -2.457304299E-02  6.562000141E-03  1.289368816E+00 
        21  2.999999933E-02 -2.442904375E-02  6.562000141E-03  1.137291456E+00 
        22  2.999999933E-02 -2.429169975E-02  6.562000141E-03  1.126679162E+00 
        23  2.999999933E-02 -2.420346625E-02  6.562000141E-03  1.212512223E+00 
        24  2.999999933E-02 -2.412424795E-02  6.562000141E-03  9.424455358E-01 
        25  2.999999933E-02 -2.404091880E-02  6.562000141E-03  1.027798731E+00 
        26  2.999999933E-02 -2.401195839E-02  6.562000606E-03  1.020521235E+00 
        27  2.999999933E-02 -3.145632520E-02  6.562000141E-03  1.327415372E+00 
        28  2.999999933E-02 -3.133584931E-02  6.562000141E-03  1.222591213E+00 
        29  2.999999933E-02 -3.119704314E-02  6.562000141E-03  1.170193550E+00 
        30  2.999999933E-02 -3.105304390E-02  6.562000141E-03  1.005399787E+00 
        31  2.999999933E-02 -3.090904281E-02  6.562000141E-03  7.994073822E-01 
        32  2.999999933E-02 -3.076504357E-02  6.562000141E-03  6.140990011E-01 
        33  2.999999933E-02 -3.062104248E-02  6.562000141E-03  4.838349983E-01 
        34  2.999999933E-02 -3.047704324E-02  6.562000141E-03  4.285325013E-01 
        35  2.999999933E-02 -3.033304401E-02  6.562000141E-03  4.193346753E-01 
        36  2.999999933E-02 -3.018904291E-02  6.562000141E-03  5.586650351E-01 
        37  2.999999933E-02 -3.004504368E-02  6.562000141E-03  8.982124166E-01 
        38  2.999999933E-02 -2.990104258E-02  6.562000141E-03  1.702847309E+00 
        39  2.999999933E-02 -2.975704335E-02  6.562000141E-03  2.513761337E+00 
        40  2.999999933E-02 -2.961304411E-02  6.562000141E-03  3.114610469E+00 
        41  2.999999933E-02 -2.946904302E-02  6.562000141E-03  3.368566483E+00 
        42  2.999999933E-02 -2.932504378E-02  6.562000141E-03  3.503962454E+00 
        43  2.999999933E-02 -2.745304257E-02  6.562000141E-03  3.343627706E+00 
        44  2.999999933E-02 -2.759704366E-02  6.562000141E-03  3.690088742E+00 
        45  2.999999933E-02 -2.774104290E-02  6.562000141E-03  4.610229672E+00 
        46  2.999999933E-02 -2.788504399E-02  6.562000141E-03  5.424465710E+00 
        47  2.999999933E-02 -2.802904323E-02  6.562000141E-03  5.657837128E+00 
        48  2.999999933E-02 -2.817304246E-02  6.562000141E-03  5.484684990E+00 
        49  2.999999933E-02 -2.831704356E-02  6.562000141E-03  5.270714360E+00 
        50  2.999999933E-02 -2.846104279E-02  6.562000141E-03  5.196853522E+00 
        51  2.999999933E-02 -2.860504389E-02  6.562000141E-03  5.112361152E+00 
        52  2.999999933E-02 -2.874904312E-02  6.562000141E-03  5.117025458E+00 
        53  2.999999933E-02 -2.889304422E-02  6.562000141E-03  5.027149125E+00 
        54  2.999999933E-02 -2.903704345E-02  6.562000141E-03  4.533644536E+00 
        55  2.999999933E-02 -2.918104269E-02  6.562000141E-03  3.824369863E+00 
