cellnumber     x-coordinate     y-coordinate     z-coordinate velocity-magnitude 
         1  2.999999933E-02 -2.730904333E-02  6.562000141E-03  4.803861882E+00 
         2  2.999999933E-02 -2.716504410E-02  6.562000141E-03  4.649249172E+00 
         3  2.999999933E-02 -2.702104300E-02  6.562000141E-03  4.180160682E+00 
         4  2.999999933E-02 -2.687704377E-02  6.562000141E-03  4.033096057E+00 
         5  2.999999933E-02 -2.673304267E-02  6.562000141E-03  4.033685987E+00 
         6  2.999999933E-02 -2.658904344E-02  6.562000141E-03  4.105513522E+00 
         7  2.999999933E-02 -2.644504420E-02  6.562000141E-03  4.318528024E+00 
         8  2.999999933E-02 -2.630104311E-02  6.562000141E-03  4.443753821E+00 
         9  2.999999933E-02 -2.615704387E-02  6.562000141E-03  4.314401210E+00 
        10  2.999999933E-02 -2.601304278E-02  6.562000141E-03  2.622356086E+00 
        11  2.999999933E-02 -2.586904354E-02  6.562000141E-03  1.770601618E+00 
        12  2.999999933E-02 -2.572504245E-02  6.562000141E-03  2.309699365E+00 
        13  2.999999933E-02 -2.558104321E-02  6.562000141E-03  2.108857462E+00 
        14  2.999999933E-02 -2.543704398E-02  6.562000141E-03  1.537416656E+00 
        15  2.999999933E-02 -2.529304288E-02  6.562000141E-03  9.152733215E-01 
        16  2.999999933E-02 -2.514904365E-02  6.562000141E-03  9.251714445E-01 
        17  2.999999933E-02 -2.500504255E-02  6.562000141E-03  1.147937646E+00 
        18  2.999999933E-02 -2.486104332E-02  6.562000141E-03  1.128974864E+00 
        19  2.999999933E-02 -2.471704409E-02  6.562000141E-03  1.068724365E+00 
        20  2.999999933E-02 -2.457304299E-02  6.562000141E-03  1.003903515E+00 
        21  2.999999933E-02 -2.442904375E-02  6.562000141E-03  6.213995779E-01 
        22  2.999999933E-02 -2.429169975E-02  6.562000141E-03  1.106598826E+00 
        23  2.999999933E-02 -2.420346625E-02  6.562000141E-03  9.329234070E-01 
        24  2.999999933E-02 -2.412424795E-02  6.562000141E-03  1.012833573E+00 
        25  2.999999933E-02 -2.404091880E-02  6.562000141E-03  1.107439939E+00 
        26  2.999999933E-02 -2.401195839E-02  6.562000606E-03  1.061573315E+00 
        27  2.999999933E-02 -3.145632520E-02  6.562000141E-03  3.268107324E+00 
        28  2.999999933E-02 -3.133584931E-02  6.562000141E-03  3.090527276E+00 
        29  2.999999933E-02 -3.119704314E-02  6.562000141E-03  2.179922301E+00 
        30  2.999999933E-02 -3.105304390E-02  6.562000141E-03  2.305806609E+00 
        31  2.999999933E-02 -3.090904281E-02  6.562000141E-03  2.703951508E+00 
        32  2.999999933E-02 -3.076504357E-02  6.562000141E-03  2.700549837E+00 
        33  2.999999933E-02 -3.062104248E-02  6.562000141E-03  1.995799618E+00 
        34  2.999999933E-02 -3.047704324E-02  6.562000141E-03  1.267641507E+00 
        35  2.999999933E-02 -3.033304401E-02  6.562000141E-03  1.086230117E+00 
        36  2.999999933E-02 -3.018904291E-02  6.562000141E-03  1.033617996E+00 
        37  2.999999933E-02 -3.004504368E-02  6.562000141E-03  2.595156835E+00 
        38  2.999999933E-02 -2.990104258E-02  6.562000141E-03  2.815748814E+00 
        39  2.999999933E-02 -2.975704335E-02  6.562000141E-03  3.013471479E+00 
        40  2.999999933E-02 -2.961304411E-02  6.562000141E-03  3.731081061E+00 
        41  2.999999933E-02 -2.946904302E-02  6.562000141E-03  4.517252594E+00 
        42  2.999999933E-02 -2.932504378E-02  6.562000141E-03  5.264606392E+00 
        43  2.999999933E-02 -2.745304257E-02  6.562000141E-03  4.901228312E+00 
        44  2.999999933E-02 -2.759704366E-02  6.562000141E-03  4.901425265E+00 
        45  2.999999933E-02 -2.774104290E-02  6.562000141E-03  4.857529259E+00 
        46  2.999999933E-02 -2.788504399E-02  6.562000141E-03  4.853926925E+00 
        47  2.999999933E-02 -2.802904323E-02  6.562000141E-03  5.097404028E+00 
        48  2.999999933E-02 -2.817304246E-02  6.562000141E-03  5.402558155E+00 
        49  2.999999933E-02 -2.831704356E-02  6.562000141E-03  5.535215752E+00 
        50  2.999999933E-02 -2.846104279E-02  6.562000141E-03  5.530117696E+00 
        51  2.999999933E-02 -2.860504389E-02  6.562000141E-03  5.516177065E+00 
        52  2.999999933E-02 -2.874904312E-02  6.562000141E-03  5.538249520E+00 
        53  2.999999933E-02 -2.889304422E-02  6.562000141E-03  5.709540855E+00 
        54  2.999999933E-02 -2.903704345E-02  6.562000141E-03  5.932508429E+00 
        55  2.999999933E-02 -2.918104269E-02  6.562000141E-03  5.862680605E+00 
