cellnumber     x-coordinate     y-coordinate     z-coordinate velocity-magnitude 
         1  2.999999933E-02 -2.730904333E-02  6.562000141E-03  4.074571015E+00 
         2  2.999999933E-02 -2.716504410E-02  6.562000141E-03  3.629990182E+00 
         3  2.999999933E-02 -2.702104300E-02  6.562000141E-03  3.505308797E+00 
         4  2.999999933E-02 -2.687704377E-02  6.562000141E-03  3.624940776E+00 
         5  2.999999933E-02 -2.673304267E-02  6.562000141E-03  3.564816742E+00 
         6  2.999999933E-02 -2.658904344E-02  6.562000141E-03  3.526428661E+00 
         7  2.999999933E-02 -2.644504420E-02  6.562000141E-03  4.016178119E+00 
         8  2.999999933E-02 -2.630104311E-02  6.562000141E-03  4.376428531E+00 
         9  2.999999933E-02 -2.615704387E-02  6.562000141E-03  4.319453068E+00 
        10  2.999999933E-02 -2.601304278E-02  6.562000141E-03  3.726642332E+00 
        11  2.999999933E-02 -2.586904354E-02  6.562000141E-03  3.600925165E+00 
        12  2.999999933E-02 -2.572504245E-02  6.562000141E-03  3.820230888E+00 
        13  2.999999933E-02 -2.558104321E-02  6.562000141E-03  3.915567509E+00 
        14  2.999999933E-02 -2.543704398E-02  6.562000141E-03  3.194853630E+00 
        15  2.999999933E-02 -2.529304288E-02  6.562000141E-03  2.979588783E+00 
        16  2.999999933E-02 -2.514904365E-02  6.562000141E-03  3.140267939E+00 
        17  2.999999933E-02 -2.500504255E-02  6.562000141E-03  3.494473994E+00 
        18  2.999999933E-02 -2.486104332E-02  6.562000141E-03  2.725653341E+00 
        19  2.999999933E-02 -2.471704409E-02  6.562000141E-03  1.005105613E+00 
        20  2.999999933E-02 -2.457304299E-02  6.562000141E-03  7.077112303E-01 
        21  2.999999933E-02 -2.442904375E-02  6.562000141E-03  7.590314286E-01 
        22  2.999999933E-02 -2.429169975E-02  6.562000141E-03  3.006695195E-01 
        23  2.999999933E-02 -2.420346625E-02  6.562000141E-03  3.862878773E-01 
        24  2.999999933E-02 -2.412424795E-02  6.562000141E-03  4.532020870E-01 
        25  2.999999933E-02 -2.404091880E-02  6.562000141E-03  5.909836279E-01 
        26  2.999999933E-02 -2.401195839E-02  6.562000606E-03  6.828118898E-01 
        27  2.999999933E-02 -3.145632520E-02  6.562000141E-03  9.033105571E-01 
        28  2.999999933E-02 -3.133584931E-02  6.562000141E-03  4.438762784E-01 
        29  2.999999933E-02 -3.119704314E-02  6.562000141E-03  9.459100696E-01 
        30  2.999999933E-02 -3.105304390E-02  6.562000141E-03  2.081933740E+00 
        31  2.999999933E-02 -3.090904281E-02  6.562000141E-03  3.613319625E+00 
        32  2.999999933E-02 -3.076504357E-02  6.562000141E-03  4.181685582E+00 
        33  2.999999933E-02 -3.062104248E-02  6.562000141E-03  4.491217950E+00 
        34  2.999999933E-02 -3.047704324E-02  6.562000141E-03  3.643301294E+00 
        35  2.999999933E-02 -3.033304401E-02  6.562000141E-03  2.633283288E+00 
        36  2.999999933E-02 -3.018904291E-02  6.562000141E-03  2.231860360E+00 
        37  2.999999933E-02 -3.004504368E-02  6.562000141E-03  2.349082231E+00 
        38  2.999999933E-02 -2.990104258E-02  6.562000141E-03  1.659700612E+00 
        39  2.999999933E-02 -2.975704335E-02  6.562000141E-03  1.400814724E+00 
        40  2.999999933E-02 -2.961304411E-02  6.562000141E-03  2.033490322E+00 
        41  2.999999933E-02 -2.946904302E-02  6.562000141E-03  2.447197207E+00 
        42  2.999999933E-02 -2.932504378E-02  6.562000141E-03  2.642595851E+00 
        43  2.999999933E-02 -2.745304257E-02  6.562000141E-03  4.717715147E+00 
        44  2.999999933E-02 -2.759704366E-02  6.562000141E-03  5.472763672E+00 
        45  2.999999933E-02 -2.774104290E-02  6.562000141E-03  6.546671178E+00 
        46  2.999999933E-02 -2.788504399E-02  6.562000141E-03  6.662409886E+00 
        47  2.999999933E-02 -2.802904323E-02  6.562000141E-03  6.131096283E+00 
        48  2.999999933E-02 -2.817304246E-02  6.562000141E-03  5.846805577E+00 
        49  2.999999933E-02 -2.831704356E-02  6.562000141E-03  5.781002415E+00 
        50  2.999999933E-02 -2.846104279E-02  6.562000141E-03  5.528302281E+00 
        51  2.999999933E-02 -2.860504389E-02  6.562000141E-03  5.137827789E+00 
        52  2.999999933E-02 -2.874904312E-02  6.562000141E-03  4.438938460E+00 
        53  2.999999933E-02 -2.889304422E-02  6.562000141E-03  3.644005936E+00 
        54  2.999999933E-02 -2.903704345E-02  6.562000141E-03  3.206954207E+00 
        55  2.999999933E-02 -2.918104269E-02  6.562000141E-03  2.888815949E+00 
