cellnumber     x-coordinate     y-coordinate     z-coordinate velocity-magnitude 
         1  2.830350772E-03 -2.830350772E-03  6.561999675E-03  1.025865426E+00 
         2  2.835453954E-03 -2.835453954E-03  6.562000141E-03  9.948857417E-01 
         3  2.841583686E-03 -2.841583686E-03  6.562000141E-03  9.698304002E-01 
         4  2.848947188E-03 -2.848947188E-03  6.562000141E-03  9.530276488E-01 
         5  2.857794985E-03 -2.857794985E-03  6.562000141E-03  9.466536330E-01 
         6  2.868429059E-03 -2.868429059E-03  6.562000141E-03  9.527584052E-01 
         7  2.881214023E-03 -2.881214023E-03  6.562000606E-03  9.744324933E-01 
         8  2.896590391E-03 -2.896590391E-03  6.562000141E-03  1.019926791E+00 
         9  2.915092511E-03 -2.915092511E-03  6.562000141E-03  1.097784097E+00 
        10  2.937367884E-03 -2.937367884E-03  6.562000141E-03  1.228841608E+00 
        11  2.973292954E-03 -2.973292954E-03  6.562000141E-03  1.468730115E+00 
        12  3.061023075E-03 -3.061021678E-03  6.562000141E-03  1.704208042E+00 
        13  3.187497612E-03 -3.187495051E-03  6.562000141E-03  1.760552460E+00 
        14  3.312497633E-03 -3.312494839E-03  6.562000141E-03  1.910630212E+00 
        15  3.437497653E-03 -3.437494859E-03  6.562000141E-03  1.808496198E+00 
        16  3.562497674E-03 -3.562494880E-03  6.562000141E-03  1.451138112E+00 
        17  3.687497461E-03 -3.687494900E-03  6.562000141E-03  1.138142299E+00 
        18  3.812497482E-03 -3.812494921E-03  6.562000141E-03  1.043868033E+00 
        19  3.937497735E-03 -3.937494941E-03  6.562000141E-03  1.140237133E+00 
        20  4.062497523E-03 -4.062495194E-03  6.562000141E-03  1.385719560E+00 
        21  4.187497776E-03 -4.187494982E-03  6.562000141E-03  1.610815269E+00 
        22  4.312497564E-03 -4.312495235E-03  6.562000141E-03  1.780317738E+00 
        23  4.437497817E-03 -4.437495023E-03  6.562000141E-03  1.896159791E+00 
        24  4.562497605E-03 -4.562495276E-03  6.562000141E-03  1.657969322E+00 
        25  6.062497385E-03 -6.062495057E-03  6.562000141E-03  1.516455080E+00 
        26  6.187497638E-03 -6.187495310E-03  6.562000141E-03  1.548583943E+00 
        27  6.312497426E-03 -6.312495098E-03  6.562000141E-03  1.592923461E+00 
        28  6.437497679E-03 -6.437495351E-03  6.562000141E-03  1.605373541E+00 
        29  6.562497467E-03 -6.562495138E-03  6.562000141E-03  1.576940945E+00 
        30  6.687497254E-03 -6.687495392E-03  6.562000141E-03  1.580902838E+00 
        31  6.812497508E-03 -6.812495179E-03  6.562000141E-03  1.575632675E+00 
        32  6.937497295E-03 -6.937495433E-03  6.562000141E-03  1.578399185E+00 
        33  7.062497549E-03 -7.062495220E-03  6.562000141E-03  1.629064241E+00 
        34  7.187497336E-03 -7.187495474E-03  6.562000141E-03  1.673619687E+00 
        35  7.312497590E-03 -7.312495261E-03  6.562000141E-03  1.681645659E+00 
        36  7.437497377E-03 -7.437495515E-03  6.562000141E-03  1.694523235E+00 
        37  7.562497165E-03 -7.562495302E-03  6.562000141E-03  1.712071305E+00 
        38  7.687497418E-03 -7.687495556E-03  6.562000141E-03  1.714924172E+00 
        39  7.812497206E-03 -7.812495343E-03  6.562000141E-03  1.662047689E+00 
        40  7.937497459E-03 -7.937495597E-03  6.562000141E-03  1.478706402E+00 
        41  8.062497713E-03 -8.062495850E-03  6.562000141E-03  1.330362913E+00 
        42  8.187497035E-03 -8.187495172E-03  6.562000141E-03  1.142779620E+00 
        43  8.312497288E-03 -8.312495425E-03  6.562000141E-03  9.440045401E-01 
        44  8.437497541E-03 -8.437495679E-03  6.562000141E-03  1.185564862E+00 
        45  8.562497795E-03 -8.562495001E-03  6.562000141E-03  1.693861076E+00 
        46  8.687497117E-03 -8.687495254E-03  6.562000141E-03  2.000461156E+00 
        47  8.812497370E-03 -8.812495507E-03  6.562000141E-03  2.079283110E+00 
        48  8.937497623E-03 -8.937495761E-03  6.562000141E-03  2.084094234E+00 
        49  9.062496945E-03 -9.062495083E-03  6.562000141E-03  2.083049015E+00 
        50  9.187497199E-03 -9.187495336E-03  6.562000141E-03  2.064276446E+00 
        51  9.312497452E-03 -9.312495589E-03  6.562000141E-03  1.970465863E+00 
        52  9.437497705E-03 -9.437495843E-03  6.562000141E-03  1.983803668E+00 
        53  9.562497027E-03 -9.562495165E-03  6.562000141E-03  1.936317025E+00 
        54  9.687497281E-03 -9.687495418E-03  6.562000141E-03  2.019631842E+00 
        55  9.812497534E-03 -9.812495671E-03  6.562000141E-03  2.167818793E+00 
        56  9.937496856E-03 -9.937495925E-03  6.562000141E-03  2.251126354E+00 
        57  1.006249711E-02 -1.006249525E-02  6.562000141E-03  2.411172188E+00 
        58  1.018749736E-02 -1.018749550E-02  6.562000141E-03  2.601915326E+00 
        59  1.031249762E-02 -1.031249575E-02  6.562000141E-03  2.722926793E+00 
        60  1.043749694E-02 -1.043749601E-02  6.562000141E-03  2.839990890E+00 
        61  1.056249719E-02 -1.056249533E-02  6.562000141E-03  2.949376730E+00 
        62  1.068749744E-02 -1.068749558E-02  6.562000141E-03  3.097546117E+00 
        63  1.081249677E-02 -1.081249584E-02  6.562000141E-03  3.081482680E+00 
        64  1.093749702E-02 -1.093749609E-02  6.562000141E-03  3.277344777E+00 
        65  1.106249727E-02 -1.106249541E-02  6.562000141E-03  3.805002402E+00 
        66  5.937497597E-03 -5.937495269E-03  6.562000141E-03  1.466606889E+00 
        67  5.812497344E-03 -5.812495481E-03  6.562000141E-03  1.401254856E+00 
        68  5.687497556E-03 -5.687495228E-03  6.562000141E-03  1.170500623E+00 
        69  5.562497769E-03 -5.562495440E-03  6.562000141E-03  9.259570378E-01 
        70  5.437497515E-03 -5.437495187E-03  6.562000141E-03  8.668884422E-01 
        71  5.312497728E-03 -5.312495399E-03  6.562000141E-03  9.584087817E-01 
        72  5.187497474E-03 -5.187495146E-03  6.562000141E-03  1.059361536E+00 
        73  5.062497687E-03 -5.062495358E-03  6.562000141E-03  1.233906863E+00 
        74  4.937497433E-03 -4.937495105E-03  6.562000141E-03  1.451336359E+00 
        75  4.812497646E-03 -4.812495317E-03  6.562000141E-03  1.797944516E+00 
        76  4.687497392E-03 -4.687495064E-03  6.562000141E-03  1.681298312E+00 
        77  1.493749674E-02 -1.493749581E-02  6.562000141E-03  4.279202086E+00 
        78  1.481249649E-02 -1.481249556E-02  6.562000141E-03  4.305199871E+00 
        79  1.468749717E-02 -1.468749624E-02  6.562000141E-03  4.314537678E+00 
        80  1.456249692E-02 -1.456249598E-02  6.562000141E-03  4.300734658E+00 
        81  1.443749666E-02 -1.443749573E-02  6.562000141E-03  4.257178724E+00 
        82  1.431249734E-02 -1.431249548E-02  6.562000141E-03  4.206568733E+00 
        83  1.418749709E-02 -1.418749616E-02  6.562000141E-03  4.163815370E+00 
        84  1.406249683E-02 -1.406249590E-02  6.562000141E-03  4.137087421E+00 
        85  1.393749658E-02 -1.393749565E-02  6.562000141E-03  4.127395071E+00 
        86  1.381249726E-02 -1.381249540E-02  6.562000141E-03  4.127481072E+00 
        87  1.368749700E-02 -1.368749607E-02  6.562000141E-03  4.117035913E+00 
        88  1.356249675E-02 -1.356249582E-02  6.562000141E-03  4.093559038E+00 
        89  1.343749743E-02 -1.343749557E-02  6.562000141E-03  4.093990539E+00 
        90  1.331249718E-02 -1.331249624E-02  6.562000141E-03  4.097925924E+00 
        91  1.318749692E-02 -1.318749599E-02  6.562000141E-03  4.053138592E+00 
        92  1.306249667E-02 -1.306249574E-02  6.562000141E-03  3.947615794E+00 
        93  1.293749735E-02 -1.293749548E-02  6.562000141E-03  3.824389342E+00 
        94  1.281249709E-02 -1.281249616E-02  6.562000141E-03  3.792177582E+00 
        95  1.268749684E-02 -1.268749591E-02  6.562000141E-03  3.810319732E+00 
        96  1.256249752E-02 -1.256249566E-02  6.562000141E-03  3.799653669E+00 
        97  1.243749727E-02 -1.243749540E-02  6.562000141E-03  3.691971629E+00 
        98  1.231249701E-02 -1.231249608E-02  6.562000141E-03  3.528253884E+00 
        99  1.218749676E-02 -1.218749583E-02  6.562000141E-03  3.317002679E+00 
       100  1.206249744E-02 -1.206249557E-02  6.562000141E-03  3.005045465E+00 
       101  1.193749718E-02 -1.193749532E-02  6.562000141E-03  2.712611183E+00 
       102  1.181249693E-02 -1.181249600E-02  6.562000141E-03  2.677348724E+00 
       103  1.168749668E-02 -1.168749575E-02  6.562000141E-03  2.770216308E+00 
       104  1.156249736E-02 -1.156249549E-02  6.562000141E-03  2.944825411E+00 
       105  1.143749710E-02 -1.143749524E-02  6.562000141E-03  3.272761183E+00 
       106  1.131249685E-02 -1.131249592E-02  6.562000141E-03  3.917470665E+00 
       107  1.118749753E-02 -1.118749566E-02  6.562000141E-03  3.971240861E+00 
       108  1.818749681E-02 -1.818749681E-02  6.562000141E-03  5.004471246E+00 
       109  1.806249656E-02 -1.806249656E-02  6.562000141E-03  5.023062502E+00 
       110  1.793749630E-02 -1.793749630E-02  6.562000141E-03  5.002823147E+00 
       111  1.781249605E-02 -1.781249605E-02  6.562000141E-03  4.934859757E+00 
       112  1.768749580E-02 -1.768749580E-02  6.562000141E-03  4.832366987E+00 
       113  1.756249554E-02 -1.756249554E-02  6.562000141E-03  4.776865164E+00 
       114  1.743749715E-02 -1.743749529E-02  6.562000141E-03  4.804322216E+00 
       115  1.731249690E-02 -1.731249504E-02  6.562000141E-03  4.853010941E+00 
       116  1.718749665E-02 -1.718749665E-02  6.562000141E-03  4.815132675E+00 
       117  1.706249639E-02 -1.706249639E-02  6.562000141E-03  4.744012252E+00 
       118  1.693749614E-02 -1.693749614E-02  6.562000141E-03  4.685706986E+00 
       119  1.681249589E-02 -1.681249589E-02  6.562000141E-03  4.620050017E+00 
       120  1.668749563E-02 -1.668749563E-02  6.562000141E-03  4.510929973E+00 
       121  1.656249724E-02 -1.656249538E-02  6.562000141E-03  4.393821276E+00 
       122  1.643749699E-02 -1.643749513E-02  6.562000141E-03  4.321254507E+00 
       123  1.631249674E-02 -1.631249487E-02  6.562000141E-03  4.276166770E+00 
       124  1.618749648E-02 -1.618749648E-02  6.562000141E-03  4.249442531E+00 
       125  1.606249623E-02 -1.606249623E-02  6.562000141E-03  4.238436285E+00 
       126  1.593749598E-02 -1.593749598E-02  6.562000141E-03  4.223309300E+00 
       127  1.581249572E-02 -1.581249572E-02  6.562000141E-03  4.156460411E+00 
       128  1.568749733E-02 -1.568749547E-02  6.562000141E-03  4.061255370E+00 
       129  1.556249708E-02 -1.556249615E-02  6.562000141E-03  3.993868787E+00 
       130  1.543749683E-02 -1.543749589E-02  6.562000141E-03  3.975303385E+00 
       131  1.531249657E-02 -1.531249564E-02  6.562000141E-03  4.063533403E+00 
       132  1.518749725E-02 -1.518749632E-02  6.562000141E-03  4.174790690E+00 
       133  1.506249700E-02 -1.506249607E-02  6.562000141E-03  4.243256977E+00 
       134  2.052607387E-02 -2.052607387E-02  6.562000141E-03  5.415801801E+00 
       135  2.059807256E-02 -2.059807256E-02  6.562000141E-03  5.447633318E+00 
       136  2.067007311E-02 -2.067007311E-02  6.562000141E-03  5.455311999E+00 
       137  2.074207366E-02 -2.074207366E-02  6.562000141E-03  5.520488017E+00 
       138  2.081407420E-02 -2.081407420E-02  6.562000141E-03  5.541688336E+00 
       139  2.088592015E-02 -2.088592015E-02  6.562000141E-03  5.569186866E+00 
       140  2.093681321E-02 -2.093681321E-02  6.562000606E-03  5.513545663E+00 
       141  2.101956122E-02 -2.101956122E-02  6.562000606E-03  5.426575153E+00 
       142  2.107902244E-02 -2.107902244E-02  6.562000606E-03  5.344927539E+00 
       143  2.110386454E-02 -2.110386454E-02  6.562000606E-03  5.283191313E+00 
       144  2.112595551E-02 -2.112595551E-02  6.562000606E-03  5.189691026E+00 
       145  2.114437334E-02 -2.114437334E-02  6.562000606E-03  4.941980149E+00 
       146  2.115972713E-02 -2.115972713E-02  6.562000606E-03  4.457923419E+00 
       147  2.117252536E-02 -2.117252536E-02  6.562000141E-03  3.769385863E+00 
       148  2.118319459E-02 -2.118319459E-02  6.562000141E-03  2.975253407E+00 
       149  2.119208500E-02 -2.119208500E-02  6.562000141E-03  2.180202371E+00 
       150  2.119949646E-02 -2.119949646E-02  6.562000141E-03  1.451363130E+00 
       151  2.120567486E-02 -2.120567486E-02  6.562000141E-03  8.150222042E-01 
       152  2.121082321E-02 -2.121082321E-02  6.562000141E-03  2.724929786E-01 
       153  2.038207278E-02 -2.038207278E-02  6.562000141E-03  5.405832370E+00 
       154  1.895096339E-02 -1.895096339E-02  6.562000141E-03  5.155748320E+00 
       155  1.890101843E-02 -1.890101843E-02  6.562000141E-03  5.124849976E+00 
       156  1.880909875E-02 -1.880909875E-02  6.562000141E-03  5.085032433E+00 
       157  1.868749596E-02 -1.868749596E-02  6.562000141E-03  5.041710009E+00 
       158  1.856249571E-02 -1.856249571E-02  6.562000141E-03  5.008349282E+00 
       159  1.843749546E-02 -1.843749546E-02  6.562000141E-03  4.999239148E+00 
       160  1.831249706E-02 -1.831249520E-02  6.562000141E-03  4.998912805E+00 
       161  1.899245940E-02 -1.899245940E-02  6.562000606E-03  5.239118943E+00 
       162  1.905349456E-02 -1.905349456E-02  6.562000606E-03  5.295680443E+00 
       163  1.914011873E-02 -1.914011873E-02  6.562000141E-03  5.359961181E+00 
       164  1.923859492E-02 -1.923859492E-02  6.562000141E-03  5.432551271E+00 
       165  1.930207387E-02 -1.930207387E-02  6.562000141E-03  5.358350557E+00 
       166  1.937407255E-02 -1.937407255E-02  6.562000141E-03  5.271156412E+00 
       167  1.944607310E-02 -1.944607310E-02  6.562000141E-03  5.118482935E+00 
       168  1.951807365E-02 -1.951807365E-02  6.562000141E-03  5.081160424E+00 
       169  1.959007420E-02 -1.959007420E-02  6.562000141E-03  5.007606340E+00 
       170  1.966207288E-02 -1.966207288E-02  6.562000141E-03  5.003043678E+00 
       171  1.973407343E-02 -1.973407343E-02  6.562000141E-03  5.055524217E+00 
       172  1.980607398E-02 -1.980607398E-02  6.562000141E-03  5.066309736E+00 
       173  1.987807453E-02 -1.987807453E-02  6.562000141E-03  5.193748338E+00 
       174  1.995007321E-02 -1.995007321E-02  6.562000141E-03  5.214790581E+00 
       175  2.002207376E-02 -2.002207376E-02  6.562000141E-03  5.371214689E+00 
       176  2.009407431E-02 -2.009407431E-02  6.562000141E-03  5.361954362E+00 
       177  2.016607299E-02 -2.016607299E-02  6.562000141E-03  5.428473472E+00 
       178  2.023807354E-02 -2.023807354E-02  6.562000141E-03  5.393850036E+00 
       179  2.031007409E-02 -2.031007409E-02  6.562000141E-03  5.429126936E+00 
       180  2.045407332E-02 -2.045407332E-02  6.562000141E-03  5.431065761E+00 
