cellnumber     x-coordinate     y-coordinate     z-coordinate velocity-magnitude 
         1  1.895486377E-02 -1.895486377E-02  6.562000606E-03  5.236603324E+00 
         2  1.889866963E-02 -1.889866963E-02  6.562000141E-03  5.223759923E+00 
         3  1.880285516E-02 -1.880285144E-02  6.562000141E-03  5.168669144E+00 
         4  1.868750341E-02 -1.868749782E-02  6.562000141E-03  5.059110427E+00 
         5  1.856250502E-02 -1.856249943E-02  6.562000141E-03  4.963934435E+00 
         6  1.843750477E-02 -1.843749918E-02  6.562000141E-03  4.865188341E+00 
         7  1.831250452E-02 -1.831249893E-02  6.562000141E-03  4.846536673E+00 
         8  1.818750426E-02 -1.818749867E-02  6.562000141E-03  4.923966544E+00 
         9  1.806250401E-02 -1.806249842E-02  6.562000141E-03  5.006990685E+00 
        10  1.793750376E-02 -1.793749817E-02  6.562000141E-03  5.042049973E+00 
        11  1.781250350E-02 -1.781249791E-02  6.562000141E-03  5.053978262E+00 
        12  1.768750511E-02 -1.768749766E-02  6.562000141E-03  5.133808348E+00 
        13  1.756250486E-02 -1.756249927E-02  6.562000141E-03  5.343486013E+00 
        14  1.743750460E-02 -1.743749902E-02  6.562000141E-03  5.483416002E+00 
        15  1.731250435E-02 -1.731249876E-02  6.562000141E-03  5.312699459E+00 
        16  1.718750410E-02 -1.718749851E-02  6.562000141E-03  5.143251506E+00 
        17  1.706250384E-02 -1.706249826E-02  6.562000141E-03  5.068968312E+00 
        18  1.693750359E-02 -1.693749800E-02  6.562000141E-03  5.025878076E+00 
        19  2.052607387E-02 -2.052607387E-02  6.562000141E-03  4.828335923E+00 
        20  2.059807256E-02 -2.059807256E-02  6.562000141E-03  4.883304968E+00 
        21  2.067007311E-02 -2.067007311E-02  6.562000141E-03  4.943284596E+00 
        22  2.074207366E-02 -2.074207366E-02  6.562000141E-03  5.011695068E+00 
        23  2.081407420E-02 -2.081407420E-02  6.562000141E-03  5.065164155E+00 
        24  2.088592015E-02 -2.088592015E-02  6.562000141E-03  5.080464340E+00 
        25  2.093681321E-02 -2.093681321E-02  6.562000606E-03  5.007876300E+00 
        26  2.101956122E-02 -2.101956122E-02  6.562000606E-03  5.002828081E+00 
        27  2.107902244E-02 -2.107902244E-02  6.562000606E-03  5.017075582E+00 
        28  2.110386454E-02 -2.110386454E-02  6.562000606E-03  5.098233541E+00 
        29  2.112595551E-02 -2.112595551E-02  6.562000606E-03  5.079874542E+00 
        30  2.114437334E-02 -2.114437334E-02  6.562000606E-03  4.799910346E+00 
        31  2.115972713E-02 -2.115972713E-02  6.562000606E-03  4.195931220E+00 
        32  2.117252536E-02 -2.117252536E-02  6.562000141E-03  3.403264071E+00 
        33  2.118319459E-02 -2.118319459E-02  6.562000141E-03  2.590940640E+00 
        34  2.119208500E-02 -2.119208500E-02  6.562000141E-03  1.851468073E+00 
        35  2.119949646E-02 -2.119949646E-02  6.562000141E-03  1.212936504E+00 
        36  2.120567486E-02 -2.120567486E-02  6.562000141E-03  6.741059647E-01 
        37  2.121082321E-02 -2.121082321E-02  6.562000141E-03  2.234284334E-01 
        38  2.038207278E-02 -2.038207278E-02  6.562000141E-03  4.673429034E+00 
        39  1.899245940E-02 -1.899245940E-02  6.562000606E-03  5.251888104E+00 
        40  1.905349456E-02 -1.905349456E-02  6.562000606E-03  5.315952388E+00 
        41  1.914011873E-02 -1.914011873E-02  6.562000141E-03  5.324900944E+00 
        42  1.923859492E-02 -1.923859492E-02  6.562000141E-03  5.245336458E+00 
        43  1.930207387E-02 -1.930207387E-02  6.562000141E-03  5.145645850E+00 
        44  1.937407255E-02 -1.937407255E-02  6.562000141E-03  5.095418586E+00 
        45  1.944607310E-02 -1.944607310E-02  6.562000141E-03  5.050934355E+00 
        46  1.951807365E-02 -1.951807365E-02  6.562000141E-03  5.036104104E+00 
        47  1.959007420E-02 -1.959007420E-02  6.562000141E-03  5.066872366E+00 
        48  1.966207288E-02 -1.966207288E-02  6.562000141E-03  5.078507722E+00 
        49  1.973407343E-02 -1.973407343E-02  6.562000141E-03  5.130431311E+00 
        50  1.980607398E-02 -1.980607398E-02  6.562000141E-03  5.127653271E+00 
        51  1.987807453E-02 -1.987807453E-02  6.562000141E-03  5.124319011E+00 
        52  1.995007321E-02 -1.995007321E-02  6.562000141E-03  5.079094131E+00 
        53  2.002207376E-02 -2.002207376E-02  6.562000141E-03  4.945380556E+00 
        54  2.009407431E-02 -2.009407431E-02  6.562000141E-03  4.848701393E+00 
        55  2.016607299E-02 -2.016607299E-02  6.562000141E-03  4.717147904E+00 
        56  2.023807354E-02 -2.023807354E-02  6.562000141E-03  4.677521336E+00 
        57  2.031007409E-02 -2.031007409E-02  6.562000141E-03  4.648482510E+00 
        58  2.045407332E-02 -2.045407332E-02  6.562000141E-03  4.744025156E+00 
        59  6.437505130E-03 -6.437498145E-03  6.562000141E-03  1.386109660E+00 
        60  6.312504876E-03 -6.312498357E-03  6.562000141E-03  1.414093524E+00 
        61  6.187505089E-03 -6.187498104E-03  6.562000141E-03  1.447173921E+00 
        62  6.062505301E-03 -6.062498316E-03  6.562000141E-03  1.462084481E+00 
        63  5.937505048E-03 -5.937498063E-03  6.562000141E-03  1.405586466E+00 
        64  5.812505260E-03 -5.812498275E-03  6.562000141E-03  1.261535821E+00 
        65  5.687505007E-03 -5.687498022E-03  6.562000141E-03  1.370230296E+00 
        66  5.562505219E-03 -5.562498234E-03  6.562000141E-03  1.959442621E+00 
        67  5.437504966E-03 -5.437497981E-03  6.562000141E-03  1.916799338E+00 
        68  5.312505178E-03 -5.312498193E-03  6.562000141E-03  1.888162303E+00 
        69  5.187504925E-03 -5.187498406E-03  6.562000141E-03  1.738793036E+00 
        70  5.062505137E-03 -5.062498152E-03  6.562000141E-03  1.625876678E+00 
        71  4.937505350E-03 -4.937498365E-03  6.562000141E-03  1.625820473E+00 
        72  4.812505096E-03 -4.812498111E-03  6.562000141E-03  1.611939044E+00 
        73  4.687505309E-03 -4.687498324E-03  6.562000141E-03  1.630851313E+00 
        74  4.562505055E-03 -4.562498070E-03  6.562000141E-03  1.839007933E+00 
        75  4.437505268E-03 -4.437498283E-03  6.562000141E-03  2.211328789E+00 
        76  4.312505014E-03 -4.312498029E-03  6.562000141E-03  2.725142819E+00 
        77  4.187505227E-03 -4.187498242E-03  6.562000141E-03  2.673177320E+00 
        78  4.062504973E-03 -4.062497988E-03  6.562000141E-03  2.402098606E+00 
        79  3.937505186E-03 -3.937498201E-03  6.562000141E-03  1.982932182E+00 
        80  3.812505165E-03 -3.812497947E-03  6.562000141E-03  1.618797546E+00 
        81  3.687505145E-03 -3.687497927E-03  6.562000141E-03  1.314492014E+00 
        82  3.562505124E-03 -3.562497906E-03  6.562000141E-03  1.072499974E+00 
        83  3.437505104E-03 -3.437497886E-03  6.562000141E-03  9.623214632E-01 
        84  3.312505083E-03 -3.312498098E-03  6.562000141E-03  9.665055504E-01 
        85  3.189919051E-03 -3.189915325E-03  6.562000141E-03  8.633474043E-01 
        86  3.123705741E-03 -3.123705741E-03  6.562000141E-03  8.082496556E-01 
        87  3.059382550E-03 -3.059382550E-03  6.562000606E-03  8.033669146E-01 
        88  2.975319745E-03 -2.975319745E-03  6.562000606E-03  8.042901613E-01 
        89  2.937293379E-03 -2.937293379E-03  6.562000606E-03  8.353099353E-01 
        90  2.915036166E-03 -2.915036166E-03  6.562000141E-03  8.288624288E-01 
        91  2.896548016E-03 -2.896548016E-03  6.562000606E-03  8.370793377E-01 
        92  2.881182823E-03 -2.881182823E-03  6.562000606E-03  8.624554898E-01 
        93  2.868407173E-03 -2.868407173E-03  6.562000606E-03  9.027140109E-01 
        94  2.857780783E-03 -2.857780783E-03  6.562000141E-03  9.449437671E-01 
        95  2.848939039E-03 -2.848939039E-03  6.562000141E-03  9.817767291E-01 
        96  2.841580659E-03 -2.841580659E-03  6.562001072E-03  1.010150639E+00 
        97  2.835455118E-03 -2.835455118E-03  6.562000606E-03  1.029877335E+00 
        98  2.830355195E-03 -2.830355195E-03  6.562000141E-03  1.042318214E+00 
        99  6.562504917E-03 -6.562498398E-03  6.562000141E-03  1.410353807E+00 
       100  9.812504984E-03 -9.812498465E-03  6.562000141E-03  1.833746734E+00 
       101  9.687504731E-03 -9.687498212E-03  6.562000141E-03  1.895887695E+00 
       102  9.562505409E-03 -9.562497959E-03  6.562000141E-03  2.016207229E+00 
       103  9.437505156E-03 -9.437498637E-03  6.562000141E-03  2.133650730E+00 
       104  9.312504902E-03 -9.312498383E-03  6.562000141E-03  2.223979910E+00 
       105  9.187504649E-03 -9.187498130E-03  6.562000141E-03  2.422098329E+00 
       106  9.062505327E-03 -9.062498808E-03  6.562000141E-03  2.489011471E+00 
       107  8.937505074E-03 -8.937498555E-03  6.562000141E-03  2.484110867E+00 
       108  8.812504821E-03 -8.812498301E-03  6.562000141E-03  2.468688957E+00 
       109  8.687504567E-03 -8.687498048E-03  6.562000141E-03  2.379890833E+00 
       110  8.562505245E-03 -8.562498726E-03  6.562000141E-03  2.294753709E+00 
       111  8.437504992E-03 -8.437498473E-03  6.562000141E-03  2.131646474E+00 
       112  8.312504739E-03 -8.312498219E-03  6.562000141E-03  1.936040289E+00 
       113  8.187505417E-03 -8.187497966E-03  6.562000141E-03  1.733358633E+00 
       114  8.062505163E-03 -8.062498644E-03  6.562000141E-03  1.669201292E+00 
       115  7.937504910E-03 -7.937498391E-03  6.562000141E-03  1.818542750E+00 
       116  7.812504657E-03 -7.812498137E-03  6.562000141E-03  1.904362549E+00 
       117  7.687504869E-03 -7.687498350E-03  6.562000141E-03  1.900677985E+00 
       118  7.562505081E-03 -7.562498096E-03  6.562000141E-03  1.846391179E+00 
       119  7.437504828E-03 -7.437498309E-03  6.562000141E-03  1.785367125E+00 
       120  7.312505040E-03 -7.312498521E-03  6.562000141E-03  1.732566691E+00 
       121  7.187505253E-03 -7.187498268E-03  6.562000141E-03  1.656490638E+00 
       122  7.062504999E-03 -7.062498480E-03  6.562000141E-03  1.582483696E+00 
       123  6.937505212E-03 -6.937498227E-03  6.562000141E-03  1.528399460E+00 
       124  6.812504958E-03 -6.812498439E-03  6.562000141E-03  1.483464851E+00 
       125  6.687505171E-03 -6.687498186E-03  6.562000141E-03  1.445762604E+00 
       126  9.937505238E-03 -9.937498719E-03  6.562000141E-03  1.976007188E+00 
       127  1.006250456E-02 -1.006249804E-02  6.562000141E-03  1.501503783E+00 
       128  1.018750481E-02 -1.018749829E-02  6.562000141E-03  9.162670653E-01 
       129  1.031250507E-02 -1.031249855E-02  6.562000141E-03  7.051616695E-01 
       130  1.043750532E-02 -1.043749880E-02  6.562000141E-03  7.379169897E-01 
       131  1.056250464E-02 -1.056249812E-02  6.562000141E-03  1.223644704E+00 
       132  1.068750490E-02 -1.068749838E-02  6.562000141E-03  1.780849597E+00 
       133  1.081250515E-02 -1.081249863E-02  6.562000141E-03  2.125861571E+00 
       134  1.093750447E-02 -1.093749888E-02  6.562000141E-03  2.254042539E+00 
       135  1.106250472E-02 -1.106249820E-02  6.562000141E-03  2.249556765E+00 
       136  1.118750498E-02 -1.118749846E-02  6.562000141E-03  2.280810282E+00 
       137  1.131250523E-02 -1.131249871E-02  6.562000141E-03  2.648006535E+00 
       138  1.143750455E-02 -1.143749896E-02  6.562000141E-03  3.222412647E+00 
       139  1.156250481E-02 -1.156249829E-02  6.562000141E-03  3.288966886E+00 
       140  1.168750506E-02 -1.168749854E-02  6.562000141E-03  3.359312106E+00 
       141  1.181250438E-02 -1.181249879E-02  6.562000141E-03  3.393012707E+00 
       142  1.193750463E-02 -1.193749812E-02  6.562000141E-03  3.423672958E+00 
       143  1.206250489E-02 -1.206249837E-02  6.562000141E-03  3.551788168E+00 
       144  1.218750514E-02 -1.218749862E-02  6.562000141E-03  3.739700351E+00 
       145  1.231250446E-02 -1.231249887E-02  6.562000141E-03  3.874865114E+00 
       146  1.243750472E-02 -1.243749820E-02  6.562000141E-03  3.949509153E+00 
       147  1.256250497E-02 -1.256249845E-02  6.562000141E-03  3.940269768E+00 
       148  1.268750522E-02 -1.268749870E-02  6.562000141E-03  3.827986083E+00 
       149  1.281250454E-02 -1.281249896E-02  6.562000141E-03  3.780941984E+00 
       150  1.293750480E-02 -1.293749828E-02  6.562000141E-03  3.788928718E+00 
       151  1.306250505E-02 -1.306249853E-02  6.562000141E-03  3.776357465E+00 
       152  1.318750437E-02 -1.318749879E-02  6.562000141E-03  3.750159045E+00 
       153  1.331250463E-02 -1.331249904E-02  6.562000141E-03  3.775466603E+00 
       154  1.343750488E-02 -1.343749836E-02  6.562000141E-03  3.873493565E+00 
       155  1.356250513E-02 -1.356249861E-02  6.562000141E-03  4.031908203E+00 
       156  1.681250520E-02 -1.681249775E-02  6.562000141E-03  4.998896750E+00 
       157  1.668750495E-02 -1.668749936E-02  6.562000141E-03  5.002588599E+00 
       158  1.656250469E-02 -1.656249911E-02  6.562000141E-03  5.031460113E+00 
       159  1.643750444E-02 -1.643749885E-02  6.562000141E-03  5.087379515E+00 
       160  1.631250419E-02 -1.631249860E-02  6.562000141E-03  5.152144866E+00 
       161  1.618750393E-02 -1.618749835E-02  6.562000141E-03  5.198416455E+00 
       162  1.606250368E-02 -1.606249809E-02  6.562000141E-03  5.152811287E+00 
       163  1.593750529E-02 -1.593749784E-02  6.562000141E-03  5.003325273E+00 
       164  1.581250504E-02 -1.581249759E-02  6.562000141E-03  4.841518728E+00 
       165  1.568750478E-02 -1.568749920E-02  6.562000141E-03  4.714094405E+00 
       166  1.556250453E-02 -1.556249894E-02  6.562000141E-03  4.669096270E+00 
       167  1.543750428E-02 -1.543749869E-02  6.562000141E-03  4.660640886E+00 
       168  1.531250495E-02 -1.531249844E-02  6.562000141E-03  4.626368549E+00 
       169  1.518750470E-02 -1.518749911E-02  6.562000141E-03  4.566443733E+00 
       170  1.506250445E-02 -1.506249886E-02  6.562000141E-03  4.541138903E+00 
       171  1.493750513E-02 -1.493749861E-02  6.562000141E-03  4.552916478E+00 
       172  1.481250487E-02 -1.481249835E-02  6.562000141E-03  4.527512563E+00 
       173  1.468750462E-02 -1.468749903E-02  6.562000141E-03  4.469997318E+00 
       174  1.456250437E-02 -1.456249878E-02  6.562000141E-03  4.409235149E+00 
       175  1.443750504E-02 -1.443749852E-02  6.562000141E-03  4.339330442E+00 
       176  1.431250479E-02 -1.431249827E-02  6.562000141E-03  4.271226246E+00 
       177  1.418750454E-02 -1.418749895E-02  6.562000141E-03  4.251014359E+00 
       178  1.406250428E-02 -1.406249870E-02  6.562000141E-03  4.252787797E+00 
       179  1.393750496E-02 -1.393749844E-02  6.562000141E-03  4.271071482E+00 
       180  1.381250471E-02 -1.381249819E-02  6.562000141E-03  4.275612494E+00 
       181  1.368750446E-02 -1.368749887E-02  6.562000141E-03  4.194546253E+00 
