cellnumber     x-coordinate     y-coordinate     z-coordinate velocity-magnitude 
         1  2.052607387E-02 -2.052607387E-02  6.562000141E-03  4.714067616E+00 
         2  2.059807256E-02 -2.059807256E-02  6.562000141E-03  4.679334662E+00 
         3  2.067007311E-02 -2.067007311E-02  6.562000141E-03  4.621586774E+00 
         4  2.074207366E-02 -2.074207366E-02  6.562000141E-03  4.639592277E+00 
         5  2.081407420E-02 -2.081407420E-02  6.562000141E-03  4.735401568E+00 
         6  2.088592015E-02 -2.088592015E-02  6.562000141E-03  4.843233644E+00 
         7  2.093681321E-02 -2.093681321E-02  6.562000606E-03  4.859072869E+00 
         8  2.101956122E-02 -2.101956122E-02  6.562000606E-03  4.898301018E+00 
         9  2.107902244E-02 -2.107902244E-02  6.562000606E-03  4.924312663E+00 
        10  2.110386454E-02 -2.110386454E-02  6.562000606E-03  4.895386180E+00 
        11  2.112595551E-02 -2.112595551E-02  6.562000606E-03  4.767972160E+00 
        12  2.114437334E-02 -2.114437334E-02  6.562000606E-03  4.416518392E+00 
        13  2.115972713E-02 -2.115972713E-02  6.562000606E-03  3.827961396E+00 
        14  2.117252536E-02 -2.117252536E-02  6.562000141E-03  3.102000608E+00 
        15  2.118319459E-02 -2.118319459E-02  6.562000141E-03  2.363134078E+00 
        16  2.119208500E-02 -2.119208500E-02  6.562000141E-03  1.687551974E+00 
        17  2.119949646E-02 -2.119949646E-02  6.562000141E-03  1.104385704E+00 
        18  2.120567486E-02 -2.120567486E-02  6.562000141E-03  6.133533576E-01 
        19  2.121082321E-02 -2.121082321E-02  6.562000141E-03  2.034145120E-01 
        20  2.038207278E-02 -2.038207278E-02  6.562000141E-03  4.726673432E+00 
        21  1.899245940E-02 -1.899245940E-02  6.562000606E-03  5.034557409E+00 
        22  1.905349456E-02 -1.905349456E-02  6.562000606E-03  4.970473087E+00 
        23  1.914011873E-02 -1.914011873E-02  6.562000141E-03  4.972161925E+00 
        24  1.923859492E-02 -1.923859492E-02  6.562000141E-03  4.996832101E+00 
        25  1.930207387E-02 -1.930207387E-02  6.562000141E-03  5.004288395E+00 
        26  1.937407255E-02 -1.937407255E-02  6.562000141E-03  5.025566710E+00 
        27  1.944607310E-02 -1.944607310E-02  6.562000141E-03  5.033861861E+00 
        28  1.951807365E-02 -1.951807365E-02  6.562000141E-03  5.014062385E+00 
        29  1.959007420E-02 -1.959007420E-02  6.562000141E-03  5.006551565E+00 
        30  1.966207288E-02 -1.966207288E-02  6.562000141E-03  5.000999386E+00 
        31  1.973407343E-02 -1.973407343E-02  6.562000141E-03  5.005045570E+00 
        32  1.980607398E-02 -1.980607398E-02  6.562000141E-03  4.986969911E+00 
        33  1.987807453E-02 -1.987807453E-02  6.562000141E-03  4.951822324E+00 
        34  1.995007321E-02 -1.995007321E-02  6.562000141E-03  4.912008565E+00 
        35  2.002207376E-02 -2.002207376E-02  6.562000141E-03  4.847813284E+00 
        36  2.009407431E-02 -2.009407431E-02  6.562000141E-03  4.788445437E+00 
        37  2.016607299E-02 -2.016607299E-02  6.562000141E-03  4.749002582E+00 
        38  2.023807354E-02 -2.023807354E-02  6.562000141E-03  4.721566465E+00 
        39  2.031007409E-02 -2.031007409E-02  6.562000141E-03  4.731840823E+00 
        40  2.045407332E-02 -2.045407332E-02  6.562000141E-03  4.738690349E+00 
        41  2.830279991E-03 -2.830279991E-03  6.562000606E-03  1.035590874E+00 
        42  2.835373627E-03 -2.835373627E-03  6.562000141E-03  1.011309257E+00 
        43  2.841493115E-03 -2.841493115E-03  6.562000141E-03  9.794438261E-01 
        44  2.848849166E-03 -2.848849166E-03  6.562000141E-03  9.380023306E-01 
        45  2.857688349E-03 -2.857688349E-03  6.562000606E-03  8.854820294E-01 
        46  2.868303098E-03 -2.868303098E-03  6.562000606E-03  8.202381947E-01 
        47  2.881055698E-03 -2.881055698E-03  6.562000606E-03  7.432091007E-01 
        48  2.896386897E-03 -2.896386897E-03  6.562000606E-03  6.536770589E-01 
        49  2.914825454E-03 -2.914825454E-03  6.562000606E-03  5.759971736E-01 
        50  2.937011421E-03 -2.937011421E-03  6.562000606E-03  5.075391623E-01 
        51  2.967901994E-03 -2.967901994E-03  6.562000606E-03  5.456789383E-01 
        52  3.022594377E-03 -3.022594377E-03  6.562000141E-03  1.092470882E+00 
        53  3.099788679E-03 -3.099788679E-03  6.562000141E-03  1.370843625E+00 
        54  3.195532598E-03 -3.195534460E-03  6.562000606E-03  1.571099852E+00 
        55  3.312501824E-03 -3.312505549E-03  6.562000141E-03  1.709363985E+00 
        56  3.437501844E-03 -3.437505569E-03  6.562000141E-03  1.568035823E+00 
        57  3.562501865E-03 -3.562505590E-03  6.562000141E-03  1.479647542E+00 
        58  3.687501652E-03 -3.687505610E-03  6.562000141E-03  1.455825275E+00 
        59  3.812501673E-03 -3.812505631E-03  6.562000141E-03  1.349987690E+00 
        60  3.937501926E-03 -3.937505651E-03  6.562000141E-03  1.232176001E+00 
        61  4.062501714E-03 -4.062505905E-03  6.562000141E-03  1.154865989E+00 
        62  4.187501967E-03 -4.187505692E-03  6.562000141E-03  1.142966504E+00 
        63  4.312501755E-03 -4.312505946E-03  6.562000141E-03  1.183745857E+00 
        64  4.437502008E-03 -4.437505733E-03  6.562000141E-03  1.291963219E+00 
        65  4.562501796E-03 -4.562505987E-03  6.562000141E-03  1.416472269E+00 
        66  4.687501583E-03 -4.687505774E-03  6.562000141E-03  1.458883297E+00 
        67  4.812501837E-03 -4.812506028E-03  6.562000141E-03  1.419787402E+00 
        68  4.937501624E-03 -4.937505815E-03  6.562000141E-03  1.316725046E+00 
        69  5.062501878E-03 -5.062506068E-03  6.562000141E-03  1.356262725E+00 
        70  5.187501665E-03 -5.187505856E-03  6.562000141E-03  1.406995713E+00 
        71  5.312501919E-03 -5.312506109E-03  6.562000141E-03  1.414611876E+00 
        72  5.437501706E-03 -5.437505897E-03  6.562000141E-03  1.425369195E+00 
        73  5.562501494E-03 -5.562506150E-03  6.562000141E-03  1.463961447E+00 
        74  5.687501747E-03 -5.687505938E-03  6.562000141E-03  1.526824714E+00 
        75  5.812501535E-03 -5.812506191E-03  6.562000141E-03  1.536422858E+00 
        76  5.937501788E-03 -5.937505979E-03  6.562000141E-03  1.429066985E+00 
        77  6.062501576E-03 -6.062506232E-03  6.562000141E-03  9.216274988E-01 
        78  6.187501829E-03 -6.187506020E-03  6.562000141E-03  9.392774793E-01 
        79  6.312501617E-03 -6.312506273E-03  6.562000141E-03  1.361898590E+00 
        80  6.437501404E-03 -6.437506061E-03  6.562000141E-03  1.530808662E+00 
        81  6.562501658E-03 -6.562505849E-03  6.562000141E-03  1.754657459E+00 
        82  6.687501445E-03 -6.687506102E-03  6.562000141E-03  1.844928951E+00 
        83  6.812501699E-03 -6.812505890E-03  6.562000141E-03  1.859875201E+00 
        84  6.937501486E-03 -6.937506143E-03  6.562000141E-03  1.791165586E+00 
        85  7.062501740E-03 -7.062505931E-03  6.562000141E-03  1.756241290E+00 
        86  7.187501527E-03 -7.187506184E-03  6.562000141E-03  1.784155022E+00 
        87  7.312501315E-03 -7.312505972E-03  6.562000141E-03  1.832700305E+00 
        88  7.437501568E-03 -7.437506225E-03  6.562000141E-03  1.862913906E+00 
        89  7.562501356E-03 -7.562506013E-03  6.562000141E-03  1.901674326E+00 
        90  7.687501609E-03 -7.687506266E-03  6.562000141E-03  1.932246316E+00 
        91  7.812500931E-03 -7.812505588E-03  6.562000141E-03  1.937525492E+00 
        92  7.937501185E-03 -7.937505841E-03  6.562000141E-03  1.905144303E+00 
        93  8.062501438E-03 -8.062506095E-03  6.562000141E-03  1.816103254E+00 
        94  8.187501691E-03 -8.187506348E-03  6.562000141E-03  1.744388169E+00 
        95  8.312501013E-03 -8.312506601E-03  6.562000141E-03  1.746567150E+00 
        96  8.437501267E-03 -8.437505923E-03  6.562000141E-03  1.846791302E+00 
        97  8.562501520E-03 -8.562506177E-03  6.562000141E-03  1.833131595E+00 
        98  8.687501773E-03 -8.687506430E-03  6.562000141E-03  1.567275585E+00 
        99  8.812501095E-03 -8.812506683E-03  6.562000141E-03  1.336425170E+00 
       100  8.937501349E-03 -8.937506005E-03  6.562000141E-03  1.357811151E+00 
       101  9.062501602E-03 -9.062506258E-03  6.562000141E-03  1.425144753E+00 
       102  9.187500924E-03 -9.187506512E-03  6.562000141E-03  1.354999344E+00 
       103  9.312501177E-03 -9.312506765E-03  6.562000141E-03  1.380882599E+00 
       104  9.437501431E-03 -9.437506087E-03  6.562000141E-03  1.542245950E+00 
       105  9.562501684E-03 -9.562506340E-03  6.562000141E-03  1.558896330E+00 
       106  9.687501006E-03 -9.687506594E-03  6.562000141E-03  1.543888638E+00 
       107  9.812501259E-03 -9.812506847E-03  6.562000141E-03  2.028514786E+00 
       108  9.937501512E-03 -9.937506169E-03  6.562000141E-03  2.531357291E+00 
       109  1.006250083E-02 -1.006250642E-02  6.562000141E-03  2.257203075E+00 
       110  1.018750109E-02 -1.018750668E-02  6.562000141E-03  1.822722290E+00 
       111  1.031250134E-02 -1.031250693E-02  6.562000141E-03  1.810903429E+00 
       112  1.043750159E-02 -1.043750625E-02  6.562000141E-03  1.762599848E+00 
       113  1.056250092E-02 -1.056250650E-02  6.562000141E-03  1.970032632E+00 
       114  1.068750117E-02 -1.068750676E-02  6.562000141E-03  2.240564477E+00 
       115  1.081250142E-02 -1.081250608E-02  6.562000141E-03  2.330854023E+00 
       116  1.093750075E-02 -1.093750633E-02  6.562000141E-03  2.276831293E+00 
       117  1.106250100E-02 -1.106250659E-02  6.562000141E-03  2.356399454E+00 
       118  1.118750125E-02 -1.118750684E-02  6.562000141E-03  2.451430610E+00 
       119  1.131250151E-02 -1.131250616E-02  6.562000141E-03  2.675967637E+00 
       120  1.143750083E-02 -1.143750641E-02  6.562000141E-03  2.993527194E+00 
       121  1.156250108E-02 -1.156250667E-02  6.562000141E-03  3.206492858E+00 
       122  1.168750133E-02 -1.168750692E-02  6.562000141E-03  3.313629675E+00 
       123  1.181250066E-02 -1.181250624E-02  6.562000141E-03  3.294148608E+00 
       124  1.193750091E-02 -1.193750650E-02  6.562000141E-03  3.270963908E+00 
       125  1.206250116E-02 -1.206250675E-02  6.562000141E-03  3.330147241E+00 
       126  1.618750021E-02 -1.618750766E-02  6.562000141E-03  4.815742358E+00 
       127  1.606249996E-02 -1.606250741E-02  6.562000141E-03  4.819510840E+00 
       128  1.218750142E-02 -1.218750700E-02  6.562000141E-03  3.418886321E+00 
       129  1.231250074E-02 -1.231250633E-02  6.562000141E-03  3.486981651E+00 
       130  1.243750099E-02 -1.243750658E-02  6.562000141E-03  3.544848915E+00 
       131  1.256250124E-02 -1.256250683E-02  6.562000141E-03  3.609767725E+00 
       132  1.268750057E-02 -1.268750709E-02  6.562000141E-03  3.690112451E+00 
       133  1.281250082E-02 -1.281250641E-02  6.562000141E-03  3.786379327E+00 
       134  1.293750107E-02 -1.293750666E-02  6.562000141E-03  3.866406208E+00 
       135  1.306250133E-02 -1.306250691E-02  6.562000141E-03  3.923116802E+00 
       136  1.318750065E-02 -1.318750717E-02  6.562000141E-03  3.957994245E+00 
       137  1.331250090E-02 -1.331250649E-02  6.562000141E-03  3.979092149E+00 
       138  1.343750115E-02 -1.343750674E-02  6.562000141E-03  3.993935885E+00 
       139  1.356250048E-02 -1.356250700E-02  6.562000141E-03  3.999774416E+00 
       140  1.368750073E-02 -1.368750725E-02  6.562000141E-03  3.987873810E+00 
       141  1.381250098E-02 -1.381250657E-02  6.562000141E-03  3.954769903E+00 
       142  1.393750124E-02 -1.393750682E-02  6.562000141E-03  3.932697261E+00 
       143  1.406250056E-02 -1.406250708E-02  6.562000141E-03  3.953334969E+00 
       144  1.418750081E-02 -1.418750733E-02  6.562000141E-03  4.103346676E+00 
       145  1.431250107E-02 -1.431250665E-02  6.562000141E-03  4.237999286E+00 
       146  1.443750039E-02 -1.443750691E-02  6.562000141E-03  4.290886840E+00 
       147  1.456250064E-02 -1.456250716E-02  6.562000141E-03  4.316968292E+00 
       148  1.468750089E-02 -1.468750648E-02  6.562000141E-03  4.328785510E+00 
       149  1.481250115E-02 -1.481250674E-02  6.562000141E-03  4.332560326E+00 
       150  1.493750047E-02 -1.493750699E-02  6.562000141E-03  4.318681956E+00 
       151  1.506250072E-02 -1.506250724E-02  6.562000141E-03  4.273862368E+00 
       152  1.518750098E-02 -1.518750656E-02  6.562000141E-03  4.253114676E+00 
       153  1.531250030E-02 -1.531250682E-02  6.562000141E-03  4.324311458E+00 
       154  1.543750055E-02 -1.543750707E-02  6.562000141E-03  4.504334695E+00 
       155  1.556250080E-02 -1.556250732E-02  6.562000141E-03  4.664258077E+00 
       156  1.568750106E-02 -1.568750665E-02  6.562000141E-03  4.749150807E+00 
       157  1.581250131E-02 -1.581250690E-02  6.562000141E-03  4.784735820E+00 
       158  1.593749970E-02 -1.593750715E-02  6.562000141E-03  4.806800434E+00 
       159  1.631250046E-02 -1.631250605E-02  6.562000141E-03  4.817123606E+00 
       160  1.643750072E-02 -1.643750630E-02  6.562000141E-03  4.833080946E+00 
       161  1.656250097E-02 -1.656250656E-02  6.562000141E-03  4.846117456E+00 
       162  1.668750122E-02 -1.668750681E-02  6.562000141E-03  4.837274614E+00 
       163  1.681249961E-02 -1.681250706E-02  6.562000141E-03  4.827799230E+00 
       164  1.693749987E-02 -1.693750732E-02  6.562000141E-03  4.831105708E+00 
       165  1.706250012E-02 -1.706250757E-02  6.562000141E-03  4.866949009E+00 
       166  1.718750037E-02 -1.718750782E-02  6.562000141E-03  4.972648624E+00 
       167  1.731250063E-02 -1.731250621E-02  6.562000141E-03  5.103776804E+00 
       168  1.743750088E-02 -1.743750647E-02  6.562000141E-03  5.250638080E+00 
       169  1.756250113E-02 -1.756250672E-02  6.562000141E-03  5.337713698E+00 
       170  1.768749952E-02 -1.768750697E-02  6.562000141E-03  5.391217997E+00 
       171  1.781249978E-02 -1.781250723E-02  6.562000141E-03  5.207165862E+00 
       172  1.793750003E-02 -1.793750748E-02  6.562000141E-03  5.115836162E+00 
       173  1.806250028E-02 -1.806250773E-02  6.562000141E-03  5.132645712E+00 
       174  1.818750054E-02 -1.818750612E-02  6.562000141E-03  5.049478780E+00 
       175  1.831250079E-02 -1.831250638E-02  6.562000141E-03  5.035389550E+00 
       176  1.843750104E-02 -1.843750663E-02  6.562000141E-03  5.077149328E+00 
       177  1.856249943E-02 -1.856250688E-02  6.562000141E-03  5.084821546E+00 
       178  1.868749969E-02 -1.868750714E-02  6.562000141E-03  5.081159460E+00 
       179  1.880351081E-02 -1.880351454E-02  6.562000141E-03  5.063014206E+00 
       180  1.890108548E-02 -1.890108548E-02  6.562000141E-03  5.113100749E+00 
       181  1.895662397E-02 -1.895662397E-02  6.562000141E-03  5.050398331E+00 
