cellnumber     x-coordinate     y-coordinate     z-coordinate velocity-magnitude 
         1  1.899245940E-02 -1.899245940E-02  6.562000606E-03  5.470134487E+00 
         2  1.905349456E-02 -1.905349456E-02  6.562000606E-03  5.364666993E+00 
         3  1.914011873E-02 -1.914011873E-02  6.562000141E-03  5.144982033E+00 
         4  1.923859492E-02 -1.923859492E-02  6.562000141E-03  4.760934133E+00 
         5  1.930207387E-02 -1.930207387E-02  6.562000141E-03  4.619008165E+00 
         6  1.937407255E-02 -1.937407255E-02  6.562000141E-03  4.488936657E+00 
         7  1.944607310E-02 -1.944607310E-02  6.562000141E-03  4.466656789E+00 
         8  1.951807365E-02 -1.951807365E-02  6.562000141E-03  4.497336215E+00 
         9  1.959007420E-02 -1.959007420E-02  6.562000141E-03  4.530841510E+00 
        10  1.966207288E-02 -1.966207288E-02  6.562000141E-03  4.545164461E+00 
        11  1.973407343E-02 -1.973407343E-02  6.562000141E-03  4.475094001E+00 
        12  1.980607398E-02 -1.980607398E-02  6.562000141E-03  4.468955637E+00 
        13  1.987807453E-02 -1.987807453E-02  6.562000141E-03  4.442494465E+00 
        14  1.995007321E-02 -1.995007321E-02  6.562000141E-03  4.500244815E+00 
        15  2.002207376E-02 -2.002207376E-02  6.562000141E-03  4.509472516E+00 
        16  2.009407431E-02 -2.009407431E-02  6.562000141E-03  4.503703071E+00 
        17  2.016607299E-02 -2.016607299E-02  6.562000141E-03  4.500488933E+00 
        18  2.023807354E-02 -2.023807354E-02  6.562000141E-03  4.463003546E+00 
        19  2.031007409E-02 -2.031007409E-02  6.562000141E-03  4.528851349E+00 
        20  2.045407332E-02 -2.045407332E-02  6.562000141E-03  4.695876608E+00 
        21  2.052607387E-02 -2.052607387E-02  6.562000141E-03  4.770165601E+00 
        22  2.059807256E-02 -2.059807256E-02  6.562000141E-03  4.948128625E+00 
        23  2.067007311E-02 -2.067007311E-02  6.562000141E-03  5.000992353E+00 
        24  2.074207366E-02 -2.074207366E-02  6.562000141E-03  4.981578781E+00 
        25  2.081407420E-02 -2.081407420E-02  6.562000141E-03  4.948543020E+00 
        26  2.088592015E-02 -2.088592015E-02  6.562000141E-03  4.804937772E+00 
        27  2.093681321E-02 -2.093681321E-02  6.562000606E-03  4.801732680E+00 
        28  2.101956122E-02 -2.101956122E-02  6.562000606E-03  4.660634241E+00 
        29  2.107902244E-02 -2.107902244E-02  6.562000606E-03  4.591686222E+00 
        30  2.110386454E-02 -2.110386454E-02  6.562000606E-03  4.598931717E+00 
        31  2.112595551E-02 -2.112595551E-02  6.562000606E-03  4.543312108E+00 
        32  2.114437334E-02 -2.114437334E-02  6.562000606E-03  4.235845280E+00 
        33  2.115972713E-02 -2.115972713E-02  6.562000606E-03  3.683346533E+00 
        34  2.117252536E-02 -2.117252536E-02  6.562000141E-03  2.993960894E+00 
        35  2.118319459E-02 -2.118319459E-02  6.562000141E-03  2.295054080E+00 
        36  2.119208500E-02 -2.119208500E-02  6.562000141E-03  1.653864316E+00 
        37  2.119949646E-02 -2.119949646E-02  6.562000141E-03  1.093552477E+00 
        38  2.120567486E-02 -2.120567486E-02  6.562000141E-03  6.136660718E-01 
        39  2.121082321E-02 -2.121082321E-02  6.562000141E-03  2.058053950E-01 
        40  2.038207278E-02 -2.038207278E-02  6.562000141E-03  4.527002268E+00 
        41  1.693749242E-02 -1.693750359E-02  6.562000141E-03  5.210781810E+00 
        42  1.681249216E-02 -1.681250334E-02  6.562000141E-03  5.145689678E+00 
        43  1.668749377E-02 -1.668750308E-02  6.562000141E-03  5.083041542E+00 
        44  1.656249352E-02 -1.656250283E-02  6.562000141E-03  5.023958302E+00 
        45  1.643749326E-02 -1.643750444E-02  6.562000141E-03  4.957924430E+00 
        46  1.631249301E-02 -1.631250419E-02  6.562000141E-03  4.895001703E+00 
        47  1.618749276E-02 -1.618750393E-02  6.562000141E-03  4.830559275E+00 
        48  1.606249250E-02 -1.606250368E-02  6.562000141E-03  4.766978638E+00 
        49  1.593749225E-02 -1.593750343E-02  6.562000141E-03  4.710629866E+00 
        50  1.581249386E-02 -1.581250317E-02  6.562000141E-03  4.638639738E+00 
        51  1.568749361E-02 -1.568750292E-02  6.562000141E-03  4.555695485E+00 
        52  1.556249335E-02 -1.556250360E-02  6.562000141E-03  4.476494796E+00 
        53  1.543749310E-02 -1.543750335E-02  6.562000141E-03  4.409549302E+00 
        54  1.531249378E-02 -1.531250402E-02  6.562000141E-03  4.374728514E+00 
        55  1.518749353E-02 -1.518750377E-02  6.562000141E-03  4.366955761E+00 
        56  1.506249327E-02 -1.506250352E-02  6.562000141E-03  4.346516185E+00 
        57  1.493749302E-02 -1.493750326E-02  6.562000141E-03  4.273704791E+00 
        58  1.481249370E-02 -1.481250394E-02  6.562000141E-03  4.168775276E+00 
        59  1.468749344E-02 -1.468750369E-02  6.562000141E-03  4.095260715E+00 
        60  1.456249319E-02 -1.456250343E-02  6.562000141E-03  4.043618345E+00 
        61  1.443749387E-02 -1.443750411E-02  6.562000141E-03  3.988959073E+00 
        62  1.431249361E-02 -1.431250386E-02  6.562000141E-03  3.942471802E+00 
        63  1.418749336E-02 -1.418750361E-02  6.562000141E-03  3.931162848E+00 
        64  1.406249311E-02 -1.406250335E-02  6.562000141E-03  3.917338038E+00 
        65  1.393749379E-02 -1.393750403E-02  6.562000141E-03  3.846184137E+00 
        66  1.381249353E-02 -1.381250378E-02  6.562000141E-03  3.821745401E+00 
        67  1.343749370E-02 -1.343750395E-02  6.562000141E-03  3.916193220E+00 
        68  1.356249396E-02 -1.356250327E-02  6.562000141E-03  3.914077955E+00 
        69  1.368749328E-02 -1.368750352E-02  6.562000141E-03  3.870900255E+00 
        70  1.331249345E-02 -1.331250370E-02  6.562000141E-03  3.886900632E+00 
        71  1.318749320E-02 -1.318750344E-02  6.562000141E-03  3.840638594E+00 
        72  1.306249388E-02 -1.306250319E-02  6.562000141E-03  3.765412300E+00 
        73  1.293749362E-02 -1.293750387E-02  6.562000141E-03  3.663923586E+00 
        74  1.281249337E-02 -1.281250361E-02  6.562000141E-03  3.552607047E+00 
        75  1.268749405E-02 -1.268750336E-02  6.562000141E-03  3.478702782E+00 
        76  1.256249379E-02 -1.256250311E-02  6.562000141E-03  3.484748374E+00 
        77  1.243749354E-02 -1.243750378E-02  6.562000141E-03  3.534614511E+00 
        78  1.231249329E-02 -1.231250353E-02  6.562000141E-03  3.573517648E+00 
        79  1.218749397E-02 -1.218750328E-02  6.562000141E-03  3.604458606E+00 
        80  1.206249371E-02 -1.206250302E-02  6.562000141E-03  3.634094749E+00 
        81  1.193749346E-02 -1.193750370E-02  6.562000141E-03  3.668787658E+00 
        82  1.181249414E-02 -1.181250345E-02  6.562000141E-03  3.689094100E+00 
        83  1.168749388E-02 -1.168750320E-02  6.562000141E-03  3.657386035E+00 
        84  1.156249363E-02 -1.156250294E-02  6.562000141E-03  3.549333975E+00 
        85  1.143749338E-02 -1.143750362E-02  6.562000141E-03  3.351566560E+00 
        86  1.131249405E-02 -1.131250337E-02  6.562000141E-03  3.134921777E+00 
        87  1.118749380E-02 -1.118750311E-02  6.562000141E-03  3.026289397E+00 
        88  1.106249355E-02 -1.106250379E-02  6.562000141E-03  3.087536643E+00 
        89  1.093749423E-02 -1.093750354E-02  6.562000141E-03  3.105800777E+00 
        90  1.081249397E-02 -1.081250329E-02  6.562000141E-03  2.917153554E+00 
        91  1.068749372E-02 -1.068750303E-02  6.562000141E-03  2.497431798E+00 
        92  1.056249347E-02 -1.056250371E-02  6.562000141E-03  2.190820174E+00 
        93  1.043749414E-02 -1.043750346E-02  6.562000141E-03  2.032227248E+00 
        94  1.031249389E-02 -1.031250320E-02  6.562000141E-03  2.174763894E+00 
        95  1.018749364E-02 -1.018750295E-02  6.562000141E-03  2.343986482E+00 
        96  1.006249432E-02 -1.006250363E-02  6.562000141E-03  2.238563714E+00 
        97  9.937494062E-03 -9.937503375E-03  6.562000141E-03  2.026639519E+00 
        98  9.812493809E-03 -9.812503122E-03  6.562000141E-03  2.034394139E+00 
        99  9.687493555E-03 -9.687502868E-03  6.562000141E-03  2.137321403E+00 
       100  9.562494233E-03 -9.562503546E-03  6.562000141E-03  2.258785885E+00 
       101  9.437493980E-03 -9.437503293E-03  6.562000141E-03  2.314230514E+00 
       102  9.312493727E-03 -9.312503040E-03  6.562000141E-03  2.546569678E+00 
       103  9.187494405E-03 -9.187502787E-03  6.562000141E-03  2.567062914E+00 
       104  9.062494151E-03 -9.062503465E-03  6.562000141E-03  2.474987304E+00 
       105  8.937493898E-03 -8.937503211E-03  6.562000141E-03  2.337260732E+00 
       106  8.812493645E-03 -8.812502958E-03  6.562000141E-03  2.189224342E+00 
       107  8.687494323E-03 -8.687502705E-03  6.562000141E-03  2.096739147E+00 
       108  8.562494069E-03 -8.562503383E-03  6.562000141E-03  2.064636947E+00 
       109  8.437493816E-03 -8.437503129E-03  6.562000141E-03  1.973834061E+00 
       110  8.312494494E-03 -8.312502876E-03  6.562000141E-03  1.684101847E+00 
       111  8.187494241E-03 -8.187502623E-03  6.562000141E-03  1.406509375E+00 
       112  8.062493987E-03 -8.062503301E-03  6.562000141E-03  1.208596639E+00 
       113  7.937493734E-03 -7.937503047E-03  6.562000141E-03  1.022705371E+00 
       114  7.812493946E-03 -7.812502794E-03  6.562000141E-03  8.524387678E-01 
       115  7.687494159E-03 -7.687503006E-03  6.562000141E-03  7.636034514E-01 
       116  7.562493905E-03 -7.562503219E-03  6.562000141E-03  7.599661019E-01 
       117  7.437494118E-03 -7.437502965E-03  6.562000141E-03  7.708810248E-01 
       118  7.312494330E-03 -7.312503178E-03  6.562000141E-03  7.571302652E-01 
       119  5.562494509E-03 -5.562502891E-03  6.562000141E-03  1.503392969E+00 
       120  5.687494297E-03 -5.687502678E-03  6.562000141E-03  1.574735274E+00 
       121  5.812494084E-03 -5.812502932E-03  6.562000141E-03  1.610118512E+00 
       122  5.937494338E-03 -5.937502719E-03  6.562000141E-03  1.598399849E+00 
       123  6.062494125E-03 -6.062502973E-03  6.562000141E-03  1.551386589E+00 
       124  6.187494379E-03 -6.187502760E-03  6.562000141E-03  1.484107007E+00 
       125  6.312494166E-03 -6.312503014E-03  6.562000141E-03  1.385989978E+00 
       126  6.437494420E-03 -6.437502801E-03  6.562000141E-03  1.269017981E+00 
       127  6.562494207E-03 -6.562503055E-03  6.562000141E-03  1.165575405E+00 
       128  6.687493995E-03 -6.687502842E-03  6.562000141E-03  1.055915626E+00 
       129  6.812494248E-03 -6.812503096E-03  6.562000141E-03  8.993262375E-01 
       130  6.937494036E-03 -6.937502883E-03  6.562000141E-03  7.304861387E-01 
       131  7.062494289E-03 -7.062503137E-03  6.562000141E-03  6.619809967E-01 
       132  7.187494077E-03 -7.187502924E-03  6.562000141E-03  7.057485692E-01 
       133  2.830386627E-03 -2.830386627E-03  6.562000606E-03  1.038203724E+00 
       134  2.835483057E-03 -2.835483057E-03  6.562000606E-03  1.029333188E+00 
       135  2.841604175E-03 -2.841604175E-03  6.562000606E-03  1.027198507E+00 
       136  2.848957200E-03 -2.848957200E-03  6.562000606E-03  1.034475462E+00 
       137  2.857792191E-03 -2.857792191E-03  6.562000141E-03  1.054284518E+00 
       138  2.868410666E-03 -2.868410666E-03  6.562000141E-03  1.090346562E+00 
       139  2.881176071E-03 -2.881176071E-03  6.562000141E-03  1.147076259E+00 
       140  2.896528691E-03 -2.896528691E-03  6.562000141E-03  1.231893199E+00 
       141  2.915001474E-03 -2.915001474E-03  6.562000141E-03  1.352468927E+00 
       142  2.937239595E-03 -2.937239595E-03  6.562000606E-03  1.523254780E+00 
       143  2.974424278E-03 -2.974424278E-03  6.562000606E-03  1.817493353E+00 
       144  3.062227042E-03 -3.062231233E-03  6.562000141E-03  1.960331863E+00 
       145  3.187494352E-03 -3.187502502E-03  6.562000141E-03  1.812893040E+00 
       146  3.312494373E-03 -3.312502522E-03  6.562000141E-03  1.446577978E+00 
       147  3.437494393E-03 -3.437502543E-03  6.562000141E-03  1.273730245E+00 
       148  3.562494414E-03 -3.562502563E-03  6.562000141E-03  1.175971673E+00 
       149  3.687494434E-03 -3.687502583E-03  6.562000141E-03  1.145525575E+00 
       150  3.812494455E-03 -3.812502604E-03  6.562000141E-03  1.217384574E+00 
       151  3.937494475E-03 -3.937502392E-03  6.562000141E-03  1.313783793E+00 
       152  4.062494263E-03 -4.062502645E-03  6.562000141E-03  1.390735873E+00 
       153  4.187494516E-03 -4.187502898E-03  6.562000141E-03  1.402030235E+00 
       154  4.312494304E-03 -4.312502686E-03  6.562000141E-03  1.373641106E+00 
       155  4.437494557E-03 -4.437502474E-03  6.562000141E-03  1.360690812E+00 
       156  4.562494345E-03 -4.562502727E-03  6.562000141E-03  1.249787026E+00 
       157  4.687494598E-03 -4.687502515E-03  6.562000141E-03  1.182157765E+00 
       158  4.812494386E-03 -4.812502768E-03  6.562000141E-03  1.067493074E+00 
       159  4.937494174E-03 -4.937502556E-03  6.562000141E-03  1.087613258E+00 
       160  5.062494427E-03 -5.062502809E-03  6.562000141E-03  1.194270086E+00 
       161  5.187494215E-03 -5.187502597E-03  6.562000141E-03  1.213087875E+00 
       162  5.312494468E-03 -5.312502850E-03  6.562000141E-03  1.280749417E+00 
       163  5.437494256E-03 -5.437502638E-03  6.562000141E-03  1.379818855E+00 
       164  1.843749359E-02 -1.843750291E-02  6.562000141E-03  5.621427120E+00 
       165  1.831249334E-02 -1.831250452E-02  6.562000141E-03  5.498581356E+00 
       166  1.818749309E-02 -1.818750426E-02  6.562000141E-03  5.417578606E+00 
       167  1.806249283E-02 -1.806250401E-02  6.562000141E-03  5.477132004E+00 
       168  1.793749258E-02 -1.793750376E-02  6.562000141E-03  5.561020957E+00 
       169  1.781249233E-02 -1.781250350E-02  6.562000141E-03  5.521415186E+00 
       170  1.768749207E-02 -1.768750325E-02  6.562000141E-03  5.304001935E+00 
       171  1.756249368E-02 -1.756250300E-02  6.562000141E-03  5.202660358E+00 
       172  1.743749343E-02 -1.743750460E-02  6.562000141E-03  5.241519013E+00 
       173  1.731249318E-02 -1.731250435E-02  6.562000141E-03  5.288793386E+00 
       174  1.718749292E-02 -1.718750410E-02  6.562000141E-03  5.286740947E+00 
       175  1.706249267E-02 -1.706250384E-02  6.562000141E-03  5.263105398E+00 
       176  1.895638742E-02 -1.895638742E-02  6.562000141E-03  5.490818652E+00 
       177  1.889956929E-02 -1.889956929E-02  6.562000141E-03  5.395642773E+00 
       178  1.880222000E-02 -1.880222559E-02  6.562000141E-03  5.173474655E+00 
       179  1.868749224E-02 -1.868750341E-02  6.562000141E-03  5.295376796E+00 
       180  1.856249198E-02 -1.856250316E-02  6.562000141E-03  5.572304390E+00 
