cellnumber     x-coordinate     y-coordinate     z-coordinate velocity-magnitude 
         1  9.812504053E-03 -9.812498465E-03  6.562000141E-03  1.594092414E+00 
         2  9.687504731E-03 -9.687499143E-03  6.562000141E-03  1.874854013E+00 
         3  9.562504478E-03 -9.562498890E-03  6.562000141E-03  2.200029054E+00 
         4  9.437504224E-03 -9.437498637E-03  6.562000141E-03  2.192074206E+00 
         5  9.312504902E-03 -9.312499315E-03  6.562000141E-03  2.182932307E+00 
         6  9.187504649E-03 -9.187499061E-03  6.562000141E-03  2.073910068E+00 
         7  9.062504396E-03 -9.062498808E-03  6.562000141E-03  1.703432484E+00 
         8  8.937504143E-03 -8.937498555E-03  6.562000141E-03  1.441442774E+00 
         9  8.812504821E-03 -8.812499233E-03  6.562000141E-03  1.357096195E+00 
        10  8.687504567E-03 -8.687498979E-03  6.562000141E-03  1.370742278E+00 
        11  8.562504314E-03 -8.562498726E-03  6.562000141E-03  1.577716732E+00 
        12  8.437504992E-03 -8.437498473E-03  6.562000141E-03  1.858872998E+00 
        13  8.312504739E-03 -8.312499151E-03  6.562000141E-03  1.962656058E+00 
        14  8.187504485E-03 -8.187498897E-03  6.562000141E-03  1.971602404E+00 
        15  8.062504232E-03 -8.062498644E-03  6.562000141E-03  1.881420307E+00 
        16  7.937504910E-03 -7.937498391E-03  6.562000141E-03  1.942715297E+00 
        17  7.812504657E-03 -7.812498603E-03  6.562000141E-03  2.199487336E+00 
        18  7.687504403E-03 -7.687498815E-03  6.562000141E-03  2.362093085E+00 
        19  7.562504616E-03 -7.562498562E-03  6.562000141E-03  2.314133607E+00 
        20  7.437504828E-03 -7.437498774E-03  6.562000141E-03  2.186454790E+00 
        21  7.312504575E-03 -7.312498521E-03  6.562000141E-03  2.143807975E+00 
        22  7.187504787E-03 -7.187498733E-03  6.562000141E-03  2.021639619E+00 
        23  7.062504534E-03 -7.062498480E-03  6.562000141E-03  1.847514145E+00 
        24  6.937504746E-03 -6.937498692E-03  6.562000141E-03  1.699477496E+00 
        25  6.812504493E-03 -6.812498439E-03  6.562000141E-03  1.600162434E+00 
        26  6.687504705E-03 -6.687498651E-03  6.562000141E-03  1.611308692E+00 
        27  6.562504917E-03 -6.562498398E-03  6.562000141E-03  1.767915336E+00 
        28  6.437504664E-03 -6.437498610E-03  6.562000141E-03  1.878329856E+00 
        29  6.312504876E-03 -6.312498357E-03  6.562000141E-03  1.787167479E+00 
        30  6.187504623E-03 -6.187498569E-03  6.562000141E-03  1.475469621E+00 
        31  6.062504835E-03 -6.062498316E-03  6.562000141E-03  1.381665766E+00 
        32  5.937504582E-03 -5.937498529E-03  6.562000141E-03  1.269751884E+00 
        33  5.812504794E-03 -5.812498741E-03  6.562000141E-03  1.053201293E+00 
        34  5.687505007E-03 -5.687498488E-03  6.562000141E-03  1.103891838E+00 
        35  5.562504753E-03 -5.562498700E-03  6.562000141E-03  1.340929682E+00 
        36  5.437504966E-03 -5.437498447E-03  6.562000141E-03  1.470144847E+00 
        37  5.312504712E-03 -5.312498659E-03  6.562000141E-03  1.619321397E+00 
        38  5.187504925E-03 -5.187498406E-03  6.562000141E-03  1.871210225E+00 
        39  5.062504672E-03 -5.062498618E-03  6.562000141E-03  1.929994522E+00 
        40  4.937504884E-03 -4.937498365E-03  6.562000141E-03  1.906663320E+00 
        41  4.812505096E-03 -4.812498577E-03  6.562000141E-03  1.892919760E+00 
        42  4.687504843E-03 -4.687498324E-03  6.562000141E-03  1.833279642E+00 
        43  4.562505055E-03 -4.562498536E-03  6.562000141E-03  1.708404440E+00 
        44  4.437504802E-03 -4.437498283E-03  6.562000141E-03  1.786621904E+00 
        45  4.312505014E-03 -4.312498495E-03  6.562000141E-03  1.949811760E+00 
        46  4.187504761E-03 -4.187498242E-03  6.562000141E-03  2.177639735E+00 
        47  4.062504973E-03 -4.062498454E-03  6.562000141E-03  2.293685597E+00 
        48  3.937504720E-03 -3.937498201E-03  6.562000141E-03  2.058089645E+00 
        49  3.812504932E-03 -3.812498180E-03  6.562000141E-03  1.872218061E+00 
        50  3.687504912E-03 -3.687498160E-03  6.562000141E-03  1.804297241E+00 
        51  3.562504891E-03 -3.562498139E-03  6.562000141E-03  1.566509591E+00 
        52  3.437504871E-03 -3.437498119E-03  6.562000141E-03  1.340420663E+00 
        53  3.312504850E-03 -3.312498098E-03  6.562000141E-03  1.063664267E+00 
        54  3.189918818E-03 -3.189915558E-03  6.562000141E-03  7.242802415E-01 
        55  3.123705974E-03 -3.123705974E-03  6.562000141E-03  6.667720422E-01 
        56  3.059382550E-03 -3.059382550E-03  6.562000141E-03  5.499010646E-01 
        57  2.975319512E-03 -2.975319512E-03  6.562000141E-03  5.731726663E-01 
        58  2.937293379E-03 -2.937293379E-03  6.562000606E-03  6.075435435E-01 
        59  2.915035933E-03 -2.915035933E-03  6.562000141E-03  6.494700617E-01 
        60  2.896548016E-03 -2.896548016E-03  6.562000141E-03  6.978378989E-01 
        61  2.881182823E-03 -2.881182823E-03  6.562000141E-03  7.530236420E-01 
        62  2.868407173E-03 -2.868407173E-03  6.562000141E-03  8.087551119E-01 
        63  2.857780783E-03 -2.857780783E-03  6.562000141E-03  8.620856446E-01 
        64  2.848939039E-03 -2.848939039E-03  6.562000141E-03  9.112087021E-01 
        65  2.841580659E-03 -2.841580659E-03  6.562000141E-03  9.553886803E-01 
        66  2.835455118E-03 -2.835455118E-03  6.562000141E-03  9.944311083E-01 
        67  2.830355195E-03 -2.830355195E-03  6.562000141E-03  1.028548555E+00 
        68  1.681250334E-02 -1.681249961E-02  6.562000141E-03  4.880780371E+00 
        69  1.668750308E-02 -1.668749936E-02  6.562000141E-03  4.813177366E+00 
        70  1.656250283E-02 -1.656249911E-02  6.562000141E-03  4.752176683E+00 
        71  1.643750444E-02 -1.643749885E-02  6.562000141E-03  4.708776143E+00 
        72  1.631250419E-02 -1.631249860E-02  6.562000141E-03  4.678146429E+00 
        73  1.618750393E-02 -1.618750021E-02  6.562000141E-03  4.610981117E+00 
        74  1.606250368E-02 -1.606249996E-02  6.562000141E-03  4.522475750E+00 
        75  1.593750343E-02 -1.593749970E-02  6.562000141E-03  4.327459166E+00 
        76  1.581250317E-02 -1.581249945E-02  6.562000141E-03  4.136362516E+00 
        77  1.568750292E-02 -1.568749920E-02  6.562000141E-03  3.893637718E+00 
        78  1.556250360E-02 -1.556249987E-02  6.562000141E-03  3.762801270E+00 
        79  1.543750428E-02 -1.543749962E-02  6.562000141E-03  3.837490347E+00 
        80  1.531250402E-02 -1.531249937E-02  6.562000141E-03  4.082058760E+00 
        81  1.518750377E-02 -1.518749911E-02  6.562000141E-03  4.148817482E+00 
        82  1.506250352E-02 -1.506249979E-02  6.562000141E-03  4.044196762E+00 
        83  1.493750419E-02 -1.493749954E-02  6.562000141E-03  3.874857848E+00 
        84  1.481250394E-02 -1.481249928E-02  6.562000141E-03  3.807944304E+00 
        85  1.468750369E-02 -1.468749903E-02  6.562000141E-03  3.802094469E+00 
        86  1.456250437E-02 -1.456249971E-02  6.562000141E-03  3.783501733E+00 
        87  1.443750411E-02 -1.443749946E-02  6.562000141E-03  3.740052889E+00 
        88  1.431250386E-02 -1.431249920E-02  6.562000141E-03  3.713245374E+00 
        89  1.418750361E-02 -1.418749895E-02  6.562000141E-03  3.735834485E+00 
        90  1.406250428E-02 -1.406249963E-02  6.562000141E-03  3.783025102E+00 
        91  1.393750403E-02 -1.393749937E-02  6.562000141E-03  3.842974375E+00 
        92  1.381250378E-02 -1.381249912E-02  6.562000141E-03  3.852786174E+00 
        93  1.368750446E-02 -1.368749887E-02  6.562000141E-03  3.851670381E+00 
        94  9.937504306E-03 -9.937498719E-03  6.562000141E-03  1.558697863E+00 
        95  1.006250456E-02 -1.006249897E-02  6.562000141E-03  1.677841391E+00 
        96  1.018750481E-02 -1.018749923E-02  6.562000141E-03  1.672689727E+00 
        97  1.031250414E-02 -1.031249855E-02  6.562000141E-03  1.605506547E+00 
        98  1.043750439E-02 -1.043749880E-02  6.562000141E-03  1.579928640E+00 
        99  1.056250464E-02 -1.056249905E-02  6.562000141E-03  1.493992144E+00 
       100  1.068750396E-02 -1.068749931E-02  6.562000141E-03  1.457546676E+00 
       101  1.081250422E-02 -1.081249863E-02  6.562000141E-03  1.616090731E+00 
       102  1.093750447E-02 -1.093749888E-02  6.562000141E-03  1.625075460E+00 
       103  1.106250472E-02 -1.106249914E-02  6.562000141E-03  1.680414685E+00 
       104  1.118750405E-02 -1.118749939E-02  6.562000141E-03  1.862616494E+00 
       105  1.131250430E-02 -1.131249871E-02  6.562000141E-03  2.133214275E+00 
       106  1.143750455E-02 -1.143749896E-02  6.562000141E-03  2.384070961E+00 
       107  1.156250387E-02 -1.156249922E-02  6.562000141E-03  2.599605237E+00 
       108  1.168750413E-02 -1.168749947E-02  6.562000141E-03  2.807583806E+00 
       109  1.181250438E-02 -1.181249879E-02  6.562000141E-03  3.029703792E+00 
       110  1.193750463E-02 -1.193749905E-02  6.562000141E-03  3.223869416E+00 
       111  1.206250396E-02 -1.206249930E-02  6.562000141E-03  3.378358685E+00 
       112  1.218750421E-02 -1.218749955E-02  6.562000141E-03  3.521743545E+00 
       113  1.231250446E-02 -1.231249887E-02  6.562000141E-03  3.631968423E+00 
       114  1.243750378E-02 -1.243749913E-02  6.562000141E-03  3.701570489E+00 
       115  1.256250404E-02 -1.256249938E-02  6.562000141E-03  3.792454440E+00 
       116  1.268750429E-02 -1.268749963E-02  6.562000141E-03  3.899301451E+00 
       117  1.281250454E-02 -1.281249896E-02  6.562000141E-03  3.988263118E+00 
       118  1.293750387E-02 -1.293749921E-02  6.562000141E-03  3.987134760E+00 
       119  1.306250412E-02 -1.306249946E-02  6.562000141E-03  3.904403983E+00 
       120  1.318750437E-02 -1.318749972E-02  6.562000141E-03  3.977297708E+00 
       121  1.331250370E-02 -1.331249904E-02  6.562000141E-03  4.082528169E+00 
       122  1.343750395E-02 -1.343749929E-02  6.562000141E-03  4.087185117E+00 
       123  1.356250420E-02 -1.356249955E-02  6.562000141E-03  3.961190530E+00 
       124  2.052607387E-02 -2.052607387E-02  6.562000141E-03  5.312591365E+00 
       125  2.059807256E-02 -2.059807256E-02  6.562000141E-03  5.430693940E+00 
       126  2.067007311E-02 -2.067007311E-02  6.562000141E-03  5.489385312E+00 
       127  2.074207366E-02 -2.074207366E-02  6.562000141E-03  5.547682191E+00 
       128  2.081407420E-02 -2.081407420E-02  6.562000141E-03  5.505770444E+00 
       129  2.088592015E-02 -2.088592015E-02  6.562000141E-03  5.480482973E+00 
       130  2.093681321E-02 -2.093681321E-02  6.562000606E-03  5.370191281E+00 
       131  2.101956122E-02 -2.101956122E-02  6.562000606E-03  5.409884944E+00 
       132  2.107902244E-02 -2.107902244E-02  6.562000606E-03  5.460389096E+00 
       133  2.110386454E-02 -2.110386454E-02  6.562000606E-03  5.460917996E+00 
       134  2.112595551E-02 -2.112595551E-02  6.562000606E-03  5.268920861E+00 
       135  2.114437334E-02 -2.114437334E-02  6.562000606E-03  4.787796365E+00 
       136  2.115972713E-02 -2.115972713E-02  6.562000606E-03  4.075747486E+00 
       137  2.117252536E-02 -2.117252536E-02  6.562000141E-03  3.275453542E+00 
       138  2.118319459E-02 -2.118319459E-02  6.562000141E-03  2.496032397E+00 
       139  2.119208500E-02 -2.119208500E-02  6.562000141E-03  1.792259388E+00 
       140  2.119949646E-02 -2.119949646E-02  6.562000141E-03  1.181203139E+00 
       141  2.120567486E-02 -2.120567486E-02  6.562000141E-03  6.604938776E-01 
       142  2.121082321E-02 -2.121082321E-02  6.562000141E-03  2.204663835E-01 
       143  2.038207278E-02 -2.038207278E-02  6.562000141E-03  5.246003240E+00 
       144  1.899245940E-02 -1.899245940E-02  6.562000606E-03  5.210226614E+00 
       145  1.905349456E-02 -1.905349456E-02  6.562000606E-03  5.132423823E+00 
       146  1.914011873E-02 -1.914011873E-02  6.562000141E-03  5.118027015E+00 
       147  1.923859492E-02 -1.923859492E-02  6.562000141E-03  5.085004490E+00 
       148  1.930207387E-02 -1.930207387E-02  6.562000141E-03  5.037899921E+00 
       149  1.937407255E-02 -1.937407255E-02  6.562000141E-03  5.060523496E+00 
       150  1.944607310E-02 -1.944607310E-02  6.562000141E-03  5.062554703E+00 
       151  1.951807365E-02 -1.951807365E-02  6.562000141E-03  5.094511830E+00 
       152  1.959007420E-02 -1.959007420E-02  6.562000141E-03  5.143313320E+00 
       153  1.966207288E-02 -1.966207288E-02  6.562000141E-03  5.164951242E+00 
       154  1.973407343E-02 -1.973407343E-02  6.562000141E-03  5.198550613E+00 
       155  1.980607398E-02 -1.980607398E-02  6.562000141E-03  5.199754499E+00 
       156  1.987807453E-02 -1.987807453E-02  6.562000141E-03  5.213661445E+00 
       157  1.995007321E-02 -1.995007321E-02  6.562000141E-03  5.222055242E+00 
       158  2.002207376E-02 -2.002207376E-02  6.562000141E-03  5.213131090E+00 
       159  2.009407431E-02 -2.009407431E-02  6.562000141E-03  5.229517392E+00 
       160  2.016607299E-02 -2.016607299E-02  6.562000141E-03  5.188813814E+00 
       161  2.023807354E-02 -2.023807354E-02  6.562000141E-03  5.231432553E+00 
       162  2.031007409E-02 -2.031007409E-02  6.562000141E-03  5.186369374E+00 
       163  2.045407332E-02 -2.045407332E-02  6.562000141E-03  5.216954184E+00 
       164  1.895486377E-02 -1.895486377E-02  6.562000606E-03  5.296151359E+00 
       165  1.889867149E-02 -1.889867149E-02  6.562000606E-03  5.222914095E+00 
       166  1.880285516E-02 -1.880285330E-02  6.562000141E-03  5.094244034E+00 
       167  1.868750341E-02 -1.868749969E-02  6.562000141E-03  4.996879443E+00 
       168  1.856250316E-02 -1.856249943E-02  6.562000141E-03  5.015117401E+00 
       169  1.843750291E-02 -1.843749918E-02  6.562000141E-03  5.112287826E+00 
       170  1.831250265E-02 -1.831249893E-02  6.562000141E-03  5.191814254E+00 
       171  1.818750426E-02 -1.818749867E-02  6.562000141E-03  5.234013566E+00 
       172  1.806250401E-02 -1.806250028E-02  6.562000141E-03  5.230216466E+00 
       173  1.793750376E-02 -1.793750003E-02  6.562000141E-03  5.217712729E+00 
       174  1.781250350E-02 -1.781249978E-02  6.562000141E-03  5.231679920E+00 
       175  1.768750325E-02 -1.768749952E-02  6.562000141E-03  5.279659440E+00 
       176  1.756250300E-02 -1.756249927E-02  6.562000141E-03  5.296024952E+00 
       177  1.743750274E-02 -1.743749902E-02  6.562000141E-03  5.203084207E+00 
       178  1.731250435E-02 -1.731249876E-02  6.562000141E-03  5.056503899E+00 
       179  1.718750410E-02 -1.718749851E-02  6.562000141E-03  5.007422152E+00 
       180  1.706250384E-02 -1.706250012E-02  6.562000141E-03  5.002141389E+00 
       181  1.693750359E-02 -1.693749987E-02  6.562000141E-03  4.953914469E+00 
