cellnumber     x-coordinate     y-coordinate     z-coordinate velocity-magnitude 
         1  2.830350772E-03 -2.830350772E-03  6.562000141E-03  1.043782198E+00 
         2  2.835454186E-03 -2.835454186E-03  6.562000141E-03  1.037327928E+00 
         3  2.841583686E-03 -2.841583686E-03  6.562000606E-03  1.027718302E+00 
         4  2.848947421E-03 -2.848947421E-03  6.562000141E-03  1.014045872E+00 
         5  2.857794985E-03 -2.857794985E-03  6.562000141E-03  9.955210050E-01 
         6  2.868429292E-03 -2.868429292E-03  6.561999675E-03  9.713226853E-01 
         7  2.881214023E-03 -2.881214023E-03  6.562000141E-03  9.404915835E-01 
         8  2.896590624E-03 -2.896590624E-03  6.562000141E-03  9.037506254E-01 
         9  2.915092744E-03 -2.915092744E-03  6.562000606E-03  8.603093387E-01 
        10  2.937367884E-03 -2.937367884E-03  6.562000141E-03  8.207563268E-01 
        11  2.973292721E-03 -2.973292721E-03  6.562000141E-03  7.584810540E-01 
        12  3.061022842E-03 -3.061021678E-03  6.562000141E-03  8.704398233E-01 
        13  3.187497612E-03 -3.187495051E-03  6.562000141E-03  1.306181824E+00 
        14  3.312497400E-03 -3.312495071E-03  6.562000141E-03  1.835870684E+00 
        15  3.437497420E-03 -3.437495092E-03  6.562000141E-03  2.185161791E+00 
        16  3.562497441E-03 -3.562495112E-03  6.562000141E-03  2.240838128E+00 
        17  3.687497461E-03 -3.687495133E-03  6.562000141E-03  2.169968903E+00 
        18  3.812497482E-03 -3.812495153E-03  6.562000141E-03  2.140689712E+00 
        19  3.937497269E-03 -3.937494941E-03  6.562000141E-03  2.119628008E+00 
        20  4.062497523E-03 -4.062495194E-03  6.562000141E-03  1.933632275E+00 
        21  4.187497310E-03 -4.187495448E-03  6.562000141E-03  1.543520506E+00 
        22  4.312497564E-03 -4.312495235E-03  6.562000141E-03  1.294239197E+00 
        23  4.437497351E-03 -4.437495489E-03  6.562000141E-03  1.288997773E+00 
        24  4.562497605E-03 -4.562495276E-03  6.562000141E-03  1.325874183E+00 
        25  6.062497385E-03 -6.062495522E-03  6.562000141E-03  1.045163180E+00 
        26  6.187497173E-03 -6.187495310E-03  6.562000141E-03  9.682079387E-01 
        27  6.312497426E-03 -6.312495563E-03  6.562000141E-03  9.923615136E-01 
        28  6.437497213E-03 -6.437495351E-03  6.562000141E-03  1.118391504E+00 
        29  6.562497467E-03 -6.562495604E-03  6.562000141E-03  1.356454191E+00 
        30  6.687497254E-03 -6.687495392E-03  6.562000141E-03  1.594138437E+00 
        31  6.812497042E-03 -6.812495645E-03  6.562000141E-03  1.751246777E+00 
        32  6.937497295E-03 -6.937495433E-03  6.562000141E-03  1.847520837E+00 
        33  7.062497083E-03 -7.062495686E-03  6.562000141E-03  1.903576673E+00 
        34  7.187497336E-03 -7.187495474E-03  6.562000141E-03  1.918324883E+00 
        35  7.312497124E-03 -7.312495727E-03  6.562000141E-03  1.895655449E+00 
        36  7.437497377E-03 -7.437495515E-03  6.562000141E-03  1.832314582E+00 
        37  7.562497165E-03 -7.562495768E-03  6.562000141E-03  1.692399863E+00 
        38  7.687496953E-03 -7.687495556E-03  6.562000141E-03  1.481498609E+00 
        39  7.812497206E-03 -7.812495809E-03  6.562000141E-03  1.295703380E+00 
        40  7.937497459E-03 -7.937495597E-03  6.562000141E-03  1.170949103E+00 
        41  8.062496781E-03 -8.062495850E-03  6.562000141E-03  1.202330944E+00 
        42  8.187497035E-03 -8.187496103E-03  6.562000141E-03  1.568291078E+00 
        43  8.312497288E-03 -8.312495425E-03  6.562000141E-03  1.652391987E+00 
        44  8.437497541E-03 -8.437495679E-03  6.562000141E-03  1.565076381E+00 
        45  8.562496863E-03 -8.562495932E-03  6.562000141E-03  1.381553660E+00 
        46  8.687497117E-03 -8.687495254E-03  6.562000141E-03  1.157132862E+00 
        47  8.812497370E-03 -8.812495507E-03  6.562000141E-03  1.099151776E+00 
        48  8.937496692E-03 -8.937495761E-03  6.562000141E-03  1.236167542E+00 
        49  9.062496945E-03 -9.062496014E-03  6.562000141E-03  1.434615324E+00 
        50  9.187497199E-03 -9.187495336E-03  6.562000141E-03  1.563369115E+00 
        51  9.312497452E-03 -9.312495589E-03  6.562000141E-03  1.624301579E+00 
        52  9.437496774E-03 -9.437495843E-03  6.562000141E-03  1.740800454E+00 
        53  9.562497027E-03 -9.562496096E-03  6.562000141E-03  2.017703684E+00 
        54  9.687497281E-03 -9.687495418E-03  6.562000141E-03  2.227859411E+00 
        55  9.812496603E-03 -9.812495671E-03  6.562000141E-03  2.389732490E+00 
        56  9.937496856E-03 -9.937495925E-03  6.562000141E-03  2.492507817E+00 
        57  1.006249711E-02 -1.006249618E-02  6.562000141E-03  2.182914938E+00 
        58  1.018749736E-02 -1.018749550E-02  6.562000141E-03  2.048412926E+00 
        59  1.031249668E-02 -1.031249575E-02  6.562000141E-03  2.514873999E+00 
        60  1.043749694E-02 -1.043749601E-02  6.562000141E-03  2.719915516E+00 
        61  1.056249719E-02 -1.056249626E-02  6.562000141E-03  2.827573282E+00 
        62  1.068749651E-02 -1.068749558E-02  6.562000141E-03  2.946310695E+00 
        63  1.081249677E-02 -1.081249584E-02  6.562000141E-03  3.064397912E+00 
        64  1.093749702E-02 -1.093749609E-02  6.562000141E-03  3.141060985E+00 
        65  1.106249727E-02 -1.106249634E-02  6.562000141E-03  3.232570192E+00 
        66  5.937497132E-03 -5.937495269E-03  6.562000141E-03  1.126510537E+00 
        67  5.812497344E-03 -5.812495481E-03  6.562000141E-03  1.126719966E+00 
        68  5.687497556E-03 -5.687495228E-03  6.562000141E-03  1.133199167E+00 
        69  5.562497303E-03 -5.562495440E-03  6.562000141E-03  1.145169087E+00 
        70  5.437497515E-03 -5.437495187E-03  6.562000141E-03  1.132466900E+00 
        71  5.312497262E-03 -5.312495399E-03  6.562000141E-03  1.126329893E+00 
        72  5.187497474E-03 -5.187495146E-03  6.562000141E-03  1.228424233E+00 
        73  5.062497221E-03 -5.062495358E-03  6.562000141E-03  1.379016191E+00 
        74  4.937497433E-03 -4.937495105E-03  6.562000141E-03  1.562695211E+00 
        75  4.812497646E-03 -4.812495317E-03  6.562000141E-03  1.609198405E+00 
        76  4.687497392E-03 -4.687495530E-03  6.562000141E-03  1.415172663E+00 
        77  1.818749495E-02 -1.818749681E-02  6.562000141E-03  5.216933531E+00 
        78  1.806249656E-02 -1.806249656E-02  6.562000141E-03  5.164269470E+00 
        79  1.793749630E-02 -1.793749630E-02  6.562000141E-03  5.187855814E+00 
        80  1.781249605E-02 -1.781249605E-02  6.562000141E-03  5.231703887E+00 
        81  1.768749580E-02 -1.768749580E-02  6.562000141E-03  5.232853096E+00 
        82  1.756249554E-02 -1.756249554E-02  6.562000141E-03  5.197819737E+00 
        83  1.743749529E-02 -1.743749715E-02  6.562000141E-03  5.143624314E+00 
        84  1.731249504E-02 -1.731249690E-02  6.562000141E-03  5.097952950E+00 
        85  1.718749665E-02 -1.718749665E-02  6.562000141E-03  5.067546604E+00 
        86  1.706249639E-02 -1.706249639E-02  6.562000141E-03  5.031279669E+00 
        87  1.693749614E-02 -1.693749614E-02  6.562000141E-03  4.986661719E+00 
        88  1.681249589E-02 -1.681249589E-02  6.562000141E-03  4.934844616E+00 
        89  1.668749563E-02 -1.668749563E-02  6.562000141E-03  4.871258638E+00 
        90  1.656249538E-02 -1.656249538E-02  6.562000141E-03  4.764211531E+00 
        91  1.643749513E-02 -1.643749699E-02  6.562000141E-03  4.596035155E+00 
        92  1.631249674E-02 -1.631249674E-02  6.562000141E-03  4.419999516E+00 
        93  1.618749648E-02 -1.618749648E-02  6.562000141E-03  4.279347343E+00 
        94  1.606249623E-02 -1.606249623E-02  6.562000141E-03  4.180087124E+00 
        95  1.593749598E-02 -1.593749598E-02  6.562000141E-03  4.155605027E+00 
        96  1.581249572E-02 -1.581249572E-02  6.562000141E-03  4.155614708E+00 
        97  1.568749547E-02 -1.568749547E-02  6.562000141E-03  4.190287434E+00 
        98  1.556249615E-02 -1.556249615E-02  6.562000141E-03  4.236411127E+00 
        99  1.543749683E-02 -1.543749683E-02  6.562000141E-03  4.230256827E+00 
       100  1.531249657E-02 -1.531249657E-02  6.562000141E-03  4.184084147E+00 
       101  1.518749632E-02 -1.518749632E-02  6.562000141E-03  4.168231789E+00 
       102  1.506249607E-02 -1.506249607E-02  6.562000141E-03  4.251399049E+00 
       103  1.493749674E-02 -1.493749674E-02  6.562000141E-03  4.338536701E+00 
       104  1.481249649E-02 -1.481249649E-02  6.562000141E-03  4.350845385E+00 
       105  1.468749624E-02 -1.468749624E-02  6.562000141E-03  4.454222649E+00 
       106  1.456249692E-02 -1.456249598E-02  6.562000141E-03  4.544213715E+00 
       107  1.443749666E-02 -1.443749666E-02  6.562000141E-03  4.532140180E+00 
       108  1.431249641E-02 -1.431249641E-02  6.562000141E-03  4.452179656E+00 
       109  1.418749616E-02 -1.418749616E-02  6.562000141E-03  4.376800049E+00 
       110  1.406249683E-02 -1.406249590E-02  6.562000141E-03  4.319561175E+00 
       111  1.393749658E-02 -1.393749658E-02  6.562000141E-03  4.297265771E+00 
       112  1.381249633E-02 -1.381249633E-02  6.562000141E-03  4.307703508E+00 
       113  1.368749700E-02 -1.368749607E-02  6.562000141E-03  4.341963968E+00 
       114  1.356249675E-02 -1.356249582E-02  6.562000141E-03  4.317535993E+00 
       115  1.343749650E-02 -1.343749650E-02  6.562000141E-03  4.170506966E+00 
       116  1.331249624E-02 -1.331249624E-02  6.562000141E-03  3.952099351E+00 
       117  1.318749692E-02 -1.318749599E-02  6.562000141E-03  3.674711888E+00 
       118  1.306249667E-02 -1.306249574E-02  6.562000141E-03  3.447669016E+00 
       119  1.293749642E-02 -1.293749642E-02  6.562000141E-03  3.381844690E+00 
       120  1.281249709E-02 -1.281249616E-02  6.562000141E-03  3.365347051E+00 
       121  1.268749684E-02 -1.268749591E-02  6.562000141E-03  3.401125327E+00 
       122  1.256249659E-02 -1.256249566E-02  6.562000141E-03  3.455004158E+00 
       123  1.243749633E-02 -1.243749633E-02  6.562000141E-03  3.537711446E+00 
       124  1.231249701E-02 -1.231249608E-02  6.562000141E-03  3.709052186E+00 
       125  1.218749676E-02 -1.218749583E-02  6.562000141E-03  3.713317478E+00 
       126  1.206249651E-02 -1.206249651E-02  6.562000141E-03  3.407815158E+00 
       127  1.193749718E-02 -1.193749625E-02  6.562000141E-03  3.195712024E+00 
       128  1.181249693E-02 -1.181249600E-02  6.562000141E-03  3.308530592E+00 
       129  1.168749668E-02 -1.168749575E-02  6.562000141E-03  3.371294848E+00 
       130  1.156249642E-02 -1.156249642E-02  6.562000141E-03  3.356267178E+00 
       131  1.143749710E-02 -1.143749617E-02  6.562000141E-03  3.440746966E+00 
       132  1.131249685E-02 -1.131249592E-02  6.562000141E-03  3.447856213E+00 
       133  1.118749660E-02 -1.118749566E-02  6.562000141E-03  3.357684590E+00 
       134  2.052607387E-02 -2.052607387E-02  6.562000141E-03  4.605510815E+00 
       135  2.059807256E-02 -2.059807256E-02  6.562000141E-03  4.736405210E+00 
       136  2.067007311E-02 -2.067007311E-02  6.562000141E-03  4.842538252E+00 
       137  2.074207366E-02 -2.074207366E-02  6.562000141E-03  5.011136070E+00 
       138  2.081407420E-02 -2.081407420E-02  6.562000141E-03  4.908993622E+00 
       139  2.088592015E-02 -2.088592015E-02  6.562000141E-03  4.890164851E+00 
       140  2.093681321E-02 -2.093681321E-02  6.562000606E-03  4.787969197E+00 
       141  2.101956122E-02 -2.101956122E-02  6.562000606E-03  4.832925717E+00 
       142  2.107902244E-02 -2.107902244E-02  6.562000606E-03  4.869755417E+00 
       143  2.110386454E-02 -2.110386454E-02  6.562000606E-03  4.730852572E+00 
       144  2.112595551E-02 -2.112595551E-02  6.562000606E-03  4.441622926E+00 
       145  2.114437334E-02 -2.114437334E-02  6.562000606E-03  3.985964231E+00 
       146  2.115972713E-02 -2.115972713E-02  6.562000606E-03  3.410509549E+00 
       147  2.117252536E-02 -2.117252536E-02  6.562000141E-03  2.779047453E+00 
       148  2.118319459E-02 -2.118319459E-02  6.562000141E-03  2.149752091E+00 
       149  2.119208500E-02 -2.119208500E-02  6.562000141E-03  1.562202330E+00 
       150  2.119949646E-02 -2.119949646E-02  6.562000141E-03  1.037611531E+00 
       151  2.120567486E-02 -2.120567486E-02  6.562000141E-03  5.823942472E-01 
       152  2.121082321E-02 -2.121082321E-02  6.562000141E-03  1.944176155E-01 
       153  2.038207278E-02 -2.038207278E-02  6.562000141E-03  4.768943363E+00 
       154  1.895096339E-02 -1.895096339E-02  6.562000141E-03  5.691725539E+00 
       155  1.890101843E-02 -1.890101843E-02  6.562000141E-03  5.650219729E+00 
       156  1.880909875E-02 -1.880909875E-02  6.562000606E-03  5.721153446E+00 
       157  1.868749596E-02 -1.868749596E-02  6.562000141E-03  5.720540318E+00 
       158  1.856249571E-02 -1.856249571E-02  6.562000141E-03  5.573385366E+00 
       159  1.843749546E-02 -1.843749732E-02  6.562000141E-03  5.423556011E+00 
       160  1.831249520E-02 -1.831249706E-02  6.562000141E-03  5.314411733E+00 
       161  1.899245940E-02 -1.899245940E-02  6.562000606E-03  5.582039894E+00 
       162  1.905349456E-02 -1.905349456E-02  6.562000606E-03  5.584260080E+00 
       163  1.914011873E-02 -1.914011873E-02  6.562000141E-03  5.482590831E+00 
       164  1.923859492E-02 -1.923859492E-02  6.562000141E-03  5.337893016E+00 
       165  1.930207387E-02 -1.930207387E-02  6.562000141E-03  5.213920506E+00 
       166  1.937407255E-02 -1.937407255E-02  6.562000141E-03  5.098980527E+00 
       167  1.944607310E-02 -1.944607310E-02  6.562000141E-03  5.000388075E+00 
       168  1.951807365E-02 -1.951807365E-02  6.562000141E-03  4.858006725E+00 
       169  1.959007420E-02 -1.959007420E-02  6.562000141E-03  4.906745500E+00 
       170  1.966207288E-02 -1.966207288E-02  6.562000141E-03  4.829989788E+00 
       171  1.973407343E-02 -1.973407343E-02  6.562000141E-03  4.979670179E+00 
       172  1.980607398E-02 -1.980607398E-02  6.562000141E-03  4.910510637E+00 
       173  1.987807453E-02 -1.987807453E-02  6.562000141E-03  5.060884568E+00 
       174  1.995007321E-02 -1.995007321E-02  6.562000141E-03  4.962556975E+00 
       175  2.002207376E-02 -2.002207376E-02  6.562000141E-03  5.059962609E+00 
       176  2.009407431E-02 -2.009407431E-02  6.562000141E-03  4.996454902E+00 
       177  2.016607299E-02 -2.016607299E-02  6.562000141E-03  4.947626225E+00 
       178  2.023807354E-02 -2.023807354E-02  6.562000141E-03  4.869179798E+00 
       179  2.031007409E-02 -2.031007409E-02  6.562000141E-03  4.817213800E+00 
       180  2.045407332E-02 -2.045407332E-02  6.562000141E-03  4.690430391E+00 
