cellnumber     x-coordinate     y-coordinate     z-coordinate velocity-magnitude 
         1  2.999999933E-02 -2.401195839E-02  6.562000606E-03  7.596066600E-01 
         2  2.999999933E-02 -2.404091880E-02  6.562000141E-03  8.504837423E-01 
         3  2.999999933E-02 -2.412424795E-02  6.562000141E-03  1.745318111E+00 
         4  2.999999933E-02 -2.420346625E-02  6.562000141E-03  2.262719442E+00 
         5  2.999999933E-02 -2.429169975E-02  6.562000141E-03  1.589590449E+00 
         6  2.999999933E-02 -2.442904375E-02  6.562000141E-03  1.955752621E+00 
         7  2.999999933E-02 -2.457304299E-02  6.562000141E-03  2.568340591E+00 
         8  2.999999933E-02 -2.471704409E-02  6.562000141E-03  2.112849926E+00 
         9  2.999999933E-02 -2.486104332E-02  6.562000141E-03  1.941647610E+00 
        10  2.999999933E-02 -2.500504255E-02  6.562000141E-03  1.840382090E+00 
        11  2.999999933E-02 -2.514904365E-02  6.562000141E-03  1.701032989E+00 
        12  2.999999933E-02 -2.529304288E-02  6.562000141E-03  1.733277214E+00 
        13  2.999999933E-02 -2.543704398E-02  6.562000141E-03  2.079394435E+00 
        14  2.999999933E-02 -2.558104321E-02  6.562000141E-03  3.063253270E+00 
        15  2.999999933E-02 -2.572504245E-02  6.562000141E-03  4.471607578E+00 
        16  2.999999933E-02 -2.586904354E-02  6.562000141E-03  4.542356897E+00 
        17  2.999999933E-02 -2.601304278E-02  6.562000141E-03  3.944792535E+00 
        18  2.999999933E-02 -2.615704387E-02  6.562000141E-03  3.455381259E+00 
        19  2.999999933E-02 -2.630104311E-02  6.562000141E-03  3.764661595E+00 
        20  2.999999933E-02 -2.644504420E-02  6.562000141E-03  4.245970131E+00 
        21  2.999999933E-02 -2.658904344E-02  6.562000141E-03  4.409114904E+00 
        22  2.999999933E-02 -2.673304267E-02  6.562000141E-03  4.471318769E+00 
        23  2.999999933E-02 -2.687704377E-02  6.562000141E-03  4.565166103E+00 
        24  2.999999933E-02 -2.702104300E-02  6.562000141E-03  4.697510185E+00 
        25  2.999999933E-02 -2.716504410E-02  6.562000141E-03  4.809699579E+00 
        26  2.999999933E-02 -2.730904333E-02  6.562000141E-03  4.953325266E+00 
        27  2.999999933E-02 -2.745304257E-02  6.562000141E-03  5.279392080E+00 
        28  2.999999933E-02 -2.759704366E-02  6.562000141E-03  5.600956102E+00 
        29  2.999999933E-02 -2.774104290E-02  6.562000141E-03  5.691059399E+00 
        30  2.999999933E-02 -2.788504399E-02  6.562000141E-03  5.742037586E+00 
        31  2.999999933E-02 -2.802904323E-02  6.562000141E-03  5.817629009E+00 
        32  2.999999933E-02 -2.817304246E-02  6.562000141E-03  5.825098700E+00 
        33  2.999999933E-02 -2.831704356E-02  6.562000141E-03  5.882982935E+00 
        34  2.999999933E-02 -2.846104279E-02  6.562000141E-03  5.839121367E+00 
        35  2.999999933E-02 -2.860504389E-02  6.562000141E-03  5.693826942E+00 
        36  2.999999933E-02 -2.874904312E-02  6.562000141E-03  5.558070912E+00 
        37  2.999999933E-02 -2.889304422E-02  6.562000141E-03  5.505325702E+00 
        38  2.999999933E-02 -2.903704345E-02  6.562000141E-03  5.554061731E+00 
        39  2.999999933E-02 -2.918104269E-02  6.562000141E-03  5.411194982E+00 
        40  2.999999933E-02 -2.932504378E-02  6.562000141E-03  5.145227970E+00 
        41  2.999999933E-02 -2.946904302E-02  6.562000141E-03  4.930088345E+00 
        42  2.999999933E-02 -2.961304411E-02  6.562000141E-03  5.221202394E+00 
        43  2.999999933E-02 -2.975704335E-02  6.562000141E-03  5.558062260E+00 
        44  2.999999933E-02 -2.990104258E-02  6.562000141E-03  5.467167099E+00 
        45  2.999999933E-02 -3.004504368E-02  6.562000141E-03  4.500441042E+00 
        46  2.999999933E-02 -3.018904291E-02  6.562000141E-03  2.975743122E+00 
        47  2.999999933E-02 -3.033304401E-02  6.562000141E-03  2.185697784E+00 
        48  2.999999933E-02 -3.047704324E-02  6.562000141E-03  2.237723325E+00 
        49  2.999999933E-02 -3.062104248E-02  6.562000141E-03  2.383852746E+00 
        50  2.999999933E-02 -3.076504357E-02  6.562000141E-03  1.975831545E+00 
        51  2.999999933E-02 -3.090904281E-02  6.562000141E-03  1.351568541E+00 
        52  2.999999933E-02 -3.105304390E-02  6.562000141E-03  1.407633893E+00 
        53  2.999999933E-02 -3.119704314E-02  6.562000141E-03  1.369503427E+00 
        54  2.999999933E-02 -3.133584931E-02  6.562000141E-03  1.318182355E+00 
        55  2.999999933E-02 -3.145632520E-02  6.562000141E-03  1.749199394E+00 
