cellnumber     x-coordinate     y-coordinate     z-coordinate velocity-magnitude 
         1  2.999999933E-02 -2.401195839E-02  6.562000606E-03  2.462036333E+00 
         2  2.999999933E-02 -2.404091880E-02  6.562000141E-03  3.158233778E+00 
         3  3.000000119E-02 -2.412424982E-02  6.562000606E-03  3.362160550E+00 
         4  2.999999933E-02 -2.420346625E-02  6.562000606E-03  2.892166092E+00 
         5  2.999999933E-02 -2.429169975E-02  6.562000141E-03  4.104889691E+00 
         6  2.999999933E-02 -2.442904375E-02  6.562000141E-03  4.754918968E+00 
         7  2.999999933E-02 -2.457304299E-02  6.562000141E-03  3.343164615E+00 
         8  2.999999933E-02 -2.471704409E-02  6.562000141E-03  2.758282552E+00 
         9  2.999999933E-02 -2.486104332E-02  6.562000141E-03  3.126270208E+00 
        10  2.999999933E-02 -2.500504255E-02  6.562000141E-03  3.236663156E+00 
        11  2.999999933E-02 -2.514904365E-02  6.562000141E-03  3.559660555E+00 
        12  2.999999933E-02 -2.529304288E-02  6.562000141E-03  4.097079816E+00 
        13  2.999999933E-02 -2.543704398E-02  6.562000141E-03  5.771146973E+00 
        14  2.999999933E-02 -2.558104321E-02  6.562000141E-03  6.542552603E+00 
        15  2.999999933E-02 -2.572504245E-02  6.562000141E-03  6.848501246E+00 
        16  2.999999933E-02 -2.586904354E-02  6.562000141E-03  6.873262746E+00 
        17  2.999999933E-02 -2.601304278E-02  6.562000141E-03  7.341258772E+00 
        18  2.999999933E-02 -2.615704387E-02  6.562000141E-03  7.860416841E+00 
        19  2.999999933E-02 -2.630104311E-02  6.562000141E-03  7.625027448E+00 
        20  2.999999933E-02 -2.644504420E-02  6.562000141E-03  7.591940046E+00 
        21  2.999999933E-02 -2.658904344E-02  6.562000141E-03  7.361539412E+00 
        22  2.999999933E-02 -2.673304267E-02  6.562000141E-03  7.029654601E+00 
        23  2.999999933E-02 -2.687704377E-02  6.562000141E-03  6.996385356E+00 
        24  2.999999933E-02 -2.702104300E-02  6.562000141E-03  6.950105793E+00 
        25  2.999999933E-02 -2.716504410E-02  6.562000141E-03  6.387044470E+00 
        26  2.999999933E-02 -2.730904333E-02  6.562000141E-03  5.787765998E+00 
        27  2.999999933E-02 -2.745304257E-02  6.562000141E-03  5.214537671E+00 
        28  2.999999933E-02 -3.145632893E-02  6.562000141E-03  8.728690820E-01 
        29  2.999999933E-02 -3.133584931E-02  6.562000141E-03  4.124703353E-01 
        30  2.999999933E-02 -3.119704314E-02  6.562000141E-03  4.511347620E-01 
        31  2.999999933E-02 -3.105304390E-02  6.562000141E-03  6.777986809E-01 
        32  2.999999933E-02 -3.090904281E-02  6.562000141E-03  7.254253194E-01 
        33  2.999999933E-02 -3.076504357E-02  6.562000141E-03  5.939271561E-01 
        34  2.999999933E-02 -3.062104248E-02  6.562000141E-03  8.272710629E-01 
        35  2.999999933E-02 -3.047704324E-02  6.562000141E-03  1.160993628E+00 
        36  2.999999933E-02 -3.033304401E-02  6.562000141E-03  1.317314316E+00 
        37  2.999999933E-02 -3.018904291E-02  6.562000141E-03  1.363523093E+00 
        38  2.999999933E-02 -3.004504368E-02  6.562000141E-03  1.523496846E+00 
        39  2.999999933E-02 -2.990104258E-02  6.562000141E-03  1.662279894E+00 
        40  2.999999933E-02 -2.975704335E-02  6.562000141E-03  1.769090860E+00 
        41  2.999999933E-02 -2.961304411E-02  6.562000141E-03  1.814060033E+00 
        42  2.999999933E-02 -2.946904302E-02  6.562000141E-03  1.893812806E+00 
        43  2.999999933E-02 -2.932504378E-02  6.562000141E-03  1.853765066E+00 
        44  2.999999933E-02 -2.918104269E-02  6.562000141E-03  2.589733675E+00 
        45  2.999999933E-02 -2.903704345E-02  6.562000141E-03  2.632984138E+00 
        46  2.999999933E-02 -2.889304422E-02  6.562000141E-03  2.594608264E+00 
        47  2.999999933E-02 -2.874904312E-02  6.562000141E-03  2.785138293E+00 
        48  2.999999933E-02 -2.860504389E-02  6.562000141E-03  2.597919086E+00 
        49  2.999999933E-02 -2.846104279E-02  6.562000141E-03  2.994456506E+00 
        50  2.999999933E-02 -2.831704356E-02  6.562000141E-03  3.628651963E+00 
        51  2.999999933E-02 -2.817304246E-02  6.562000141E-03  4.019026957E+00 
        52  2.999999933E-02 -2.802904323E-02  6.562000141E-03  4.205945722E+00 
        53  2.999999933E-02 -2.788504399E-02  6.562000141E-03  4.337973864E+00 
        54  2.999999933E-02 -2.774104290E-02  6.562000141E-03  4.506112395E+00 
        55  2.999999933E-02 -2.759704366E-02  6.562000141E-03  4.753685812E+00 
