cellnumber     x-coordinate     y-coordinate     z-coordinate velocity-magnitude 
         1  3.500000015E-02 -2.296095528E-02  6.562000141E-03  8.565519502E-02 
         2  3.500000015E-02 -2.296585403E-02  6.562000141E-03  2.441576327E-01 
         3  3.500000015E-02 -2.297452837E-02  6.562000141E-03  4.154320994E-01 
         4  3.499999642E-02 -2.298492752E-02  6.562000141E-03  5.964680363E-01 
         5  3.499999642E-02 -2.299739420E-02  6.562000141E-03  7.841195702E-01 
         6  3.500000015E-02 -2.301233262E-02  6.562000141E-03  9.762409829E-01 
         7  3.500000015E-02 -2.303021587E-02  6.561999675E-03  1.173184341E+00 
         8  3.500000015E-02 -2.305160835E-02  6.562000141E-03  1.376110622E+00 
         9  3.500000015E-02 -2.307719551E-02  6.561999675E-03  1.556817687E+00 
        10  3.500000015E-02 -2.310776524E-02  6.561999675E-03  1.681169861E+00 
        11  3.500000015E-02 -2.314046025E-02  6.562000141E-03  1.749487819E+00 
        12  3.500000015E-02 -2.320699580E-02  6.562000141E-03  1.705699304E+00 
        13  3.500000015E-02 -2.332915738E-02  6.562000141E-03  1.692647543E+00 
        14  3.500000015E-02 -2.344694175E-02  6.562000141E-03  1.696017365E+00 
        15  3.500000015E-02 -2.356504276E-02  6.562000141E-03  1.701257798E+00 
        16  3.500000015E-02 -2.370904200E-02  6.562000141E-03  1.729679680E+00 
        17  3.500000015E-02 -2.385304309E-02  6.561999675E-03  1.819072463E+00 
        18  3.500000015E-02 -2.399704233E-02  6.561999675E-03  1.913488748E+00 
        19  3.500000015E-02 -2.414104342E-02  6.561999675E-03  1.206764461E+00 
        20  3.500000015E-02 -2.428504266E-02  6.561999675E-03  6.974155523E-01 
        21  3.500000015E-02 -2.442904189E-02  6.561999675E-03  1.208325168E+00 
        22  3.500000015E-02 -2.457304299E-02  6.561999675E-03  1.459704929E+00 
        23  3.500000015E-02 -2.471704222E-02  6.562000141E-03  1.317709137E+00 
        24  3.500000015E-02 -2.486104332E-02  6.562000141E-03  1.594576650E+00 
        25  3.500000015E-02 -2.500504255E-02  6.562000141E-03  2.268711255E+00 
        26  3.500000015E-02 -2.514904365E-02  6.562000141E-03  3.218244179E+00 
        27  3.500000015E-02 -2.529304288E-02  6.562000141E-03  3.540622209E+00 
        28  3.500000015E-02 -2.543704212E-02  6.561999675E-03  4.017954957E+00 
        29  3.500000015E-02 -2.558104321E-02  6.562000141E-03  4.325648922E+00 
        30  3.500000015E-02 -2.572504245E-02  6.562000141E-03  4.570718955E+00 
        31  3.500000015E-02 -2.586904354E-02  6.562000141E-03  5.004819415E+00 
        32  3.500000015E-02 -2.601304278E-02  6.562000141E-03  5.014444514E+00 
        33  3.500000015E-02 -2.615704201E-02  6.561999675E-03  5.065038982E+00 
        34  3.500000015E-02 -2.630104311E-02  6.562000141E-03  5.321204402E+00 
        35  3.500000015E-02 -2.644504234E-02  6.562000141E-03  5.592513424E+00 
        36  3.500000015E-02 -2.658904344E-02  6.562000141E-03  5.637364315E+00 
        37  3.500000015E-02 -2.673304267E-02  6.562000141E-03  5.629860046E+00 
        38  3.500000015E-02 -2.687704191E-02  6.562000141E-03  5.561848102E+00 
        39  3.500000015E-02 -2.702104300E-02  6.562000141E-03  5.577081784E+00 
        40  3.500000015E-02 -2.716504224E-02  6.562000141E-03  5.291659816E+00 
        41  3.500000015E-02 -2.730904333E-02  6.562000141E-03  4.787520183E+00 
        42  3.500000015E-02 -2.745304257E-02  6.562000141E-03  4.354466230E+00 
        43  3.500000015E-02 -2.759704180E-02  6.561999675E-03  4.063334950E+00 
        44  3.500000015E-02 -2.774104290E-02  6.561999675E-03  4.477447561E+00 
        45  3.500000015E-02 -2.788504213E-02  6.561999675E-03  4.744337213E+00 
        46  3.500000015E-02 -2.802904323E-02  6.561999675E-03  4.822698771E+00 
        47  3.500000015E-02 -2.817304246E-02  6.561999675E-03  4.850342013E+00 
        48  3.500000015E-02 -2.831704356E-02  6.561999675E-03  4.752657221E+00 
        49  3.500000015E-02 -2.846104279E-02  6.561999675E-03  4.692988861E+00 
        50  3.500000015E-02 -2.860504203E-02  6.561999675E-03  4.585416260E+00 
        51  3.500000015E-02 -3.232943267E-02  6.562000141E-03  2.206824158E+00 
        52  3.500000015E-02 -3.219095245E-02  6.562000141E-03  2.598465137E+00 
        53  3.500000015E-02 -3.206104040E-02  6.561999675E-03  2.796878952E+00 
        54  3.500000015E-02 -3.191704303E-02  6.561999675E-03  2.812155073E+00 
        55  3.500000015E-02 -3.177304193E-02  6.561999675E-03  2.556500914E+00 
        56  3.500000015E-02 -3.162904084E-02  6.561999675E-03  2.343489040E+00 
        57  3.500000015E-02 -3.148504347E-02  6.561999675E-03  2.129071985E+00 
        58  3.500000015E-02 -3.134104237E-02  6.561999675E-03  1.914518653E+00 
        59  3.500000015E-02 -3.119704314E-02  6.561999675E-03  1.955249030E+00 
        60  3.500000015E-02 -3.105304204E-02  6.561999675E-03  2.297794666E+00 
        61  3.500000015E-02 -3.090904281E-02  6.561999675E-03  2.821068991E+00 
        62  3.500000015E-02 -3.076504171E-02  6.561999675E-03  3.393584236E+00 
        63  3.500000015E-02 -3.062104248E-02  6.561999675E-03  3.966801053E+00 
        64  3.500000015E-02 -3.047704324E-02  6.561999675E-03  3.854095340E+00 
        65  3.500000015E-02 -3.033304214E-02  6.561999675E-03  3.496715935E+00 
        66  3.500000015E-02 -3.018904291E-02  6.561999675E-03  3.714808113E+00 
        67  3.500000015E-02 -3.004504181E-02  6.561999675E-03  4.332236560E+00 
        68  3.500000015E-02 -2.990104258E-02  6.561999675E-03  5.100455666E+00 
        69  3.500000015E-02 -2.975704335E-02  6.561999675E-03  5.911247575E+00 
        70  3.500000015E-02 -2.961304225E-02  6.561999675E-03  6.443027422E+00 
        71  3.500000015E-02 -2.946904302E-02  6.561999675E-03  6.091498409E+00 
        72  3.500000015E-02 -2.932504192E-02  6.561999675E-03  5.240214359E+00 
        73  3.500000015E-02 -2.918104269E-02  6.561999675E-03  4.396343691E+00 
        74  3.500000015E-02 -2.903704345E-02  6.561999675E-03  4.349437733E+00 
        75  3.500000015E-02 -2.889304236E-02  6.561999675E-03  4.399922226E+00 
        76  3.500000015E-02 -2.874904312E-02  6.561999675E-03  4.479709348E+00 
