cellnumber     x-coordinate     y-coordinate     z-coordinate velocity-magnitude 
         1  3.500000015E-02 -2.296095528E-02  6.562000141E-03  5.441833444E-02 
         2  3.500000015E-02 -2.296585403E-02  6.562000141E-03  1.545661609E-01 
         3  3.500000015E-02 -2.297452837E-02  6.562000141E-03  2.605688882E-01 
         4  3.499999642E-02 -2.298492752E-02  6.562000141E-03  3.663821019E-01 
         5  3.499999642E-02 -2.299739420E-02  6.562000141E-03  4.613478627E-01 
         6  3.500000015E-02 -2.301233262E-02  6.562000141E-03  5.306199115E-01 
         7  3.500000015E-02 -2.303021587E-02  6.561999675E-03  5.550976273E-01 
         8  3.500000015E-02 -2.305160835E-02  6.562000141E-03  5.212743111E-01 
         9  3.500000015E-02 -2.307719551E-02  6.561999675E-03  4.241199820E-01 
        10  3.500000015E-02 -2.310776524E-02  6.561999675E-03  2.851494701E-01 
        11  3.500000015E-02 -2.314046025E-02  6.562000141E-03  6.931946164E-02 
        12  3.500000015E-02 -2.320699580E-02  6.562000141E-03  2.253430823E-01 
        13  3.500000015E-02 -2.332915738E-02  6.562000141E-03  4.353890812E-01 
        14  3.500000015E-02 -2.344694175E-02  6.562000141E-03  4.830753526E-01 
        15  3.500000015E-02 -2.356504276E-02  6.562000141E-03  6.349512615E-01 
        16  3.500000015E-02 -2.370904200E-02  6.562000141E-03  5.849793803E-01 
        17  3.500000015E-02 -2.385304309E-02  6.561999675E-03  7.527185106E-01 
        18  3.500000015E-02 -2.399704233E-02  6.561999675E-03  7.755516614E-01 
        19  3.500000015E-02 -2.414104342E-02  6.561999675E-03  9.007998620E-01 
        20  3.500000015E-02 -2.428504266E-02  6.561999675E-03  1.052073079E+00 
        21  3.500000015E-02 -2.442904189E-02  6.561999675E-03  1.137399351E+00 
        22  3.500000015E-02 -2.457304299E-02  6.561999675E-03  1.683198976E+00 
        23  3.500000015E-02 -2.471704222E-02  6.562000141E-03  2.494086327E+00 
        24  3.500000015E-02 -2.486104332E-02  6.562000141E-03  2.094814134E+00 
        25  3.500000015E-02 -2.500504255E-02  6.562000141E-03  9.103697683E-01 
        26  3.500000015E-02 -2.514904365E-02  6.562000141E-03  1.839942687E+00 
        27  3.500000015E-02 -2.529304288E-02  6.562000141E-03  3.588964482E+00 
        28  3.500000015E-02 -2.543704212E-02  6.561999675E-03  4.921121010E+00 
        29  3.500000015E-02 -2.558104321E-02  6.562000141E-03  5.763998330E+00 
        30  3.500000015E-02 -2.572504245E-02  6.562000141E-03  5.713482873E+00 
        31  3.500000015E-02 -2.586904354E-02  6.562000141E-03  5.488632399E+00 
        32  3.500000015E-02 -2.601304278E-02  6.562000141E-03  5.274185261E+00 
        33  3.500000015E-02 -2.615704201E-02  6.561999675E-03  5.242975690E+00 
        34  3.500000015E-02 -2.630104311E-02  6.562000141E-03  6.194510265E+00 
        35  3.500000015E-02 -2.644504234E-02  6.562000141E-03  6.558930069E+00 
        36  3.500000015E-02 -2.658904344E-02  6.562000141E-03  6.403971917E+00 
        37  3.500000015E-02 -2.673304267E-02  6.562000141E-03  5.988382719E+00 
        38  3.500000015E-02 -2.687704191E-02  6.562000141E-03  5.787000975E+00 
        39  3.500000015E-02 -2.702104300E-02  6.562000141E-03  5.974285497E+00 
        40  3.500000015E-02 -2.716504224E-02  6.562000141E-03  6.240328588E+00 
        41  3.500000015E-02 -2.730904333E-02  6.562000141E-03  6.141903510E+00 
        42  3.500000015E-02 -2.745304257E-02  6.562000141E-03  5.908020098E+00 
        43  3.500000015E-02 -2.759704180E-02  6.561999675E-03  5.669459735E+00 
        44  3.500000015E-02 -2.774104290E-02  6.561999675E-03  5.273312151E+00 
        45  3.500000015E-02 -2.788504213E-02  6.561999675E-03  5.010236995E+00 
        46  3.500000015E-02 -2.802904323E-02  6.561999675E-03  4.892021789E+00 
        47  3.500000015E-02 -2.817304246E-02  6.561999675E-03  4.456949356E+00 
        48  3.500000015E-02 -2.831704356E-02  6.561999675E-03  4.065512590E+00 
        49  3.500000015E-02 -2.846104279E-02  6.561999675E-03  4.018211305E+00 
        50  3.500000015E-02 -2.860504203E-02  6.561999675E-03  4.027425304E+00 
        51  3.500000015E-02 -3.232943267E-02  6.562000141E-03  2.060419006E+00 
        52  3.500000015E-02 -3.219095245E-02  6.562000141E-03  1.593882246E+00 
        53  3.500000015E-02 -3.206104040E-02  6.561999675E-03  1.220343673E+00 
        54  3.500000015E-02 -3.191704303E-02  6.561999675E-03  9.459603973E-01 
        55  3.500000015E-02 -3.177304193E-02  6.561999675E-03  1.141012586E+00 
        56  3.500000015E-02 -3.162904084E-02  6.561999675E-03  1.253873169E+00 
        57  3.500000015E-02 -3.148504347E-02  6.561999675E-03  5.116485966E-01 
        58  3.500000015E-02 -3.134104237E-02  6.561999675E-03  4.786678435E-01 
        59  3.500000015E-02 -3.119704314E-02  6.561999675E-03  5.909336196E-01 
        60  3.500000015E-02 -3.105304204E-02  6.561999675E-03  7.762523459E-01 
        61  3.500000015E-02 -3.090904281E-02  6.561999675E-03  8.497452311E-01 
        62  3.500000015E-02 -3.076504171E-02  6.561999675E-03  8.946275646E-01 
        63  3.500000015E-02 -3.062104248E-02  6.561999675E-03  1.423682194E+00 
        64  3.500000015E-02 -3.047704324E-02  6.561999675E-03  2.236331952E+00 
        65  3.500000015E-02 -3.033304214E-02  6.561999675E-03  2.518123643E+00 
        66  3.500000015E-02 -3.018904291E-02  6.561999675E-03  2.911441616E+00 
        67  3.500000015E-02 -3.004504181E-02  6.561999675E-03  3.585229878E+00 
        68  3.500000015E-02 -2.990104258E-02  6.561999675E-03  3.439322516E+00 
        69  3.500000015E-02 -2.975704335E-02  6.561999675E-03  2.800657154E+00 
        70  3.500000015E-02 -2.961304225E-02  6.561999675E-03  2.277643629E+00 
        71  3.500000015E-02 -2.946904302E-02  6.561999675E-03  2.642669454E+00 
        72  3.500000015E-02 -2.932504192E-02  6.561999675E-03  2.746476142E+00 
        73  3.500000015E-02 -2.918104269E-02  6.561999675E-03  2.692559410E+00 
        74  3.500000015E-02 -2.903704345E-02  6.561999675E-03  3.066960427E+00 
        75  3.500000015E-02 -2.889304236E-02  6.561999675E-03  3.534235675E+00 
        76  3.500000015E-02 -2.874904312E-02  6.561999675E-03  3.943350996E+00 
