cellnumber     x-coordinate     y-coordinate     z-coordinate velocity-magnitude 
         1  3.500000015E-02 -2.296095528E-02  6.562000141E-03  4.067992410E-02 
         2  3.500000015E-02 -2.296585403E-02  6.562000141E-03  1.110011121E-01 
         3  3.500000015E-02 -2.297452837E-02  6.562000141E-03  1.800710600E-01 
         4  3.499999642E-02 -2.298492752E-02  6.562000141E-03  2.431775201E-01 
         5  3.499999642E-02 -2.299739420E-02  6.562000141E-03  2.951830510E-01 
         6  3.500000015E-02 -2.301233262E-02  6.562000141E-03  3.328256943E-01 
         7  3.500000015E-02 -2.303021587E-02  6.561999675E-03  3.548217899E-01 
         8  3.500000015E-02 -2.305160835E-02  6.562000141E-03  3.764647651E-01 
         9  3.500000015E-02 -2.307719551E-02  6.561999675E-03  4.051463758E-01 
        10  3.500000015E-02 -2.310776524E-02  6.561999675E-03  5.036182032E-01 
        11  3.500000015E-02 -2.314046025E-02  6.562000141E-03  6.227839058E-01 
        12  3.500000015E-02 -2.320699580E-02  6.562000141E-03  7.314126102E-01 
        13  3.500000015E-02 -2.332915738E-02  6.562000141E-03  1.051006957E+00 
        14  3.500000015E-02 -2.344694175E-02  6.562000141E-03  1.098061377E+00 
        15  3.500000015E-02 -2.356504276E-02  6.562000141E-03  1.092207625E+00 
        16  3.500000015E-02 -2.370904200E-02  6.562000141E-03  1.238761839E+00 
        17  3.500000015E-02 -2.385304309E-02  6.561999675E-03  1.843369692E+00 
        18  3.500000015E-02 -2.399704233E-02  6.561999675E-03  2.113978593E+00 
        19  3.500000015E-02 -2.414104342E-02  6.561999675E-03  1.958934093E+00 
        20  3.500000015E-02 -2.428504266E-02  6.561999675E-03  1.840397778E+00 
        21  3.500000015E-02 -2.442904189E-02  6.561999675E-03  2.107610156E+00 
        22  3.500000015E-02 -2.457304299E-02  6.561999675E-03  2.268924379E+00 
        23  3.500000015E-02 -2.471704222E-02  6.562000141E-03  2.064314905E+00 
        24  3.500000015E-02 -2.486104332E-02  6.562000141E-03  1.876071656E+00 
        25  3.500000015E-02 -2.500504255E-02  6.562000141E-03  1.833898949E+00 
        26  3.500000015E-02 -2.514904365E-02  6.562000141E-03  1.665297269E+00 
        27  3.500000015E-02 -2.529304288E-02  6.562000141E-03  1.334372503E+00 
        28  3.500000015E-02 -2.543704212E-02  6.561999675E-03  1.159697568E+00 
        29  3.500000015E-02 -2.558104321E-02  6.562000141E-03  1.132716024E+00 
        30  3.500000015E-02 -2.572504245E-02  6.562000141E-03  1.595445837E+00 
        31  3.500000015E-02 -2.586904354E-02  6.562000141E-03  1.550382869E+00 
        32  3.500000015E-02 -2.601304278E-02  6.562000141E-03  1.319646051E+00 
        33  3.500000015E-02 -2.615704201E-02  6.561999675E-03  1.301582627E+00 
        34  3.500000015E-02 -2.630104311E-02  6.562000141E-03  1.538727899E+00 
        35  3.500000015E-02 -2.644504234E-02  6.562000141E-03  2.388596667E+00 
        36  3.500000015E-02 -2.658904344E-02  6.562000141E-03  3.524097748E+00 
        37  3.500000015E-02 -2.673304267E-02  6.562000141E-03  3.629705391E+00 
        38  3.500000015E-02 -2.687704191E-02  6.562000141E-03  3.613853970E+00 
        39  3.500000015E-02 -2.702104300E-02  6.562000141E-03  3.739875408E+00 
        40  3.500000015E-02 -2.716504224E-02  6.562000141E-03  3.611040778E+00 
        41  3.500000015E-02 -2.730904333E-02  6.562000141E-03  3.377777738E+00 
        42  3.500000015E-02 -2.745304257E-02  6.562000141E-03  3.204287518E+00 
        43  3.500000015E-02 -2.759704180E-02  6.561999675E-03  3.019863937E+00 
        44  3.500000015E-02 -2.774104290E-02  6.561999675E-03  3.088727691E+00 
        45  3.500000015E-02 -2.788504213E-02  6.561999675E-03  3.560083609E+00 
        46  3.500000015E-02 -2.802904323E-02  6.561999675E-03  4.610767413E+00 
        47  3.500000015E-02 -2.817304246E-02  6.561999675E-03  5.174208857E+00 
        48  3.500000015E-02 -2.831704356E-02  6.561999675E-03  4.991777801E+00 
        49  3.500000015E-02 -2.846104279E-02  6.561999675E-03  4.698453583E+00 
        50  3.500000015E-02 -2.860504203E-02  6.561999675E-03  4.393098548E+00 
        51  3.500000015E-02 -3.232943267E-02  6.562000141E-03  3.870844117E+00 
        52  3.500000015E-02 -3.219095245E-02  6.562000141E-03  3.684299357E+00 
        53  3.500000015E-02 -3.206104040E-02  6.561999675E-03  3.487527748E+00 
        54  3.500000015E-02 -3.191704303E-02  6.561999675E-03  3.829273710E+00 
        55  3.500000015E-02 -3.177304193E-02  6.561999675E-03  4.148287542E+00 
        56  3.500000015E-02 -3.162904084E-02  6.561999675E-03  4.437038335E+00 
        57  3.500000015E-02 -3.148504347E-02  6.561999675E-03  4.459900669E+00 
        58  3.500000015E-02 -3.134104237E-02  6.561999675E-03  4.257688170E+00 
        59  3.500000015E-02 -3.119704314E-02  6.561999675E-03  3.906568451E+00 
        60  3.500000015E-02 -3.105304204E-02  6.561999675E-03  3.553514674E+00 
        61  3.500000015E-02 -3.090904281E-02  6.561999675E-03  3.245616929E+00 
        62  3.500000015E-02 -3.076504171E-02  6.561999675E-03  2.664143587E+00 
        63  3.500000015E-02 -3.062104248E-02  6.561999675E-03  2.367553664E+00 
        64  3.500000015E-02 -3.047704324E-02  6.561999675E-03  2.387188614E+00 
        65  3.500000015E-02 -3.033304214E-02  6.561999675E-03  2.460976060E+00 
        66  3.500000015E-02 -3.018904291E-02  6.561999675E-03  2.710333897E+00 
        67  3.500000015E-02 -3.004504181E-02  6.561999675E-03  3.088199194E+00 
        68  3.500000015E-02 -2.990104258E-02  6.561999675E-03  3.522097352E+00 
        69  3.500000015E-02 -2.975704335E-02  6.561999675E-03  4.065831400E+00 
        70  3.500000015E-02 -2.961304225E-02  6.561999675E-03  4.432081563E+00 
        71  3.500000015E-02 -2.946904302E-02  6.561999675E-03  4.892476646E+00 
        72  3.500000015E-02 -2.932504192E-02  6.561999675E-03  4.932284769E+00 
        73  3.500000015E-02 -2.918104269E-02  6.561999675E-03  4.747953047E+00 
        74  3.500000015E-02 -2.903704345E-02  6.561999675E-03  4.587760261E+00 
        75  3.500000015E-02 -2.889304236E-02  6.561999675E-03  4.336954214E+00 
        76  3.500000015E-02 -2.874904312E-02  6.561999675E-03  4.200691183E+00 
