cellnumber     x-coordinate     y-coordinate     z-coordinate velocity-magnitude 
         1  3.500000015E-02 -2.296095528E-02  6.562000141E-03  2.189027579E-02 
         2  3.500000015E-02 -2.296585403E-02  6.562000141E-03  5.935528093E-02 
         3  3.500000015E-02 -2.297452837E-02  6.562000141E-03  9.735965626E-02 
         4  3.499999642E-02 -2.298492752E-02  6.562000141E-03  1.364251424E-01 
         5  3.499999642E-02 -2.299739420E-02  6.562000141E-03  1.780793246E-01 
         6  3.500000015E-02 -2.301233262E-02  6.562000141E-03  2.249355418E-01 
         7  3.500000015E-02 -2.303021587E-02  6.561999675E-03  2.797810686E-01 
         8  3.500000015E-02 -2.305160835E-02  6.562000141E-03  3.441734880E-01 
         9  3.500000015E-02 -2.307719551E-02  6.561999675E-03  4.187607333E-01 
        10  3.500000015E-02 -2.310776524E-02  6.561999675E-03  4.987670883E-01 
        11  3.500000015E-02 -2.314046025E-02  6.562000141E-03  5.978898124E-01 
        12  3.500000015E-02 -2.320699580E-02  6.562000141E-03  7.006843779E-01 
        13  3.500000015E-02 -2.332915738E-02  6.562000141E-03  9.509438338E-01 
        14  3.500000015E-02 -2.344694175E-02  6.562000141E-03  1.076696443E+00 
        15  3.500000015E-02 -2.356504276E-02  6.562000141E-03  1.138326820E+00 
        16  3.500000015E-02 -2.370904200E-02  6.562000141E-03  1.104785080E+00 
        17  3.500000015E-02 -2.385304309E-02  6.561999675E-03  7.328713934E-01 
        18  3.500000015E-02 -2.399704233E-02  6.561999675E-03  7.309892655E-01 
        19  3.500000015E-02 -2.414104342E-02  6.561999675E-03  1.209487135E+00 
        20  3.500000015E-02 -2.428504266E-02  6.561999675E-03  1.257802892E+00 
        21  3.500000015E-02 -2.442904189E-02  6.561999675E-03  9.407709282E-01 
        22  3.500000015E-02 -2.457304299E-02  6.561999675E-03  4.197634618E-01 
        23  3.500000015E-02 -2.471704222E-02  6.562000141E-03  1.981329049E-01 
        24  3.500000015E-02 -2.486104332E-02  6.562000141E-03  7.074424073E-01 
        25  3.500000015E-02 -2.500504255E-02  6.562000141E-03  9.072017417E-01 
        26  3.500000015E-02 -2.514904365E-02  6.562000141E-03  9.429158978E-01 
        27  3.500000015E-02 -2.529304288E-02  6.562000141E-03  1.250174748E+00 
        28  3.500000015E-02 -2.543704212E-02  6.561999675E-03  2.805170014E+00 
        29  3.500000015E-02 -2.558104321E-02  6.562000141E-03  2.992287762E+00 
        30  3.500000015E-02 -2.572504245E-02  6.562000141E-03  2.772778407E+00 
        31  3.500000015E-02 -2.586904354E-02  6.562000141E-03  3.295617855E+00 
        32  3.500000015E-02 -2.601304278E-02  6.562000141E-03  3.908455258E+00 
        33  3.500000015E-02 -2.615704201E-02  6.561999675E-03  4.987044045E+00 
        34  3.500000015E-02 -2.630104311E-02  6.562000141E-03  5.125288565E+00 
        35  3.500000015E-02 -2.644504234E-02  6.562000141E-03  5.770276145E+00 
        36  3.500000015E-02 -2.658904344E-02  6.562000141E-03  6.288325304E+00 
        37  3.500000015E-02 -2.673304267E-02  6.562000141E-03  6.179142184E+00 
        38  3.500000015E-02 -2.687704191E-02  6.562000141E-03  5.773985562E+00 
        39  3.500000015E-02 -2.702104300E-02  6.562000141E-03  5.309043588E+00 
        40  3.500000015E-02 -2.716504224E-02  6.562000141E-03  4.934985495E+00 
        41  3.500000015E-02 -2.730904333E-02  6.562000141E-03  4.692057148E+00 
        42  3.500000015E-02 -2.745304257E-02  6.562000141E-03  4.367045754E+00 
        43  3.500000015E-02 -2.759704180E-02  6.561999675E-03  4.044457940E+00 
        44  3.500000015E-02 -2.774104290E-02  6.561999675E-03  3.651679363E+00 
        45  3.500000015E-02 -2.788504213E-02  6.561999675E-03  3.266527630E+00 
        46  3.500000015E-02 -2.802904323E-02  6.561999675E-03  3.010135208E+00 
        47  3.500000015E-02 -2.817304246E-02  6.561999675E-03  2.684981949E+00 
        48  3.500000015E-02 -2.831704356E-02  6.561999675E-03  2.429519993E+00 
        49  3.500000015E-02 -2.846104279E-02  6.561999675E-03  2.359474415E+00 
        50  3.500000015E-02 -2.860504203E-02  6.561999675E-03  1.920885278E+00 
        51  3.500000015E-02 -3.232943267E-02  6.562000141E-03  7.286400513E-01 
        52  3.500000015E-02 -3.219095245E-02  6.562000141E-03  9.131282090E-01 
        53  3.500000015E-02 -3.206104040E-02  6.561999675E-03  1.227453896E+00 
        54  3.500000015E-02 -3.191704303E-02  6.561999675E-03  1.527325157E+00 
        55  3.500000015E-02 -3.177304193E-02  6.561999675E-03  1.727078109E+00 
        56  3.500000015E-02 -3.162904084E-02  6.561999675E-03  2.220287277E+00 
        57  3.500000015E-02 -3.148504347E-02  6.561999675E-03  2.802165840E+00 
        58  3.500000015E-02 -3.134104237E-02  6.561999675E-03  3.207845016E+00 
        59  3.500000015E-02 -3.119704314E-02  6.561999675E-03  3.425770377E+00 
        60  3.500000015E-02 -3.105304204E-02  6.561999675E-03  3.263271608E+00 
        61  3.500000015E-02 -3.090904281E-02  6.561999675E-03  2.748700664E+00 
        62  3.500000015E-02 -3.076504171E-02  6.561999675E-03  2.351719009E+00 
        63  3.500000015E-02 -3.062104248E-02  6.561999675E-03  2.488364373E+00 
        64  3.500000015E-02 -3.047704324E-02  6.561999675E-03  2.391637272E+00 
        65  3.500000015E-02 -3.033304214E-02  6.561999675E-03  2.562785189E+00 
        66  3.500000015E-02 -3.018904291E-02  6.561999675E-03  2.651113839E+00 
        67  3.500000015E-02 -3.004504181E-02  6.561999675E-03  2.621332519E+00 
        68  3.500000015E-02 -2.990104258E-02  6.561999675E-03  2.619730418E+00 
        69  3.500000015E-02 -2.975704335E-02  6.561999675E-03  2.520720800E+00 
        70  3.500000015E-02 -2.961304225E-02  6.561999675E-03  2.367289315E+00 
        71  3.500000015E-02 -2.946904302E-02  6.561999675E-03  2.215514406E+00 
        72  3.500000015E-02 -2.932504192E-02  6.561999675E-03  2.213313543E+00 
        73  3.500000015E-02 -2.918104269E-02  6.561999675E-03  2.231001626E+00 
        74  3.500000015E-02 -2.903704345E-02  6.561999675E-03  1.702921539E+00 
        75  3.500000015E-02 -2.889304236E-02  6.561999675E-03  7.876031413E-01 
        76  3.500000015E-02 -2.874904312E-02  6.561999675E-03  1.151923713E+00 
