cellnumber     x-coordinate     y-coordinate     z-coordinate velocity-magnitude 
         1  3.500000015E-02 -2.296095528E-02  6.562000141E-03  9.660249244E-02 
         2  3.500000015E-02 -2.296585403E-02  6.562000141E-03  2.844231873E-01 
         3  3.500000015E-02 -2.297452837E-02  6.562000141E-03  4.952338818E-01 
         4  3.499999642E-02 -2.298492752E-02  6.562000141E-03  7.202197448E-01 
         5  3.499999642E-02 -2.299739420E-02  6.562000141E-03  9.418489274E-01 
         6  3.500000015E-02 -2.301233262E-02  6.562000141E-03  1.132867370E+00 
         7  3.500000015E-02 -2.303021587E-02  6.561999675E-03  1.270612522E+00 
         8  3.500000015E-02 -2.305160835E-02  6.562000141E-03  1.357389640E+00 
         9  3.500000015E-02 -2.307719551E-02  6.561999675E-03  1.421514993E+00 
        10  3.500000015E-02 -2.310776524E-02  6.561999675E-03  1.478392394E+00 
        11  3.500000015E-02 -2.314046025E-02  6.562000141E-03  1.544551616E+00 
        12  3.500000015E-02 -2.320699580E-02  6.562000141E-03  1.582135320E+00 
        13  3.500000015E-02 -2.332915738E-02  6.562000141E-03  1.599701374E+00 
        14  3.500000015E-02 -2.344694175E-02  6.562000141E-03  1.546750354E+00 
        15  3.500000015E-02 -2.356504276E-02  6.562000141E-03  1.383731415E+00 
        16  3.500000015E-02 -2.370904200E-02  6.562000141E-03  1.341985805E+00 
        17  3.500000015E-02 -2.385304309E-02  6.561999675E-03  1.359077142E+00 
        18  3.500000015E-02 -2.399704233E-02  6.561999675E-03  1.325945582E+00 
        19  3.500000015E-02 -2.414104342E-02  6.561999675E-03  1.300641814E+00 
        20  3.500000015E-02 -2.428504266E-02  6.561999675E-03  1.187672586E+00 
        21  3.500000015E-02 -2.442904189E-02  6.561999675E-03  1.107227588E+00 
        22  3.500000015E-02 -2.457304299E-02  6.561999675E-03  1.081709515E+00 
        23  3.500000015E-02 -2.471704222E-02  6.562000141E-03  1.094093015E+00 
        24  3.500000015E-02 -2.486104332E-02  6.562000141E-03  1.126750942E+00 
        25  3.500000015E-02 -2.500504255E-02  6.562000141E-03  9.398455610E-01 
        26  3.500000015E-02 -2.514904365E-02  6.562000141E-03  7.379619354E-01 
        27  3.500000015E-02 -2.529304288E-02  6.562000141E-03  6.834286009E-01 
        28  3.500000015E-02 -2.543704212E-02  6.561999675E-03  7.673142327E-01 
        29  3.500000015E-02 -2.558104321E-02  6.562000141E-03  1.096168319E+00 
        30  3.500000015E-02 -2.572504245E-02  6.562000141E-03  1.289175778E+00 
        31  3.500000015E-02 -2.586904354E-02  6.562000141E-03  1.234652346E+00 
        32  3.500000015E-02 -2.601304278E-02  6.562000141E-03  9.413369693E-01 
        33  3.500000015E-02 -2.615704201E-02  6.561999675E-03  6.947420836E-01 
        34  3.500000015E-02 -2.630104311E-02  6.562000141E-03  5.353447408E-01 
        35  3.500000015E-02 -2.644504234E-02  6.562000141E-03  7.891969694E-01 
        36  3.500000015E-02 -2.658904344E-02  6.562000141E-03  9.847434880E-01 
        37  3.500000015E-02 -2.673304267E-02  6.562000141E-03  1.205756374E+00 
        38  3.500000015E-02 -2.687704191E-02  6.562000141E-03  1.307583484E+00 
        39  3.500000015E-02 -2.702104300E-02  6.562000141E-03  1.509250864E+00 
        40  3.500000015E-02 -2.716504224E-02  6.562000141E-03  1.704569588E+00 
        41  3.500000015E-02 -2.730904333E-02  6.562000141E-03  2.071218628E+00 
        42  3.500000015E-02 -2.745304257E-02  6.562000141E-03  2.348081521E+00 
        43  3.500000015E-02 -2.759704180E-02  6.561999675E-03  2.395833632E+00 
        44  3.500000015E-02 -2.774104290E-02  6.561999675E-03  2.045446153E+00 
        45  3.500000015E-02 -2.788504213E-02  6.561999675E-03  2.477670808E+00 
        46  3.500000015E-02 -2.802904323E-02  6.561999675E-03  3.526791155E+00 
        47  3.500000015E-02 -2.817304246E-02  6.561999675E-03  5.392283068E+00 
        48  3.500000015E-02 -2.831704356E-02  6.561999675E-03  5.955676849E+00 
        49  3.500000015E-02 -2.846104279E-02  6.561999675E-03  5.596332031E+00 
        50  3.500000015E-02 -2.860504203E-02  6.561999675E-03  4.865960504E+00 
        51  3.500000015E-02 -3.232943267E-02  6.562000141E-03  1.385657993E+00 
        52  3.500000015E-02 -3.219095245E-02  6.562000141E-03  1.629031548E+00 
        53  3.500000015E-02 -3.206104040E-02  6.561999675E-03  1.426412036E+00 
        54  3.500000015E-02 -3.191704303E-02  6.561999675E-03  1.440779035E+00 
        55  3.500000015E-02 -3.177304193E-02  6.561999675E-03  1.765851669E+00 
        56  3.500000015E-02 -3.162904084E-02  6.561999675E-03  1.809754598E+00 
        57  3.500000015E-02 -3.148504347E-02  6.561999675E-03  1.484238520E+00 
        58  3.500000015E-02 -3.134104237E-02  6.561999675E-03  1.524293100E+00 
        59  3.500000015E-02 -3.119704314E-02  6.561999675E-03  2.102310706E+00 
        60  3.500000015E-02 -3.105304204E-02  6.561999675E-03  3.102364160E+00 
        61  3.500000015E-02 -3.090904281E-02  6.561999675E-03  4.009254286E+00 
        62  3.500000015E-02 -3.076504171E-02  6.561999675E-03  4.783551428E+00 
        63  3.500000015E-02 -3.062104248E-02  6.561999675E-03  4.810222312E+00 
        64  3.500000015E-02 -3.047704324E-02  6.561999675E-03  4.265008504E+00 
        65  3.500000015E-02 -3.033304214E-02  6.561999675E-03  3.692559145E+00 
        66  3.500000015E-02 -3.018904291E-02  6.561999675E-03  3.091321159E+00 
        67  3.500000015E-02 -3.004504181E-02  6.561999675E-03  2.159280646E+00 
        68  3.500000015E-02 -2.990104258E-02  6.561999675E-03  1.558274872E+00 
        69  3.500000015E-02 -2.975704335E-02  6.561999675E-03  1.543799602E+00 
        70  3.500000015E-02 -2.961304225E-02  6.561999675E-03  2.298373953E+00 
        71  3.500000015E-02 -2.946904302E-02  6.561999675E-03  2.559961292E+00 
        72  3.500000015E-02 -2.932504192E-02  6.561999675E-03  2.604319209E+00 
        73  3.500000015E-02 -2.918104269E-02  6.561999675E-03  2.938235249E+00 
        74  3.500000015E-02 -2.903704345E-02  6.561999675E-03  3.268574024E+00 
        75  3.500000015E-02 -2.889304236E-02  6.561999675E-03  3.227358144E+00 
        76  3.500000015E-02 -2.874904312E-02  6.561999675E-03  3.703560161E+00 
