cellnumber     x-coordinate     y-coordinate     z-coordinate velocity-magnitude 
         1  3.500000015E-02 -2.296095528E-02  6.562000141E-03  3.944152010E-02 
         2  3.500000015E-02 -2.296585403E-02  6.562000141E-03  1.100280066E-01 
         3  3.500000015E-02 -2.297452837E-02  6.562000141E-03  1.838073859E-01 
         4  3.499999642E-02 -2.298492752E-02  6.562000141E-03  2.594069570E-01 
         5  3.499999642E-02 -2.299739420E-02  6.562000141E-03  3.352125127E-01 
         6  3.500000015E-02 -2.301233262E-02  6.562000141E-03  4.098980386E-01 
         7  3.500000015E-02 -2.303021587E-02  6.561999675E-03  4.819852220E-01 
         8  3.500000015E-02 -2.305160835E-02  6.562000141E-03  5.504330547E-01 
         9  3.500000015E-02 -2.307719551E-02  6.561999675E-03  6.077731780E-01 
        10  3.500000015E-02 -2.310776524E-02  6.561999675E-03  6.458029627E-01 
        11  3.500000015E-02 -2.314046025E-02  6.562000141E-03  6.477713850E-01 
        12  3.500000015E-02 -2.320699580E-02  6.562000141E-03  8.060712533E-01 
        13  3.500000015E-02 -2.332915738E-02  6.562000141E-03  1.063928017E+00 
        14  3.500000015E-02 -2.344694175E-02  6.562000141E-03  1.185387042E+00 
        15  3.500000015E-02 -2.356504276E-02  6.562000141E-03  1.153160511E+00 
        16  3.500000015E-02 -2.370904200E-02  6.562000141E-03  9.418922293E-01 
        17  3.500000015E-02 -2.385304309E-02  6.561999675E-03  6.428387352E-01 
        18  3.500000015E-02 -2.399704233E-02  6.561999675E-03  7.416849880E-01 
        19  3.500000015E-02 -2.414104342E-02  6.561999675E-03  1.249010795E+00 
        20  3.500000015E-02 -2.428504266E-02  6.561999675E-03  1.590898828E+00 
        21  3.500000015E-02 -2.442904189E-02  6.561999675E-03  1.685390893E+00 
        22  3.500000015E-02 -2.457304299E-02  6.561999675E-03  1.688465694E+00 
        23  3.500000015E-02 -2.471704222E-02  6.562000141E-03  1.491964798E+00 
        24  3.500000015E-02 -2.486104332E-02  6.562000141E-03  1.303946811E+00 
        25  3.500000015E-02 -2.500504255E-02  6.562000141E-03  1.252454742E+00 
        26  3.500000015E-02 -2.514904365E-02  6.562000141E-03  1.235531220E+00 
        27  3.500000015E-02 -2.529304288E-02  6.562000141E-03  1.680500474E+00 
        28  3.500000015E-02 -2.543704212E-02  6.561999675E-03  2.412595079E+00 
        29  3.500000015E-02 -2.558104321E-02  6.562000141E-03  2.763736983E+00 
        30  3.500000015E-02 -2.572504245E-02  6.562000141E-03  2.989874805E+00 
        31  3.500000015E-02 -2.586904354E-02  6.562000141E-03  3.189204734E+00 
        32  3.500000015E-02 -2.601304278E-02  6.562000141E-03  3.310663931E+00 
        33  3.500000015E-02 -2.615704201E-02  6.561999675E-03  3.538263797E+00 
        34  3.500000015E-02 -2.630104311E-02  6.562000141E-03  3.622526025E+00 
        35  3.500000015E-02 -2.644504234E-02  6.562000141E-03  3.586871720E+00 
        36  3.500000015E-02 -2.658904344E-02  6.562000141E-03  3.625935074E+00 
        37  3.500000015E-02 -2.673304267E-02  6.562000141E-03  3.573187247E+00 
        38  3.500000015E-02 -2.687704191E-02  6.562000141E-03  3.285259386E+00 
        39  3.500000015E-02 -2.702104300E-02  6.562000141E-03  3.206072489E+00 
        40  3.500000015E-02 -2.716504224E-02  6.562000141E-03  3.372811270E+00 
        41  3.500000015E-02 -2.730904333E-02  6.562000141E-03  3.575718358E+00 
        42  3.500000015E-02 -2.745304257E-02  6.562000141E-03  3.837711632E+00 
        43  3.500000015E-02 -2.759704180E-02  6.561999675E-03  4.303215341E+00 
        44  3.500000015E-02 -2.774104290E-02  6.561999675E-03  4.734909816E+00 
        45  3.500000015E-02 -2.788504213E-02  6.561999675E-03  4.879849289E+00 
        46  3.500000015E-02 -2.802904323E-02  6.561999675E-03  4.979841917E+00 
        47  3.500000015E-02 -2.817304246E-02  6.561999675E-03  5.071643471E+00 
        48  3.500000015E-02 -2.831704356E-02  6.561999675E-03  5.024142742E+00 
        49  3.500000015E-02 -2.846104279E-02  6.561999675E-03  4.866608492E+00 
        50  3.500000015E-02 -2.860504203E-02  6.561999675E-03  4.503952810E+00 
        51  3.500000015E-02 -3.232943267E-02  6.562000141E-03  1.591341549E+00 
        52  3.500000015E-02 -3.219095245E-02  6.562000141E-03  1.371426805E+00 
        53  3.500000015E-02 -3.206104040E-02  6.561999675E-03  1.385497532E+00 
        54  3.500000015E-02 -3.191704303E-02  6.561999675E-03  1.392888669E+00 
        55  3.500000015E-02 -3.177304193E-02  6.561999675E-03  1.284468151E+00 
        56  3.500000015E-02 -3.162904084E-02  6.561999675E-03  1.244987438E+00 
        57  3.500000015E-02 -3.148504347E-02  6.561999675E-03  1.230817390E+00 
        58  3.500000015E-02 -3.134104237E-02  6.561999675E-03  1.155973107E+00 
        59  3.500000015E-02 -3.119704314E-02  6.561999675E-03  1.113820238E+00 
        60  3.500000015E-02 -3.105304204E-02  6.561999675E-03  1.110939415E+00 
        61  3.500000015E-02 -3.090904281E-02  6.561999675E-03  1.062686373E+00 
        62  3.500000015E-02 -3.076504171E-02  6.561999675E-03  8.758654712E-01 
        63  3.500000015E-02 -3.062104248E-02  6.561999675E-03  6.990324924E-01 
        64  3.500000015E-02 -3.047704324E-02  6.561999675E-03  7.867969812E-01 
        65  3.500000015E-02 -3.033304214E-02  6.561999675E-03  1.819229537E+00 
        66  3.500000015E-02 -3.018904291E-02  6.561999675E-03  3.692772915E+00 
        67  3.500000015E-02 -3.004504181E-02  6.561999675E-03  4.029992033E+00 
        68  3.500000015E-02 -2.990104258E-02  6.561999675E-03  3.962347637E+00 
        69  3.500000015E-02 -2.975704335E-02  6.561999675E-03  3.796809555E+00 
        70  3.500000015E-02 -2.961304225E-02  6.561999675E-03  3.239659244E+00 
        71  3.500000015E-02 -2.946904302E-02  6.561999675E-03  3.708240837E+00 
        72  3.500000015E-02 -2.932504192E-02  6.561999675E-03  3.868614699E+00 
        73  3.500000015E-02 -2.918104269E-02  6.561999675E-03  3.817556331E+00 
        74  3.500000015E-02 -2.903704345E-02  6.561999675E-03  4.603702921E+00 
        75  3.500000015E-02 -2.889304236E-02  6.561999675E-03  4.644609528E+00 
        76  3.500000015E-02 -2.874904312E-02  6.561999675E-03  4.349515906E+00 
