cellnumber     x-coordinate     y-coordinate     z-coordinate velocity-magnitude 
         1  3.500000015E-02 -2.296095528E-02  6.562000141E-03  9.534894161E-02 
         2  3.500000015E-02 -2.296585403E-02  6.562000141E-03  2.585691821E-01 
         3  3.500000015E-02 -2.297452837E-02  6.562000141E-03  4.193355768E-01 
         4  3.499999642E-02 -2.298492752E-02  6.562000141E-03  5.670058277E-01 
         5  3.499999642E-02 -2.299739420E-02  6.562000141E-03  6.834677658E-01 
         6  3.500000015E-02 -2.301233262E-02  6.562000141E-03  7.518587053E-01 
         7  3.500000015E-02 -2.303021587E-02  6.561999675E-03  7.868849668E-01 
         8  3.500000015E-02 -2.305160835E-02  6.562000141E-03  8.221052494E-01 
         9  3.500000015E-02 -2.307719551E-02  6.561999675E-03  9.043526477E-01 
        10  3.500000015E-02 -2.310776524E-02  6.561999675E-03  1.012781209E+00 
        11  3.500000015E-02 -2.314046025E-02  6.562000141E-03  1.156520136E+00 
        12  3.500000015E-02 -2.320699580E-02  6.562000141E-03  1.280141910E+00 
        13  3.500000015E-02 -2.332915738E-02  6.562000141E-03  1.427245346E+00 
        14  3.500000015E-02 -2.344694175E-02  6.562000141E-03  1.594086643E+00 
        15  3.500000015E-02 -2.356504276E-02  6.562000141E-03  1.857638073E+00 
        16  3.500000015E-02 -2.370904200E-02  6.562000141E-03  2.092146874E+00 
        17  3.500000015E-02 -2.385304309E-02  6.561999675E-03  2.048622289E+00 
        18  3.500000015E-02 -2.399704233E-02  6.561999675E-03  1.599976877E+00 
        19  3.500000015E-02 -2.414104342E-02  6.561999675E-03  1.219818373E+00 
        20  3.500000015E-02 -2.428504266E-02  6.561999675E-03  9.359906941E-01 
        21  3.500000015E-02 -2.442904189E-02  6.561999675E-03  8.516665481E-01 
        22  3.500000015E-02 -2.457304299E-02  6.561999675E-03  9.349685438E-01 
        23  3.500000015E-02 -2.471704222E-02  6.562000141E-03  1.110763204E+00 
        24  3.500000015E-02 -2.486104332E-02  6.562000141E-03  1.441256542E+00 
        25  3.500000015E-02 -2.500504255E-02  6.562000141E-03  1.928793818E+00 
        26  3.500000015E-02 -2.514904365E-02  6.562000141E-03  2.534211354E+00 
        27  3.500000015E-02 -2.529304288E-02  6.562000141E-03  3.331743819E+00 
        28  3.500000015E-02 -2.543704212E-02  6.561999675E-03  3.922254991E+00 
        29  3.500000015E-02 -2.558104321E-02  6.562000141E-03  4.008607245E+00 
        30  3.500000015E-02 -2.572504245E-02  6.562000141E-03  3.785704366E+00 
        31  3.500000015E-02 -2.586904354E-02  6.562000141E-03  3.576082567E+00 
        32  3.500000015E-02 -2.601304278E-02  6.562000141E-03  3.450073628E+00 
        33  3.500000015E-02 -2.615704201E-02  6.561999675E-03  3.208135945E+00 
        34  3.500000015E-02 -2.630104311E-02  6.562000141E-03  2.491168435E+00 
        35  3.500000015E-02 -2.644504234E-02  6.562000141E-03  1.670110602E+00 
        36  3.500000015E-02 -2.658904344E-02  6.562000141E-03  1.349513164E+00 
        37  3.500000015E-02 -2.673304267E-02  6.562000141E-03  1.111038549E+00 
        38  3.500000015E-02 -2.687704191E-02  6.562000141E-03  9.740749068E-01 
        39  3.500000015E-02 -2.702104300E-02  6.562000141E-03  9.209103430E-01 
        40  3.500000015E-02 -2.716504224E-02  6.562000141E-03  1.035964393E+00 
        41  3.500000015E-02 -2.730904333E-02  6.562000141E-03  1.097562414E+00 
        42  3.500000015E-02 -2.745304257E-02  6.562000141E-03  1.663399461E+00 
        43  3.500000015E-02 -2.759704180E-02  6.561999675E-03  2.649437521E+00 
        44  3.500000015E-02 -2.774104290E-02  6.561999675E-03  2.570682419E+00 
        45  3.500000015E-02 -2.788504213E-02  6.561999675E-03  2.178207508E+00 
        46  3.500000015E-02 -2.802904323E-02  6.561999675E-03  2.579421707E+00 
        47  3.500000015E-02 -2.817304246E-02  6.561999675E-03  4.000031051E+00 
        48  3.500000015E-02 -2.831704356E-02  6.561999675E-03  5.274350346E+00 
        49  3.500000015E-02 -2.846104279E-02  6.561999675E-03  5.600924172E+00 
        50  3.500000015E-02 -2.860504203E-02  6.561999675E-03  5.808326278E+00 
        51  3.500000015E-02 -3.232943267E-02  6.562000141E-03  1.213668866E+00 
        52  3.500000015E-02 -3.219095245E-02  6.562000141E-03  9.978050441E-01 
        53  3.500000015E-02 -3.206104040E-02  6.561999675E-03  8.088864670E-01 
        54  3.500000015E-02 -3.191704303E-02  6.561999675E-03  7.872030114E-01 
        55  3.500000015E-02 -3.177304193E-02  6.561999675E-03  8.050915079E-01 
        56  3.500000015E-02 -3.162904084E-02  6.561999675E-03  7.915866084E-01 
        57  3.500000015E-02 -3.148504347E-02  6.561999675E-03  7.687089838E-01 
        58  3.500000015E-02 -3.134104237E-02  6.561999675E-03  7.258081676E-01 
        59  3.500000015E-02 -3.119704314E-02  6.561999675E-03  7.176381929E-01 
        60  3.500000015E-02 -3.105304204E-02  6.561999675E-03  7.888931329E-01 
        61  3.500000015E-02 -3.090904281E-02  6.561999675E-03  1.181101433E+00 
        62  3.500000015E-02 -3.076504171E-02  6.561999675E-03  1.690711243E+00 
        63  3.500000015E-02 -3.062104248E-02  6.561999675E-03  2.049454889E+00 
        64  3.500000015E-02 -3.047704324E-02  6.561999675E-03  2.123351735E+00 
        65  3.500000015E-02 -3.033304214E-02  6.561999675E-03  1.734108272E+00 
        66  3.500000015E-02 -3.018904291E-02  6.561999675E-03  1.524170816E+00 
        67  3.500000015E-02 -3.004504181E-02  6.561999675E-03  1.631528754E+00 
        68  3.500000015E-02 -2.990104258E-02  6.561999675E-03  2.512535810E+00 
        69  3.500000015E-02 -2.975704335E-02  6.561999675E-03  3.247716804E+00 
        70  3.500000015E-02 -2.961304225E-02  6.561999675E-03  4.087470614E+00 
        71  3.500000015E-02 -2.946904302E-02  6.561999675E-03  4.513305749E+00 
        72  3.500000015E-02 -2.932504192E-02  6.561999675E-03  4.530378544E+00 
        73  3.500000015E-02 -2.918104269E-02  6.561999675E-03  4.935935364E+00 
        74  3.500000015E-02 -2.903704345E-02  6.561999675E-03  5.363141643E+00 
        75  3.500000015E-02 -2.889304236E-02  6.561999675E-03  5.744676582E+00 
        76  3.500000015E-02 -2.874904312E-02  6.561999675E-03  6.038201036E+00 
