cellnumber     x-coordinate     y-coordinate     z-coordinate velocity-magnitude 
         1  3.500000015E-02 -2.296095528E-02  6.562000141E-03  1.132336052E-01 
         2  3.500000015E-02 -2.296585403E-02  6.562000141E-03  3.275624628E-01 
         3  3.500000015E-02 -2.297452837E-02  6.562000141E-03  5.697462016E-01 
         4  3.499999642E-02 -2.298492752E-02  6.562000141E-03  8.341673630E-01 
         5  3.499999642E-02 -2.299739420E-02  6.562000141E-03  1.098475457E+00 
         6  3.500000015E-02 -2.301233262E-02  6.562000141E-03  1.327044344E+00 
         7  3.500000015E-02 -2.303021587E-02  6.561999675E-03  1.464058796E+00 
         8  3.500000015E-02 -2.305160835E-02  6.562000141E-03  1.489908177E+00 
         9  3.500000015E-02 -2.307719551E-02  6.561999675E-03  1.438425448E+00 
        10  3.500000015E-02 -2.310776524E-02  6.561999675E-03  1.308165717E+00 
        11  3.500000015E-02 -2.314046025E-02  6.562000141E-03  1.054715591E+00 
        12  3.500000015E-02 -2.320699580E-02  6.562000141E-03  8.214230839E-01 
        13  3.500000015E-02 -2.332915738E-02  6.562000141E-03  5.230563686E-01 
        14  3.500000015E-02 -2.344694175E-02  6.562000141E-03  4.602712743E-01 
        15  3.500000015E-02 -2.356504276E-02  6.562000141E-03  5.247851946E-01 
        16  3.500000015E-02 -2.370904200E-02  6.562000141E-03  3.810725130E-01 
        17  3.500000015E-02 -2.385304309E-02  6.561999675E-03  6.825374280E-01 
        18  3.500000015E-02 -2.399704233E-02  6.561999675E-03  8.152517100E-01 
        19  3.500000015E-02 -2.414104342E-02  6.561999675E-03  8.088396109E-01 
        20  3.500000015E-02 -2.428504266E-02  6.561999675E-03  7.610204562E-01 
        21  3.500000015E-02 -2.442904189E-02  6.561999675E-03  7.795538141E-01 
        22  3.500000015E-02 -2.457304299E-02  6.561999675E-03  7.928095271E-01 
        23  3.500000015E-02 -2.471704222E-02  6.562000141E-03  8.395793497E-01 
        24  3.500000015E-02 -2.486104332E-02  6.562000141E-03  8.977663850E-01 
        25  3.500000015E-02 -2.500504255E-02  6.562000141E-03  8.358677029E-01 
        26  3.500000015E-02 -2.514904365E-02  6.562000141E-03  7.141048143E-01 
        27  3.500000015E-02 -2.529304288E-02  6.562000141E-03  7.581439630E-01 
        28  3.500000015E-02 -2.543704212E-02  6.561999675E-03  1.027417550E+00 
        29  3.500000015E-02 -2.558104321E-02  6.562000141E-03  1.274683728E+00 
        30  3.500000015E-02 -2.572504245E-02  6.562000141E-03  1.998618519E+00 
        31  3.500000015E-02 -2.586904354E-02  6.562000141E-03  2.457267275E+00 
        32  3.500000015E-02 -2.601304278E-02  6.562000141E-03  2.310289642E+00 
        33  3.500000015E-02 -2.615704201E-02  6.561999675E-03  1.733631352E+00 
        34  3.500000015E-02 -2.630104311E-02  6.562000141E-03  1.820001465E+00 
        35  3.500000015E-02 -2.644504234E-02  6.562000141E-03  1.843848841E+00 
        36  3.500000015E-02 -2.658904344E-02  6.562000141E-03  2.085753881E+00 
        37  3.500000015E-02 -2.673304267E-02  6.562000141E-03  2.277416995E+00 
        38  3.500000015E-02 -2.687704191E-02  6.562000141E-03  2.346642945E+00 
        39  3.500000015E-02 -2.702104300E-02  6.562000141E-03  2.178902326E+00 
        40  3.500000015E-02 -2.716504224E-02  6.562000141E-03  2.249525901E+00 
        41  3.500000015E-02 -2.730904333E-02  6.562000141E-03  2.560437538E+00 
        42  3.500000015E-02 -2.745304257E-02  6.562000141E-03  2.807918386E+00 
        43  3.500000015E-02 -2.759704180E-02  6.561999675E-03  2.873541841E+00 
        44  3.500000015E-02 -2.774104290E-02  6.561999675E-03  2.683760801E+00 
        45  3.500000015E-02 -2.788504213E-02  6.561999675E-03  2.273831592E+00 
        46  3.500000015E-02 -2.802904323E-02  6.561999675E-03  1.693287034E+00 
        47  3.500000015E-02 -2.817304246E-02  6.561999675E-03  1.169652326E+00 
        48  3.500000015E-02 -2.831704356E-02  6.561999675E-03  1.421142169E+00 
        49  3.500000015E-02 -2.846104279E-02  6.561999675E-03  1.651130814E+00 
        50  3.500000015E-02 -2.860504203E-02  6.561999675E-03  1.637892114E+00 
        51  3.500000015E-02 -3.232943267E-02  6.562000141E-03  1.287354083E+00 
        52  3.500000015E-02 -3.219095245E-02  6.562000141E-03  1.171301116E+00 
        53  3.500000015E-02 -3.206104040E-02  6.561999675E-03  1.140609636E+00 
        54  3.500000015E-02 -3.191704303E-02  6.561999675E-03  1.050482404E+00 
        55  3.500000015E-02 -3.177304193E-02  6.561999675E-03  1.258246868E+00 
        56  3.500000015E-02 -3.162904084E-02  6.561999675E-03  1.933192779E+00 
        57  3.500000015E-02 -3.148504347E-02  6.561999675E-03  2.153806330E+00 
        58  3.500000015E-02 -3.134104237E-02  6.561999675E-03  2.898375376E+00 
        59  3.500000015E-02 -3.119704314E-02  6.561999675E-03  4.646951194E+00 
        60  3.500000015E-02 -3.105304204E-02  6.561999675E-03  6.387745968E+00 
        61  3.500000015E-02 -3.090904281E-02  6.561999675E-03  6.598831091E+00 
        62  3.500000015E-02 -3.076504171E-02  6.561999675E-03  6.159376871E+00 
        63  3.500000015E-02 -3.062104248E-02  6.561999675E-03  5.813610752E+00 
        64  3.500000015E-02 -3.047704324E-02  6.561999675E-03  5.120497330E+00 
        65  3.500000015E-02 -3.033304214E-02  6.561999675E-03  4.815110853E+00 
        66  3.500000015E-02 -3.018904291E-02  6.561999675E-03  4.648413388E+00 
        67  3.500000015E-02 -3.004504181E-02  6.561999675E-03  4.173030531E+00 
        68  3.500000015E-02 -2.990104258E-02  6.561999675E-03  3.548806029E+00 
        69  3.500000015E-02 -2.975704335E-02  6.561999675E-03  2.979653915E+00 
        70  3.500000015E-02 -2.961304225E-02  6.561999675E-03  2.367635164E+00 
        71  3.500000015E-02 -2.946904302E-02  6.561999675E-03  2.317417279E+00 
        72  3.500000015E-02 -2.932504192E-02  6.561999675E-03  2.195993545E+00 
        73  3.500000015E-02 -2.918104269E-02  6.561999675E-03  2.053047560E+00 
        74  3.500000015E-02 -2.903704345E-02  6.561999675E-03  1.953637309E+00 
        75  3.500000015E-02 -2.889304236E-02  6.561999675E-03  1.810192566E+00 
        76  3.500000015E-02 -2.874904312E-02  6.561999675E-03  1.573955568E+00 
