cellnumber     x-coordinate     y-coordinate     z-coordinate velocity-magnitude 
         1  1.899245940E-02 -1.899245940E-02  6.562000606E-03  7.765749344E+00 
         2  1.905349456E-02 -1.905349456E-02  6.562000606E-03  7.787196522E+00 
         3  1.914011873E-02 -1.914011873E-02  6.562000141E-03  7.797483011E+00 
         4  1.923859492E-02 -1.923859492E-02  6.562000141E-03  7.811139372E+00 
         5  2.031007409E-02 -2.031007409E-02  6.562000141E-03  7.465048101E+00 
         6  2.023807354E-02 -2.023807354E-02  6.562000141E-03  7.540634717E+00 
         7  2.016607299E-02 -2.016607299E-02  6.562000141E-03  7.622227278E+00 
         8  2.009407431E-02 -2.009407431E-02  6.562000141E-03  7.676636079E+00 
         9  2.002207376E-02 -2.002207376E-02  6.562000141E-03  7.742782113E+00 
        10  1.995007321E-02 -1.995007321E-02  6.562000141E-03  7.772915909E+00 
        11  1.987807266E-02 -1.987807266E-02  6.562000141E-03  7.825441895E+00 
        12  1.980607398E-02 -1.980607398E-02  6.562000141E-03  7.832943725E+00 
        13  1.973407343E-02 -1.973407343E-02  6.562000141E-03  7.874485594E+00 
        14  1.966207288E-02 -1.966207288E-02  6.562000141E-03  7.862936906E+00 
        15  1.959007233E-02 -1.959007233E-02  6.562000141E-03  7.895198168E+00 
        16  1.951807365E-02 -1.951807365E-02  6.562000141E-03  7.868020900E+00 
        17  1.944607310E-02 -1.944607310E-02  6.562000141E-03  7.892384383E+00 
        18  1.937407255E-02 -1.937407441E-02  6.562000141E-03  7.851744700E+00 
        19  1.930207387E-02 -1.930207387E-02  6.562000141E-03  7.866461063E+00 
        20  2.038207278E-02 -2.038207278E-02  6.562000141E-03  7.368888068E+00 
        21  2.045407332E-02 -2.045407332E-02  6.562000141E-03  7.279497743E+00 
        22  2.052607387E-02 -2.052607387E-02  6.562000141E-03  7.170772320E+00 
        23  2.059807256E-02 -2.059807256E-02  6.562000141E-03  7.079023506E+00 
        24  2.067007311E-02 -2.067007311E-02  6.562000141E-03  6.969892963E+00 
        25  2.074207366E-02 -2.074207366E-02  6.562000141E-03  6.901752890E+00 
        26  2.081407420E-02 -2.081407420E-02  6.562000141E-03  6.814157153E+00 
        27  2.088592015E-02 -2.088592015E-02  6.562000141E-03  6.777157657E+00 
        28  2.093681321E-02 -2.093681321E-02  6.562000141E-03  6.712702144E+00 
        29  2.101955935E-02 -2.101955935E-02  6.562000141E-03  6.615398441E+00 
        30  2.107902244E-02 -2.107902244E-02  6.562000606E-03  6.506526112E+00 
        31  2.110386454E-02 -2.110386454E-02  6.562000606E-03  6.394195263E+00 
        32  2.112595551E-02 -2.112595551E-02  6.562000606E-03  6.227490219E+00 
        33  2.114437334E-02 -2.114437334E-02  6.562000606E-03  5.944994150E+00 
        34  2.115972713E-02 -2.115972713E-02  6.562000606E-03  5.481404453E+00 
        35  2.117252536E-02 -2.117252536E-02  6.562000141E-03  4.799383321E+00 
        36  2.118319459E-02 -2.118319459E-02  6.562000141E-03  3.930281758E+00 
        37  2.119208500E-02 -2.119208500E-02  6.562000141E-03  2.949186581E+00 
        38  2.119949646E-02 -2.119949646E-02  6.562000141E-03  1.975928127E+00 
        39  2.120567486E-02 -2.120567486E-02  6.562000141E-03  1.108448458E+00 
        40  2.121082321E-02 -2.121082321E-02  6.562000141E-03  3.697538906E-01 
        41  2.830280224E-03 -2.830280224E-03  6.562001072E-03  1.456786408E+00 
        42  2.835373627E-03 -2.835373627E-03  6.562001072E-03  1.443179011E+00 
        43  2.841493115E-03 -2.841493115E-03  6.562000606E-03  1.429580372E+00 
        44  2.848849166E-03 -2.848849166E-03  6.562000141E-03  1.416564079E+00 
        45  2.857688349E-03 -2.857688349E-03  6.562000141E-03  1.404969098E+00 
        46  2.868303098E-03 -2.868303098E-03  6.562000141E-03  1.395977904E+00 
        47  2.881055698E-03 -2.881055698E-03  6.562000606E-03  1.391554981E+00 
        48  2.896386897E-03 -2.896386897E-03  6.562000606E-03  1.394747500E+00 
        49  2.914825454E-03 -2.914825454E-03  6.562000606E-03  1.410975959E+00 
        50  2.937011421E-03 -2.937011421E-03  6.562000606E-03  1.445034760E+00 
        51  2.967901761E-03 -2.967901761E-03  6.562000606E-03  1.524457317E+00 
        52  3.022594377E-03 -3.022594377E-03  6.562000141E-03  1.702455148E+00 
        53  3.099788912E-03 -3.099788912E-03  6.562000141E-03  1.803282959E+00 
        54  3.195532598E-03 -3.195534227E-03  6.562000606E-03  1.910429867E+00 
        55  3.312502056E-03 -3.312505316E-03  6.562000141E-03  1.991577181E+00 
        56  3.437502077E-03 -3.437505336E-03  6.562000141E-03  2.007886226E+00 
        57  3.562502097E-03 -3.562505357E-03  6.562000141E-03  1.984499546E+00 
        58  3.687502118E-03 -3.687505377E-03  6.562000141E-03  1.936250601E+00 
        59  3.812501905E-03 -3.812505398E-03  6.562000141E-03  1.876851860E+00 
        60  3.937501926E-03 -3.937505651E-03  6.562000141E-03  1.814948246E+00 
        61  4.062502179E-03 -4.062505439E-03  6.562000141E-03  1.756071761E+00 
        62  4.187501967E-03 -4.187505692E-03  6.562000141E-03  1.703303719E+00 
        63  4.312502220E-03 -4.312505480E-03  6.562000141E-03  1.656968137E+00 
        64  4.812502302E-03 -4.812505562E-03  6.562000141E-03  1.523679073E+00 
        65  4.937502090E-03 -4.937505350E-03  6.562000141E-03  1.504981686E+00 
        66  5.062501878E-03 -5.062505603E-03  6.562000141E-03  1.495165297E+00 
        67  5.187502131E-03 -5.187505390E-03  6.562000141E-03  1.492399763E+00 
        68  5.312501919E-03 -5.312505644E-03  6.562000141E-03  1.490563454E+00 
        69  5.437502172E-03 -5.437505431E-03  6.562000141E-03  1.482902352E+00 
        70  5.562501960E-03 -5.562505685E-03  6.562000141E-03  1.465799780E+00 
        71  5.687502213E-03 -5.687505472E-03  6.562000141E-03  1.440674830E+00 
        72  5.812502000E-03 -5.812505726E-03  6.562000141E-03  1.412216160E+00 
        73  5.937502254E-03 -5.937505513E-03  6.562000141E-03  1.385619514E+00 
        74  6.062502041E-03 -6.062505767E-03  6.562000141E-03  1.366657987E+00 
        75  6.187501829E-03 -6.187505554E-03  6.562000141E-03  1.362163770E+00 
        76  6.312502082E-03 -6.312505808E-03  6.562000141E-03  1.378787452E+00 
        77  6.437501870E-03 -6.437505595E-03  6.562000141E-03  1.420587285E+00 
        78  6.562502123E-03 -6.562505849E-03  6.562000141E-03  1.484429829E+00 
        79  6.687501911E-03 -6.687505636E-03  6.562000141E-03  1.555950774E+00 
        80  6.812502164E-03 -6.812505424E-03  6.562000141E-03  1.609311906E+00 
        81  6.937501952E-03 -6.937505677E-03  6.562000141E-03  1.617275743E+00 
        82  7.062502205E-03 -7.062505465E-03  6.562000141E-03  1.576310163E+00 
        83  7.187501993E-03 -7.187505718E-03  6.562000141E-03  1.476562647E+00 
        84  7.312501781E-03 -7.312505506E-03  6.562000141E-03  1.351277037E+00 
        85  7.437502034E-03 -7.437505759E-03  6.562000141E-03  1.234557972E+00 
        86  7.562501822E-03 -7.562505547E-03  6.562000141E-03  1.243201415E+00 
        87  7.687502075E-03 -7.687505800E-03  6.562000141E-03  1.447160378E+00 
        88  7.812501863E-03 -7.812505588E-03  6.562000141E-03  1.705438284E+00 
        89  7.937502116E-03 -7.937505841E-03  6.562000141E-03  1.906196770E+00 
        90  8.062502369E-03 -8.062506095E-03  6.562000141E-03  2.049260605E+00 
        91  4.687502049E-03 -4.687505774E-03  6.562000141E-03  1.549433690E+00 
        92  4.562502261E-03 -4.562505521E-03  6.562000141E-03  1.580459514E+00 
        93  4.437502008E-03 -4.437505733E-03  6.562000141E-03  1.616249438E+00 
        94  8.187501691E-03 -8.187505417E-03  6.562000141E-03  2.164352323E+00 
        95  8.312501945E-03 -8.312505670E-03  6.562000141E-03  2.271222971E+00 
        96  8.437502198E-03 -8.437505923E-03  6.562000141E-03  2.378324515E+00 
        97  8.562501520E-03 -8.562506177E-03  6.562000141E-03  2.493812818E+00 
        98  8.687501773E-03 -8.687505499E-03  6.562000141E-03  2.620131968E+00 
        99  8.812502027E-03 -8.812505752E-03  6.562000141E-03  2.744791578E+00 
       100  8.937502280E-03 -8.937506005E-03  6.562000141E-03  2.851897329E+00 
       101  9.062501602E-03 -9.062505327E-03  6.562000141E-03  2.934591840E+00 
       102  9.187501855E-03 -9.187505580E-03  6.562000141E-03  2.997423618E+00 
       103  9.312502109E-03 -9.312505834E-03  6.562000141E-03  3.051897960E+00 
       104  9.437502362E-03 -9.437506087E-03  6.562000141E-03  3.108902294E+00 
       105  9.562501684E-03 -9.562505409E-03  6.562000141E-03  3.174914716E+00 
       106  9.687501937E-03 -9.687505662E-03  6.562000141E-03  3.251641485E+00 
       107  9.812502190E-03 -9.812505916E-03  6.562000141E-03  3.340719089E+00 
       108  9.937501512E-03 -9.937506169E-03  6.562000141E-03  3.449965874E+00 
       109  1.006250177E-02 -1.006250549E-02  6.562000141E-03  3.585128514E+00 
       110  1.018750202E-02 -1.018750574E-02  6.562000141E-03  3.746976904E+00 
       111  1.031250227E-02 -1.031250600E-02  6.562000141E-03  3.930788572E+00 
       112  1.043750159E-02 -1.043750625E-02  6.562000141E-03  4.128931523E+00 
       113  1.056250185E-02 -1.056250557E-02  6.562000141E-03  4.316835296E+00 
       114  1.068750210E-02 -1.068750583E-02  6.562000141E-03  4.466698574E+00 
       115  1.081250142E-02 -1.081250608E-02  6.562000141E-03  4.576288797E+00 
       116  1.093750168E-02 -1.093750540E-02  6.562000141E-03  4.660272238E+00 
       117  1.106250193E-02 -1.106250565E-02  6.562000141E-03  4.729389434E+00 
       118  1.118750218E-02 -1.118750591E-02  6.562000141E-03  4.789794006E+00 
       119  1.131250151E-02 -1.131250616E-02  6.562000141E-03  4.844426923E+00 
       120  1.143750176E-02 -1.143750548E-02  6.562000141E-03  4.894975639E+00 
       121  1.156250201E-02 -1.156250574E-02  6.562000141E-03  4.942594154E+00 
       122  1.168750226E-02 -1.168750599E-02  6.562000141E-03  4.988150219E+00 
       123  1.181250159E-02 -1.181250624E-02  6.562000141E-03  5.032301766E+00 
       124  1.193750184E-02 -1.193750557E-02  6.562000141E-03  5.075529337E+00 
       125  1.206250209E-02 -1.206250582E-02  6.562000141E-03  5.118185459E+00 
       126  1.218750142E-02 -1.218750607E-02  6.562000141E-03  5.160534899E+00 
       127  1.231250167E-02 -1.231250633E-02  6.562000141E-03  5.202813544E+00 
       128  1.243750192E-02 -1.243750565E-02  6.562000141E-03  5.245307843E+00 
       129  1.256250218E-02 -1.256250590E-02  6.562000141E-03  5.288434254E+00 
       130  1.268750150E-02 -1.268750615E-02  6.562000141E-03  5.332770846E+00 
       131  1.281250175E-02 -1.281250548E-02  6.562000141E-03  5.378969364E+00 
       132  1.293750200E-02 -1.293750573E-02  6.562000141E-03  5.427510678E+00 
       133  1.306250133E-02 -1.306250598E-02  6.562000141E-03  5.478435439E+00 
       134  1.318750158E-02 -1.318750624E-02  6.562000141E-03  5.531262699E+00 
       135  1.331250183E-02 -1.331250556E-02  6.562000141E-03  5.585190223E+00 
       136  1.343750209E-02 -1.343750581E-02  6.562000141E-03  5.639440717E+00 
       137  1.356250141E-02 -1.356250606E-02  6.562000141E-03  5.693497247E+00 
       138  1.368750166E-02 -1.368750632E-02  6.562000141E-03  5.747134788E+00 
       139  1.381250191E-02 -1.381250564E-02  6.562000141E-03  5.800324034E+00 
       140  1.393750217E-02 -1.393750589E-02  6.562000141E-03  5.853118947E+00 
       141  1.406250149E-02 -1.406250615E-02  6.562000141E-03  5.905587519E+00 
       142  1.418750174E-02 -1.418750640E-02  6.562000141E-03  5.957801226E+00 
       143  1.431250200E-02 -1.431250572E-02  6.562000141E-03  6.009854550E+00 
       144  1.443750132E-02 -1.443750598E-02  6.562000141E-03  6.061885072E+00 
       145  1.456250157E-02 -1.456250623E-02  6.562000141E-03  6.114095254E+00 
       146  1.468750183E-02 -1.468750555E-02  6.562000141E-03  6.166761749E+00 
       147  1.481250208E-02 -1.481250580E-02  6.562000141E-03  6.220226290E+00 
       148  1.493750140E-02 -1.493750606E-02  6.562000141E-03  6.274867106E+00 
       149  1.506250165E-02 -1.506250631E-02  6.562000141E-03  6.331055033E+00 
       150  1.518750191E-02 -1.518750563E-02  6.562000141E-03  6.389100900E+00 
       151  1.531250123E-02 -1.531250589E-02  6.562000141E-03  6.449203777E+00 
       152  1.543750148E-02 -1.543750614E-02  6.562000141E-03  6.511406807E+00 
       153  1.556250174E-02 -1.556250639E-02  6.562000141E-03  6.575567556E+00 
       154  1.568750106E-02 -1.568750665E-02  6.562000141E-03  6.641347059E+00 
       155  1.868750155E-02 -1.868750528E-02  6.562000141E-03  7.602516088E+00 
       156  1.856250130E-02 -1.856250502E-02  6.562000141E-03  7.553087608E+00 
       157  1.843750104E-02 -1.843750663E-02  6.562000141E-03  7.516296956E+00 
       158  1.831250079E-02 -1.831250638E-02  6.562000141E-03  7.490399129E+00 
       159  1.818750054E-02 -1.818750612E-02  6.562000141E-03  7.472007386E+00 
       160  1.806250215E-02 -1.806250587E-02  6.562000141E-03  7.457570238E+00 
       161  1.793750189E-02 -1.793750562E-02  6.562000141E-03  7.444352798E+00 
       162  1.781250164E-02 -1.781250536E-02  6.562000141E-03  7.430502010E+00 
       163  1.768750139E-02 -1.768750511E-02  6.562000141E-03  7.414848806E+00 
       164  1.756250113E-02 -1.756250672E-02  6.562000141E-03  7.396399377E+00 
       165  1.743750088E-02 -1.743750647E-02  6.562000141E-03  7.373579051E+00 
       166  1.731250063E-02 -1.731250621E-02  6.562000141E-03  7.345299965E+00 
       167  1.718750224E-02 -1.718750596E-02  6.562000141E-03  7.313412340E+00 
       168  1.706250198E-02 -1.706250571E-02  6.562000141E-03  7.277633352E+00 
       169  1.693750173E-02 -1.693750545E-02  6.562000141E-03  7.237550261E+00 
       170  1.681250148E-02 -1.681250520E-02  6.562000141E-03  7.192942202E+00 
       171  1.668750122E-02 -1.668750495E-02  6.562000141E-03  7.143790531E+00 
       172  1.656250097E-02 -1.656250656E-02  6.562000141E-03  7.090278691E+00 
       173  1.643750072E-02 -1.643750630E-02  6.562000141E-03  7.032784326E+00 
       174  1.631250046E-02 -1.631250605E-02  6.562000141E-03  6.971848559E+00 
       175  1.618750207E-02 -1.618750580E-02  6.562000141E-03  6.908140542E+00 
       176  1.606250182E-02 -1.606250554E-02  6.562000141E-03  6.842423952E+00 
       177  1.593750156E-02 -1.593750529E-02  6.562000141E-03  6.775506402E+00 
       178  1.581250131E-02 -1.581250504E-02  6.562000141E-03  6.708219772E+00 
       179  1.880351081E-02 -1.880351454E-02  6.562000141E-03  7.655527935E+00 
       180  1.890108548E-02 -1.890108548E-02  6.562000141E-03  7.718877800E+00 
       181  1.895662583E-02 -1.895662583E-02  6.562000141E-03  7.695372137E+00 
