cellnumber     x-coordinate     y-coordinate     z-coordinate velocity-magnitude 
         1  2.937239595E-03 -2.937239595E-03  6.562000606E-03  1.388830349E+00 
         2  2.974424278E-03 -2.974424278E-03  6.562000141E-03  1.355615498E+00 
         3  3.062227275E-03 -3.062231001E-03  6.562000141E-03  1.282889928E+00 
         4  3.187494585E-03 -3.187502269E-03  6.562000141E-03  1.259101059E+00 
         5  3.312494606E-03 -3.312502289E-03  6.562000141E-03  1.292371572E+00 
         6  3.437494393E-03 -3.437502310E-03  6.562000141E-03  1.335417892E+00 
         7  3.562494414E-03 -3.562502330E-03  6.562000141E-03  1.375607823E+00 
         8  3.687494434E-03 -3.687502351E-03  6.562000141E-03  1.412029677E+00 
         9  3.812494455E-03 -3.812502371E-03  6.562000141E-03  1.445536250E+00 
        10  3.937494475E-03 -3.937502392E-03  6.562000141E-03  1.477213518E+00 
        11  1.899245940E-02 -1.899245940E-02  6.562000606E-03  7.819648383E+00 
        12  1.905349456E-02 -1.905349456E-02  6.562000606E-03  7.880123628E+00 
        13  1.914011873E-02 -1.914011873E-02  6.562000141E-03  7.836918372E+00 
        14  1.923859492E-02 -1.923859492E-02  6.562000141E-03  7.854453669E+00 
        15  2.031007409E-02 -2.031007409E-02  6.562000141E-03  6.755786040E+00 
        16  2.023807354E-02 -2.023807354E-02  6.562000141E-03  6.886082233E+00 
        17  2.016607299E-02 -2.016607299E-02  6.562000141E-03  6.995432697E+00 
        18  2.009407431E-02 -2.009407431E-02  6.562000141E-03  7.114218352E+00 
        19  2.002207376E-02 -2.002207376E-02  6.562000141E-03  7.214071044E+00 
        20  1.995007321E-02 -1.995007321E-02  6.562000141E-03  7.311340862E+00 
        21  1.987807266E-02 -1.987807266E-02  6.562000141E-03  7.395807148E+00 
        22  1.980607398E-02 -1.980607398E-02  6.562000141E-03  7.470769117E+00 
        23  1.973407343E-02 -1.973407343E-02  6.562000141E-03  7.539246299E+00 
        24  1.966207288E-02 -1.966207288E-02  6.562000141E-03  7.598699643E+00 
        25  1.959007233E-02 -1.959007233E-02  6.562000141E-03  7.656766402E+00 
        26  1.951807365E-02 -1.951807365E-02  6.562000141E-03  7.707544821E+00 
        27  1.944607310E-02 -1.944607310E-02  6.562000141E-03  7.758925517E+00 
        28  1.937407255E-02 -1.937407441E-02  6.562000141E-03  7.798089209E+00 
        29  1.930207387E-02 -1.930207387E-02  6.562000141E-03  7.838190363E+00 
        30  2.038207278E-02 -2.038207278E-02  6.562000141E-03  6.648464931E+00 
        31  2.045407332E-02 -2.045407332E-02  6.562000141E-03  6.526412854E+00 
        32  2.052607387E-02 -2.052607387E-02  6.562000141E-03  6.438102606E+00 
        33  2.059807256E-02 -2.059807256E-02  6.562000141E-03  6.347224461E+00 
        34  2.067007311E-02 -2.067007311E-02  6.562000141E-03  6.293896661E+00 
        35  2.074207366E-02 -2.074207366E-02  6.562000141E-03  6.245214319E+00 
        36  2.081407420E-02 -2.081407420E-02  6.562000141E-03  6.227289795E+00 
        37  2.088592015E-02 -2.088592015E-02  6.562000141E-03  6.213710367E+00 
        38  2.093681321E-02 -2.093681321E-02  6.562000141E-03  6.213715877E+00 
        39  2.101955935E-02 -2.101955935E-02  6.562000141E-03  6.166455170E+00 
        40  2.107902244E-02 -2.107902244E-02  6.562000606E-03  6.089767638E+00 
        41  2.110386454E-02 -2.110386454E-02  6.562000606E-03  5.970285787E+00 
        42  2.112595551E-02 -2.112595551E-02  6.562000606E-03  5.771816217E+00 
        43  2.114437334E-02 -2.114437334E-02  6.562000606E-03  5.434938076E+00 
        44  2.115972713E-02 -2.115972713E-02  6.562000606E-03  4.923443464E+00 
        45  2.117252536E-02 -2.117252536E-02  6.562000141E-03  4.238790013E+00 
        46  2.118319459E-02 -2.118319459E-02  6.562000141E-03  3.423576040E+00 
        47  2.119208500E-02 -2.119208500E-02  6.562000141E-03  2.550487656E+00 
        48  2.119949646E-02 -2.119949646E-02  6.562000141E-03  1.711541154E+00 
        49  2.120567486E-02 -2.120567486E-02  6.562000141E-03  9.651268775E-01 
        50  2.121082321E-02 -2.121082321E-02  6.562000141E-03  3.235148472E-01 
        51  1.368749421E-02 -1.368750352E-02  6.562000141E-03  5.665160267E+00 
        52  1.381249446E-02 -1.381250285E-02  6.562000141E-03  5.713018950E+00 
        53  1.393749379E-02 -1.393750310E-02  6.562000141E-03  5.761126371E+00 
        54  4.062494729E-03 -4.062502645E-03  6.562000141E-03  1.508023707E+00 
        55  4.187494516E-03 -4.187502433E-03  6.562000141E-03  1.538756496E+00 
        56  4.312494770E-03 -4.312502686E-03  6.562000141E-03  1.570097219E+00 
        57  4.437494557E-03 -4.437502474E-03  6.562000141E-03  1.602623816E+00 
        58  4.562494345E-03 -4.562502727E-03  6.562000141E-03  1.636717440E+00 
        59  4.687494598E-03 -4.687502515E-03  6.562000141E-03  1.672433107E+00 
        60  4.812494386E-03 -4.812502768E-03  6.562000141E-03  1.709402824E+00 
        61  4.937494639E-03 -4.937502556E-03  6.562000141E-03  1.747014582E+00 
        62  5.062494427E-03 -5.062502343E-03  6.562000141E-03  1.784171574E+00 
        63  5.187494680E-03 -5.187502597E-03  6.562000141E-03  1.819666042E+00 
        64  5.312494468E-03 -5.312502384E-03  6.562000141E-03  1.852465066E+00 
        65  5.437494721E-03 -5.437502638E-03  6.562000141E-03  1.881759012E+00 
        66  5.562494509E-03 -5.562502425E-03  6.562000141E-03  1.906926138E+00 
        67  5.687494297E-03 -5.687502678E-03  6.562000141E-03  1.927469046E+00 
        68  5.812494550E-03 -5.812502466E-03  6.562000141E-03  1.943243322E+00 
        69  5.937494338E-03 -5.937502719E-03  6.562000141E-03  1.954426308E+00 
        70  6.062494591E-03 -6.062502507E-03  6.562000141E-03  1.960971489E+00 
        71  6.187494379E-03 -6.187502760E-03  6.562000141E-03  1.962516597E+00 
        72  6.312494632E-03 -6.312502548E-03  6.562000141E-03  1.958353036E+00 
        73  6.437494420E-03 -6.437502801E-03  6.562000141E-03  1.946807096E+00 
        74  6.562494207E-03 -6.562502589E-03  6.562000141E-03  1.925674220E+00 
        75  6.687494460E-03 -6.687502842E-03  6.562000141E-03  1.892815127E+00 
        76  6.812494248E-03 -6.812502630E-03  6.562000141E-03  1.846354879E+00 
        77  6.937494501E-03 -6.937502883E-03  6.562000141E-03  1.790960473E+00 
        78  7.062494289E-03 -7.062502671E-03  6.562000141E-03  1.742422454E+00 
        79  7.187494542E-03 -7.187502924E-03  6.562000141E-03  1.719209918E+00 
        80  7.312494330E-03 -7.312502712E-03  6.562000141E-03  1.726218376E+00 
        81  7.437494583E-03 -7.437502500E-03  6.562000141E-03  1.737227016E+00 
        82  7.562494371E-03 -7.562502753E-03  6.562000141E-03  1.678935864E+00 
        83  7.687494159E-03 -7.687502541E-03  6.562000141E-03  1.494625848E+00 
        84  7.812494412E-03 -7.812502794E-03  6.562000141E-03  1.430551894E+00 
        85  7.937494665E-03 -7.937503047E-03  6.562000141E-03  1.706652039E+00 
        86  8.062493987E-03 -8.062502369E-03  6.562000141E-03  2.006923675E+00 
        87  8.187494241E-03 -8.187502623E-03  6.562000141E-03  2.126896259E+00 
        88  8.312494494E-03 -8.312502876E-03  6.562000141E-03  2.199803029E+00 
        89  8.437494747E-03 -8.437503129E-03  6.562000141E-03  2.295670401E+00 
        90  8.562494069E-03 -8.562502451E-03  6.562000141E-03  2.374676373E+00 
        91  8.687494323E-03 -8.687502705E-03  6.562000141E-03  2.447579901E+00 
        92  8.812494576E-03 -8.812502958E-03  6.562000141E-03  2.567628484E+00 
        93  8.937493898E-03 -8.937503211E-03  6.562000141E-03  2.755818466E+00 
        94  9.062494151E-03 -9.062502533E-03  6.562000141E-03  2.989768403E+00 
        95  9.187494405E-03 -9.187502787E-03  6.562000141E-03  3.215698199E+00 
        96  9.312494658E-03 -9.312503040E-03  6.562000141E-03  3.394467701E+00 
        97  9.437493980E-03 -9.437503293E-03  6.562000141E-03  3.507180833E+00 
        98  9.562494233E-03 -9.562502615E-03  6.562000141E-03  3.543168706E+00 
        99  9.687494487E-03 -9.687502868E-03  6.562000141E-03  3.506366931E+00 
       100  9.812493809E-03 -9.812503122E-03  6.562000141E-03  3.434902122E+00 
       101  9.937494062E-03 -9.937502444E-03  6.562000141E-03  3.387694733E+00 
       102  1.356249396E-02 -1.356250327E-02  6.562000141E-03  5.617383909E+00 
       103  1.343749370E-02 -1.343750302E-02  6.562000141E-03  5.569468984E+00 
       104  1.331249438E-02 -1.331250276E-02  6.562000141E-03  5.521157881E+00 
       105  1.318749413E-02 -1.318750344E-02  6.562000141E-03  5.472183582E+00 
       106  1.306249388E-02 -1.306250319E-02  6.562000141E-03  5.422302293E+00 
       107  1.293749362E-02 -1.293750294E-02  6.562000141E-03  5.371326743E+00 
       108  1.281249430E-02 -1.281250268E-02  6.562000141E-03  5.319154125E+00 
       109  1.268749405E-02 -1.268750336E-02  6.562000141E-03  5.265783361E+00 
       110  1.256249379E-02 -1.256250311E-02  6.562000141E-03  5.211317560E+00 
       111  1.243749447E-02 -1.243750285E-02  6.562000141E-03  5.155949722E+00 
       112  1.231249422E-02 -1.231250260E-02  6.562000141E-03  5.099938020E+00 
       113  1.218749397E-02 -1.218750328E-02  6.562000141E-03  5.043567381E+00 
       114  1.206249371E-02 -1.206250302E-02  6.562000141E-03  4.987126918E+00 
       115  1.193749439E-02 -1.193750277E-02  6.562000141E-03  4.930907885E+00 
       116  1.181249414E-02 -1.181250345E-02  6.562000141E-03  4.875184252E+00 
       117  1.168749388E-02 -1.168750320E-02  6.562000141E-03  4.820163276E+00 
       118  1.156249456E-02 -1.156250294E-02  6.562000141E-03  4.766025887E+00 
       119  1.143749431E-02 -1.143750269E-02  6.562000141E-03  4.712873531E+00 
       120  1.131249405E-02 -1.131250337E-02  6.562000141E-03  4.660783979E+00 
       121  1.118749380E-02 -1.118750311E-02  6.562000141E-03  4.609607223E+00 
       122  1.106249448E-02 -1.106250286E-02  6.562000141E-03  4.558486610E+00 
       123  1.093749423E-02 -1.093750261E-02  6.562000141E-03  4.505099639E+00 
       124  1.081249397E-02 -1.081250329E-02  6.562000141E-03  4.443791863E+00 
       125  1.068749465E-02 -1.068750303E-02  6.562000141E-03  4.360725808E+00 
       126  1.056249440E-02 -1.056250278E-02  6.562000141E-03  4.228883883E+00 
       127  1.043749414E-02 -1.043750253E-02  6.562000141E-03  4.025316180E+00 
       128  1.031249389E-02 -1.031250320E-02  6.562000141E-03  3.772344192E+00 
       129  1.018749457E-02 -1.018750295E-02  6.562000141E-03  3.546521551E+00 
       130  1.006249432E-02 -1.006250270E-02  6.562000141E-03  3.414576310E+00 
       131  1.806249283E-02 -1.806250401E-02  6.562000141E-03  7.466931445E+00 
       132  1.793749444E-02 -1.793750376E-02  6.562000141E-03  7.425373151E+00 
       133  1.781249419E-02 -1.781250350E-02  6.562000141E-03  7.388458204E+00 
       134  1.768749394E-02 -1.768750325E-02  6.562000141E-03  7.353344999E+00 
       135  1.756249368E-02 -1.756250300E-02  6.562000141E-03  7.318342694E+00 
       136  1.743749343E-02 -1.743750274E-02  6.562000141E-03  7.282043538E+00 
       137  1.731249318E-02 -1.731250249E-02  6.562000141E-03  7.243207679E+00 
       138  1.718749292E-02 -1.718750224E-02  6.562000141E-03  7.200923446E+00 
       139  1.706249267E-02 -1.706250384E-02  6.562000141E-03  7.154612213E+00 
       140  1.693749428E-02 -1.693750359E-02  6.562000141E-03  7.104033542E+00 
       141  1.681249402E-02 -1.681250334E-02  6.562000141E-03  7.049300780E+00 
       142  1.668749377E-02 -1.668750308E-02  6.562000141E-03  6.990849370E+00 
       143  1.656249352E-02 -1.656250283E-02  6.562000141E-03  6.929400731E+00 
       144  1.643749326E-02 -1.643750258E-02  6.562000141E-03  6.865873320E+00 
       145  1.631249301E-02 -1.631250232E-02  6.562000141E-03  6.801282870E+00 
       146  1.618749276E-02 -1.618750207E-02  6.562000141E-03  6.736595813E+00 
       147  1.606249437E-02 -1.606250368E-02  6.562000141E-03  6.672610588E+00 
       148  1.593749411E-02 -1.593750343E-02  6.562000141E-03  6.609883444E+00 
       149  1.581249386E-02 -1.581250317E-02  6.562000141E-03  6.548726356E+00 
       150  1.568749361E-02 -1.568750292E-02  6.562000141E-03  6.489242893E+00 
       151  1.556249429E-02 -1.556250360E-02  6.562000141E-03  6.431387163E+00 
       152  1.543749403E-02 -1.543750335E-02  6.562000141E-03  6.375021730E+00 
       153  1.531249378E-02 -1.531250309E-02  6.562000141E-03  6.319965497E+00 
       154  1.518749353E-02 -1.518750284E-02  6.562000141E-03  6.266027745E+00 
       155  1.506249420E-02 -1.506250352E-02  6.562000141E-03  6.213026840E+00 
       156  1.493749395E-02 -1.493750326E-02  6.562000141E-03  6.160801848E+00 
       157  1.481249370E-02 -1.481250301E-02  6.562000141E-03  6.109218966E+00 
       158  1.468749437E-02 -1.468750276E-02  6.562000141E-03  6.058176757E+00 
       159  1.456249412E-02 -1.456250343E-02  6.562000141E-03  6.007607694E+00 
       160  1.443749387E-02 -1.443750318E-02  6.562000141E-03  5.957472346E+00 
       161  1.431249361E-02 -1.431250293E-02  6.562000141E-03  5.907755880E+00 
       162  1.418749429E-02 -1.418750267E-02  6.562000141E-03  5.858460590E+00 
       163  1.406249404E-02 -1.406250335E-02  6.562000141E-03  5.809589199E+00 
       164  1.895638742E-02 -1.895638742E-02  6.562000141E-03  7.893257849E+00 
       165  1.889956929E-02 -1.889956929E-02  6.562000141E-03  7.844640464E+00 
       166  1.880222000E-02 -1.880222373E-02  6.562000141E-03  7.845150975E+00 
       167  1.868749410E-02 -1.868750341E-02  6.562000141E-03  7.797515861E+00 
       168  1.856249385E-02 -1.856250316E-02  6.562000141E-03  7.730429752E+00 
       169  1.843749359E-02 -1.843750291E-02  6.562000141E-03  7.654119800E+00 
       170  1.831249334E-02 -1.831250265E-02  6.562000141E-03  7.580017513E+00 
       171  1.818749309E-02 -1.818750240E-02  6.562000141E-03  7.517271224E+00 
       172  2.830386627E-03 -2.830386627E-03  6.562000606E-03  1.462006858E+00 
       173  2.835483057E-03 -2.835483057E-03  6.562001072E-03  1.457240670E+00 
       174  2.841603942E-03 -2.841603942E-03  6.562000606E-03  1.452020032E+00 
       175  2.848956967E-03 -2.848956967E-03  6.562000141E-03  1.446309501E+00 
       176  2.857792191E-03 -2.857792191E-03  6.562000141E-03  1.440123573E+00 
       177  2.868410433E-03 -2.868410433E-03  6.562000141E-03  1.433372376E+00 
       178  2.881176071E-03 -2.881176071E-03  6.562000606E-03  1.425822508E+00 
       179  2.896528691E-03 -2.896528691E-03  6.562000606E-03  1.416864031E+00 
       180  2.915001474E-03 -2.915001474E-03  6.562000141E-03  1.405288666E+00 
