cellnumber     x-coordinate     y-coordinate     z-coordinate velocity-magnitude 
         1  2.830350772E-03 -2.830350772E-03  6.562000141E-03  1.461222019E+00 
         2  2.835454186E-03 -2.835454186E-03  6.562000606E-03  1.455941521E+00 
         3  2.841583686E-03 -2.841583686E-03  6.562000606E-03  1.451219316E+00 
         4  2.848947421E-03 -2.848947421E-03  6.562000141E-03  1.447623889E+00 
         5  2.857795218E-03 -2.857795218E-03  6.562000141E-03  1.445862648E+00 
         6  2.868429059E-03 -2.868429059E-03  6.561999675E-03  1.446703444E+00 
         7  2.881214023E-03 -2.881214023E-03  6.562000141E-03  1.450813775E+00 
         8  2.896590624E-03 -2.896590624E-03  6.562000606E-03  1.458398888E+00 
         9  7.812497672E-03 -7.812495343E-03  6.562000141E-03  1.764645163E+00 
        10  7.937497459E-03 -7.937495597E-03  6.562000141E-03  2.079542900E+00 
        11  8.062497713E-03 -8.062494919E-03  6.562000141E-03  2.215775138E+00 
        12  8.187497966E-03 -8.187495172E-03  6.562000141E-03  2.253319208E+00 
        13  8.312497288E-03 -8.312495425E-03  6.562000141E-03  2.268759559E+00 
        14  8.437497541E-03 -8.437495679E-03  6.562000141E-03  2.258637190E+00 
        15  8.562497795E-03 -8.562495001E-03  6.562000141E-03  2.221831699E+00 
        16  8.687497117E-03 -8.687495254E-03  6.562000141E-03  2.195356047E+00 
        17  8.812497370E-03 -8.812495507E-03  6.562000141E-03  2.233407017E+00 
        18  8.937497623E-03 -8.937494829E-03  6.562000141E-03  2.361980878E+00 
        19  9.062497877E-03 -9.062495083E-03  6.562000141E-03  2.566587647E+00 
        20  9.187497199E-03 -9.187495336E-03  6.562000141E-03  2.808109469E+00 
        21  9.312497452E-03 -9.312495589E-03  6.562000141E-03  3.046063890E+00 
        22  9.437497705E-03 -9.437494911E-03  6.562000141E-03  3.252782896E+00 
        23  9.562497027E-03 -9.562495165E-03  6.562000141E-03  3.418818563E+00 
        24  9.687497281E-03 -9.687495418E-03  6.562000141E-03  3.550170247E+00 
        25  9.812497534E-03 -9.812495671E-03  6.562000141E-03  3.658256589E+00 
        26  9.937497787E-03 -9.937494993E-03  6.562000141E-03  3.754016364E+00 
        27  1.006249711E-02 -1.006249525E-02  6.562000141E-03  3.848923998E+00 
        28  1.018749736E-02 -1.018749550E-02  6.562000141E-03  3.953877867E+00 
        29  1.031249762E-02 -1.031249575E-02  6.562000141E-03  4.077323821E+00 
        30  1.043749787E-02 -1.043749508E-02  6.562000141E-03  4.218251199E+00 
        31  1.056249719E-02 -1.056249533E-02  6.562000141E-03  4.362297429E+00 
        32  1.068749744E-02 -1.068749558E-02  6.562000141E-03  4.490541890E+00 
        33  1.081249770E-02 -1.081249584E-02  6.562000141E-03  4.593517110E+00 
        34  1.093749702E-02 -1.093749516E-02  6.562000141E-03  4.676188683E+00 
        35  1.106249727E-02 -1.106249541E-02  6.562000141E-03  4.746453016E+00 
        36  1.118749753E-02 -1.118749566E-02  6.562000141E-03  4.808684081E+00 
        37  1.131249778E-02 -1.131249499E-02  6.562000141E-03  4.865413783E+00 
        38  1.143749710E-02 -1.143749524E-02  6.562000141E-03  4.918031258E+00 
        39  1.156249736E-02 -1.156249549E-02  6.562000141E-03  4.967477428E+00 
        40  1.168749761E-02 -1.168749575E-02  6.562000141E-03  5.014429259E+00 
        41  1.181249693E-02 -1.181249507E-02  6.562000141E-03  5.059390220E+00 
        42  1.193749718E-02 -1.193749532E-02  6.562000141E-03  5.102737147E+00 
        43  1.206249744E-02 -1.206249557E-02  6.562000141E-03  5.144772098E+00 
        44  1.218749769E-02 -1.218749583E-02  6.562000141E-03  5.185745689E+00 
        45  1.231249701E-02 -1.231249515E-02  6.562000141E-03  5.225882897E+00 
        46  1.243749727E-02 -1.243749540E-02  6.562000141E-03  5.265386528E+00 
        47  1.256249752E-02 -1.256249566E-02  6.562000141E-03  5.304432496E+00 
        48  1.268749777E-02 -1.268749591E-02  6.562000141E-03  5.343164603E+00 
        49  1.281249709E-02 -1.281249523E-02  6.562000141E-03  5.381690749E+00 
        50  1.293749735E-02 -1.293749548E-02  6.562000141E-03  5.420082943E+00 
        51  1.306249760E-02 -1.306249574E-02  6.562000141E-03  5.458382296E+00 
        52  1.318749692E-02 -1.318749506E-02  6.562000141E-03  5.496608344E+00 
        53  1.331249718E-02 -1.331249531E-02  6.562000141E-03  5.534772156E+00 
        54  1.343749743E-02 -1.343749557E-02  6.562000141E-03  5.572891303E+00 
        55  1.356249768E-02 -1.356249582E-02  6.562000141E-03  5.611004376E+00 
        56  1.368749700E-02 -1.368749514E-02  6.562000141E-03  5.649183178E+00 
        57  1.381249726E-02 -1.381249540E-02  6.562000141E-03  5.687540442E+00 
        58  1.393749751E-02 -1.393749565E-02  6.562000141E-03  5.726231394E+00 
        59  1.406249683E-02 -1.406249590E-02  6.562000141E-03  5.765448856E+00 
        60  1.418749709E-02 -1.418749522E-02  6.562000141E-03  5.805412485E+00 
        61  1.431249734E-02 -1.431249548E-02  6.562000141E-03  5.846352693E+00 
        62  1.443749759E-02 -1.443749573E-02  6.562000141E-03  5.888491222E+00 
        63  1.456249692E-02 -1.456249598E-02  6.562000141E-03  5.932020198E+00 
        64  1.468749717E-02 -1.468749531E-02  6.562000141E-03  5.977082702E+00 
        65  1.481249742E-02 -1.481249556E-02  6.562000141E-03  6.023758788E+00 
        66  1.493749768E-02 -1.493749581E-02  6.562000141E-03  6.072061229E+00 
        67  1.506249700E-02 -1.506249607E-02  6.562000141E-03  6.121943979E+00 
        68  1.518749725E-02 -1.518749539E-02  6.562000141E-03  6.173325171E+00 
        69  1.531249750E-02 -1.531249564E-02  6.562000141E-03  6.226118413E+00 
        70  1.543749683E-02 -1.543749589E-02  6.562000141E-03  6.280272005E+00 
        71  1.556249708E-02 -1.556249522E-02  6.562000141E-03  6.335797373E+00 
        72  1.568749733E-02 -1.568749547E-02  6.562000141E-03  6.392775613E+00 
        73  1.581249759E-02 -1.581249572E-02  6.562000141E-03  6.451336453E+00 
        74  1.593749598E-02 -1.593749598E-02  6.562000141E-03  6.511607021E+00 
        75  1.606249623E-02 -1.606249623E-02  6.562000141E-03  6.573648495E+00 
        76  1.895096339E-02 -1.895096339E-02  6.562000606E-03  7.293556800E+00 
        77  1.890101843E-02 -1.890101843E-02  6.562000606E-03  7.294262758E+00 
        78  1.880909875E-02 -1.880909875E-02  6.562000606E-03  7.321906414E+00 
        79  1.868749596E-02 -1.868749596E-02  6.562000141E-03  7.368977910E+00 
        80  1.856249757E-02 -1.856249571E-02  6.562000141E-03  7.409054651E+00 
        81  1.843749732E-02 -1.843749546E-02  6.562000141E-03  7.436836228E+00 
        82  1.831249706E-02 -1.831249520E-02  6.562000141E-03  7.452763980E+00 
        83  1.818749681E-02 -1.818749495E-02  6.562000141E-03  7.461687857E+00 
        84  1.806249656E-02 -1.806249470E-02  6.562000141E-03  7.468112128E+00 
        85  1.793749630E-02 -1.793749630E-02  6.562000141E-03  7.460305850E+00 
        86  1.781249605E-02 -1.781249605E-02  6.562000141E-03  7.433167845E+00 
        87  1.768749766E-02 -1.768749580E-02  6.562000141E-03  7.390294437E+00 
        88  1.756249741E-02 -1.756249554E-02  6.562000141E-03  7.338690004E+00 
        89  1.743749715E-02 -1.743749529E-02  6.562000141E-03  7.283513898E+00 
        90  1.731249690E-02 -1.731249504E-02  6.562000141E-03  7.224630870E+00 
        91  1.718749665E-02 -1.718749478E-02  6.562000141E-03  7.161905254E+00 
        92  1.706249639E-02 -1.706249453E-02  6.562000141E-03  7.097520219E+00 
        93  1.693749614E-02 -1.693749614E-02  6.562000141E-03  7.032874636E+00 
        94  1.681249775E-02 -1.681249589E-02  6.562000141E-03  6.967796038E+00 
        95  1.668749750E-02 -1.668749563E-02  6.562000141E-03  6.901924881E+00 
        96  1.656249724E-02 -1.656249538E-02  6.562000141E-03  6.835423262E+00 
        97  1.643749699E-02 -1.643749513E-02  6.562000141E-03  6.768774284E+00 
        98  1.631249674E-02 -1.631249487E-02  6.562000141E-03  6.702573264E+00 
        99  1.618749648E-02 -1.618749462E-02  6.562000141E-03  6.637387782E+00 
       100  1.899245940E-02 -1.899245940E-02  6.562000606E-03  7.250711812E+00 
       101  1.905349456E-02 -1.905349456E-02  6.562000606E-03  7.282195264E+00 
       102  1.914011873E-02 -1.914011873E-02  6.562000141E-03  7.277249800E+00 
       103  1.923859492E-02 -1.923859492E-02  6.562000141E-03  7.325775554E+00 
       104  2.031007409E-02 -2.031007409E-02  6.562000141E-03  7.060340849E+00 
       105  2.023807354E-02 -2.023807354E-02  6.562000141E-03  7.142925611E+00 
       106  2.016607299E-02 -2.016607299E-02  6.562000141E-03  7.195868532E+00 
       107  2.009407431E-02 -2.009407431E-02  6.562000141E-03  7.252096545E+00 
       108  2.002207376E-02 -2.002207376E-02  6.562000141E-03  7.295590849E+00 
       109  1.995007321E-02 -1.995007321E-02  6.562000141E-03  7.333600224E+00 
       110  1.987807266E-02 -1.987807266E-02  6.562000141E-03  7.368561770E+00 
       111  1.980607398E-02 -1.980607398E-02  6.562000141E-03  7.388606161E+00 
       112  1.973407343E-02 -1.973407343E-02  6.562000141E-03  7.413381281E+00 
       113  1.966207288E-02 -1.966207288E-02  6.562000141E-03  7.415490936E+00 
       114  1.959007233E-02 -1.959007233E-02  6.562000141E-03  7.427761150E+00 
       115  1.951807365E-02 -1.951807365E-02  6.562000141E-03  7.409483381E+00 
       116  1.944607310E-02 -1.944607310E-02  6.562000141E-03  7.406537201E+00 
       117  1.937407255E-02 -1.937407441E-02  6.562000141E-03  7.372763240E+00 
       118  1.930207387E-02 -1.930207387E-02  6.562000141E-03  7.359911255E+00 
       119  2.038207278E-02 -2.038207278E-02  6.562000141E-03  6.990392030E+00 
       120  2.045407332E-02 -2.045407332E-02  6.562000141E-03  6.863435354E+00 
       121  2.052607387E-02 -2.052607387E-02  6.562000141E-03  6.765312645E+00 
       122  2.059807256E-02 -2.059807256E-02  6.562000141E-03  6.591447410E+00 
       123  2.067007311E-02 -2.067007311E-02  6.562000141E-03  6.477129315E+00 
       124  2.074207366E-02 -2.074207366E-02  6.562000141E-03  6.303297149E+00 
       125  2.081407420E-02 -2.081407420E-02  6.562000141E-03  6.213356560E+00 
       126  2.088592015E-02 -2.088592015E-02  6.562000141E-03  6.098867985E+00 
       127  2.093681321E-02 -2.093681321E-02  6.562000141E-03  6.056983560E+00 
       128  2.101955935E-02 -2.101955935E-02  6.562000141E-03  5.955949716E+00 
       129  2.107902244E-02 -2.107902244E-02  6.562000606E-03  5.854010415E+00 
       130  2.110386454E-02 -2.110386454E-02  6.562000606E-03  5.729634075E+00 
       131  2.112595551E-02 -2.112595551E-02  6.562000606E-03  5.521261811E+00 
       132  2.114437334E-02 -2.114437334E-02  6.562000606E-03  5.163796912E+00 
       133  2.115972713E-02 -2.115972713E-02  6.562000606E-03  4.631509517E+00 
       134  2.117252536E-02 -2.117252536E-02  6.562000141E-03  3.947034567E+00 
       135  2.118319459E-02 -2.118319459E-02  6.562000141E-03  3.160285029E+00 
       136  2.119208500E-02 -2.119208500E-02  6.562000141E-03  2.343012171E+00 
       137  2.119949646E-02 -2.119949646E-02  6.562000141E-03  1.571202096E+00 
       138  2.120567486E-02 -2.120567486E-02  6.562000141E-03  8.869112868E-01 
       139  2.121082321E-02 -2.121082321E-02  6.562000141E-03  2.977417761E-01 
       140  2.915092511E-03 -2.915092511E-03  6.562000141E-03  1.468846063E+00 
       141  2.937367652E-03 -2.937367652E-03  6.562000141E-03  1.479656937E+00 
       142  2.973292954E-03 -2.973292954E-03  6.562000141E-03  1.491682737E+00 
       143  3.061023075E-03 -3.061021678E-03  6.562000606E-03  1.481918050E+00 
       144  3.187497612E-03 -3.187494818E-03  6.562000141E-03  1.454947846E+00 
       145  3.312497633E-03 -3.312494839E-03  6.562000141E-03  1.426871339E+00 
       146  3.437497653E-03 -3.437494859E-03  6.562000141E-03  1.404759046E+00 
       147  3.562497674E-03 -3.562494880E-03  6.562000141E-03  1.395718048E+00 
       148  3.687497694E-03 -3.687494900E-03  6.562000141E-03  1.403206664E+00 
       149  3.812497715E-03 -3.812494921E-03  6.562000141E-03  1.426200229E+00 
       150  3.937497735E-03 -3.937494941E-03  6.562000141E-03  1.461952838E+00 
       151  4.062497523E-03 -4.062495194E-03  6.562000141E-03  1.507063843E+00 
       152  4.187497776E-03 -4.187494982E-03  6.562000141E-03  1.558207283E+00 
       153  4.312497564E-03 -4.312495235E-03  6.562000141E-03  1.612352584E+00 
       154  4.437497817E-03 -4.437495023E-03  6.562000141E-03  1.666726186E+00 
       155  4.562497605E-03 -4.562495276E-03  6.562000141E-03  1.718783336E+00 
       156  4.687497858E-03 -4.687495064E-03  6.562000141E-03  1.765921489E+00 
       157  4.812497646E-03 -4.812494852E-03  6.562000141E-03  1.805692884E+00 
       158  4.937497899E-03 -4.937495105E-03  6.562000141E-03  1.836171929E+00 
       159  5.062497687E-03 -5.062494893E-03  6.562000141E-03  1.856355918E+00 
       160  5.187497474E-03 -5.187495146E-03  6.562000141E-03  1.866601393E+00 
       161  5.312497728E-03 -5.312494934E-03  6.562000141E-03  1.867513591E+00 
       162  5.437497515E-03 -5.437495187E-03  6.562000141E-03  1.859611980E+00 
       163  5.562497769E-03 -5.562494975E-03  6.562000141E-03  1.843680253E+00 
       164  5.687497556E-03 -5.687495228E-03  6.562000141E-03  1.820994399E+00 
       165  5.812497810E-03 -5.812495016E-03  6.562000141E-03  1.793315863E+00 
       166  5.937497597E-03 -5.937495269E-03  6.562000141E-03  1.761258148E+00 
       167  6.062497851E-03 -6.062495057E-03  6.562000141E-03  1.724521312E+00 
       168  6.187497638E-03 -6.187495310E-03  6.562000141E-03  1.685575165E+00 
       169  6.312497426E-03 -6.312495098E-03  6.562000141E-03  1.649875609E+00 
       170  6.437497679E-03 -6.437495351E-03  6.562000141E-03  1.625661235E+00 
       171  6.562497467E-03 -6.562495138E-03  6.562000141E-03  1.620623849E+00 
       172  6.687497720E-03 -6.687495392E-03  6.562000141E-03  1.638409435E+00 
       173  6.812497508E-03 -6.812495179E-03  6.562000141E-03  1.675895108E+00 
       174  6.937497761E-03 -6.937494967E-03  6.562000141E-03  1.720013929E+00 
       175  7.062497549E-03 -7.062495220E-03  6.562000141E-03  1.743521084E+00 
       176  7.187497802E-03 -7.187495008E-03  6.562000141E-03  1.716594551E+00 
       177  7.312497590E-03 -7.312495261E-03  6.562000141E-03  1.608877634E+00 
       178  7.437497377E-03 -7.437495049E-03  6.562000141E-03  1.415139425E+00 
       179  7.562497631E-03 -7.562495302E-03  6.562000141E-03  1.272295530E+00 
       180  7.687497418E-03 -7.687495090E-03  6.562000141E-03  1.404767632E+00 
