cellnumber     x-coordinate     y-coordinate     z-coordinate velocity-magnitude 
         1  1.899245940E-02 -1.899245940E-02  6.562000606E-03  7.443613456E+00 
         2  1.905349456E-02 -1.905349456E-02  6.562000606E-03  7.347610229E+00 
         3  1.914011873E-02 -1.914011873E-02  6.562000141E-03  7.285131938E+00 
         4  1.923859492E-02 -1.923859492E-02  6.562000141E-03  7.108073345E+00 
         5  2.031007409E-02 -2.031007409E-02  6.562000141E-03  6.842212420E+00 
         6  2.023807354E-02 -2.023807354E-02  6.562000141E-03  6.804972613E+00 
         7  2.016607299E-02 -2.016607299E-02  6.562000141E-03  6.744860419E+00 
         8  2.009407431E-02 -2.009407431E-02  6.562000141E-03  6.714526904E+00 
         9  2.002207376E-02 -2.002207376E-02  6.562000141E-03  6.648636648E+00 
        10  1.995007321E-02 -1.995007321E-02  6.562000141E-03  6.631081014E+00 
        11  1.987807266E-02 -1.987807266E-02  6.562000141E-03  6.568495821E+00 
        12  1.980607398E-02 -1.980607398E-02  6.562000141E-03  6.577159637E+00 
        13  1.973407343E-02 -1.973407343E-02  6.562000141E-03  6.534187498E+00 
        14  1.966207288E-02 -1.966207288E-02  6.562000141E-03  6.586425567E+00 
        15  1.959007233E-02 -1.959007233E-02  6.562000141E-03  6.580115204E+00 
        16  1.951807365E-02 -1.951807365E-02  6.562000141E-03  6.687593698E+00 
        17  1.944607310E-02 -1.944607310E-02  6.562000141E-03  6.724229638E+00 
        18  1.937407255E-02 -1.937407441E-02  6.562000141E-03  6.878386442E+00 
        19  1.930207387E-02 -1.930207387E-02  6.562000141E-03  6.944516537E+00 
        20  2.038207278E-02 -2.038207278E-02  6.562000141E-03  6.895453932E+00 
        21  2.045407332E-02 -2.045407332E-02  6.562000141E-03  6.940010325E+00 
        22  2.052607387E-02 -2.052607387E-02  6.562000141E-03  6.990674963E+00 
        23  2.059807256E-02 -2.059807256E-02  6.562000141E-03  7.047326846E+00 
        24  2.067007311E-02 -2.067007311E-02  6.562000141E-03  7.104490171E+00 
        25  2.074207366E-02 -2.074207366E-02  6.562000141E-03  7.182313864E+00 
        26  2.081407420E-02 -2.081407420E-02  6.562000141E-03  7.250479755E+00 
        27  2.088592015E-02 -2.088592015E-02  6.562000141E-03  7.321002144E+00 
        28  2.093681321E-02 -2.093681321E-02  6.562000141E-03  7.365866434E+00 
        29  2.101955935E-02 -2.101955935E-02  6.562000141E-03  7.333086880E+00 
        30  2.107902244E-02 -2.107902244E-02  6.562000606E-03  7.244477315E+00 
        31  2.110386454E-02 -2.110386454E-02  6.562000606E-03  7.117907073E+00 
        32  2.112595551E-02 -2.112595551E-02  6.562000606E-03  6.904649678E+00 
        33  2.114437334E-02 -2.114437334E-02  6.562000606E-03  6.536634318E+00 
        34  2.115972713E-02 -2.115972713E-02  6.562000606E-03  5.963796821E+00 
        35  2.117252536E-02 -2.117252536E-02  6.562000141E-03  5.182499002E+00 
        36  2.118319459E-02 -2.118319459E-02  6.562000141E-03  4.236077281E+00 
        37  2.119208500E-02 -2.119208500E-02  6.562000141E-03  3.183875291E+00 
        38  2.119949646E-02 -2.119949646E-02  6.562000141E-03  2.137083538E+00 
        39  2.120567486E-02 -2.120567486E-02  6.562000141E-03  1.200673689E+00 
        40  2.121082321E-02 -2.121082321E-02  6.562000141E-03  4.014308660E-01 
        41  1.843750477E-02 -1.843749918E-02  6.562000141E-03  7.421554368E+00 
        42  1.831250452E-02 -1.831249893E-02  6.562000141E-03  7.398748662E+00 
        43  1.818750426E-02 -1.818749867E-02  6.562000141E-03  7.378138182E+00 
        44  1.806250401E-02 -1.806249842E-02  6.562000141E-03  7.359827936E+00 
        45  1.793750376E-02 -1.793749817E-02  6.562000141E-03  7.343863148E+00 
        46  1.781250350E-02 -1.781249791E-02  6.562000141E-03  7.330090797E+00 
        47  1.768750511E-02 -1.768749766E-02  6.562000141E-03  7.318231435E+00 
        48  1.756250486E-02 -1.756249927E-02  6.562000141E-03  7.307867295E+00 
        49  1.743750460E-02 -1.743749902E-02  6.562000141E-03  7.298574375E+00 
        50  1.731250435E-02 -1.731249876E-02  6.562000141E-03  7.290039711E+00 
        51  1.718750410E-02 -1.718749851E-02  6.562000141E-03  7.282050827E+00 
        52  1.706250384E-02 -1.706249826E-02  6.562000141E-03  7.274407008E+00 
        53  1.693750359E-02 -1.693749800E-02  6.562000141E-03  7.266791696E+00 
        54  1.681250520E-02 -1.681249775E-02  6.562000141E-03  7.258717026E+00 
        55  1.668750495E-02 -1.668749936E-02  6.562000141E-03  7.249450048E+00 
        56  1.656250469E-02 -1.656249911E-02  6.562000141E-03  7.237992225E+00 
        57  1.643750444E-02 -1.643749885E-02  6.562000141E-03  7.223099060E+00 
        58  1.631250419E-02 -1.631249860E-02  6.562000141E-03  7.203291645E+00 
        59  1.618750393E-02 -1.618749835E-02  6.562000141E-03  7.176914494E+00 
        60  1.606250368E-02 -1.606249809E-02  6.562000141E-03  7.142226622E+00 
        61  1.593750529E-02 -1.593749784E-02  6.562000141E-03  7.097455804E+00 
        62  1.581250504E-02 -1.581249759E-02  6.562000141E-03  7.040790720E+00 
        63  1.568750478E-02 -1.568749920E-02  6.562000141E-03  6.970413277E+00 
        64  1.556250453E-02 -1.556249894E-02  6.562000141E-03  6.884856695E+00 
        65  1.543750428E-02 -1.543749869E-02  6.562000141E-03  6.784078669E+00 
        66  1.531250495E-02 -1.531249844E-02  6.562000141E-03  6.671148226E+00 
        67  1.518750470E-02 -1.518749911E-02  6.562000141E-03  6.553115255E+00 
        68  1.506250445E-02 -1.506249886E-02  6.562000141E-03  6.439075948E+00 
        69  1.493750513E-02 -1.493749861E-02  6.562000141E-03  6.335976931E+00 
        70  1.481250487E-02 -1.481249835E-02  6.562000141E-03  6.245873455E+00 
        71  1.468750462E-02 -1.468749903E-02  6.562000141E-03  6.166806260E+00 
        72  1.456250437E-02 -1.456249878E-02  6.562000141E-03  6.095378809E+00 
        73  1.443750504E-02 -1.443749852E-02  6.562000141E-03  6.028618835E+00 
        74  1.431250479E-02 -1.431249827E-02  6.562000141E-03  5.964631901E+00 
        75  1.418750454E-02 -1.418749895E-02  6.562000141E-03  5.902654340E+00 
        76  1.406250428E-02 -1.406249870E-02  6.562000141E-03  5.842791084E+00 
        77  1.393750496E-02 -1.393749844E-02  6.562000141E-03  5.785642194E+00 
        78  1.381250471E-02 -1.381249819E-02  6.562000141E-03  5.731914894E+00 
        79  1.368750446E-02 -1.368749887E-02  6.562000141E-03  5.682152785E+00 
        80  1.356250513E-02 -1.356249861E-02  6.562000141E-03  5.636634656E+00 
        81  1.343750488E-02 -1.343749836E-02  6.562000141E-03  5.595443117E+00 
        82  1.331250463E-02 -1.331249904E-02  6.562000141E-03  5.558582354E+00 
        83  1.318750437E-02 -1.318749879E-02  6.562000141E-03  5.526083529E+00 
        84  1.306250505E-02 -1.306249853E-02  6.562000141E-03  5.497691554E+00 
        85  1.293750480E-02 -1.293749828E-02  6.562000141E-03  5.473205914E+00 
        86  1.281250454E-02 -1.281249896E-02  6.562000141E-03  5.452074541E+00 
        87  1.268750522E-02 -1.268749870E-02  6.562000141E-03  5.433212332E+00 
        88  1.256250497E-02 -1.256249845E-02  6.562000141E-03  5.414910536E+00 
        89  1.243750472E-02 -1.243749820E-02  6.562000141E-03  5.395072998E+00 
        90  1.231250446E-02 -1.231249887E-02  6.562000141E-03  5.371754912E+00 
        91  1.218750514E-02 -1.218749862E-02  6.562000141E-03  5.343655194E+00 
        92  1.206250489E-02 -1.206249837E-02  6.562000141E-03  5.310225814E+00 
        93  1.193750463E-02 -1.193749812E-02  6.562000141E-03  5.271477417E+00 
        94  1.181250438E-02 -1.181249879E-02  6.562000141E-03  5.227737662E+00 
        95  1.168750506E-02 -1.168749854E-02  6.562000141E-03  5.179385662E+00 
        96  1.156250481E-02 -1.156249829E-02  6.562000141E-03  5.126916009E+00 
        97  1.143750455E-02 -1.143749896E-02  6.562000141E-03  5.071097247E+00 
        98  1.131250523E-02 -1.131249871E-02  6.562000141E-03  5.012523837E+00 
        99  1.118750498E-02 -1.118749846E-02  6.562000141E-03  4.950952026E+00 
       100  2.830355195E-03 -2.830355195E-03  6.562000141E-03  1.462723366E+00 
       101  2.835455118E-03 -2.835455118E-03  6.562000606E-03  1.460729904E+00 
       102  2.841580659E-03 -2.841580659E-03  6.562001072E-03  1.460450304E+00 
       103  2.848939039E-03 -2.848939039E-03  6.562000141E-03  1.462548494E+00 
       104  2.857780783E-03 -2.857780783E-03  6.562000141E-03  1.467671996E+00 
       105  2.868407406E-03 -2.868407406E-03  6.562000606E-03  1.476305539E+00 
       106  2.881183056E-03 -2.881183056E-03  6.562000606E-03  1.488645125E+00 
       107  2.896548016E-03 -2.896548016E-03  6.562000141E-03  1.504461276E+00 
       108  2.915036166E-03 -2.915036166E-03  6.562000141E-03  1.523084135E+00 
       109  2.937293379E-03 -2.937293379E-03  6.562000606E-03  1.543334193E+00 
       110  2.975319512E-03 -2.975319512E-03  6.562000141E-03  1.571299765E+00 
       111  3.059382550E-03 -3.059382550E-03  6.562000141E-03  1.618030840E+00 
       112  3.123705741E-03 -3.123705741E-03  6.562000141E-03  1.657423351E+00 
       113  3.189919051E-03 -3.189915325E-03  6.562000141E-03  1.676360451E+00 
       114  3.312505083E-03 -3.312498098E-03  6.562000141E-03  1.758728427E+00 
       115  3.437505104E-03 -3.437497886E-03  6.562000141E-03  1.847893867E+00 
       116  3.562505124E-03 -3.562497906E-03  6.562000141E-03  1.928881314E+00 
       117  3.687505145E-03 -3.687497927E-03  6.562000141E-03  1.983786240E+00 
       118  3.812505165E-03 -3.812497947E-03  6.562000141E-03  1.994262488E+00 
       119  3.937505186E-03 -3.937498201E-03  6.562000141E-03  1.954240152E+00 
       120  4.062504973E-03 -4.062497988E-03  6.562000141E-03  1.875715790E+00 
       121  4.187505227E-03 -4.187498242E-03  6.562000141E-03  1.786333580E+00 
       122  4.312505014E-03 -4.312498029E-03  6.562000141E-03  1.709147824E+00 
       123  4.437505268E-03 -4.437498283E-03  6.562000141E-03  1.649712384E+00 
       124  4.562505055E-03 -4.562498070E-03  6.562000141E-03  1.603008405E+00 
       125  4.687505309E-03 -4.687498324E-03  6.562000141E-03  1.565827065E+00 
       126  4.812505096E-03 -4.812498111E-03  6.562000141E-03  1.538359970E+00 
       127  4.937505350E-03 -4.937498365E-03  6.562000141E-03  1.520611804E+00 
       128  5.062505137E-03 -5.062498152E-03  6.562000141E-03  1.512035746E+00 
       129  5.187504925E-03 -5.187498406E-03  6.562000141E-03  1.511925027E+00 
       130  5.312505178E-03 -5.312498193E-03  6.562000141E-03  1.518534652E+00 
       131  5.437504966E-03 -5.437497981E-03  6.562000141E-03  1.528877804E+00 
       132  5.562505219E-03 -5.562498234E-03  6.562000141E-03  1.538831511E+00 
       133  5.687505007E-03 -5.687498022E-03  6.562000141E-03  1.544631599E+00 
       134  5.812505260E-03 -5.812498275E-03  6.562000141E-03  1.544531745E+00 
       135  5.937505048E-03 -5.937498063E-03  6.562000141E-03  1.539552615E+00 
       136  6.062505301E-03 -6.062498316E-03  6.562000141E-03  1.533079491E+00 
       137  6.187505089E-03 -6.187498104E-03  6.562000141E-03  1.529489324E+00 
       138  6.312504876E-03 -6.312498357E-03  6.562000141E-03  1.533374183E+00 
       139  6.437505130E-03 -6.437498145E-03  6.562000141E-03  1.548490903E+00 
       140  6.562504917E-03 -6.562498398E-03  6.562000141E-03  1.576060287E+00 
       141  6.687505171E-03 -6.687498186E-03  6.562000141E-03  1.613369090E+00 
       142  6.812504958E-03 -6.812498439E-03  6.562000141E-03  1.652516784E+00 
       143  6.937505212E-03 -6.937498227E-03  6.562000141E-03  1.680704338E+00 
       144  7.062504999E-03 -7.062498480E-03  6.562000141E-03  1.685027772E+00 
       145  7.187505253E-03 -7.187498268E-03  6.562000141E-03  1.659253122E+00 
       146  7.312505040E-03 -7.312498521E-03  6.562000141E-03  1.596805609E+00 
       147  7.437504828E-03 -7.437498309E-03  6.562000141E-03  1.505462813E+00 
       148  7.562505081E-03 -7.562498096E-03  6.562000141E-03  1.400173959E+00 
       149  7.687504869E-03 -7.687498350E-03  6.562000141E-03  1.348503595E+00 
       150  7.812504657E-03 -7.812498137E-03  6.562000141E-03  1.515869870E+00 
       151  7.937504910E-03 -7.937498391E-03  6.562000141E-03  1.859022592E+00 
       152  8.062505163E-03 -8.062498644E-03  6.562000141E-03  2.156164502E+00 
       153  8.187505417E-03 -8.187497966E-03  6.562000141E-03  2.317984267E+00 
       154  8.312504739E-03 -8.312498219E-03  6.562000141E-03  2.402314618E+00 
       155  1.106250472E-02 -1.106249820E-02  6.562000141E-03  4.884730018E+00 
       156  1.093750447E-02 -1.093749888E-02  6.562000141E-03  4.809194124E+00 
       157  1.081250515E-02 -1.081249863E-02  6.562000141E-03  4.715488692E+00 
       158  1.068750490E-02 -1.068749838E-02  6.562000141E-03  4.592739383E+00 
       159  1.056250464E-02 -1.056249812E-02  6.562000141E-03  4.437718555E+00 
       160  1.043750532E-02 -1.043749880E-02  6.562000141E-03  4.259744811E+00 
       161  1.031250507E-02 -1.031249855E-02  6.562000141E-03  4.070280321E+00 
       162  1.018750481E-02 -1.018749829E-02  6.562000141E-03  3.874024352E+00 
       163  1.006250456E-02 -1.006249804E-02  6.562000141E-03  3.662482608E+00 
       164  9.937505238E-03 -9.937498719E-03  6.562000141E-03  3.424222995E+00 
       165  9.812504984E-03 -9.812498465E-03  6.562000141E-03  3.161012263E+00 
       166  9.687504731E-03 -9.687498212E-03  6.562000141E-03  2.888058902E+00 
       167  9.562505409E-03 -9.562497959E-03  6.562000141E-03  2.635370853E+00 
       168  9.437505156E-03 -9.437498637E-03  6.562000141E-03  2.444523451E+00 
       169  9.312504902E-03 -9.312498383E-03  6.562000141E-03  2.346945454E+00 
       170  9.187504649E-03 -9.187498130E-03  6.562000141E-03  2.340411458E+00 
       171  9.062505327E-03 -9.062498808E-03  6.562000141E-03  2.391205647E+00 
       172  8.937505074E-03 -8.937498555E-03  6.562000141E-03  2.457539176E+00 
       173  8.812504821E-03 -8.812498301E-03  6.562000141E-03  2.506946842E+00 
       174  8.687504567E-03 -8.687498048E-03  6.562000141E-03  2.523591863E+00 
       175  8.562505245E-03 -8.562498726E-03  6.562000141E-03  2.506510674E+00 
       176  8.437504992E-03 -8.437498473E-03  6.562000141E-03  2.463037275E+00 
       177  1.895486377E-02 -1.895486377E-02  6.562000606E-03  7.461897050E+00 
       178  1.889866963E-02 -1.889866963E-02  6.562000141E-03  7.490468005E+00 
       179  1.880285516E-02 -1.880285144E-02  6.562000141E-03  7.492683077E+00 
       180  1.868750341E-02 -1.868749782E-02  6.562000141E-03  7.473694380E+00 
       181  1.856250502E-02 -1.856249943E-02  6.562000141E-03  7.446432304E+00 
