cellnumber     x-coordinate     y-coordinate     z-coordinate velocity-magnitude 
         1  2.937239595E-03 -2.937239595E-03  6.562000141E-03  1.955855030E+00 
         2  2.974424278E-03 -2.974424278E-03  6.562000141E-03  2.004039315E+00 
         3  3.062227275E-03 -3.062231001E-03  6.562000141E-03  1.974463739E+00 
         4  3.187494585E-03 -3.187502269E-03  6.562000141E-03  1.917542847E+00 
         5  3.312494606E-03 -3.312502289E-03  6.562000141E-03  1.817763466E+00 
         6  3.437494626E-03 -3.437502310E-03  6.562000141E-03  1.716088833E+00 
         7  3.562494414E-03 -3.562502330E-03  6.562000141E-03  1.629270678E+00 
         8  3.687494434E-03 -3.687502351E-03  6.562000141E-03  1.560285834E+00 
         9  3.812494455E-03 -3.812502371E-03  6.562000141E-03  1.507487182E+00 
        10  3.937494475E-03 -3.937502392E-03  6.562000141E-03  1.467844789E+00 
        11  1.899245940E-02 -1.899245940E-02  6.562000606E-03  7.496479338E+00 
        12  1.905349456E-02 -1.905349456E-02  6.562000606E-03  7.497806293E+00 
        13  1.914011873E-02 -1.914011873E-02  6.562000141E-03  7.499115328E+00 
        14  1.923859492E-02 -1.923859492E-02  6.562000141E-03  7.507705640E+00 
        15  2.031007409E-02 -2.031007409E-02  6.562000141E-03  7.518550938E+00 
        16  2.023807354E-02 -2.023807354E-02  6.562000141E-03  7.541372626E+00 
        17  2.016607299E-02 -2.016607299E-02  6.562000141E-03  7.552528557E+00 
        18  2.009407431E-02 -2.009407431E-02  6.562000141E-03  7.561746820E+00 
        19  2.002207376E-02 -2.002207376E-02  6.562000141E-03  7.564850451E+00 
        20  1.995007321E-02 -1.995007321E-02  6.562000141E-03  7.563708876E+00 
        21  1.987807266E-02 -1.987807266E-02  6.562000141E-03  7.561533653E+00 
        22  1.980607398E-02 -1.980607398E-02  6.562000141E-03  7.554494401E+00 
        23  1.973407343E-02 -1.973407343E-02  6.562000141E-03  7.549779365E+00 
        24  1.966207288E-02 -1.966207288E-02  6.562000141E-03  7.540998430E+00 
        25  1.959007233E-02 -1.959007233E-02  6.562000141E-03  7.535739438E+00 
        26  1.951807365E-02 -1.951807365E-02  6.562000141E-03  7.527808998E+00 
        27  1.944607310E-02 -1.944607310E-02  6.562000141E-03  7.522884844E+00 
        28  1.937407255E-02 -1.937407441E-02  6.562000141E-03  7.516364294E+00 
        29  1.930207387E-02 -1.930207387E-02  6.562000141E-03  7.512487013E+00 
        30  2.038207278E-02 -2.038207278E-02  6.562000141E-03  7.497625444E+00 
        31  2.045407332E-02 -2.045407332E-02  6.562000141E-03  7.461634684E+00 
        32  2.052607387E-02 -2.052607387E-02  6.562000141E-03  7.431953846E+00 
        33  2.059807256E-02 -2.059807256E-02  6.562000141E-03  7.389622375E+00 
        34  2.067007311E-02 -2.067007311E-02  6.562000141E-03  7.358193795E+00 
        35  2.074207366E-02 -2.074207366E-02  6.562000141E-03  7.323279057E+00 
        36  2.081407420E-02 -2.081407420E-02  6.562000141E-03  7.299707779E+00 
        37  2.088592015E-02 -2.088592015E-02  6.562000141E-03  7.279459789E+00 
        38  2.093681321E-02 -2.093681321E-02  6.562000141E-03  7.252875803E+00 
        39  2.101955935E-02 -2.101955935E-02  6.562000141E-03  7.195738509E+00 
        40  2.107902244E-02 -2.107902244E-02  6.562000606E-03  7.122470654E+00 
        41  2.110386454E-02 -2.110386454E-02  6.562000606E-03  7.019280218E+00 
        42  2.112595551E-02 -2.112595551E-02  6.562000606E-03  6.858534528E+00 
        43  2.114437334E-02 -2.114437334E-02  6.562000606E-03  6.577920261E+00 
        44  2.115972713E-02 -2.115972713E-02  6.562000606E-03  6.101289650E+00 
        45  2.117252536E-02 -2.117252536E-02  6.562000141E-03  5.378529409E+00 
        46  2.118319459E-02 -2.118319459E-02  6.562000141E-03  4.440474833E+00 
        47  2.119208500E-02 -2.119208500E-02  6.562000141E-03  3.356071141E+00 
        48  2.119949646E-02 -2.119949646E-02  6.562000141E-03  2.254641888E+00 
        49  2.120567486E-02 -2.120567486E-02  6.562000141E-03  1.264894425E+00 
        50  2.121082321E-02 -2.121082321E-02  6.562000141E-03  4.225072965E-01 
        51  1.368749421E-02 -1.368750259E-02  6.562000141E-03  5.605178119E+00 
        52  1.381249446E-02 -1.381250285E-02  6.562000141E-03  5.645125444E+00 
        53  1.393749379E-02 -1.393750310E-02  6.562000141E-03  5.684159128E+00 
        54  4.062494729E-03 -4.062502645E-03  6.562000141E-03  1.438499138E+00 
        55  4.187494516E-03 -4.187502433E-03  6.562000141E-03  1.416993919E+00 
        56  4.312494770E-03 -4.312502686E-03  6.562000141E-03  1.400953885E+00 
        57  4.437494557E-03 -4.437502474E-03  6.562000141E-03  1.388001235E+00 
        58  4.562494811E-03 -4.562502727E-03  6.562000141E-03  1.375995670E+00 
        59  4.687494598E-03 -4.687502515E-03  6.562000141E-03  1.363239456E+00 
        60  4.812494386E-03 -4.812502302E-03  6.562000141E-03  1.348545041E+00 
        61  4.937494639E-03 -4.937502556E-03  6.562000141E-03  1.331236420E+00 
        62  5.062494427E-03 -5.062502343E-03  6.562000141E-03  1.311125583E+00 
        63  5.187494680E-03 -5.187502597E-03  6.562000141E-03  1.288429693E+00 
        64  5.312494468E-03 -5.312502384E-03  6.562000141E-03  1.263867939E+00 
        65  5.437494721E-03 -5.437502638E-03  6.562000141E-03  1.238930768E+00 
        66  5.562494509E-03 -5.562502425E-03  6.562000141E-03  1.216050921E+00 
        67  5.687494297E-03 -5.687502678E-03  6.562000141E-03  1.198717259E+00 
        68  5.812494550E-03 -5.812502466E-03  6.562000141E-03  1.191499564E+00 
        69  5.937494338E-03 -5.937502719E-03  6.562000141E-03  1.199910060E+00 
        70  6.062494591E-03 -6.062502507E-03  6.562000141E-03  1.229891776E+00 
        71  6.187494379E-03 -6.187502760E-03  6.562000141E-03  1.285991275E+00 
        72  6.312494632E-03 -6.312502548E-03  6.562000141E-03  1.367934963E+00 
        73  6.437494420E-03 -6.437502801E-03  6.562000141E-03  1.467365904E+00 
        74  6.562494673E-03 -6.562502589E-03  6.562000141E-03  1.567145074E+00 
        75  6.687494460E-03 -6.687502842E-03  6.562000141E-03  1.641721406E+00 
        76  6.812494248E-03 -6.812502630E-03  6.562000141E-03  1.667343035E+00 
        77  6.937494501E-03 -6.937502418E-03  6.562000141E-03  1.648740340E+00 
        78  7.062494289E-03 -7.062502671E-03  6.562000141E-03  1.587217398E+00 
        79  7.187494542E-03 -7.187502459E-03  6.562000141E-03  1.509405513E+00 
        80  7.312494330E-03 -7.312502712E-03  6.562000141E-03  1.419101211E+00 
        81  7.437494583E-03 -7.437502500E-03  6.562000141E-03  1.311372786E+00 
        82  7.562494371E-03 -7.562502753E-03  6.562000141E-03  1.365902042E+00 
        83  7.687494624E-03 -7.687502541E-03  6.562000141E-03  1.724209373E+00 
        84  7.812494412E-03 -7.812502794E-03  6.562000141E-03  2.221549180E+00 
        85  7.937494665E-03 -7.937503047E-03  6.562000141E-03  2.633210270E+00 
        86  8.062493987E-03 -8.062502369E-03  6.562000141E-03  2.834957558E+00 
        87  8.187494241E-03 -8.187502623E-03  6.562000141E-03  2.823335435E+00 
        88  8.312494494E-03 -8.312502876E-03  6.562000141E-03  2.616615551E+00 
        89  8.437494747E-03 -8.437503129E-03  6.562000141E-03  2.387348002E+00 
        90  8.562494069E-03 -8.562502451E-03  6.562000141E-03  2.353687958E+00 
        91  8.687494323E-03 -8.687502705E-03  6.562000141E-03  2.470287268E+00 
        92  8.812494576E-03 -8.812502958E-03  6.562000141E-03  2.581281898E+00 
        93  8.937494829E-03 -8.937503211E-03  6.562000141E-03  2.714437596E+00 
        94  9.062494151E-03 -9.062502533E-03  6.562000141E-03  2.905019624E+00 
        95  9.187494405E-03 -9.187502787E-03  6.562000141E-03  3.130680135E+00 
        96  9.312494658E-03 -9.312503040E-03  6.562000141E-03  3.376521404E+00 
        97  9.437493980E-03 -9.437502362E-03  6.562000141E-03  3.601351034E+00 
        98  9.562494233E-03 -9.562502615E-03  6.562000141E-03  3.768230969E+00 
        99  9.687494487E-03 -9.687502868E-03  6.562000141E-03  3.880621492E+00 
       100  9.812494740E-03 -9.812503122E-03  6.562000141E-03  3.961551693E+00 
       101  9.937494062E-03 -9.937502444E-03  6.562000141E-03  4.028502329E+00 
       102  1.356249396E-02 -1.356250327E-02  6.562000141E-03  5.564581990E+00 
       103  1.343749370E-02 -1.343750302E-02  6.562000141E-03  5.523603188E+00 
       104  1.331249438E-02 -1.331250276E-02  6.562000141E-03  5.482483437E+00 
       105  1.318749413E-02 -1.318750251E-02  6.562000141E-03  5.441422895E+00 
       106  1.306249388E-02 -1.306250319E-02  6.562000141E-03  5.400574917E+00 
       107  1.293749455E-02 -1.293750294E-02  6.562000141E-03  5.360044123E+00 
       108  1.281249430E-02 -1.281250268E-02  6.562000141E-03  5.319876589E+00 
       109  1.268749405E-02 -1.268750336E-02  6.562000141E-03  5.280062631E+00 
       110  1.256249379E-02 -1.256250311E-02  6.562000141E-03  5.240491994E+00 
       111  1.243749447E-02 -1.243750285E-02  6.562000141E-03  5.200969191E+00 
       112  1.231249422E-02 -1.231250260E-02  6.562000141E-03  5.161182357E+00 
       113  1.218749397E-02 -1.218750328E-02  6.562000141E-03  5.120675328E+00 
       114  1.206249464E-02 -1.206250302E-02  6.562000141E-03  5.078837999E+00 
       115  1.193749439E-02 -1.193750277E-02  6.562000141E-03  5.034990804E+00 
       116  1.181249414E-02 -1.181250252E-02  6.562000141E-03  4.988498808E+00 
       117  1.168749388E-02 -1.168750320E-02  6.562000141E-03  4.938882406E+00 
       118  1.156249456E-02 -1.156250294E-02  6.562000141E-03  4.885861844E+00 
       119  1.143749431E-02 -1.143750269E-02  6.562000141E-03  4.829319940E+00 
       120  1.131249405E-02 -1.131250244E-02  6.562000141E-03  4.769262047E+00 
       121  1.118749473E-02 -1.118750311E-02  6.562000141E-03  4.705852259E+00 
       122  1.106249448E-02 -1.106250286E-02  6.562000141E-03  4.639466735E+00 
       123  1.093749423E-02 -1.093750261E-02  6.562000141E-03  4.570657832E+00 
       124  1.081249397E-02 -1.081250329E-02  6.562000141E-03  4.500041783E+00 
       125  1.068749465E-02 -1.068750303E-02  6.562000141E-03  4.428470154E+00 
       126  1.056249440E-02 -1.056250278E-02  6.562000141E-03  4.357088817E+00 
       127  1.043749414E-02 -1.043750253E-02  6.562000141E-03  4.287056870E+00 
       128  1.031249389E-02 -1.031250320E-02  6.562000141E-03  4.219284940E+00 
       129  1.018749457E-02 -1.018750295E-02  6.562000141E-03  4.154149131E+00 
       130  1.006249432E-02 -1.006250270E-02  6.562000141E-03  4.091120830E+00 
       131  1.806249283E-02 -1.806250215E-02  6.562000141E-03  7.349151594E+00 
       132  1.793749444E-02 -1.793750376E-02  6.562000141E-03  7.320805914E+00 
       133  1.781249419E-02 -1.781250350E-02  6.562000141E-03  7.290576582E+00 
       134  1.768749394E-02 -1.768750325E-02  6.562000141E-03  7.258046415E+00 
       135  1.756249368E-02 -1.756250300E-02  6.562000141E-03  7.222788995E+00 
       136  1.743749343E-02 -1.743750274E-02  6.562000141E-03  7.184144037E+00 
       137  1.731249318E-02 -1.731250249E-02  6.562000141E-03  7.141275870E+00 
       138  1.718749292E-02 -1.718750224E-02  6.562000141E-03  7.093386123E+00 
       139  1.706249453E-02 -1.706250384E-02  6.562000141E-03  7.039931128E+00 
       140  1.693749428E-02 -1.693750359E-02  6.562000141E-03  6.980762679E+00 
       141  1.681249402E-02 -1.681250334E-02  6.562000141E-03  6.916167797E+00 
       142  1.668749377E-02 -1.668750308E-02  6.562000141E-03  6.846816346E+00 
       143  1.656249352E-02 -1.656250283E-02  6.562000141E-03  6.773647665E+00 
       144  1.643749326E-02 -1.643750258E-02  6.562000141E-03  6.697732010E+00 
       145  1.631249301E-02 -1.631250232E-02  6.562000141E-03  6.620198915E+00 
       146  1.618749462E-02 -1.618750207E-02  6.562000141E-03  6.542258040E+00 
       147  1.606249437E-02 -1.606250368E-02  6.562000141E-03  6.465153187E+00 
       148  1.593749411E-02 -1.593750343E-02  6.562000141E-03  6.390132481E+00 
       149  1.581249386E-02 -1.581250317E-02  6.562000141E-03  6.318456205E+00 
       150  1.568749361E-02 -1.568750292E-02  6.562000141E-03  6.251337024E+00 
       151  1.556249429E-02 -1.556250267E-02  6.562000141E-03  6.189731375E+00 
       152  1.543749403E-02 -1.543750335E-02  6.562000141E-03  6.134123183E+00 
       153  1.531249378E-02 -1.531250309E-02  6.562000141E-03  6.084418405E+00 
       154  1.518749446E-02 -1.518750284E-02  6.562000141E-03  6.040001724E+00 
       155  1.506249420E-02 -1.506250352E-02  6.562000141E-03  5.999913091E+00 
       156  1.493749395E-02 -1.493750326E-02  6.562000141E-03  5.963053285E+00 
       157  1.481249370E-02 -1.481250301E-02  6.562000141E-03  5.928344882E+00 
       158  1.468749437E-02 -1.468750276E-02  6.562000141E-03  5.894824015E+00 
       159  1.456249412E-02 -1.456250343E-02  6.562000141E-03  5.861675680E+00 
       160  1.443749387E-02 -1.443750318E-02  6.562000141E-03  5.828240509E+00 
       161  1.431249455E-02 -1.431250293E-02  6.562000141E-03  5.794018179E+00 
       162  1.418749429E-02 -1.418750267E-02  6.562000141E-03  5.758676054E+00 
       163  1.406249404E-02 -1.406250335E-02  6.562000141E-03  5.722054944E+00 
       164  1.895638742E-02 -1.895638742E-02  6.562000141E-03  7.489723432E+00 
       165  1.889956929E-02 -1.889956929E-02  6.562000606E-03  7.488698071E+00 
       166  1.880222000E-02 -1.880222373E-02  6.562000141E-03  7.479903114E+00 
       167  1.868749410E-02 -1.868750341E-02  6.562000141E-03  7.465290136E+00 
       168  1.856249385E-02 -1.856250316E-02  6.562000141E-03  7.447129219E+00 
       169  1.843749359E-02 -1.843750291E-02  6.562000141E-03  7.425697017E+00 
       170  1.831249334E-02 -1.831250265E-02  6.562000141E-03  7.402125623E+00 
       171  1.818749309E-02 -1.818750240E-02  6.562000141E-03  7.376355931E+00 
       172  2.830386860E-03 -2.830386860E-03  6.562000606E-03  1.471946682E+00 
       173  2.835483057E-03 -2.835483057E-03  6.562000606E-03  1.490354296E+00 
       174  2.841603942E-03 -2.841603942E-03  6.562000606E-03  1.516483578E+00 
       175  2.848957200E-03 -2.848957200E-03  6.562000606E-03  1.552194721E+00 
       176  2.857792191E-03 -2.857792191E-03  6.562000141E-03  1.599251708E+00 
       177  2.868410433E-03 -2.868410433E-03  6.562000141E-03  1.658930435E+00 
       178  2.881176071E-03 -2.881176071E-03  6.562000606E-03  1.731067736E+00 
       179  2.896528924E-03 -2.896528924E-03  6.562000606E-03  1.811978310E+00 
       180  2.915001474E-03 -2.915001474E-03  6.562000141E-03  1.891679590E+00 
