cellnumber     x-coordinate     y-coordinate     z-coordinate velocity-magnitude 
         1  1.899245940E-02 -1.899245940E-02  6.562000606E-03  7.365701187E+00 
         2  1.905349456E-02 -1.905349456E-02  6.562000606E-03  7.446394573E+00 
         3  1.914011873E-02 -1.914011873E-02  6.562000141E-03  7.429133345E+00 
         4  1.923859492E-02 -1.923859492E-02  6.562000141E-03  7.480331648E+00 
         5  2.031007409E-02 -2.031007409E-02  6.562000141E-03  7.264212416E+00 
         6  2.023807354E-02 -2.023807354E-02  6.562000141E-03  7.337195329E+00 
         7  2.016607299E-02 -2.016607299E-02  6.562000141E-03  7.403773255E+00 
         8  2.009407431E-02 -2.009407431E-02  6.562000141E-03  7.454323175E+00 
         9  2.002207376E-02 -2.002207376E-02  6.562000141E-03  7.507390792E+00 
        10  1.995007321E-02 -1.995007321E-02  6.562000141E-03  7.530585622E+00 
        11  1.987807266E-02 -1.987807266E-02  6.562000141E-03  7.566332332E+00 
        12  1.980607398E-02 -1.980607398E-02  6.562000141E-03  7.561192268E+00 
        13  1.973407343E-02 -1.973407343E-02  6.562000141E-03  7.579152188E+00 
        14  1.966207288E-02 -1.966207288E-02  6.562000141E-03  7.553038692E+00 
        15  1.959007233E-02 -1.959007233E-02  6.562000141E-03  7.560114856E+00 
        16  1.951807365E-02 -1.951807365E-02  6.562000141E-03  7.525611186E+00 
        17  1.944607310E-02 -1.944607310E-02  6.562000141E-03  7.530131937E+00 
        18  1.937407255E-02 -1.937407441E-02  6.562000141E-03  7.500857789E+00 
        19  1.930207387E-02 -1.930207387E-02  6.562000141E-03  7.510102424E+00 
        20  2.038207278E-02 -2.038207278E-02  6.562000141E-03  7.187698468E+00 
        21  2.045407332E-02 -2.045407332E-02  6.562000141E-03  7.098825114E+00 
        22  2.052607387E-02 -2.052607387E-02  6.562000141E-03  7.015105116E+00 
        23  2.059807256E-02 -2.059807256E-02  6.562000141E-03  6.920647776E+00 
        24  2.067007311E-02 -2.067007311E-02  6.562000141E-03  6.840152532E+00 
        25  2.074207366E-02 -2.074207366E-02  6.562000141E-03  6.763123181E+00 
        26  2.081407420E-02 -2.081407420E-02  6.562000141E-03  6.708998379E+00 
        27  2.088592015E-02 -2.088592015E-02  6.562000141E-03  6.663573373E+00 
        28  2.093681321E-02 -2.093681321E-02  6.562000141E-03  6.638131882E+00 
        29  2.101955935E-02 -2.101955935E-02  6.562000141E-03  6.559133332E+00 
        30  2.107902244E-02 -2.107902244E-02  6.562000606E-03  6.463814796E+00 
        31  2.110386454E-02 -2.110386454E-02  6.562000606E-03  6.353003264E+00 
        32  2.112595551E-02 -2.112595551E-02  6.562000606E-03  6.171738045E+00 
        33  2.114437334E-02 -2.114437334E-02  6.562000606E-03  5.845962692E+00 
        34  2.115972713E-02 -2.115972713E-02  6.562000606E-03  5.314603174E+00 
        35  2.117252536E-02 -2.117252536E-02  6.562000141E-03  4.574952630E+00 
        36  2.118319459E-02 -2.118319459E-02  6.562000141E-03  3.687114776E+00 
        37  2.119208500E-02 -2.119208500E-02  6.562000141E-03  2.736286763E+00 
        38  2.119949646E-02 -2.119949646E-02  6.562000141E-03  1.826252062E+00 
        39  2.120567486E-02 -2.120567486E-02  6.562000141E-03  1.025757132E+00 
        40  2.121082321E-02 -2.121082321E-02  6.562000141E-03  3.435455881E-01 
        41  1.843750477E-02 -1.843749918E-02  6.562000141E-03  7.249256659E+00 
        42  1.831250452E-02 -1.831249893E-02  6.562000141E-03  7.228037096E+00 
        43  1.818750426E-02 -1.818749867E-02  6.562000141E-03  7.210632134E+00 
        44  1.806250401E-02 -1.806249842E-02  6.562000141E-03  7.195686020E+00 
        45  1.793750376E-02 -1.793749817E-02  6.562000141E-03  7.182361583E+00 
        46  1.781250350E-02 -1.781249978E-02  6.562000141E-03  7.170338105E+00 
        47  1.768750325E-02 -1.768749952E-02  6.562000141E-03  7.159589593E+00 
        48  1.756250300E-02 -1.756249927E-02  6.562000141E-03  7.150196568E+00 
        49  1.743750460E-02 -1.743749902E-02  6.562000141E-03  7.141997231E+00 
        50  1.731250435E-02 -1.731249876E-02  6.562000141E-03  7.134257354E+00 
        51  1.718750410E-02 -1.718749851E-02  6.562000141E-03  7.125808632E+00 
        52  1.706250384E-02 -1.706249826E-02  6.562000141E-03  7.115323060E+00 
        53  1.693750359E-02 -1.693749800E-02  6.562000141E-03  7.101451379E+00 
        54  1.681250334E-02 -1.681249961E-02  6.562000141E-03  7.083021201E+00 
        55  1.668750308E-02 -1.668749936E-02  6.562000141E-03  7.059083452E+00 
        56  1.656250469E-02 -1.656249911E-02  6.562000141E-03  7.028959672E+00 
        57  1.643750444E-02 -1.643749885E-02  6.562000141E-03  6.992306231E+00 
        58  1.631250419E-02 -1.631249860E-02  6.562000141E-03  6.949150574E+00 
        59  1.618750393E-02 -1.618749835E-02  6.562000141E-03  6.900226658E+00 
        60  1.606250368E-02 -1.606249809E-02  6.562000141E-03  6.846930430E+00 
        61  1.593750343E-02 -1.593749970E-02  6.562000141E-03  6.791063502E+00 
        62  1.581250317E-02 -1.581249945E-02  6.562000141E-03  6.734370601E+00 
        63  1.568750478E-02 -1.568749920E-02  6.562000141E-03  6.678105127E+00 
        64  1.556250453E-02 -1.556249894E-02  6.562000141E-03  6.622867873E+00 
        65  1.543750428E-02 -1.543749869E-02  6.562000141E-03  6.568745250E+00 
        66  1.531250402E-02 -1.531249937E-02  6.562000141E-03  6.515426210E+00 
        67  1.518750470E-02 -1.518749911E-02  6.562000141E-03  6.462668825E+00 
        68  1.506250445E-02 -1.506249886E-02  6.562000141E-03  6.410239634E+00 
        69  1.493750419E-02 -1.493749861E-02  6.562000141E-03  6.357927578E+00 
        70  1.481250394E-02 -1.481249928E-02  6.562000141E-03  6.305509460E+00 
        71  1.468750462E-02 -1.468749903E-02  6.562000141E-03  6.252725922E+00 
        72  1.456250437E-02 -1.456249878E-02  6.562000141E-03  6.199328216E+00 
        73  1.443750411E-02 -1.443749852E-02  6.562000141E-03  6.145095652E+00 
        74  1.431250479E-02 -1.431249920E-02  6.562000141E-03  6.089820125E+00 
        75  1.418750454E-02 -1.418749895E-02  6.562000141E-03  6.033327875E+00 
        76  1.406250428E-02 -1.406249870E-02  6.562000141E-03  5.975490851E+00 
        77  1.393750403E-02 -1.393749937E-02  6.562000141E-03  5.916236964E+00 
        78  1.381250471E-02 -1.381249912E-02  6.562000141E-03  5.855577342E+00 
        79  1.368750446E-02 -1.368749887E-02  6.562000141E-03  5.793627663E+00 
        80  1.356250420E-02 -1.356249861E-02  6.562000141E-03  5.730620690E+00 
        81  1.343750488E-02 -1.343749929E-02  6.562000141E-03  5.666893641E+00 
        82  1.331250463E-02 -1.331249904E-02  6.562000141E-03  5.602847105E+00 
        83  1.318750437E-02 -1.318749879E-02  6.562000141E-03  5.538879542E+00 
        84  1.306250412E-02 -1.306249853E-02  6.562000141E-03  5.475367384E+00 
        85  1.293750480E-02 -1.293749921E-02  6.562000141E-03  5.412594766E+00 
        86  1.281250454E-02 -1.281249896E-02  6.562000141E-03  5.350736784E+00 
        87  1.268750429E-02 -1.268749870E-02  6.562000141E-03  5.289868685E+00 
        88  1.256250497E-02 -1.256249845E-02  6.562000141E-03  5.229996434E+00 
        89  1.243750472E-02 -1.243749913E-02  6.562000141E-03  5.171085202E+00 
        90  1.231250446E-02 -1.231249887E-02  6.562000141E-03  5.113084816E+00 
        91  1.218750421E-02 -1.218749862E-02  6.562000141E-03  5.055943336E+00 
        92  1.206250489E-02 -1.206249837E-02  6.562000141E-03  4.999611092E+00 
        93  1.193750463E-02 -1.193749905E-02  6.562000141E-03  4.944037553E+00 
        94  1.181250438E-02 -1.181249879E-02  6.562000141E-03  4.889164752E+00 
        95  1.168750413E-02 -1.168749854E-02  6.562000141E-03  4.834920018E+00 
        96  1.156250481E-02 -1.156249922E-02  6.562000141E-03  4.781210671E+00 
        97  1.143750455E-02 -1.143749896E-02  6.562000141E-03  4.727922168E+00 
        98  1.131250430E-02 -1.131249871E-02  6.562000141E-03  4.674909727E+00 
        99  1.118750498E-02 -1.118749846E-02  6.562000141E-03  4.621994207E+00 
       100  2.830355195E-03 -2.830355195E-03  6.562000141E-03  1.459488115E+00 
       101  2.835455118E-03 -2.835455118E-03  6.562000141E-03  1.452554679E+00 
       102  2.841580659E-03 -2.841580659E-03  6.562000141E-03  1.448325399E+00 
       103  2.848939039E-03 -2.848939039E-03  6.562000141E-03  1.448175601E+00 
       104  2.857780783E-03 -2.857780783E-03  6.562000606E-03  1.453655905E+00 
       105  2.868407406E-03 -2.868407406E-03  6.562000141E-03  1.466390839E+00 
       106  2.881182823E-03 -2.881182823E-03  6.562000141E-03  1.487931379E+00 
       107  2.896548016E-03 -2.896548016E-03  6.562000141E-03  1.519329373E+00 
       108  2.915036166E-03 -2.915036166E-03  6.562000606E-03  1.560306609E+00 
       109  2.937293379E-03 -2.937293379E-03  6.562000606E-03  1.606931110E+00 
       110  2.975319512E-03 -2.975319512E-03  6.562000606E-03  1.668946516E+00 
       111  3.059382550E-03 -3.059382550E-03  6.562000606E-03  1.734831049E+00 
       112  3.123705974E-03 -3.123705974E-03  6.562000606E-03  1.769782640E+00 
       113  3.189918818E-03 -3.189915325E-03  6.562000141E-03  1.754086686E+00 
       114  3.312505083E-03 -3.312498098E-03  6.562000141E-03  1.745194570E+00 
       115  3.437505104E-03 -3.437498119E-03  6.562000141E-03  1.706342886E+00 
       116  3.562505124E-03 -3.562498139E-03  6.562000141E-03  1.655156673E+00 
       117  3.687504912E-03 -3.687498160E-03  6.562000141E-03  1.605755800E+00 
       118  3.812504932E-03 -3.812498180E-03  6.562000141E-03  1.565357330E+00 
       119  3.937505186E-03 -3.937498201E-03  6.562000141E-03  1.530797391E+00 
       120  4.062504973E-03 -4.062498454E-03  6.562000141E-03  1.500238069E+00 
       121  4.187505227E-03 -4.187498242E-03  6.562000141E-03  1.474296089E+00 
       122  4.312505014E-03 -4.312498029E-03  6.562000141E-03  1.453240775E+00 
       123  4.437505268E-03 -4.437498283E-03  6.562000141E-03  1.436579198E+00 
       124  4.562505055E-03 -4.562498070E-03  6.562000141E-03  1.423100291E+00 
       125  4.687504843E-03 -4.687498324E-03  6.562000141E-03  1.410672067E+00 
       126  4.812505096E-03 -4.812498111E-03  6.562000141E-03  1.397035860E+00 
       127  4.937504884E-03 -4.937498365E-03  6.562000141E-03  1.380800924E+00 
       128  5.062505137E-03 -5.062498152E-03  6.562000141E-03  1.361774088E+00 
       129  5.187504925E-03 -5.187498406E-03  6.562000141E-03  1.340337879E+00 
       130  5.312505178E-03 -5.312498193E-03  6.562000141E-03  1.317554955E+00 
       131  5.437504966E-03 -5.437498447E-03  6.562000141E-03  1.295689157E+00 
       132  5.562505219E-03 -5.562498234E-03  6.562000141E-03  1.278280042E+00 
       133  5.687505007E-03 -5.687498488E-03  6.562000141E-03  1.269374580E+00 
       134  5.812504794E-03 -5.812498275E-03  6.562000141E-03  1.272316987E+00 
       135  5.937505048E-03 -5.937498529E-03  6.562000141E-03  1.288826398E+00 
       136  6.062504835E-03 -6.062498316E-03  6.562000141E-03  1.318978523E+00 
       137  6.187505089E-03 -6.187498569E-03  6.562000141E-03  1.361836943E+00 
       138  6.312504876E-03 -6.312498357E-03  6.562000141E-03  1.415490083E+00 
       139  6.437505130E-03 -6.437498610E-03  6.562000141E-03  1.476547558E+00 
       140  6.562504917E-03 -6.562498398E-03  6.562000141E-03  1.539276919E+00 
       141  6.687504705E-03 -6.687498186E-03  6.562000141E-03  1.594458913E+00 
       142  6.812504958E-03 -6.812498439E-03  6.562000141E-03  1.627892410E+00 
       143  6.937504746E-03 -6.937498227E-03  6.562000141E-03  1.626801159E+00 
       144  7.062504999E-03 -7.062498480E-03  6.562000141E-03  1.591274862E+00 
       145  7.187504787E-03 -7.187498268E-03  6.562000141E-03  1.525053517E+00 
       146  7.312505040E-03 -7.312498521E-03  6.562000141E-03  1.390890204E+00 
       147  7.437504828E-03 -7.437498309E-03  6.562000141E-03  1.167534502E+00 
       148  7.562505081E-03 -7.562498562E-03  6.562000141E-03  1.176552595E+00 
       149  7.687504869E-03 -7.687498350E-03  6.562000141E-03  1.561909558E+00 
       150  7.812504657E-03 -7.812498603E-03  6.562000141E-03  1.870393351E+00 
       151  7.937504910E-03 -7.937498391E-03  6.562000141E-03  1.968831763E+00 
       152  8.062505163E-03 -8.062498644E-03  6.562000141E-03  2.002138304E+00 
       153  8.187504485E-03 -8.187498897E-03  6.562000141E-03  2.049125244E+00 
       154  8.312504739E-03 -8.312498219E-03  6.562000141E-03  2.115871461E+00 
       155  1.106250472E-02 -1.106249914E-02  6.562000141E-03  4.568972036E+00 
       156  1.093750447E-02 -1.093749888E-02  6.562000141E-03  4.515572393E+00 
       157  1.081250422E-02 -1.081249863E-02  6.562000141E-03  4.461467803E+00 
       158  1.068750490E-02 -1.068749838E-02  6.562000141E-03  4.406240722E+00 
       159  1.056250464E-02 -1.056249905E-02  6.562000141E-03  4.349748649E+00 
       160  1.043750439E-02 -1.043749880E-02  6.562000141E-03  4.292276703E+00 
       161  1.031250507E-02 -1.031249855E-02  6.562000141E-03  4.233951802E+00 
       162  1.018750481E-02 -1.018749829E-02  6.562000141E-03  4.174531106E+00 
       163  1.006250456E-02 -1.006249897E-02  6.562000141E-03  4.113714005E+00 
       164  9.937504306E-03 -9.937498719E-03  6.562000141E-03  4.050373054E+00 
       165  9.812504984E-03 -9.812498465E-03  6.562000141E-03  3.980386065E+00 
       166  9.687504731E-03 -9.687498212E-03  6.562000141E-03  3.894770972E+00 
       167  9.562504478E-03 -9.562498890E-03  6.562000141E-03  3.779455491E+00 
       168  9.437505156E-03 -9.437498637E-03  6.562000141E-03  3.624190661E+00 
       169  9.312504902E-03 -9.312498383E-03  6.562000141E-03  3.429557181E+00 
       170  9.187504649E-03 -9.187499061E-03  6.562000141E-03  3.209266432E+00 
       171  9.062504396E-03 -9.062498808E-03  6.562000141E-03  2.985318233E+00 
       172  8.937505074E-03 -8.937498555E-03  6.562000141E-03  2.776285417E+00 
       173  8.812504821E-03 -8.812498301E-03  6.562000141E-03  2.590417103E+00 
       174  8.687504567E-03 -8.687498979E-03  6.562000141E-03  2.431343805E+00 
       175  8.562505245E-03 -8.562498726E-03  6.562000141E-03  2.301740403E+00 
       176  8.437504992E-03 -8.437498473E-03  6.562000141E-03  2.198929620E+00 
       177  1.895486377E-02 -1.895486377E-02  6.562000141E-03  7.353458959E+00 
       178  1.889866963E-02 -1.889866963E-02  6.562000141E-03  7.374088699E+00 
       179  1.880285516E-02 -1.880285144E-02  6.562000141E-03  7.345873915E+00 
       180  1.868750341E-02 -1.868749969E-02  6.562000141E-03  7.308900643E+00 
       181  1.856250316E-02 -1.856249943E-02  6.562000141E-03  7.275864904E+00 
