cellnumber     x-coordinate     y-coordinate     z-coordinate velocity-magnitude 
         1  2.830350772E-03 -2.830350772E-03  6.562000141E-03  1.443482503E+00 
         2  2.835454186E-03 -2.835454186E-03  6.562000606E-03  1.403828528E+00 
         3  2.841583686E-03 -2.841583686E-03  6.562000141E-03  1.359530308E+00 
         4  2.848947421E-03 -2.848947421E-03  6.562000606E-03  1.310853678E+00 
         5  2.857795218E-03 -2.857795218E-03  6.562000606E-03  1.258934156E+00 
         6  2.868429059E-03 -2.868429059E-03  6.561999675E-03  1.207116079E+00 
         7  2.881214023E-03 -2.881214023E-03  6.562000141E-03  1.162768098E+00 
         8  2.896590624E-03 -2.896590624E-03  6.562000606E-03  1.137366952E+00 
         9  7.812497206E-03 -7.812495343E-03  6.562000141E-03  2.157206470E+00 
        10  7.937497459E-03 -7.937495597E-03  6.562000141E-03  2.607339683E+00 
        11  8.062497713E-03 -8.062494919E-03  6.562000141E-03  3.021274599E+00 
        12  8.187497035E-03 -8.187495172E-03  6.562000141E-03  3.264169165E+00 
        13  8.312497288E-03 -8.312495425E-03  6.562000141E-03  3.361642819E+00 
        14  8.437497541E-03 -8.437495679E-03  6.562000141E-03  3.305862426E+00 
        15  8.562497795E-03 -8.562495001E-03  6.562000141E-03  3.125051281E+00 
        16  8.687497117E-03 -8.687495254E-03  6.562000141E-03  3.053497617E+00 
        17  8.812497370E-03 -8.812495507E-03  6.562000141E-03  3.012613958E+00 
        18  8.937497623E-03 -8.937495761E-03  6.562000141E-03  2.901765710E+00 
        19  9.062496945E-03 -9.062495083E-03  6.562000141E-03  2.809382270E+00 
        20  9.187497199E-03 -9.187495336E-03  6.562000141E-03  2.729871257E+00 
        21  9.312497452E-03 -9.312495589E-03  6.562000141E-03  2.637367846E+00 
        22  9.437497705E-03 -9.437495843E-03  6.562000141E-03  2.541798732E+00 
        23  9.562497027E-03 -9.562495165E-03  6.562000141E-03  2.474785795E+00 
        24  9.687497281E-03 -9.687495418E-03  6.562000141E-03  2.480248137E+00 
        25  9.812497534E-03 -9.812495671E-03  6.562000141E-03  2.588493423E+00 
        26  9.937497787E-03 -9.937495925E-03  6.562000141E-03  2.794765902E+00 
        27  1.006249711E-02 -1.006249525E-02  6.562000141E-03  3.065052109E+00 
        28  1.018749736E-02 -1.018749550E-02  6.562000141E-03  3.358782707E+00 
        29  1.031249762E-02 -1.031249575E-02  6.562000141E-03  3.648739067E+00 
        30  1.043749694E-02 -1.043749508E-02  6.562000141E-03  3.920955999E+00 
        31  1.056249719E-02 -1.056249533E-02  6.562000141E-03  4.164626891E+00 
        32  1.068749744E-02 -1.068749558E-02  6.562000141E-03  4.371028352E+00 
        33  1.081249770E-02 -1.081249584E-02  6.562000141E-03  4.536667879E+00 
        34  1.093749702E-02 -1.093749516E-02  6.562000141E-03  4.663875772E+00 
        35  1.106249727E-02 -1.106249541E-02  6.562000141E-03  4.758576330E+00 
        36  1.118749753E-02 -1.118749566E-02  6.562000141E-03  4.827877159E+00 
        37  1.131249685E-02 -1.131249592E-02  6.562000141E-03  4.878897540E+00 
        38  1.143749710E-02 -1.143749524E-02  6.562000141E-03  4.919156271E+00 
        39  1.156249736E-02 -1.156249549E-02  6.562000141E-03  4.955328856E+00 
        40  1.168749761E-02 -1.168749575E-02  6.562000141E-03  4.991675506E+00 
        41  1.181249693E-02 -1.181249600E-02  6.562000141E-03  5.030393875E+00 
        42  1.193749718E-02 -1.193749532E-02  6.562000141E-03  5.071474104E+00 
        43  1.206249744E-02 -1.206249557E-02  6.562000141E-03  5.114178086E+00 
        44  1.218749676E-02 -1.218749583E-02  6.562000141E-03  5.157580142E+00 
        45  1.231249701E-02 -1.231249608E-02  6.562000141E-03  5.200977043E+00 
        46  1.243749727E-02 -1.243749540E-02  6.562000141E-03  5.243996426E+00 
        47  1.256249752E-02 -1.256249566E-02  6.562000141E-03  5.286427765E+00 
        48  1.268749684E-02 -1.268749591E-02  6.562000141E-03  5.328278794E+00 
        49  1.281249709E-02 -1.281249523E-02  6.562000141E-03  5.369915743E+00 
        50  1.293749735E-02 -1.293749548E-02  6.562000141E-03  5.411676351E+00 
        51  1.306249667E-02 -1.306249574E-02  6.562000141E-03  5.453773487E+00 
        52  1.318749692E-02 -1.318749599E-02  6.562000141E-03  5.496383405E+00 
        53  1.331249718E-02 -1.331249531E-02  6.562000141E-03  5.539677021E+00 
        54  1.343749743E-02 -1.343749557E-02  6.562000141E-03  5.583827248E+00 
        55  1.356249675E-02 -1.356249582E-02  6.562000141E-03  5.629000601E+00 
        56  1.368749700E-02 -1.368749607E-02  6.562000141E-03  5.675342609E+00 
        57  1.381249726E-02 -1.381249540E-02  6.562000141E-03  5.722960335E+00 
        58  1.393749751E-02 -1.393749565E-02  6.562000141E-03  5.771908057E+00 
        59  1.406249683E-02 -1.406249590E-02  6.562000141E-03  5.822166719E+00 
        60  1.418749709E-02 -1.418749616E-02  6.562000141E-03  5.873657547E+00 
        61  1.431249734E-02 -1.431249548E-02  6.562000141E-03  5.926247564E+00 
        62  1.443749666E-02 -1.443749573E-02  6.562000141E-03  5.979753213E+00 
        63  1.456249692E-02 -1.456249598E-02  6.562000141E-03  6.033950533E+00 
        64  1.468749717E-02 -1.468749624E-02  6.562000141E-03  6.088587662E+00 
        65  1.481249742E-02 -1.481249556E-02  6.562000141E-03  6.143400069E+00 
        66  1.493749674E-02 -1.493749581E-02  6.562000141E-03  6.198120959E+00 
        67  1.506249700E-02 -1.506249607E-02  6.562000141E-03  6.252491217E+00 
        68  1.518749725E-02 -1.518749539E-02  6.562000141E-03  6.306273235E+00 
        69  1.531249657E-02 -1.531249564E-02  6.562000141E-03  6.359259362E+00 
        70  1.543749683E-02 -1.543749589E-02  6.562000141E-03  6.411279384E+00 
        71  1.556249708E-02 -1.556249615E-02  6.562000141E-03  6.462204349E+00 
        72  1.568749733E-02 -1.568749547E-02  6.562000141E-03  6.511946520E+00 
        73  1.581249759E-02 -1.581249572E-02  6.562000141E-03  6.560456067E+00 
        74  1.593749598E-02 -1.593749598E-02  6.562000141E-03  6.607720044E+00 
        75  1.606249623E-02 -1.606249623E-02  6.562000141E-03  6.653767509E+00 
        76  1.895096339E-02 -1.895096339E-02  6.562000141E-03  7.338870848E+00 
        77  1.890101843E-02 -1.890101843E-02  6.562000141E-03  7.331618027E+00 
        78  1.880909875E-02 -1.880909875E-02  6.562000141E-03  7.328191086E+00 
        79  1.868749596E-02 -1.868749596E-02  6.562000141E-03  7.315567932E+00 
        80  1.856249571E-02 -1.856249571E-02  6.562000141E-03  7.303851030E+00 
        81  1.843749732E-02 -1.843749546E-02  6.562000141E-03  7.292755393E+00 
        82  1.831249706E-02 -1.831249520E-02  6.562000141E-03  7.280560032E+00 
        83  1.818749681E-02 -1.818749495E-02  6.562000141E-03  7.265775778E+00 
        84  1.806249656E-02 -1.806249656E-02  6.562000141E-03  7.247625282E+00 
        85  1.793749630E-02 -1.793749630E-02  6.562000141E-03  7.225749335E+00 
        86  1.781249605E-02 -1.781249605E-02  6.562000141E-03  7.200124264E+00 
        87  1.768749580E-02 -1.768749580E-02  6.562000141E-03  7.170952648E+00 
        88  1.756249741E-02 -1.756249554E-02  6.562000141E-03  7.138604093E+00 
        89  1.743749715E-02 -1.743749529E-02  6.562000141E-03  7.103692050E+00 
        90  1.731249690E-02 -1.731249504E-02  6.562000141E-03  7.066998904E+00 
        91  1.718749665E-02 -1.718749478E-02  6.562000141E-03  7.029030603E+00 
        92  1.706249639E-02 -1.706249639E-02  6.562000141E-03  6.990118842E+00 
        93  1.693749614E-02 -1.693749614E-02  6.562000141E-03  6.950458517E+00 
        94  1.681249589E-02 -1.681249589E-02  6.562000141E-03  6.910162976E+00 
        95  1.668749750E-02 -1.668749563E-02  6.562000141E-03  6.869262148E+00 
        96  1.656249724E-02 -1.656249538E-02  6.562000141E-03  6.827737948E+00 
        97  1.643749699E-02 -1.643749513E-02  6.562000141E-03  6.785530754E+00 
        98  1.631249674E-02 -1.631249487E-02  6.562000141E-03  6.742555458E+00 
        99  1.618749648E-02 -1.618749648E-02  6.562000141E-03  6.698669788E+00 
       100  1.899245940E-02 -1.899245940E-02  6.562000606E-03  7.338580862E+00 
       101  1.905349456E-02 -1.905349456E-02  6.562000606E-03  7.345350668E+00 
       102  1.914011873E-02 -1.914011873E-02  6.562000141E-03  7.337485936E+00 
       103  1.923859492E-02 -1.923859492E-02  6.562000141E-03  7.333366376E+00 
       104  2.031007409E-02 -2.031007409E-02  6.562000141E-03  6.913875525E+00 
       105  2.023807354E-02 -2.023807354E-02  6.562000141E-03  6.918077534E+00 
       106  2.016607299E-02 -2.016607299E-02  6.562000141E-03  6.953763387E+00 
       107  2.009407431E-02 -2.009407431E-02  6.562000141E-03  6.970303556E+00 
       108  2.002207376E-02 -2.002207376E-02  6.562000141E-03  7.010117441E+00 
       109  1.995007321E-02 -1.995007321E-02  6.562000141E-03  7.038809567E+00 
       110  1.987807266E-02 -1.987807266E-02  6.562000141E-03  7.080133784E+00 
       111  1.980607398E-02 -1.980607398E-02  6.562000141E-03  7.115848970E+00 
       112  1.973407343E-02 -1.973407343E-02  6.562000141E-03  7.155191201E+00 
       113  1.966207288E-02 -1.966207288E-02  6.562000141E-03  7.191783447E+00 
       114  1.959007233E-02 -1.959007233E-02  6.562000141E-03  7.226230831E+00 
       115  1.951807365E-02 -1.951807365E-02  6.562000141E-03  7.257801417E+00 
       116  1.944607310E-02 -1.944607310E-02  6.562000141E-03  7.285134600E+00 
       117  1.937407255E-02 -1.937407441E-02  6.562000141E-03  7.306854864E+00 
       118  1.930207387E-02 -1.930207387E-02  6.562000141E-03  7.325633983E+00 
       119  2.038207278E-02 -2.038207278E-02  6.562000141E-03  6.881809008E+00 
       120  2.045407332E-02 -2.045407332E-02  6.562000141E-03  6.883202818E+00 
       121  2.052607387E-02 -2.052607387E-02  6.562000141E-03  6.851258075E+00 
       122  2.059807256E-02 -2.059807256E-02  6.562000141E-03  6.848739703E+00 
       123  2.067007311E-02 -2.067007311E-02  6.562000141E-03  6.816837178E+00 
       124  2.074207366E-02 -2.074207366E-02  6.562000141E-03  6.808770986E+00 
       125  2.081407420E-02 -2.081407420E-02  6.562000141E-03  6.781501798E+00 
       126  2.088592015E-02 -2.088592015E-02  6.562000141E-03  6.765608493E+00 
       127  2.093681321E-02 -2.093681321E-02  6.562000141E-03  6.729309299E+00 
       128  2.101955935E-02 -2.101955935E-02  6.562000141E-03  6.679338581E+00 
       129  2.107902244E-02 -2.107902244E-02  6.562000606E-03  6.616219049E+00 
       130  2.110386454E-02 -2.110386454E-02  6.562000606E-03  6.512987197E+00 
       131  2.112595551E-02 -2.112595551E-02  6.562000606E-03  6.353951059E+00 
       132  2.114437334E-02 -2.114437334E-02  6.562000606E-03  6.076583208E+00 
       133  2.115972713E-02 -2.115972713E-02  6.562000606E-03  5.619326767E+00 
       134  2.117252536E-02 -2.117252536E-02  6.562000141E-03  4.948408693E+00 
       135  2.118319459E-02 -2.118319459E-02  6.562000141E-03  4.084232782E+00 
       136  2.119208500E-02 -2.119208500E-02  6.562000141E-03  3.092511910E+00 
       137  2.119949646E-02 -2.119949646E-02  6.562000141E-03  2.090004603E+00 
       138  2.120567486E-02 -2.120567486E-02  6.562000141E-03  1.180102587E+00 
       139  2.121082321E-02 -2.121082321E-02  6.562000141E-03  3.953459092E-01 
       140  2.915092511E-03 -2.915092511E-03  6.562000141E-03  1.137364372E+00 
       141  2.937367652E-03 -2.937367652E-03  6.561999675E-03  1.157634219E+00 
       142  2.973292954E-03 -2.973292954E-03  6.562000141E-03  1.202435682E+00 
       143  3.061023075E-03 -3.061021678E-03  6.562000606E-03  1.304929567E+00 
       144  3.187497612E-03 -3.187494818E-03  6.562000141E-03  1.395162936E+00 
       145  3.312497633E-03 -3.312494839E-03  6.562000141E-03  1.418721352E+00 
       146  3.437497653E-03 -3.437494859E-03  6.562000141E-03  1.410987548E+00 
       147  3.562497674E-03 -3.562494880E-03  6.562000141E-03  1.390706941E+00 
       148  3.687497694E-03 -3.687494900E-03  6.562000141E-03  1.366729587E+00 
       149  3.812497482E-03 -3.812494921E-03  6.562000141E-03  1.344502256E+00 
       150  3.937497735E-03 -3.937494941E-03  6.562000141E-03  1.326428982E+00 
       151  4.062497523E-03 -4.062495194E-03  6.562000141E-03  1.312759246E+00 
       152  4.187497776E-03 -4.187494982E-03  6.562000141E-03  1.302854322E+00 
       153  4.312497564E-03 -4.312495235E-03  6.562000141E-03  1.295924995E+00 
       154  4.437497817E-03 -4.437495023E-03  6.562000141E-03  1.291401022E+00 
       155  4.562497605E-03 -4.562495276E-03  6.562000141E-03  1.289001189E+00 
       156  4.687497858E-03 -4.687495064E-03  6.562000141E-03  1.288592615E+00 
       157  4.812497646E-03 -4.812495317E-03  6.562000141E-03  1.290131643E+00 
       158  4.937497433E-03 -4.937495105E-03  6.562000141E-03  1.293626062E+00 
       159  5.062497687E-03 -5.062495358E-03  6.562000141E-03  1.299057488E+00 
       160  5.187497474E-03 -5.187495146E-03  6.562000141E-03  1.306418274E+00 
       161  5.312497728E-03 -5.312495399E-03  6.562000141E-03  1.315803398E+00 
       162  5.437497515E-03 -5.437495187E-03  6.562000141E-03  1.327412370E+00 
       163  5.562497769E-03 -5.562494975E-03  6.562000141E-03  1.341584411E+00 
       164  5.687497556E-03 -5.687495228E-03  6.562000141E-03  1.358969898E+00 
       165  5.812497344E-03 -5.812495016E-03  6.562000141E-03  1.380654058E+00 
       166  5.937497597E-03 -5.937495269E-03  6.562000141E-03  1.408106510E+00 
       167  6.062497385E-03 -6.062495057E-03  6.562000141E-03  1.443133243E+00 
       168  6.187497638E-03 -6.187495310E-03  6.562000141E-03  1.486808985E+00 
       169  6.312497426E-03 -6.312495098E-03  6.562000141E-03  1.539635604E+00 
       170  6.437497679E-03 -6.437495351E-03  6.562000141E-03  1.602180872E+00 
       171  6.562497467E-03 -6.562495138E-03  6.562000141E-03  1.675169615E+00 
       172  6.687497720E-03 -6.687495392E-03  6.562000141E-03  1.758620874E+00 
       173  6.812497508E-03 -6.812495179E-03  6.562000141E-03  1.847760673E+00 
       174  6.937497295E-03 -6.937495433E-03  6.562000141E-03  1.926586080E+00 
       175  7.062497549E-03 -7.062495220E-03  6.562000141E-03  1.952776106E+00 
       176  7.187497336E-03 -7.187495474E-03  6.562000141E-03  1.912970382E+00 
       177  7.312497590E-03 -7.312495261E-03  6.562000141E-03  1.785960768E+00 
       178  7.437497377E-03 -7.437495515E-03  6.562000141E-03  1.660431893E+00 
       179  7.562497631E-03 -7.562495302E-03  6.562000141E-03  1.644521304E+00 
       180  7.687497418E-03 -7.687495556E-03  6.562000141E-03  1.815355523E+00 
