cellnumber     x-coordinate     y-coordinate     z-coordinate velocity-magnitude 
         1  1.899245940E-02 -1.899245940E-02  6.562000606E-03  7.402733131E+00 
         2  1.905349456E-02 -1.905349456E-02  6.562000606E-03  7.470602143E+00 
         3  1.914011873E-02 -1.914011873E-02  6.562000141E-03  7.453659499E+00 
         4  1.923859492E-02 -1.923859492E-02  6.562000141E-03  7.492754599E+00 
         5  2.031007409E-02 -2.031007409E-02  6.562000141E-03  6.859488331E+00 
         6  2.023807354E-02 -2.023807354E-02  6.562000141E-03  7.029325323E+00 
         7  2.016607299E-02 -2.016607299E-02  6.562000141E-03  7.114864199E+00 
         8  2.009407431E-02 -2.009407431E-02  6.562000141E-03  7.233326878E+00 
         9  2.002207376E-02 -2.002207376E-02  6.562000141E-03  7.293428462E+00 
        10  1.995007321E-02 -1.995007321E-02  6.562000141E-03  7.354493316E+00 
        11  1.987807266E-02 -1.987807266E-02  6.562000141E-03  7.393775199E+00 
        12  1.980607398E-02 -1.980607398E-02  6.562000141E-03  7.418826566E+00 
        13  1.973407343E-02 -1.973407343E-02  6.562000141E-03  7.447200408E+00 
        14  1.966207288E-02 -1.966207288E-02  6.562000141E-03  7.454899068E+00 
        15  1.959007233E-02 -1.959007233E-02  6.562000141E-03  7.478030152E+00 
        16  1.951807365E-02 -1.951807365E-02  6.562000141E-03  7.478883715E+00 
        17  1.944607310E-02 -1.944607310E-02  6.562000141E-03  7.499070497E+00 
        18  1.937407255E-02 -1.937407441E-02  6.562000141E-03  7.493546912E+00 
        19  1.930207387E-02 -1.930207387E-02  6.562000141E-03  7.509873983E+00 
        20  2.038207278E-02 -2.038207278E-02  6.562000141E-03  6.762185154E+00 
        21  2.045407332E-02 -2.045407332E-02  6.562000141E-03  6.585976936E+00 
        22  2.052607387E-02 -2.052607387E-02  6.562000141E-03  6.503521179E+00 
        23  2.059807256E-02 -2.059807256E-02  6.562000141E-03  6.371806733E+00 
        24  2.067007311E-02 -2.067007311E-02  6.562000141E-03  6.321677779E+00 
        25  2.074207366E-02 -2.074207366E-02  6.562000141E-03  6.245590780E+00 
        26  2.081407420E-02 -2.081407420E-02  6.562000141E-03  6.217390490E+00 
        27  2.088592015E-02 -2.088592015E-02  6.562000141E-03  6.159299339E+00 
        28  2.093681321E-02 -2.093681321E-02  6.562000141E-03  6.115013430E+00 
        29  2.101955935E-02 -2.101955935E-02  6.562000141E-03  6.031057858E+00 
        30  2.107902244E-02 -2.107902244E-02  6.562000606E-03  5.928029528E+00 
        31  2.110386454E-02 -2.110386454E-02  6.562000606E-03  5.765678178E+00 
        32  2.112595551E-02 -2.112595551E-02  6.562000606E-03  5.535307142E+00 
        33  2.114437334E-02 -2.114437334E-02  6.562000606E-03  5.177485485E+00 
        34  2.115972713E-02 -2.115972713E-02  6.562000606E-03  4.664445672E+00 
        35  2.117252536E-02 -2.117252536E-02  6.562000141E-03  4.001671646E+00 
        36  2.118319459E-02 -2.118319459E-02  6.562000141E-03  3.226274536E+00 
        37  2.119208500E-02 -2.119208500E-02  6.562000141E-03  2.406490725E+00 
        38  2.119949646E-02 -2.119949646E-02  6.562000141E-03  1.621364508E+00 
        39  2.120567486E-02 -2.120567486E-02  6.562000141E-03  9.180679612E-01 
        40  2.121082321E-02 -2.121082321E-02  6.562000141E-03  3.087650061E-01 
        41  2.830280224E-03 -2.830280224E-03  6.562000606E-03  1.461511132E+00 
        42  2.835373860E-03 -2.835373860E-03  6.562000606E-03  1.459118632E+00 
        43  2.841493115E-03 -2.841493115E-03  6.562000141E-03  1.461021426E+00 
        44  2.848849166E-03 -2.848849166E-03  6.562000141E-03  1.469115071E+00 
        45  2.857688349E-03 -2.857688349E-03  6.562000141E-03  1.485549191E+00 
        46  2.868303098E-03 -2.868303098E-03  6.562000606E-03  1.512470131E+00 
        47  2.881055698E-03 -2.881055698E-03  6.562000606E-03  1.551640812E+00 
        48  2.896386897E-03 -2.896386897E-03  6.562000606E-03  1.603458733E+00 
        49  2.914825454E-03 -2.914825454E-03  6.562000606E-03  1.665209688E+00 
        50  2.937011421E-03 -2.937011421E-03  6.562000606E-03  1.728435345E+00 
        51  2.967901761E-03 -2.967901761E-03  6.562000606E-03  1.799045194E+00 
        52  3.022594377E-03 -3.022594377E-03  6.562000141E-03  1.859285772E+00 
        53  3.099788912E-03 -3.099788912E-03  6.562000606E-03  1.837590567E+00 
        54  3.195532598E-03 -3.195534460E-03  6.562000606E-03  1.812726901E+00 
        55  3.312502056E-03 -3.312505549E-03  6.562000141E-03  1.777157954E+00 
        56  3.437501844E-03 -3.437505569E-03  6.562000141E-03  1.726337111E+00 
        57  3.562501865E-03 -3.562505590E-03  6.562000141E-03  1.671744088E+00 
        58  3.687501885E-03 -3.687505610E-03  6.562000141E-03  1.619888673E+00 
        59  3.812501905E-03 -3.812505398E-03  6.562000141E-03  1.572544997E+00 
        60  3.937501926E-03 -3.937505651E-03  6.562000141E-03  1.531008286E+00 
        61  4.062502179E-03 -4.062505439E-03  6.562000141E-03  1.499946845E+00 
        62  4.187501967E-03 -4.187505692E-03  6.562000141E-03  1.480978582E+00 
        63  4.312502220E-03 -4.312505480E-03  6.562000141E-03  1.470140350E+00 
        64  4.812501837E-03 -4.812505562E-03  6.562000141E-03  1.434675049E+00 
        65  4.937502090E-03 -4.937505815E-03  6.562000141E-03  1.419999701E+00 
        66  5.062501878E-03 -5.062505603E-03  6.562000141E-03  1.401966754E+00 
        67  5.187502131E-03 -5.187505856E-03  6.562000141E-03  1.380792950E+00 
        68  5.312501919E-03 -5.312505644E-03  6.562000141E-03  1.357128448E+00 
        69  5.437501706E-03 -5.437505897E-03  6.562000141E-03  1.332002117E+00 
        70  5.562501960E-03 -5.562505685E-03  6.562000141E-03  1.306761204E+00 
        71  5.687501747E-03 -5.687505938E-03  6.562000141E-03  1.283038613E+00 
        72  5.812502000E-03 -5.812505726E-03  6.562000141E-03  1.262757572E+00 
        73  5.937501788E-03 -5.937505979E-03  6.562000141E-03  1.248247926E+00 
        74  6.062502041E-03 -6.062505767E-03  6.562000141E-03  1.242377820E+00 
        75  6.187501829E-03 -6.187505554E-03  6.562000141E-03  1.248988191E+00 
        76  6.312502082E-03 -6.312505808E-03  6.562000141E-03  1.272590570E+00 
        77  6.437501870E-03 -6.437505595E-03  6.562000141E-03  1.318077504E+00 
        78  6.562501658E-03 -6.562505849E-03  6.562000141E-03  1.388812550E+00 
        79  6.687501911E-03 -6.687505636E-03  6.562000141E-03  1.483187113E+00 
        80  6.812501699E-03 -6.812505890E-03  6.562000141E-03  1.593950675E+00 
        81  6.937501952E-03 -6.937505677E-03  6.562000141E-03  1.705976404E+00 
        82  7.062501740E-03 -7.062505931E-03  6.562000141E-03  1.783760780E+00 
        83  7.187501993E-03 -7.187505718E-03  6.562000141E-03  1.791745779E+00 
        84  7.312501781E-03 -7.312505972E-03  6.562000141E-03  1.732612191E+00 
        85  7.437502034E-03 -7.437505759E-03  6.562000141E-03  1.622258321E+00 
        86  7.562501822E-03 -7.562506013E-03  6.562000141E-03  1.457526733E+00 
        87  7.687501609E-03 -7.687505800E-03  6.562000141E-03  1.257389841E+00 
        88  7.812501863E-03 -7.812505588E-03  6.562000141E-03  1.279325422E+00 
        89  7.937502116E-03 -7.937505841E-03  6.562000141E-03  1.635315789E+00 
        90  8.062501438E-03 -8.062506095E-03  6.562000141E-03  2.022411715E+00 
        91  4.687502049E-03 -4.687505774E-03  6.562000141E-03  1.446208063E+00 
        92  4.562501796E-03 -4.562505521E-03  6.562000141E-03  1.455203284E+00 
        93  4.437502008E-03 -4.437505733E-03  6.562000141E-03  1.462617078E+00 
        94  8.187501691E-03 -8.187506348E-03  6.562000141E-03  2.242615312E+00 
        95  8.312501945E-03 -8.312505670E-03  6.562000141E-03  2.310136041E+00 
        96  8.437502198E-03 -8.437505923E-03  6.562000141E-03  2.301235086E+00 
        97  8.562501520E-03 -8.562506177E-03  6.562000141E-03  2.282069697E+00 
        98  8.687501773E-03 -8.687505499E-03  6.562000141E-03  2.294004003E+00 
        99  8.812502027E-03 -8.812505752E-03  6.562000141E-03  2.361417525E+00 
       100  8.937501349E-03 -8.937506005E-03  6.562000141E-03  2.493255449E+00 
       101  9.062501602E-03 -9.062506258E-03  6.562000141E-03  2.681511988E+00 
       102  9.187501855E-03 -9.187505580E-03  6.562000141E-03  2.906721627E+00 
       103  9.312502109E-03 -9.312505834E-03  6.562000141E-03  3.146870236E+00 
       104  9.437501431E-03 -9.437506087E-03  6.562000141E-03  3.379589365E+00 
       105  9.562501684E-03 -9.562506340E-03  6.562000141E-03  3.585520286E+00 
       106  9.687501937E-03 -9.687505662E-03  6.562000141E-03  3.753717021E+00 
       107  9.812501259E-03 -9.812505916E-03  6.562000141E-03  3.884499833E+00 
       108  9.937501512E-03 -9.937506169E-03  6.562000141E-03  3.983120704E+00 
       109  1.006250177E-02 -1.006250642E-02  6.562000141E-03  4.054309580E+00 
       110  1.018750202E-02 -1.018750574E-02  6.562000141E-03  4.103089028E+00 
       111  1.031250134E-02 -1.031250600E-02  6.562000141E-03  4.135726756E+00 
       112  1.043750159E-02 -1.043750625E-02  6.562000141E-03  4.161539397E+00 
       113  1.056250185E-02 -1.056250650E-02  6.562000141E-03  4.193643818E+00 
       114  1.068750210E-02 -1.068750583E-02  6.562000141E-03  4.246114168E+00 
       115  1.081250142E-02 -1.081250608E-02  6.562000141E-03  4.326536248E+00 
       116  1.093750168E-02 -1.093750633E-02  6.562000141E-03  4.428680748E+00 
       117  1.106250193E-02 -1.106250565E-02  6.562000141E-03  4.538008287E+00 
       118  1.118750125E-02 -1.118750591E-02  6.562000141E-03  4.639364721E+00 
       119  1.131250151E-02 -1.131250616E-02  6.562000141E-03  4.724933482E+00 
       120  1.143750176E-02 -1.143750641E-02  6.562000141E-03  4.795347801E+00 
       121  1.156250201E-02 -1.156250574E-02  6.562000141E-03  4.854502585E+00 
       122  1.168750133E-02 -1.168750599E-02  6.562000141E-03  4.906619651E+00 
       123  1.181250159E-02 -1.181250624E-02  6.562000141E-03  4.954316855E+00 
       124  1.193750184E-02 -1.193750650E-02  6.562000141E-03  4.999533497E+00 
       125  1.206250116E-02 -1.206250582E-02  6.562000141E-03  5.043849061E+00 
       126  1.218750142E-02 -1.218750607E-02  6.562000141E-03  5.088327758E+00 
       127  1.231250167E-02 -1.231250633E-02  6.562000141E-03  5.133768451E+00 
       128  1.243750192E-02 -1.243750658E-02  6.562000141E-03  5.180725296E+00 
       129  1.256250124E-02 -1.256250590E-02  6.562000141E-03  5.229531657E+00 
       130  1.268750150E-02 -1.268750615E-02  6.562000141E-03  5.280314271E+00 
       131  1.281250175E-02 -1.281250641E-02  6.562000141E-03  5.333004553E+00 
       132  1.293750107E-02 -1.293750573E-02  6.562000141E-03  5.387362360E+00 
       133  1.306250133E-02 -1.306250598E-02  6.562000141E-03  5.443023666E+00 
       134  1.318750158E-02 -1.318750624E-02  6.562000141E-03  5.499573051E+00 
       135  1.331250183E-02 -1.331250649E-02  6.562000141E-03  5.556634421E+00 
       136  1.343750115E-02 -1.343750581E-02  6.562000141E-03  5.613959160E+00 
       137  1.356250141E-02 -1.356250606E-02  6.562000141E-03  5.671502784E+00 
       138  1.368750166E-02 -1.368750632E-02  6.562000141E-03  5.729440455E+00 
       139  1.381250191E-02 -1.381250657E-02  6.562000141E-03  5.788144237E+00 
       140  1.393750124E-02 -1.393750589E-02  6.562000141E-03  5.848062923E+00 
       141  1.406250149E-02 -1.406250615E-02  6.562000141E-03  5.909540711E+00 
       142  1.418750174E-02 -1.418750640E-02  6.562000141E-03  5.972673554E+00 
       143  1.431250107E-02 -1.431250665E-02  6.562000141E-03  6.037202624E+00 
       144  1.443750132E-02 -1.443750598E-02  6.562000141E-03  6.102529504E+00 
       145  1.456250157E-02 -1.456250623E-02  6.562000141E-03  6.167847095E+00 
       146  1.468750183E-02 -1.468750648E-02  6.562000141E-03  6.232302518E+00 
       147  1.481250115E-02 -1.481250674E-02  6.562000141E-03  6.295137173E+00 
       148  1.493750140E-02 -1.493750606E-02  6.562000141E-03  6.355757016E+00 
       149  1.506250165E-02 -1.506250631E-02  6.562000141E-03  6.413754820E+00 
       150  1.518750098E-02 -1.518750656E-02  6.562000141E-03  6.468873934E+00 
       151  1.531250123E-02 -1.531250589E-02  6.562000141E-03  6.520966885E+00 
       152  1.543750148E-02 -1.543750614E-02  6.562000141E-03  6.569967403E+00 
       153  1.556250174E-02 -1.556250639E-02  6.562000141E-03  6.615873298E+00 
       154  1.568750106E-02 -1.568750665E-02  6.562000141E-03  6.658731356E+00 
       155  1.868750155E-02 -1.868750714E-02  6.562000141E-03  7.315209576E+00 
       156  1.856250130E-02 -1.856250688E-02  6.562000141E-03  7.268510850E+00 
       157  1.843750104E-02 -1.843750663E-02  6.562000141E-03  7.227280428E+00 
       158  1.831250079E-02 -1.831250638E-02  6.562000141E-03  7.191724705E+00 
       159  1.818750054E-02 -1.818750612E-02  6.562000141E-03  7.160851553E+00 
       160  1.806250028E-02 -1.806250587E-02  6.562000141E-03  7.133442151E+00 
       161  1.793750003E-02 -1.793750562E-02  6.562000141E-03  7.108489365E+00 
       162  1.781250164E-02 -1.781250536E-02  6.562000141E-03  7.085157940E+00 
       163  1.768750139E-02 -1.768750697E-02  6.562000141E-03  7.062493419E+00 
       164  1.756250113E-02 -1.756250672E-02  6.562000141E-03  7.040764364E+00 
       165  1.743750088E-02 -1.743750647E-02  6.562000141E-03  7.020999804E+00 
       166  1.731250063E-02 -1.731250621E-02  6.562000141E-03  7.002469021E+00 
       167  1.718750037E-02 -1.718750596E-02  6.562000141E-03  6.984467584E+00 
       168  1.706250012E-02 -1.706250571E-02  6.562000141E-03  6.966352790E+00 
       169  1.693750173E-02 -1.693750545E-02  6.562000141E-03  6.947581431E+00 
       170  1.681250148E-02 -1.681250706E-02  6.562000141E-03  6.927709190E+00 
       171  1.668750122E-02 -1.668750681E-02  6.562000141E-03  6.906383045E+00 
       172  1.656250097E-02 -1.656250656E-02  6.562000141E-03  6.883334837E+00 
       173  1.643750072E-02 -1.643750630E-02  6.562000141E-03  6.858349079E+00 
       174  1.631250046E-02 -1.631250605E-02  6.562000141E-03  6.831244062E+00 
       175  1.618750021E-02 -1.618750580E-02  6.562000141E-03  6.801861688E+00 
       176  1.606250182E-02 -1.606250554E-02  6.562000141E-03  6.770058091E+00 
       177  1.593750156E-02 -1.593750529E-02  6.562000141E-03  6.735694357E+00 
       178  1.581250131E-02 -1.581250690E-02  6.562000141E-03  6.698631052E+00 
       179  1.880351081E-02 -1.880351454E-02  6.562000141E-03  7.364561518E+00 
       180  1.890108548E-02 -1.890108548E-02  6.562000141E-03  7.389083034E+00 
       181  1.895662583E-02 -1.895662583E-02  6.562000141E-03  7.433509229E+00 
