cellnumber     x-coordinate     y-coordinate     z-coordinate velocity-magnitude 
         1  1.899245940E-02 -1.899245940E-02  6.562000606E-03  7.798806201E+00 
         2  1.905349456E-02 -1.905349456E-02  6.562000606E-03  7.803402674E+00 
         3  1.914011873E-02 -1.914011873E-02  6.562000141E-03  7.816617060E+00 
         4  1.923859492E-02 -1.923859492E-02  6.562000141E-03  7.807779675E+00 
         5  2.031007409E-02 -2.031007409E-02  6.562000141E-03  7.601220564E+00 
         6  2.023807354E-02 -2.023807354E-02  6.562000141E-03  7.651043400E+00 
         7  2.016607299E-02 -2.016607299E-02  6.562000141E-03  7.690803199E+00 
         8  2.009407431E-02 -2.009407431E-02  6.562000141E-03  7.729093976E+00 
         9  2.002207376E-02 -2.002207376E-02  6.562000141E-03  7.760136415E+00 
        10  1.995007321E-02 -1.995007321E-02  6.562000141E-03  7.785688255E+00 
        11  1.987807266E-02 -1.987807266E-02  6.562000141E-03  7.804603190E+00 
        12  1.980607398E-02 -1.980607398E-02  6.562000141E-03  7.813436417E+00 
        13  1.973407343E-02 -1.973407343E-02  6.562000141E-03  7.823906873E+00 
        14  1.966207288E-02 -1.966207288E-02  6.562000141E-03  7.823032376E+00 
        15  1.959007233E-02 -1.959007233E-02  6.562000141E-03  7.827954996E+00 
        16  1.951807365E-02 -1.951807365E-02  6.562000141E-03  7.821977475E+00 
        17  1.944607310E-02 -1.944607310E-02  6.562000141E-03  7.823145643E+00 
        18  1.937407255E-02 -1.937407441E-02  6.562000141E-03  7.815254070E+00 
        19  1.930207387E-02 -1.930207387E-02  6.562000141E-03  7.815182403E+00 
        20  2.038207278E-02 -2.038207278E-02  6.562000141E-03  7.552683866E+00 
        21  2.045407332E-02 -2.045407332E-02  6.562000141E-03  7.493899804E+00 
        22  2.052607387E-02 -2.052607387E-02  6.562000141E-03  7.437803387E+00 
        23  2.059807256E-02 -2.059807256E-02  6.562000141E-03  7.372893739E+00 
        24  2.067007311E-02 -2.067007311E-02  6.562000141E-03  7.315245609E+00 
        25  2.074207366E-02 -2.074207366E-02  6.562000141E-03  7.260956178E+00 
        26  2.081407420E-02 -2.081407420E-02  6.562000141E-03  7.217613082E+00 
        27  2.088592015E-02 -2.088592015E-02  6.562000141E-03  7.191676791E+00 
        28  2.093681321E-02 -2.093681321E-02  6.562000141E-03  7.167603134E+00 
        29  2.101955935E-02 -2.101955935E-02  6.562000141E-03  7.118388076E+00 
        30  2.107902244E-02 -2.107902244E-02  6.562000606E-03  7.064584850E+00 
        31  2.110386454E-02 -2.110386454E-02  6.562000606E-03  6.999817794E+00 
        32  2.112595551E-02 -2.112595551E-02  6.562000606E-03  6.890020747E+00 
        33  2.114437334E-02 -2.114437334E-02  6.562000606E-03  6.677840277E+00 
        34  2.115972713E-02 -2.115972713E-02  6.562000606E-03  6.282023252E+00 
        35  2.117252536E-02 -2.117252536E-02  6.562000141E-03  5.619289936E+00 
        36  2.118319459E-02 -2.118319459E-02  6.562000141E-03  4.687271268E+00 
        37  2.119208500E-02 -2.119208500E-02  6.562000141E-03  3.568665124E+00 
        38  2.119949646E-02 -2.119949646E-02  6.562000141E-03  2.410862626E+00 
        39  2.120567486E-02 -2.120567486E-02  6.562000141E-03  1.356632808E+00 
        40  2.121082321E-02 -2.121082321E-02  6.562000141E-03  4.535133698E-01 
        41  2.830280224E-03 -2.830280224E-03  6.562000141E-03  1.458975464E+00 
        42  2.835373627E-03 -2.835373627E-03  6.562000141E-03  1.449003463E+00 
        43  2.841493115E-03 -2.841493115E-03  6.562000141E-03  1.438605353E+00 
        44  2.848849166E-03 -2.848849166E-03  6.562000141E-03  1.427985687E+00 
        45  2.857688349E-03 -2.857688349E-03  6.562000141E-03  1.417453277E+00 
        46  2.868303098E-03 -2.868303098E-03  6.562000141E-03  1.407440289E+00 
        47  2.881055698E-03 -2.881055698E-03  6.562000141E-03  1.398734651E+00 
        48  2.896386664E-03 -2.896386664E-03  6.562000141E-03  1.392891950E+00 
        49  2.914825454E-03 -2.914825454E-03  6.562000606E-03  1.392842958E+00 
        50  2.937011421E-03 -2.937011421E-03  6.562000606E-03  1.403412916E+00 
        51  2.967901761E-03 -2.967901761E-03  6.562000606E-03  1.439680692E+00 
        52  3.022594145E-03 -3.022594145E-03  6.562000141E-03  1.518906365E+00 
        53  3.099788679E-03 -3.099788679E-03  6.562000141E-03  1.615553069E+00 
        54  3.195532598E-03 -3.195534460E-03  6.562000606E-03  1.698287497E+00 
        55  3.312501824E-03 -3.312505549E-03  6.562000141E-03  1.798467652E+00 
        56  3.437501844E-03 -3.437505569E-03  6.562000141E-03  1.874814423E+00 
        57  3.562501865E-03 -3.562505590E-03  6.562000141E-03  1.915319333E+00 
        58  3.687501885E-03 -3.687505610E-03  6.562000141E-03  1.922001309E+00 
        59  3.812501905E-03 -3.812505631E-03  6.562000141E-03  1.908843083E+00 
        60  3.937501926E-03 -3.937505651E-03  6.562000141E-03  1.889874123E+00 
        61  4.062502179E-03 -4.062505439E-03  6.562000141E-03  1.872354379E+00 
        62  4.187501967E-03 -4.187505692E-03  6.562000141E-03  1.857752554E+00 
        63  4.312501755E-03 -4.312505480E-03  6.562000141E-03  1.845247903E+00 
        64  4.812501837E-03 -4.812505562E-03  6.562000141E-03  1.791688946E+00 
        65  4.937502090E-03 -4.937505815E-03  6.562000141E-03  1.774565437E+00 
        66  5.062501878E-03 -5.062505603E-03  6.562000141E-03  1.757009343E+00 
        67  5.187502131E-03 -5.187505856E-03  6.562000141E-03  1.740180889E+00 
        68  5.312501919E-03 -5.312505644E-03  6.562000141E-03  1.725198557E+00 
        69  5.437501706E-03 -5.437505897E-03  6.562000141E-03  1.712525510E+00 
        70  5.562501960E-03 -5.562505685E-03  6.562000141E-03  1.701563340E+00 
        71  5.687501747E-03 -5.687505938E-03  6.562000141E-03  1.691149507E+00 
        72  5.812502000E-03 -5.812505726E-03  6.562000141E-03  1.680080076E+00 
        73  5.937501788E-03 -5.937505979E-03  6.562000141E-03  1.667001796E+00 
        74  6.062502041E-03 -6.062505767E-03  6.562000141E-03  1.650716758E+00 
        75  6.187501829E-03 -6.187506020E-03  6.562000141E-03  1.631011299E+00 
        76  6.312501617E-03 -6.312505808E-03  6.562000141E-03  1.609128455E+00 
        77  6.437501870E-03 -6.437505595E-03  6.562000141E-03  1.587723426E+00 
        78  6.562501658E-03 -6.562505849E-03  6.562000141E-03  1.570820209E+00 
        79  6.687501911E-03 -6.687505636E-03  6.562000141E-03  1.564187939E+00 
        80  6.812501699E-03 -6.812505890E-03  6.562000141E-03  1.575411850E+00 
        81  6.937501952E-03 -6.937505677E-03  6.562000141E-03  1.612170174E+00 
        82  7.062501740E-03 -7.062505931E-03  6.562000141E-03  1.670881846E+00 
        83  7.187501993E-03 -7.187505718E-03  6.562000141E-03  1.716813985E+00 
        84  7.312501781E-03 -7.312505972E-03  6.562000141E-03  1.706335708E+00 
        85  7.437501568E-03 -7.437505759E-03  6.562000141E-03  1.627558062E+00 
        86  7.562501822E-03 -7.562506013E-03  6.562000141E-03  1.505018344E+00 
        87  7.687501609E-03 -7.687505800E-03  6.562000141E-03  1.430292173E+00 
        88  7.812501863E-03 -7.812505588E-03  6.562000141E-03  1.514274559E+00 
        89  7.937502116E-03 -7.937505841E-03  6.562000141E-03  1.799346027E+00 
        90  8.062501438E-03 -8.062506095E-03  6.562000141E-03  2.242965080E+00 
        91  4.687502049E-03 -4.687505774E-03  6.562000141E-03  1.807409251E+00 
        92  4.562501796E-03 -4.562505521E-03  6.562000141E-03  1.821255197E+00 
        93  4.437502008E-03 -4.437505733E-03  6.562000141E-03  1.833524127E+00 
        94  8.187501691E-03 -8.187506348E-03  6.562000141E-03  2.700768152E+00 
        95  8.312501945E-03 -8.312505670E-03  6.562000141E-03  3.011975646E+00 
        96  8.437501267E-03 -8.437505923E-03  6.562000141E-03  3.144879087E+00 
        97  8.562501520E-03 -8.562506177E-03  6.562000141E-03  3.141213988E+00 
        98  8.687501773E-03 -8.687506430E-03  6.562000141E-03  3.076984083E+00 
        99  8.812502027E-03 -8.812505752E-03  6.562000141E-03  2.992264887E+00 
       100  8.937501349E-03 -8.937506005E-03  6.562000141E-03  2.889521815E+00 
       101  9.062501602E-03 -9.062506258E-03  6.562000141E-03  2.770869003E+00 
       102  9.187501855E-03 -9.187505580E-03  6.562000141E-03  2.651709682E+00 
       103  9.312502109E-03 -9.312505834E-03  6.562000141E-03  2.555156559E+00 
       104  9.437501431E-03 -9.437506087E-03  6.562000141E-03  2.478719382E+00 
       105  9.562501684E-03 -9.562506340E-03  6.562000141E-03  2.415248627E+00 
       106  9.687501937E-03 -9.687505662E-03  6.562000141E-03  2.377361579E+00 
       107  9.812501259E-03 -9.812505916E-03  6.562000141E-03  2.404739628E+00 
       108  9.937501512E-03 -9.937506169E-03  6.562000141E-03  2.555967342E+00 
       109  1.006250177E-02 -1.006250642E-02  6.562000141E-03  2.852287536E+00 
       110  1.018750202E-02 -1.018750574E-02  6.562000141E-03  3.238828835E+00 
       111  1.031250134E-02 -1.031250600E-02  6.562000141E-03  3.623831117E+00 
       112  1.043750159E-02 -1.043750625E-02  6.562000141E-03  3.949623779E+00 
       113  1.056250185E-02 -1.056250650E-02  6.562000141E-03  4.214145792E+00 
       114  1.068750117E-02 -1.068750583E-02  6.562000141E-03  4.421124721E+00 
       115  1.081250142E-02 -1.081250608E-02  6.562000141E-03  4.575417402E+00 
       116  1.093750168E-02 -1.093750633E-02  6.562000141E-03  4.686812226E+00 
       117  1.106250193E-02 -1.106250659E-02  6.562000141E-03  4.765348676E+00 
       118  1.118750125E-02 -1.118750591E-02  6.562000141E-03  4.820685431E+00 
       119  1.131250151E-02 -1.131250616E-02  6.562000141E-03  4.861300351E+00 
       120  1.143750176E-02 -1.143750641E-02  6.562000141E-03  4.893781297E+00 
       121  1.156250108E-02 -1.156250574E-02  6.562000141E-03  4.922905355E+00 
       122  1.168750133E-02 -1.168750599E-02  6.562000141E-03  4.951852684E+00 
       123  1.181250159E-02 -1.181250624E-02  6.562000141E-03  4.982431303E+00 
       124  1.193750184E-02 -1.193750650E-02  6.562000141E-03  5.015422477E+00 
       125  1.206250116E-02 -1.206250582E-02  6.562000141E-03  5.050956784E+00 
       126  1.218750142E-02 -1.218750607E-02  6.562000141E-03  5.088791916E+00 
       127  1.231250167E-02 -1.231250633E-02  6.562000141E-03  5.128605170E+00 
       128  1.243750099E-02 -1.243750658E-02  6.562000141E-03  5.170144724E+00 
       129  1.256250124E-02 -1.256250590E-02  6.562000141E-03  5.213110805E+00 
       130  1.268750150E-02 -1.268750615E-02  6.562000141E-03  5.257101231E+00 
       131  1.281250175E-02 -1.281250641E-02  6.562000141E-03  5.301703911E+00 
       132  1.293750107E-02 -1.293750666E-02  6.562000141E-03  5.346589202E+00 
       133  1.306250133E-02 -1.306250598E-02  6.562000141E-03  5.391566314E+00 
       134  1.318750158E-02 -1.318750624E-02  6.562000141E-03  5.436603005E+00 
       135  1.331250183E-02 -1.331250649E-02  6.562000141E-03  5.481822421E+00 
       136  1.343750115E-02 -1.343750674E-02  6.562000141E-03  5.527502687E+00 
       137  1.356250141E-02 -1.356250606E-02  6.562000141E-03  5.574004098E+00 
       138  1.368750166E-02 -1.368750632E-02  6.562000141E-03  5.621725603E+00 
       139  1.381250098E-02 -1.381250657E-02  6.562000141E-03  5.671064704E+00 
       140  1.393750124E-02 -1.393750589E-02  6.562000141E-03  5.722396486E+00 
       141  1.406250149E-02 -1.406250615E-02  6.562000141E-03  5.776019889E+00 
       142  1.418750174E-02 -1.418750640E-02  6.562000141E-03  5.832144560E+00 
       143  1.431250107E-02 -1.431250665E-02  6.562000141E-03  5.890882140E+00 
       144  1.443750132E-02 -1.443750598E-02  6.562000141E-03  5.952251087E+00 
       145  1.456250157E-02 -1.456250623E-02  6.562000141E-03  6.016164352E+00 
       146  1.468750089E-02 -1.468750648E-02  6.562000141E-03  6.082472368E+00 
       147  1.481250115E-02 -1.481250674E-02  6.562000141E-03  6.150904966E+00 
       148  1.493750140E-02 -1.493750606E-02  6.562000141E-03  6.221301199E+00 
       149  1.506250165E-02 -1.506250631E-02  6.562000141E-03  6.293434122E+00 
       150  1.518750098E-02 -1.518750656E-02  6.562000141E-03  6.367014960E+00 
       151  1.531250123E-02 -1.531250682E-02  6.562000141E-03  6.441778815E+00 
       152  1.543750148E-02 -1.543750614E-02  6.562000141E-03  6.517443195E+00 
       153  1.556250080E-02 -1.556250639E-02  6.562000141E-03  6.593672404E+00 
       154  1.568750106E-02 -1.568750665E-02  6.562000141E-03  6.670047769E+00 
       155  1.868750155E-02 -1.868750714E-02  6.562000141E-03  7.733190355E+00 
       156  1.856250130E-02 -1.856250688E-02  6.562000141E-03  7.712062270E+00 
       157  1.843750104E-02 -1.843750663E-02  6.562000141E-03  7.691633479E+00 
       158  1.831250079E-02 -1.831250638E-02  6.562000141E-03  7.671186155E+00 
       159  1.818750054E-02 -1.818750612E-02  6.562000141E-03  7.649715704E+00 
       160  1.806250028E-02 -1.806250587E-02  6.562000141E-03  7.626539457E+00 
       161  1.793750003E-02 -1.793750562E-02  6.562000141E-03  7.601410661E+00 
       162  1.781250164E-02 -1.781250723E-02  6.562000141E-03  7.574358291E+00 
       163  1.768750139E-02 -1.768750697E-02  6.562000141E-03  7.545502455E+00 
       164  1.756250113E-02 -1.756250672E-02  6.562000141E-03  7.514833077E+00 
       165  1.743750088E-02 -1.743750647E-02  6.562000141E-03  7.482102113E+00 
       166  1.731250063E-02 -1.731250621E-02  6.562000141E-03  7.446830936E+00 
       167  1.718750037E-02 -1.718750596E-02  6.562000141E-03  7.408407570E+00 
       168  1.706250012E-02 -1.706250571E-02  6.562000141E-03  7.366368945E+00 
       169  1.693750173E-02 -1.693750545E-02  6.562000141E-03  7.320493932E+00 
       170  1.681250148E-02 -1.681250706E-02  6.562000141E-03  7.270715836E+00 
       171  1.668750122E-02 -1.668750681E-02  6.562000141E-03  7.217052352E+00 
       172  1.656250097E-02 -1.656250656E-02  6.562000141E-03  7.159566716E+00 
       173  1.643750072E-02 -1.643750630E-02  6.562000141E-03  7.098347837E+00 
       174  1.631250046E-02 -1.631250605E-02  6.562000141E-03  7.033544962E+00 
       175  1.618750021E-02 -1.618750580E-02  6.562000141E-03  6.965424601E+00 
       176  1.606250182E-02 -1.606250554E-02  6.562000141E-03  6.894406257E+00 
       177  1.593750156E-02 -1.593750715E-02  6.562000141E-03  6.821060130E+00 
       178  1.581250131E-02 -1.581250690E-02  6.562000141E-03  6.746049101E+00 
       179  1.880351081E-02 -1.880351454E-02  6.562000141E-03  7.754382408E+00 
       180  1.890108548E-02 -1.890108548E-02  6.562000141E-03  7.774869372E+00 
       181  1.895662583E-02 -1.895662583E-02  6.561999675E-03  7.775698380E+00 
