cellnumber     x-coordinate     y-coordinate     z-coordinate velocity-magnitude 
         1  1.899245940E-02 -1.899245940E-02  6.562000606E-03  7.388552460E+00 
         2  1.905349456E-02 -1.905349456E-02  6.562000606E-03  7.207631213E+00 
         3  1.914011873E-02 -1.914011873E-02  6.562000141E-03  7.212226777E+00 
         4  1.923859492E-02 -1.923859492E-02  6.562000141E-03  7.068311097E+00 
         5  2.031007409E-02 -2.031007409E-02  6.562000141E-03  7.205059619E+00 
         6  2.023807354E-02 -2.023807354E-02  6.562000141E-03  7.180210553E+00 
         7  2.016607299E-02 -2.016607299E-02  6.562000141E-03  7.146652330E+00 
         8  2.009407431E-02 -2.009407431E-02  6.562000141E-03  7.124483372E+00 
         9  2.002207376E-02 -2.002207376E-02  6.562000141E-03  7.081614701E+00 
        10  1.995007321E-02 -1.995007321E-02  6.562000141E-03  7.065027014E+00 
        11  1.987807266E-02 -1.987807266E-02  6.562000141E-03  7.013257596E+00 
        12  1.980607398E-02 -1.980607398E-02  6.562000141E-03  7.007152025E+00 
        13  1.973407343E-02 -1.973407343E-02  6.562000141E-03  6.949683316E+00 
        14  1.966207288E-02 -1.966207288E-02  6.562000141E-03  6.961875758E+00 
        15  1.959007233E-02 -1.959007233E-02  6.562000141E-03  6.904100184E+00 
        16  1.951807365E-02 -1.951807365E-02  6.562000141E-03  6.945269219E+00 
        17  1.944607310E-02 -1.944607310E-02  6.562000141E-03  6.895589835E+00 
        18  1.937407255E-02 -1.937407441E-02  6.562000141E-03  6.977279101E+00 
        19  1.930207387E-02 -1.930207387E-02  6.562000141E-03  6.941862588E+00 
        20  2.038207278E-02 -2.038207278E-02  6.562000141E-03  7.230444255E+00 
        21  2.045407332E-02 -2.045407332E-02  6.562000141E-03  7.256212898E+00 
        22  2.052607387E-02 -2.052607387E-02  6.562000141E-03  7.275445934E+00 
        23  2.059807256E-02 -2.059807256E-02  6.562000141E-03  7.303046220E+00 
        24  2.067007311E-02 -2.067007311E-02  6.562000141E-03  7.319917502E+00 
        25  2.074207366E-02 -2.074207366E-02  6.562000141E-03  7.353598369E+00 
        26  2.081407420E-02 -2.081407420E-02  6.562000141E-03  7.367639272E+00 
        27  2.088592015E-02 -2.088592015E-02  6.562000141E-03  7.385146652E+00 
        28  2.093681321E-02 -2.093681321E-02  6.562000141E-03  7.370263693E+00 
        29  2.101955935E-02 -2.101955935E-02  6.562000141E-03  7.298308416E+00 
        30  2.107902244E-02 -2.107902244E-02  6.562000606E-03  7.192397844E+00 
        31  2.110386454E-02 -2.110386454E-02  6.562000606E-03  7.058576801E+00 
        32  2.112595551E-02 -2.112595551E-02  6.562000606E-03  6.857815971E+00 
        33  2.114437334E-02 -2.114437334E-02  6.562000606E-03  6.526485038E+00 
        34  2.115972713E-02 -2.115972713E-02  6.562000606E-03  6.005216254E+00 
        35  2.117252536E-02 -2.117252536E-02  6.562000141E-03  5.264588069E+00 
        36  2.118319459E-02 -2.118319459E-02  6.562000141E-03  4.335101680E+00 
        37  2.119208500E-02 -2.119208500E-02  6.562000141E-03  3.273712634E+00 
        38  2.119949646E-02 -2.119949646E-02  6.562000141E-03  2.200575278E+00 
        39  2.120567486E-02 -2.120567486E-02  6.562000141E-03  1.236135671E+00 
        40  2.121082321E-02 -2.121082321E-02  6.562000141E-03  4.133588593E-01 
        41  1.843750477E-02 -1.843749918E-02  6.562000141E-03  7.435329356E+00 
        42  1.831250452E-02 -1.831249893E-02  6.562000141E-03  7.402839837E+00 
        43  1.818750426E-02 -1.818749867E-02  6.562000141E-03  7.370586661E+00 
        44  1.806250401E-02 -1.806249842E-02  6.562000141E-03  7.338214626E+00 
        45  1.793750376E-02 -1.793749817E-02  6.562000141E-03  7.303239392E+00 
        46  1.781250350E-02 -1.781249791E-02  6.562000141E-03  7.263768366E+00 
        47  1.768750325E-02 -1.768749952E-02  6.562000141E-03  7.219085955E+00 
        48  1.756250486E-02 -1.756249927E-02  6.562000141E-03  7.169848303E+00 
        49  1.743750460E-02 -1.743749902E-02  6.562000141E-03  7.117663893E+00 
        50  1.731250435E-02 -1.731249876E-02  6.562000141E-03  7.064541552E+00 
        51  1.718750410E-02 -1.718749851E-02  6.562000141E-03  7.012468870E+00 
        52  1.706250384E-02 -1.706249826E-02  6.562000141E-03  6.963083279E+00 
        53  1.693750359E-02 -1.693749800E-02  6.562000141E-03  6.917472346E+00 
        54  1.681250334E-02 -1.681249961E-02  6.562000141E-03  6.876135577E+00 
        55  1.668750495E-02 -1.668749936E-02  6.562000141E-03  6.839022011E+00 
        56  1.656250469E-02 -1.656249911E-02  6.562000141E-03  6.805686804E+00 
        57  1.643750444E-02 -1.643749885E-02  6.562000141E-03  6.775473630E+00 
        58  1.631250419E-02 -1.631249860E-02  6.562000141E-03  6.747679305E+00 
        59  1.618750393E-02 -1.618749835E-02  6.562000141E-03  6.721634181E+00 
        60  1.606250368E-02 -1.606249809E-02  6.562000141E-03  6.696717602E+00 
        61  1.593750343E-02 -1.593749784E-02  6.562000141E-03  6.672328377E+00 
        62  1.581250504E-02 -1.581249945E-02  6.562000141E-03  6.647914340E+00 
        63  1.568750478E-02 -1.568749920E-02  6.562000141E-03  6.622949519E+00 
        64  1.556250453E-02 -1.556249894E-02  6.562000141E-03  6.596896688E+00 
        65  1.543750428E-02 -1.543749869E-02  6.562000141E-03  6.569186685E+00 
        66  1.531250402E-02 -1.531249937E-02  6.562000141E-03  6.539204177E+00 
        67  1.518750470E-02 -1.518749911E-02  6.562000141E-03  6.506333205E+00 
        68  1.506250445E-02 -1.506249886E-02  6.562000141E-03  6.470057928E+00 
        69  1.493750419E-02 -1.493749861E-02  6.562000141E-03  6.430069777E+00 
        70  1.481250487E-02 -1.481249928E-02  6.562000141E-03  6.386321224E+00 
        71  1.468750462E-02 -1.468749903E-02  6.562000141E-03  6.339002633E+00 
        72  1.456250437E-02 -1.456249878E-02  6.562000141E-03  6.288467764E+00 
        73  1.443750411E-02 -1.443749852E-02  6.562000141E-03  6.235149591E+00 
        74  1.431250479E-02 -1.431249920E-02  6.562000141E-03  6.179494888E+00 
        75  1.418750454E-02 -1.418749895E-02  6.562000141E-03  6.121923106E+00 
        76  1.406250428E-02 -1.406249870E-02  6.562000141E-03  6.062804352E+00 
        77  1.393750496E-02 -1.393749844E-02  6.562000141E-03  6.002448405E+00 
        78  1.381250471E-02 -1.381249912E-02  6.562000141E-03  5.941096612E+00 
        79  1.368750446E-02 -1.368749887E-02  6.562000141E-03  5.878918966E+00 
        80  1.356250420E-02 -1.356249861E-02  6.562000141E-03  5.816010845E+00 
        81  1.343750488E-02 -1.343749836E-02  6.562000141E-03  5.752395711E+00 
        82  1.331250463E-02 -1.331249904E-02  6.562000141E-03  5.688032264E+00 
        83  1.318750437E-02 -1.318749879E-02  6.562000141E-03  5.622832156E+00 
        84  1.306250505E-02 -1.306249853E-02  6.562000141E-03  5.556678078E+00 
        85  1.293750480E-02 -1.293749921E-02  6.562000141E-03  5.489457849E+00 
        86  1.281250454E-02 -1.281249896E-02  6.562000141E-03  5.421102914E+00 
        87  1.268750429E-02 -1.268749870E-02  6.562000141E-03  5.351629545E+00 
        88  1.256250497E-02 -1.256249845E-02  6.562000141E-03  5.281171970E+00 
        89  1.243750472E-02 -1.243749913E-02  6.562000141E-03  5.209997776E+00 
        90  1.231250446E-02 -1.231249887E-02  6.562000141E-03  5.138491252E+00 
        91  1.218750421E-02 -1.218749862E-02  6.562000141E-03  5.067109134E+00 
        92  1.206250489E-02 -1.206249837E-02  6.562000141E-03  4.996303440E+00 
        93  1.193750463E-02 -1.193749905E-02  6.562000141E-03  4.926435909E+00 
        94  1.181250438E-02 -1.181249879E-02  6.562000141E-03  4.857688691E+00 
        95  1.168750506E-02 -1.168749854E-02  6.562000141E-03  4.789905204E+00 
        96  1.156250481E-02 -1.156249829E-02  6.562000141E-03  4.722610137E+00 
        97  1.143750455E-02 -1.143749896E-02  6.562000141E-03  4.655854522E+00 
        98  1.131250430E-02 -1.131249871E-02  6.562000141E-03  4.590638041E+00 
        99  1.118750498E-02 -1.118749846E-02  6.562000141E-03  4.528132898E+00 
       100  2.830355195E-03 -2.830355195E-03  6.562000606E-03  1.464050372E+00 
       101  2.835455118E-03 -2.835455118E-03  6.562000606E-03  1.467664187E+00 
       102  2.841580659E-03 -2.841580659E-03  6.562000606E-03  1.477720877E+00 
       103  2.848939039E-03 -2.848939039E-03  6.562000141E-03  1.496445549E+00 
       104  2.857780783E-03 -2.857780783E-03  6.562000141E-03  1.526145361E+00 
       105  2.868407406E-03 -2.868407406E-03  6.562000606E-03  1.568782151E+00 
       106  2.881183056E-03 -2.881183056E-03  6.562000141E-03  1.624943364E+00 
       107  2.896548016E-03 -2.896548016E-03  6.562000141E-03  1.691580739E+00 
       108  2.915035933E-03 -2.915035933E-03  6.562000141E-03  1.758937517E+00 
       109  2.937293379E-03 -2.937293379E-03  6.562000141E-03  1.812825115E+00 
       110  2.975319745E-03 -2.975319745E-03  6.562000606E-03  1.854411623E+00 
       111  3.059382550E-03 -3.059382550E-03  6.562000141E-03  1.856270506E+00 
       112  3.123705741E-03 -3.123705741E-03  6.562000141E-03  1.864617265E+00 
       113  3.189919051E-03 -3.189915325E-03  6.562000141E-03  1.802613273E+00 
       114  3.312505083E-03 -3.312498098E-03  6.562000141E-03  1.748540437E+00 
       115  3.437505104E-03 -3.437498119E-03  6.562000141E-03  1.687432507E+00 
       116  3.562505124E-03 -3.562498139E-03  6.562000141E-03  1.630041455E+00 
       117  3.687505145E-03 -3.687498160E-03  6.562000141E-03  1.578520149E+00 
       118  3.812504932E-03 -3.812498180E-03  6.562000141E-03  1.530781452E+00 
       119  3.937505186E-03 -3.937498201E-03  6.562000141E-03  1.482295018E+00 
       120  4.062504973E-03 -4.062497988E-03  6.562000141E-03  1.429854699E+00 
       121  4.187505227E-03 -4.187498242E-03  6.562000141E-03  1.377104348E+00 
       122  4.312505014E-03 -4.312498029E-03  6.562000141E-03  1.327572624E+00 
       123  4.437505268E-03 -4.437498283E-03  6.562000141E-03  1.282997302E+00 
       124  4.562505055E-03 -4.562498070E-03  6.562000141E-03  1.244488841E+00 
       125  4.687505309E-03 -4.687498324E-03  6.562000141E-03  1.213176021E+00 
       126  4.812505096E-03 -4.812498111E-03  6.562000141E-03  1.189941631E+00 
       127  4.937504884E-03 -4.937498365E-03  6.562000141E-03  1.175474939E+00 
       128  5.062505137E-03 -5.062498152E-03  6.562000141E-03  1.169880463E+00 
       129  5.187504925E-03 -5.187498406E-03  6.562000141E-03  1.172670490E+00 
       130  5.312505178E-03 -5.312498193E-03  6.562000141E-03  1.182885956E+00 
       131  5.437504966E-03 -5.437498447E-03  6.562000141E-03  1.198735117E+00 
       132  5.562505219E-03 -5.562498234E-03  6.562000141E-03  1.217715968E+00 
       133  5.687505007E-03 -5.687498488E-03  6.562000141E-03  1.237150722E+00 
       134  5.812504794E-03 -5.812498275E-03  6.562000141E-03  1.254929746E+00 
       135  5.937505048E-03 -5.937498529E-03  6.562000141E-03  1.270648416E+00 
       136  6.062504835E-03 -6.062498316E-03  6.562000141E-03  1.286087593E+00 
       137  6.187505089E-03 -6.187498104E-03  6.562000141E-03  1.305926465E+00 
       138  6.312504876E-03 -6.312498357E-03  6.562000141E-03  1.338175094E+00 
       139  6.437505130E-03 -6.437498145E-03  6.562000141E-03  1.392020224E+00 
       140  6.562504917E-03 -6.562498398E-03  6.562000141E-03  1.469787393E+00 
       141  6.687505171E-03 -6.687498186E-03  6.562000141E-03  1.554387747E+00 
       142  6.812504958E-03 -6.812498439E-03  6.562000141E-03  1.602961225E+00 
       143  6.937504746E-03 -6.937498227E-03  6.562000141E-03  1.588347809E+00 
       144  7.062504999E-03 -7.062498480E-03  6.562000141E-03  1.499939268E+00 
       145  7.187504787E-03 -7.187498268E-03  6.562000141E-03  1.367291393E+00 
       146  7.312505040E-03 -7.312498521E-03  6.562000141E-03  1.250928142E+00 
       147  7.437504828E-03 -7.437498309E-03  6.562000141E-03  1.201669379E+00 
       148  7.562505081E-03 -7.562498562E-03  6.562000141E-03  1.277896670E+00 
       149  7.687504869E-03 -7.687498350E-03  6.562000141E-03  1.481391815E+00 
       150  7.812504657E-03 -7.812498603E-03  6.562000141E-03  1.716674006E+00 
       151  7.937504910E-03 -7.937498391E-03  6.562000141E-03  1.923297576E+00 
       152  8.062505163E-03 -8.062498644E-03  6.562000141E-03  2.087426575E+00 
       153  8.187504485E-03 -8.187498897E-03  6.562000141E-03  2.205302292E+00 
       154  8.312504739E-03 -8.312498219E-03  6.562000141E-03  2.280214248E+00 
       155  1.106250472E-02 -1.106249820E-02  6.562000141E-03  4.469807002E+00 
       156  1.093750447E-02 -1.093749888E-02  6.562000141E-03  4.417501056E+00 
       157  1.081250515E-02 -1.081249863E-02  6.562000141E-03  4.372973736E+00 
       158  1.068750490E-02 -1.068749838E-02  6.562000141E-03  4.335784992E+00 
       159  1.056250464E-02 -1.056249905E-02  6.562000141E-03  4.298900269E+00 
       160  1.043750439E-02 -1.043749880E-02  6.562000141E-03  4.245278856E+00 
       161  1.031250507E-02 -1.031249855E-02  6.562000141E-03  4.151452166E+00 
       162  1.018750481E-02 -1.018749829E-02  6.562000141E-03  3.985698168E+00 
       163  1.006250456E-02 -1.006249897E-02  6.562000141E-03  3.719387109E+00 
       164  9.937505238E-03 -9.937498719E-03  6.562000141E-03  3.336723142E+00 
       165  9.812504984E-03 -9.812498465E-03  6.562000141E-03  2.835087737E+00 
       166  9.687504731E-03 -9.687498212E-03  6.562000141E-03  2.268601959E+00 
       167  9.562504478E-03 -9.562498890E-03  6.562000141E-03  1.770255575E+00 
       168  9.437505156E-03 -9.437498637E-03  6.562000141E-03  1.479554451E+00 
       169  9.312504902E-03 -9.312498383E-03  6.562000141E-03  1.456314202E+00 
       170  9.187504649E-03 -9.187498130E-03  6.562000141E-03  1.623626307E+00 
       171  9.062504396E-03 -9.062498808E-03  6.562000141E-03  1.866786374E+00 
       172  8.937505074E-03 -8.937498555E-03  6.562000141E-03  2.089591617E+00 
       173  8.812504821E-03 -8.812498301E-03  6.562000141E-03  2.245377178E+00 
       174  8.687504567E-03 -8.687498048E-03  6.562000141E-03  2.325171500E+00 
       175  8.562505245E-03 -8.562498726E-03  6.562000141E-03  2.343959459E+00 
       176  8.437504992E-03 -8.437498473E-03  6.562000141E-03  2.324763215E+00 
       177  1.895486377E-02 -1.895486377E-02  6.562000141E-03  7.420753913E+00 
       178  1.889867149E-02 -1.889867149E-02  6.562000141E-03  7.455618295E+00 
       179  1.880285516E-02 -1.880285330E-02  6.562000141E-03  7.482891325E+00 
       180  1.868750341E-02 -1.868749969E-02  6.562000141E-03  7.487842942E+00 
       181  1.856250316E-02 -1.856249943E-02  6.562000141E-03  7.465302968E+00 
