cellnumber     x-coordinate     y-coordinate     z-coordinate velocity-magnitude 
         1  2.500000037E-02 -2.817304432E-02  6.562000141E-03  6.518789035E+00 
         2  2.500000037E-02 -2.802904323E-02  6.561999675E-03  6.596221912E+00 
         3  2.500000037E-02 -2.788504399E-02  6.561999675E-03  6.608516690E+00 
         4  2.500000037E-02 -2.774104290E-02  6.561999675E-03  6.412406718E+00 
         5  2.500000037E-02 -2.759704366E-02  6.561999675E-03  6.165233006E+00 
         6  2.500000037E-02 -2.745304257E-02  6.561999675E-03  5.970533595E+00 
         7  2.500000037E-02 -2.730904333E-02  6.561999675E-03  5.951383478E+00 
         8  2.500000037E-02 -2.716504410E-02  6.561999675E-03  6.063672069E+00 
         9  2.500000224E-02 -2.702104300E-02  6.561999675E-03  6.392769330E+00 
        10  2.500000224E-02 -2.687704377E-02  6.562000141E-03  6.893629016E+00 
        11  2.500000224E-02 -2.673304453E-02  6.562000141E-03  6.853001760E+00 
        12  2.500000037E-02 -2.658904344E-02  6.562000141E-03  6.637619004E+00 
        13  2.500000037E-02 -2.644504420E-02  6.561999675E-03  6.371926150E+00 
        14  2.500000037E-02 -2.630104311E-02  6.561999675E-03  6.175487638E+00 
        15  2.500000224E-02 -2.615704387E-02  6.561999675E-03  6.279938753E+00 
        16  2.500000037E-02 -2.601304278E-02  6.562000141E-03  5.934261502E+00 
        17  2.500000037E-02 -2.586904354E-02  6.561999675E-03  3.802504711E+00 
        18  2.500000037E-02 -2.572504245E-02  6.561999675E-03  2.630230302E+00 
        19  2.500000037E-02 -2.558104321E-02  6.561999675E-03  1.728042188E+00 
        20  2.500000037E-02 -2.543704398E-02  6.561999675E-03  1.587137629E+00 
        21  2.500000037E-02 -2.529304288E-02  6.561999675E-03  1.426837813E+00 
        22  2.500000037E-02 -2.515085414E-02  6.561999675E-03  1.312457649E+00 
        23  2.500000037E-02 -2.501806431E-02  6.562000141E-03  1.172088041E+00 
        24  2.500000037E-02 -2.492471784E-02  6.562000141E-03  1.119713712E+00 
        25  2.500000037E-02 -2.487709187E-02  6.562000141E-03  1.233891090E+00 
        26  2.500000037E-02 -2.484604716E-02  6.562000141E-03  1.287772026E+00 
        27  2.500000037E-02 -2.482001111E-02  6.561999675E-03  1.222407877E+00 
        28  2.500000037E-02 -2.479819022E-02  6.562000141E-03  1.120550537E+00 
        29  2.500000037E-02 -2.477990836E-02  6.562000141E-03  9.802990669E-01 
        30  2.500000037E-02 -2.476578765E-02  6.562000606E-03  8.118160810E-01 
        31  2.500000037E-02 -3.057143465E-02  6.562000141E-03  2.596628805E+00 
        32  2.500000037E-02 -3.046895750E-02  6.562000141E-03  3.877766864E+00 
        33  2.500000037E-02 -3.033304401E-02  6.561999675E-03  5.072988315E+00 
        34  2.500000037E-02 -3.018904291E-02  6.561999675E-03  5.238926687E+00 
        35  2.500000037E-02 -3.004504368E-02  6.561999675E-03  6.745212856E+00 
        36  2.500000037E-02 -2.990104258E-02  6.561999675E-03  7.399321044E+00 
        37  2.500000037E-02 -2.975704335E-02  6.561999675E-03  7.353783716E+00 
        38  2.500000037E-02 -2.961304411E-02  6.561999675E-03  7.468908571E+00 
        39  2.500000037E-02 -2.946904302E-02  6.561999675E-03  7.407480070E+00 
        40  2.500000037E-02 -2.932504378E-02  6.561999675E-03  7.206513393E+00 
        41  2.500000037E-02 -2.918104269E-02  6.561999675E-03  7.003767781E+00 
        42  2.500000037E-02 -2.903704345E-02  6.561999675E-03  6.680324895E+00 
        43  2.500000037E-02 -2.889304422E-02  6.561999675E-03  6.400605404E+00 
        44  2.500000037E-02 -2.874904312E-02  6.561999675E-03  6.220358092E+00 
        45  2.500000037E-02 -2.860504389E-02  6.561999675E-03  6.194275044E+00 
        46  2.500000037E-02 -2.846104279E-02  6.561999675E-03  6.241600690E+00 
        47  2.500000037E-02 -2.831704356E-02  6.561999675E-03  6.396187331E+00 
