cellnumber     x-coordinate     y-coordinate     z-coordinate velocity-magnitude 
         1  2.500000037E-02 -2.817304432E-02  6.562000141E-03  5.344306109E+00 
         2  2.500000037E-02 -2.802904323E-02  6.561999675E-03  5.368708297E+00 
         3  2.500000037E-02 -2.788504399E-02  6.561999675E-03  5.550092580E+00 
         4  2.500000037E-02 -2.774104290E-02  6.561999675E-03  5.895144700E+00 
         5  2.500000037E-02 -2.759704366E-02  6.561999675E-03  6.316849178E+00 
         6  2.500000037E-02 -2.745304257E-02  6.561999675E-03  6.703984031E+00 
         7  2.500000037E-02 -2.730904333E-02  6.561999675E-03  6.869522928E+00 
         8  2.500000037E-02 -2.716504410E-02  6.561999675E-03  6.770054215E+00 
         9  2.500000224E-02 -2.702104300E-02  6.561999675E-03  6.400010613E+00 
        10  2.500000224E-02 -2.687704377E-02  6.562000141E-03  5.775270920E+00 
        11  2.500000224E-02 -2.673304453E-02  6.562000141E-03  4.705244016E+00 
        12  2.500000037E-02 -2.658904344E-02  6.562000141E-03  4.242090259E+00 
        13  2.500000037E-02 -2.644504420E-02  6.561999675E-03  4.506983445E+00 
        14  2.500000037E-02 -2.630104311E-02  6.561999675E-03  4.543587869E+00 
        15  2.500000224E-02 -2.615704387E-02  6.561999675E-03  3.339897072E+00 
        16  2.500000037E-02 -2.601304278E-02  6.562000141E-03  2.394536835E+00 
        17  2.500000037E-02 -2.586904354E-02  6.561999675E-03  2.009829688E+00 
        18  2.500000037E-02 -2.572504245E-02  6.561999675E-03  2.316861711E+00 
        19  2.500000037E-02 -2.558104321E-02  6.561999675E-03  2.248408892E+00 
        20  2.500000037E-02 -2.543704398E-02  6.561999675E-03  1.326790738E+00 
        21  2.500000037E-02 -2.529304288E-02  6.561999675E-03  8.917663058E-01 
        22  2.500000037E-02 -2.515085414E-02  6.561999675E-03  1.080348234E+00 
        23  2.500000037E-02 -2.501806431E-02  6.562000141E-03  1.674918400E+00 
        24  2.500000037E-02 -2.492471784E-02  6.562000141E-03  1.911311517E+00 
        25  2.500000037E-02 -2.487709187E-02  6.562000141E-03  2.146735406E+00 
        26  2.500000037E-02 -2.484604716E-02  6.562000141E-03  2.439169270E+00 
        27  2.500000037E-02 -2.482001111E-02  6.561999675E-03  2.855008375E+00 
        28  2.500000037E-02 -2.479819022E-02  6.562000141E-03  3.010100694E+00 
        29  2.500000037E-02 -2.477990836E-02  6.562000141E-03  2.941183252E+00 
        30  2.500000037E-02 -2.476578765E-02  6.562000606E-03  2.651138908E+00 
        31  2.500000037E-02 -3.057143465E-02  6.562000141E-03  1.972181959E+00 
        32  2.500000037E-02 -3.046895750E-02  6.562000141E-03  2.206382324E+00 
        33  2.500000037E-02 -3.033304401E-02  6.561999675E-03  1.247162803E+00 
        34  2.500000037E-02 -3.018904291E-02  6.561999675E-03  3.098953639E+00 
        35  2.500000037E-02 -3.004504368E-02  6.561999675E-03  5.280166663E+00 
        36  2.500000037E-02 -2.990104258E-02  6.561999675E-03  7.226932875E+00 
        37  2.500000037E-02 -2.975704335E-02  6.561999675E-03  7.216286664E+00 
        38  2.500000037E-02 -2.961304411E-02  6.561999675E-03  7.277507781E+00 
        39  2.500000037E-02 -2.946904302E-02  6.561999675E-03  7.742412825E+00 
        40  2.500000037E-02 -2.932504378E-02  6.561999675E-03  8.062969747E+00 
        41  2.500000037E-02 -2.918104269E-02  6.561999675E-03  8.378168875E+00 
        42  2.500000037E-02 -2.903704345E-02  6.561999675E-03  8.304539322E+00 
        43  2.500000037E-02 -2.889304422E-02  6.561999675E-03  7.838713323E+00 
        44  2.500000037E-02 -2.874904312E-02  6.561999675E-03  7.274233237E+00 
        45  2.500000037E-02 -2.860504389E-02  6.561999675E-03  6.554157719E+00 
        46  2.500000037E-02 -2.846104279E-02  6.561999675E-03  5.838311655E+00 
        47  2.500000037E-02 -2.831704356E-02  6.561999675E-03  5.474804023E+00 
