cellnumber     x-coordinate     y-coordinate     z-coordinate velocity-magnitude 
         1  2.500000037E-02 -2.817304432E-02  6.562000141E-03  6.383342051E+00 
         2  2.500000037E-02 -2.802904323E-02  6.561999675E-03  6.265260077E+00 
         3  2.500000037E-02 -2.788504399E-02  6.561999675E-03  6.155875317E+00 
         4  2.500000037E-02 -2.774104290E-02  6.561999675E-03  6.132042376E+00 
         5  2.500000037E-02 -2.759704366E-02  6.561999675E-03  6.211734189E+00 
         6  2.500000037E-02 -2.745304257E-02  6.561999675E-03  6.319825987E+00 
         7  2.500000037E-02 -2.730904333E-02  6.561999675E-03  6.345626278E+00 
         8  2.500000037E-02 -2.716504410E-02  6.561999675E-03  6.305930252E+00 
         9  2.500000224E-02 -2.702104300E-02  6.561999675E-03  6.456571829E+00 
        10  2.500000224E-02 -2.687704377E-02  6.562000141E-03  6.725945863E+00 
        11  2.500000224E-02 -2.673304453E-02  6.562000141E-03  6.790034886E+00 
        12  2.500000037E-02 -2.658904344E-02  6.562000141E-03  6.746184040E+00 
        13  2.500000037E-02 -2.644504420E-02  6.561999675E-03  6.707944919E+00 
        14  2.500000037E-02 -2.630104311E-02  6.561999675E-03  6.609595370E+00 
        15  2.500000224E-02 -2.615704387E-02  6.561999675E-03  6.364616176E+00 
        16  2.500000037E-02 -2.601304278E-02  6.562000141E-03  6.385492830E+00 
        17  2.500000037E-02 -2.586904354E-02  6.561999675E-03  6.213158525E+00 
        18  2.500000037E-02 -2.572504245E-02  6.561999675E-03  5.093671860E+00 
        19  2.500000037E-02 -2.558104321E-02  6.561999675E-03  3.936340975E+00 
        20  2.500000037E-02 -2.543704398E-02  6.561999675E-03  2.707337696E+00 
        21  2.500000037E-02 -2.529304288E-02  6.561999675E-03  1.845015688E+00 
        22  2.500000037E-02 -2.515085414E-02  6.561999675E-03  1.463787737E+00 
        23  2.500000037E-02 -2.501806431E-02  6.562000141E-03  1.368397864E+00 
        24  2.500000037E-02 -2.492471784E-02  6.562000141E-03  1.172818839E+00 
        25  2.500000037E-02 -2.487709187E-02  6.562000141E-03  1.387785935E+00 
        26  2.500000037E-02 -2.484604716E-02  6.562000141E-03  1.471574769E+00 
        27  2.500000037E-02 -2.482001111E-02  6.561999675E-03  1.474425191E+00 
        28  2.500000037E-02 -2.479819022E-02  6.562000141E-03  1.421727591E+00 
        29  2.500000037E-02 -2.477990836E-02  6.562000141E-03  1.313219612E+00 
        30  2.500000037E-02 -2.476578765E-02  6.562000606E-03  1.157718558E+00 
        31  2.500000037E-02 -3.057143465E-02  6.562000141E-03  1.790237086E+00 
        32  2.500000037E-02 -3.046895750E-02  6.562000141E-03  2.685845633E+00 
        33  2.500000037E-02 -3.033304401E-02  6.561999675E-03  3.848633721E+00 
        34  2.500000037E-02 -3.018904291E-02  6.561999675E-03  2.587315005E+00 
        35  2.500000037E-02 -3.004504368E-02  6.561999675E-03  3.317173513E+00 
        36  2.500000037E-02 -2.990104258E-02  6.561999675E-03  6.070089914E+00 
        37  2.500000037E-02 -2.975704335E-02  6.561999675E-03  8.185050168E+00 
        38  2.500000037E-02 -2.961304411E-02  6.561999675E-03  8.152704812E+00 
        39  2.500000037E-02 -2.946904302E-02  6.561999675E-03  7.863545118E+00 
        40  2.500000037E-02 -2.932504378E-02  6.561999675E-03  7.253993481E+00 
        41  2.500000037E-02 -2.918104269E-02  6.561999675E-03  6.806686194E+00 
        42  2.500000037E-02 -2.903704345E-02  6.561999675E-03  6.668532769E+00 
        43  2.500000037E-02 -2.889304422E-02  6.561999675E-03  6.626728393E+00 
        44  2.500000037E-02 -2.874904312E-02  6.561999675E-03  6.594588730E+00 
        45  2.500000037E-02 -2.860504389E-02  6.561999675E-03  6.550113301E+00 
        46  2.500000037E-02 -2.846104279E-02  6.561999675E-03  6.517139758E+00 
        47  2.500000037E-02 -2.831704356E-02  6.561999675E-03  6.460713193E+00 
