cellnumber     x-coordinate     y-coordinate     z-coordinate velocity-magnitude 
         1  2.500000037E-02 -2.817304432E-02  6.562000141E-03  6.893465671E+00 
         2  2.500000037E-02 -2.802904323E-02  6.561999675E-03  6.862115811E+00 
         3  2.500000037E-02 -2.788504399E-02  6.561999675E-03  6.826821668E+00 
         4  2.500000037E-02 -2.774104290E-02  6.561999675E-03  6.879902515E+00 
         5  2.500000037E-02 -2.759704366E-02  6.561999675E-03  7.015855557E+00 
         6  2.500000037E-02 -2.745304257E-02  6.561999675E-03  7.145228032E+00 
         7  2.500000037E-02 -2.730904333E-02  6.561999675E-03  7.199071253E+00 
         8  2.500000037E-02 -2.716504410E-02  6.561999675E-03  7.266605866E+00 
         9  2.500000224E-02 -2.702104300E-02  6.561999675E-03  7.503792751E+00 
        10  2.500000224E-02 -2.687704377E-02  6.562000141E-03  7.593570527E+00 
        11  2.500000224E-02 -2.673304453E-02  6.562000141E-03  7.525348344E+00 
        12  2.500000037E-02 -2.658904344E-02  6.562000141E-03  7.389795044E+00 
        13  2.500000037E-02 -2.644504420E-02  6.561999675E-03  6.914675715E+00 
        14  2.500000037E-02 -2.630104311E-02  6.561999675E-03  6.516759552E+00 
        15  2.500000224E-02 -2.615704387E-02  6.561999675E-03  5.995800048E+00 
        16  2.500000037E-02 -2.601304278E-02  6.562000141E-03  5.956803292E+00 
        17  2.500000037E-02 -2.586904354E-02  6.561999675E-03  6.219649501E+00 
        18  2.500000037E-02 -2.572504245E-02  6.561999675E-03  5.917795924E+00 
        19  2.500000037E-02 -2.558104321E-02  6.561999675E-03  5.689981765E+00 
        20  2.500000037E-02 -2.543704398E-02  6.561999675E-03  5.708467518E+00 
        21  2.500000037E-02 -2.529304288E-02  6.561999675E-03  5.121341064E+00 
        22  2.500000037E-02 -2.515085414E-02  6.561999675E-03  4.124435130E+00 
        23  2.500000037E-02 -2.501806431E-02  6.562000141E-03  2.854979897E+00 
        24  2.500000037E-02 -2.492471784E-02  6.562000141E-03  2.151200241E+00 
        25  2.500000037E-02 -2.487709187E-02  6.562000141E-03  2.153502038E+00 
        26  2.500000037E-02 -2.484604716E-02  6.562000141E-03  2.161820582E+00 
        27  2.500000037E-02 -2.482001111E-02  6.561999675E-03  2.215977432E+00 
        28  2.500000037E-02 -2.479819022E-02  6.562000141E-03  2.189909276E+00 
        29  2.500000037E-02 -2.477990836E-02  6.562000141E-03  2.070342925E+00 
        30  2.500000037E-02 -2.476578765E-02  6.562000606E-03  1.824280604E+00 
        31  2.500000037E-02 -3.057143465E-02  6.562000141E-03  4.868845302E-01 
        32  2.500000037E-02 -3.046895750E-02  6.562000141E-03  1.450913705E+00 
        33  2.500000037E-02 -3.033304401E-02  6.561999675E-03  3.538660824E+00 
        34  2.500000037E-02 -3.018904291E-02  6.561999675E-03  5.135813606E+00 
        35  2.500000037E-02 -3.004504368E-02  6.561999675E-03  5.621150653E+00 
        36  2.500000037E-02 -2.990104258E-02  6.561999675E-03  5.795830475E+00 
        37  2.500000037E-02 -2.975704335E-02  6.561999675E-03  5.971283539E+00 
        38  2.500000037E-02 -2.961304411E-02  6.561999675E-03  6.617376632E+00 
        39  2.500000037E-02 -2.946904302E-02  6.561999675E-03  7.612147779E+00 
        40  2.500000037E-02 -2.932504378E-02  6.561999675E-03  7.822890354E+00 
        41  2.500000037E-02 -2.918104269E-02  6.561999675E-03  7.547561884E+00 
        42  2.500000037E-02 -2.903704345E-02  6.561999675E-03  7.275806446E+00 
        43  2.500000037E-02 -2.889304422E-02  6.561999675E-03  7.105552289E+00 
        44  2.500000037E-02 -2.874904312E-02  6.561999675E-03  6.967477249E+00 
        45  2.500000037E-02 -2.860504389E-02  6.561999675E-03  6.885979569E+00 
        46  2.500000037E-02 -2.846104279E-02  6.561999675E-03  6.864646294E+00 
        47  2.500000037E-02 -2.831704356E-02  6.561999675E-03  6.866953992E+00 
