cellnumber     x-coordinate     y-coordinate     z-coordinate velocity-magnitude 
         1  2.500000037E-02 -2.817304432E-02  6.562000141E-03  7.194808917E+00 
         2  2.500000037E-02 -2.802904323E-02  6.561999675E-03  7.065919698E+00 
         3  2.500000037E-02 -2.788504399E-02  6.561999675E-03  7.029581900E+00 
         4  2.500000037E-02 -2.774104290E-02  6.561999675E-03  7.090074978E+00 
         5  2.500000037E-02 -2.759704366E-02  6.561999675E-03  6.990060229E+00 
         6  2.500000037E-02 -2.745304257E-02  6.561999675E-03  6.599182903E+00 
         7  2.500000037E-02 -2.730904333E-02  6.561999675E-03  6.290001028E+00 
         8  2.500000037E-02 -2.716504410E-02  6.561999675E-03  6.036171572E+00 
         9  2.500000224E-02 -2.702104300E-02  6.561999675E-03  5.830453196E+00 
        10  2.500000224E-02 -2.687704377E-02  6.562000141E-03  5.738717459E+00 
        11  2.500000224E-02 -2.673304453E-02  6.562000141E-03  5.650799592E+00 
        12  2.500000037E-02 -2.658904344E-02  6.562000141E-03  5.586036497E+00 
        13  2.500000037E-02 -2.644504420E-02  6.561999675E-03  5.674445876E+00 
        14  2.500000037E-02 -2.630104311E-02  6.561999675E-03  5.721481744E+00 
        15  2.500000224E-02 -2.615704387E-02  6.561999675E-03  6.121841541E+00 
        16  2.500000037E-02 -2.601304278E-02  6.562000141E-03  6.492250415E+00 
        17  2.500000037E-02 -2.586904354E-02  6.561999675E-03  6.241325859E+00 
        18  2.500000037E-02 -2.572504245E-02  6.561999675E-03  6.015387612E+00 
        19  2.500000037E-02 -2.558104321E-02  6.561999675E-03  5.758347065E+00 
        20  2.500000037E-02 -2.543704398E-02  6.561999675E-03  4.416499146E+00 
        21  2.500000037E-02 -2.529304288E-02  6.561999675E-03  4.133058470E+00 
        22  2.500000037E-02 -2.515085414E-02  6.561999675E-03  1.411013827E+00 
        23  2.500000037E-02 -2.501806431E-02  6.562000141E-03  4.604312024E-01 
        24  2.500000037E-02 -2.492471784E-02  6.562000141E-03  1.214426647E+00 
        25  2.500000037E-02 -2.487709187E-02  6.562000141E-03  1.562598483E+00 
        26  2.500000037E-02 -2.484604716E-02  6.562000141E-03  1.642673168E+00 
        27  2.500000037E-02 -2.482001111E-02  6.561999675E-03  1.543668262E+00 
        28  2.500000037E-02 -2.479819022E-02  6.562000141E-03  1.384563264E+00 
        29  2.500000037E-02 -2.477990836E-02  6.562000141E-03  1.181253417E+00 
        30  2.500000037E-02 -2.476578765E-02  6.562000606E-03  9.668034251E-01 
        31  2.500000037E-02 -3.057143465E-02  6.562000141E-03  3.652728437E+00 
        32  2.500000037E-02 -3.046895750E-02  6.562000141E-03  4.164535859E+00 
        33  2.500000037E-02 -3.033304401E-02  6.561999675E-03  4.129432448E+00 
        34  2.500000037E-02 -3.018904291E-02  6.561999675E-03  4.273749503E+00 
        35  2.500000037E-02 -3.004504368E-02  6.561999675E-03  5.222424625E+00 
        36  2.500000037E-02 -2.990104258E-02  6.561999675E-03  6.140334311E+00 
        37  2.500000037E-02 -2.975704335E-02  6.561999675E-03  7.039844035E+00 
        38  2.500000037E-02 -2.961304411E-02  6.561999675E-03  7.357736558E+00 
        39  2.500000037E-02 -2.946904302E-02  6.561999675E-03  7.906448922E+00 
        40  2.500000037E-02 -2.932504378E-02  6.561999675E-03  7.888302306E+00 
        41  2.500000037E-02 -2.918104269E-02  6.561999675E-03  7.810094968E+00 
        42  2.500000037E-02 -2.903704345E-02  6.561999675E-03  7.788612589E+00 
        43  2.500000037E-02 -2.889304422E-02  6.561999675E-03  7.746977313E+00 
        44  2.500000037E-02 -2.874904312E-02  6.561999675E-03  7.822657483E+00 
        45  2.500000037E-02 -2.860504389E-02  6.561999675E-03  7.830902205E+00 
        46  2.500000037E-02 -2.846104279E-02  6.561999675E-03  7.677977816E+00 
        47  2.500000037E-02 -2.831704356E-02  6.561999675E-03  7.397673555E+00 
