cellnumber     x-coordinate     y-coordinate     z-coordinate velocity-magnitude 
         1  2.500000037E-02 -2.817304432E-02  6.562000141E-03  6.878030307E+00 
         2  2.500000037E-02 -2.802904323E-02  6.561999675E-03  6.830708938E+00 
         3  2.500000037E-02 -2.788504399E-02  6.561999675E-03  6.816579767E+00 
         4  2.500000037E-02 -2.774104290E-02  6.561999675E-03  6.936056836E+00 
         5  2.500000037E-02 -2.759704366E-02  6.561999675E-03  6.833108024E+00 
         6  2.500000037E-02 -2.745304257E-02  6.561999675E-03  6.564550078E+00 
         7  2.500000037E-02 -2.730904333E-02  6.561999675E-03  6.348658269E+00 
         8  2.500000037E-02 -2.716504410E-02  6.561999675E-03  6.181128344E+00 
         9  2.500000224E-02 -2.702104300E-02  6.561999675E-03  6.047468699E+00 
        10  2.500000224E-02 -2.687704377E-02  6.562000141E-03  6.042274230E+00 
        11  2.500000224E-02 -2.673304453E-02  6.562000141E-03  6.066199662E+00 
        12  2.500000037E-02 -2.658904344E-02  6.562000141E-03  6.007089769E+00 
        13  2.500000037E-02 -2.644504420E-02  6.561999675E-03  5.985480167E+00 
        14  2.500000037E-02 -2.630104311E-02  6.561999675E-03  6.014942306E+00 
        15  2.500000224E-02 -2.615704387E-02  6.561999675E-03  5.873589735E+00 
        16  2.500000037E-02 -2.601304278E-02  6.562000141E-03  5.714527406E+00 
        17  2.500000037E-02 -2.586904354E-02  6.561999675E-03  5.543144458E+00 
        18  2.500000037E-02 -2.572504245E-02  6.561999675E-03  5.574424749E+00 
        19  2.500000037E-02 -2.558104321E-02  6.561999675E-03  5.656366012E+00 
        20  2.500000037E-02 -2.543704398E-02  6.561999675E-03  5.198122959E+00 
        21  2.500000037E-02 -2.529304288E-02  6.561999675E-03  3.200024853E+00 
        22  2.500000037E-02 -2.515085414E-02  6.561999675E-03  2.988815495E+00 
        23  2.500000037E-02 -2.501806431E-02  6.562000141E-03  3.164848929E+00 
        24  2.500000037E-02 -2.492471784E-02  6.562000141E-03  2.776441359E+00 
        25  2.500000037E-02 -2.487709187E-02  6.562000141E-03  2.530474195E+00 
        26  2.500000037E-02 -2.484604716E-02  6.562000141E-03  2.244552601E+00 
        27  2.500000037E-02 -2.482001111E-02  6.561999675E-03  1.876296116E+00 
        28  2.500000037E-02 -2.479819022E-02  6.562000141E-03  1.442200309E+00 
        29  2.500000037E-02 -2.477990836E-02  6.562000141E-03  1.073815044E+00 
        30  2.500000037E-02 -2.476578765E-02  6.562000606E-03  8.277152048E-01 
        31  2.500000037E-02 -3.057143465E-02  6.562000141E-03  2.045736763E+00 
        32  2.500000037E-02 -3.046895750E-02  6.562000141E-03  2.168514820E+00 
        33  2.500000037E-02 -3.033304401E-02  6.561999675E-03  2.404945330E+00 
        34  2.500000037E-02 -3.018904291E-02  6.561999675E-03  2.777525269E+00 
        35  2.500000037E-02 -3.004504368E-02  6.561999675E-03  2.587307653E+00 
        36  2.500000037E-02 -2.990104258E-02  6.561999675E-03  2.701366956E+00 
        37  2.500000037E-02 -2.975704335E-02  6.561999675E-03  3.137069244E+00 
        38  2.500000037E-02 -2.961304411E-02  6.561999675E-03  3.523581028E+00 
        39  2.500000037E-02 -2.946904302E-02  6.561999675E-03  3.934380522E+00 
        40  2.500000037E-02 -2.932504378E-02  6.561999675E-03  4.094964136E+00 
        41  2.500000037E-02 -2.918104269E-02  6.561999675E-03  5.224080476E+00 
        42  2.500000037E-02 -2.903704345E-02  6.561999675E-03  6.385207448E+00 
        43  2.500000037E-02 -2.889304422E-02  6.561999675E-03  6.741454511E+00 
        44  2.500000037E-02 -2.874904312E-02  6.561999675E-03  6.804968043E+00 
        45  2.500000037E-02 -2.860504389E-02  6.561999675E-03  6.748075968E+00 
        46  2.500000037E-02 -2.846104279E-02  6.561999675E-03  6.752384682E+00 
        47  2.500000037E-02 -2.831704356E-02  6.561999675E-03  6.847620930E+00 
