cellnumber     x-coordinate     y-coordinate     z-coordinate velocity-magnitude 
         1  2.999999933E-02 -2.401195839E-02  6.562000606E-03  1.019385200E+00 
         2  2.999999933E-02 -2.404091880E-02  6.562000141E-03  1.087384173E+00 
         3  2.999999933E-02 -2.412424795E-02  6.562000141E-03  1.215608334E+00 
         4  2.999999933E-02 -2.420346625E-02  6.562000141E-03  1.585162137E+00 
         5  2.999999933E-02 -2.429169975E-02  6.562000141E-03  1.696491475E+00 
         6  2.999999933E-02 -2.442904375E-02  6.562000141E-03  2.534997316E+00 
         7  2.999999933E-02 -2.457304299E-02  6.562000141E-03  3.620698056E+00 
         8  2.999999933E-02 -2.471704409E-02  6.562000141E-03  3.250627071E+00 
         9  2.999999933E-02 -2.486104332E-02  6.562000141E-03  3.497223763E+00 
        10  2.999999933E-02 -2.500504255E-02  6.562000141E-03  4.105175338E+00 
        11  2.999999933E-02 -2.514904365E-02  6.562000141E-03  3.951272678E+00 
        12  2.999999933E-02 -2.529304288E-02  6.562000141E-03  3.601853332E+00 
        13  2.999999933E-02 -2.543704398E-02  6.562000141E-03  3.326654401E+00 
        14  2.999999933E-02 -2.558104321E-02  6.562000141E-03  3.417430205E+00 
        15  2.999999933E-02 -2.572504245E-02  6.562000141E-03  4.069177151E+00 
        16  2.999999933E-02 -2.586904354E-02  6.562000141E-03  4.825909268E+00 
        17  2.999999933E-02 -2.601304278E-02  6.562000141E-03  5.351268451E+00 
        18  2.999999933E-02 -2.615704387E-02  6.562000141E-03  5.483692582E+00 
        19  2.999999933E-02 -2.630104311E-02  6.562000141E-03  5.639235523E+00 
        20  2.999999933E-02 -2.644504420E-02  6.562000141E-03  5.731632741E+00 
        21  2.999999933E-02 -2.658904344E-02  6.562000141E-03  5.833067066E+00 
        22  2.999999933E-02 -2.673304267E-02  6.562000141E-03  5.995509319E+00 
        23  2.999999933E-02 -2.687704377E-02  6.562000141E-03  6.119991733E+00 
        24  2.999999933E-02 -2.702104300E-02  6.562000141E-03  6.270911762E+00 
        25  2.999999933E-02 -2.716504410E-02  6.562000141E-03  6.365678928E+00 
        26  2.999999933E-02 -2.730904333E-02  6.562000141E-03  6.439571176E+00 
        27  2.999999933E-02 -2.745304257E-02  6.562000141E-03  6.475760801E+00 
        28  2.999999933E-02 -2.759704366E-02  6.562000141E-03  6.506951202E+00 
        29  2.999999933E-02 -2.774104290E-02  6.562000141E-03  6.558106854E+00 
        30  2.999999933E-02 -2.788504399E-02  6.562000141E-03  6.565770516E+00 
        31  2.999999933E-02 -2.802904323E-02  6.562000141E-03  6.566860888E+00 
        32  2.999999933E-02 -2.817304432E-02  6.562000141E-03  6.505170148E+00 
        33  2.999999933E-02 -2.831704356E-02  6.562000141E-03  6.468794204E+00 
        34  2.999999933E-02 -2.846104279E-02  6.562000141E-03  6.511361529E+00 
        35  2.999999933E-02 -2.860504389E-02  6.562000141E-03  6.477252423E+00 
        36  2.999999933E-02 -2.874904312E-02  6.562000141E-03  6.442966363E+00 
        37  2.999999933E-02 -2.889304422E-02  6.562000141E-03  6.417376647E+00 
        38  2.999999933E-02 -2.903704345E-02  6.562000141E-03  6.307099945E+00 
        39  2.999999933E-02 -2.918104269E-02  6.562000141E-03  6.081583207E+00 
        40  2.999999933E-02 -2.932504378E-02  6.562000141E-03  5.527359812E+00 
        41  2.999999933E-02 -2.946904302E-02  6.562000141E-03  4.978367813E+00 
        42  2.999999933E-02 -2.961304411E-02  6.562000141E-03  4.941249341E+00 
        43  2.999999933E-02 -2.975704335E-02  6.562000141E-03  4.786108573E+00 
        44  2.999999933E-02 -2.990104258E-02  6.562000141E-03  4.117076048E+00 
        45  2.999999933E-02 -3.004504368E-02  6.562000141E-03  4.094839631E+00 
        46  2.999999933E-02 -3.018904291E-02  6.562000141E-03  2.648736786E+00 
        47  2.999999933E-02 -3.033304401E-02  6.562000141E-03  1.154181535E+00 
        48  2.999999933E-02 -3.047704324E-02  6.562000141E-03  1.427843167E+00 
        49  2.999999933E-02 -3.062104248E-02  6.562000141E-03  1.441734231E+00 
        50  2.999999933E-02 -3.076504357E-02  6.562000141E-03  3.306792856E-01 
        51  2.999999933E-02 -3.090904281E-02  6.562000141E-03  9.131988616E-01 
        52  2.999999933E-02 -3.105304390E-02  6.562000141E-03  1.518529025E+00 
        53  2.999999933E-02 -3.119704314E-02  6.562000141E-03  1.978035333E+00 
        54  2.999999933E-02 -3.133584931E-02  6.562000141E-03  2.106658198E+00 
        55  2.999999933E-02 -3.145632520E-02  6.562000141E-03  2.059291936E+00 
