cellnumber     x-coordinate     y-coordinate     z-coordinate velocity-magnitude 
         1  2.999999933E-02 -3.145632520E-02  6.562000141E-03  1.932964720E+00 
         2  2.999999933E-02 -3.133584931E-02  6.562000141E-03  1.579688826E+00 
         3  2.999999933E-02 -3.119704314E-02  6.562000141E-03  1.613093146E+00 
         4  2.999999933E-02 -3.105304390E-02  6.562000141E-03  1.814542543E+00 
         5  2.999999933E-02 -3.090904281E-02  6.562000141E-03  1.261179344E+00 
         6  2.999999933E-02 -3.076504357E-02  6.562000141E-03  1.555443434E+00 
         7  2.999999933E-02 -3.062104248E-02  6.562000141E-03  1.346704470E+00 
         8  2.999999933E-02 -3.047704324E-02  6.562000141E-03  1.173012788E+00 
         9  2.999999933E-02 -3.033304401E-02  6.562000141E-03  2.962275112E+00 
        10  2.999999933E-02 -3.018904291E-02  6.562000141E-03  2.876730618E+00 
        11  2.999999933E-02 -3.004504368E-02  6.562000141E-03  1.838493617E+00 
        12  2.999999933E-02 -2.990104258E-02  6.562000141E-03  7.736949617E-01 
        13  2.999999933E-02 -2.975704335E-02  6.562000141E-03  7.208733674E-01 
        14  2.999999933E-02 -2.961304411E-02  6.562000141E-03  1.585729306E+00 
        15  2.999999933E-02 -2.946904302E-02  6.562000141E-03  2.805350044E+00 
        16  2.999999933E-02 -2.932504378E-02  6.562000141E-03  3.646654164E+00 
        17  2.999999933E-02 -2.918104269E-02  6.562000141E-03  3.667261803E+00 
        18  2.999999933E-02 -2.903704345E-02  6.562000141E-03  3.029811290E+00 
        19  2.999999933E-02 -2.889304422E-02  6.562000141E-03  2.688439314E+00 
        20  2.999999933E-02 -2.874904312E-02  6.562000141E-03  3.352581537E+00 
        21  2.999999933E-02 -2.860504389E-02  6.562000141E-03  6.169703877E+00 
        22  2.999999933E-02 -2.846104279E-02  6.562000141E-03  6.589139214E+00 
        23  2.999999933E-02 -2.831704356E-02  6.562000141E-03  6.209008823E+00 
        24  2.999999933E-02 -2.817304246E-02  6.562000141E-03  6.175610614E+00 
        25  2.999999933E-02 -2.802904323E-02  6.562000141E-03  5.408047987E+00 
        26  2.999999933E-02 -2.788504399E-02  6.562000141E-03  4.725765118E+00 
        27  2.999999933E-02 -2.774104290E-02  6.562000141E-03  5.025065444E+00 
        28  2.999999933E-02 -2.759704366E-02  6.562000141E-03  5.261250910E+00 
        29  2.999999933E-02 -2.745304257E-02  6.562000141E-03  5.117841699E+00 
        30  2.999999933E-02 -2.730904333E-02  6.562000141E-03  5.099903266E+00 
        31  2.999999933E-02 -2.716504410E-02  6.562000141E-03  4.885527239E+00 
        32  2.999999933E-02 -2.702104300E-02  6.562000141E-03  4.622916637E+00 
        33  2.999999933E-02 -2.687704377E-02  6.562000141E-03  4.513451716E+00 
        34  2.999999933E-02 -2.673304267E-02  6.562000141E-03  5.534596085E+00 
        35  2.999999933E-02 -2.658904344E-02  6.562000141E-03  6.048587938E+00 
        36  2.999999933E-02 -2.644504420E-02  6.562000141E-03  5.792565054E+00 
        37  2.999999933E-02 -2.630104311E-02  6.562000141E-03  4.584225229E+00 
        38  2.999999933E-02 -2.615704387E-02  6.562000141E-03  3.881019793E+00 
        39  2.999999933E-02 -2.601304278E-02  6.562000141E-03  3.768895496E+00 
        40  2.999999933E-02 -2.586904354E-02  6.562000141E-03  3.396362214E+00 
        41  2.999999933E-02 -2.572504245E-02  6.562000141E-03  3.020106888E+00 
        42  2.999999933E-02 -2.558104321E-02  6.562000141E-03  2.388462192E+00 
        43  2.999999933E-02 -2.543704398E-02  6.562000141E-03  2.028766730E+00 
        44  2.999999933E-02 -2.529304288E-02  6.562000141E-03  1.806220179E+00 
        45  2.999999933E-02 -2.514904365E-02  6.562000141E-03  1.980165872E+00 
        46  2.999999933E-02 -2.500504255E-02  6.562000141E-03  2.375121295E+00 
        47  2.999999933E-02 -2.486104332E-02  6.562000141E-03  2.246293504E+00 
        48  2.999999933E-02 -2.471704409E-02  6.562000141E-03  1.855282494E+00 
        49  2.999999933E-02 -2.457304299E-02  6.562000141E-03  1.727106367E+00 
        50  2.999999933E-02 -2.442904375E-02  6.562000141E-03  1.617029389E+00 
        51  2.999999933E-02 -2.429169975E-02  6.562000141E-03  1.175618698E+00 
        52  2.999999933E-02 -2.420346625E-02  6.562000141E-03  1.060154632E+00 
        53  2.999999933E-02 -2.412424795E-02  6.562000141E-03  9.738102089E-01 
        54  2.999999933E-02 -2.404091880E-02  6.562000141E-03  9.287876386E-01 
        55  2.999999933E-02 -2.401195839E-02  6.562000606E-03  9.051016106E-01 
