cellnumber     x-coordinate     y-coordinate     z-coordinate velocity-magnitude 
         1  2.999999933E-02 -2.401195839E-02  6.562000606E-03  6.491572553E-01 
         2  2.999999933E-02 -2.404091880E-02  6.562000141E-03  8.167870952E-01 
         3  2.999999933E-02 -2.412424795E-02  6.562000141E-03  1.043647175E+00 
         4  2.999999933E-02 -2.420346625E-02  6.562000141E-03  1.207340329E+00 
         5  2.999999933E-02 -2.429169975E-02  6.562000141E-03  1.457631953E+00 
         6  2.999999933E-02 -2.442904375E-02  6.562000141E-03  1.750809809E+00 
         7  2.999999933E-02 -2.457304299E-02  6.562000141E-03  1.844294986E+00 
         8  2.999999933E-02 -2.471704409E-02  6.562000141E-03  1.499211041E+00 
         9  2.999999933E-02 -2.486104332E-02  6.562000141E-03  2.963898550E+00 
        10  2.999999933E-02 -2.500504255E-02  6.562000141E-03  3.553441022E+00 
        11  2.999999933E-02 -2.514904365E-02  6.562000141E-03  3.236136837E+00 
        12  2.999999933E-02 -2.529304288E-02  6.562000141E-03  2.873136782E+00 
        13  2.999999933E-02 -2.543704398E-02  6.562000141E-03  2.819594174E+00 
        14  2.999999933E-02 -2.558104321E-02  6.562000141E-03  2.990373352E+00 
        15  2.999999933E-02 -2.572504245E-02  6.562000141E-03  2.824987066E+00 
        16  2.999999933E-02 -2.586904354E-02  6.562000141E-03  2.848166392E+00 
        17  2.999999933E-02 -2.601304278E-02  6.562000141E-03  2.968086447E+00 
        18  2.999999933E-02 -2.615704387E-02  6.562000141E-03  2.801280933E+00 
        19  2.999999933E-02 -2.630104311E-02  6.562000141E-03  3.333352355E+00 
        20  2.999999933E-02 -2.644504420E-02  6.562000141E-03  3.563662624E+00 
        21  2.999999933E-02 -2.658904344E-02  6.562000141E-03  2.939144089E+00 
        22  2.999999933E-02 -2.673304267E-02  6.562000141E-03  2.932773397E+00 
        23  2.999999933E-02 -2.687704377E-02  6.562000141E-03  3.581240795E+00 
        24  2.999999933E-02 -2.702104300E-02  6.562000141E-03  3.948415663E+00 
        25  2.999999933E-02 -2.716504410E-02  6.562000141E-03  4.028567056E+00 
        26  2.999999933E-02 -2.730904333E-02  6.562000141E-03  4.430474423E+00 
        27  2.999999933E-02 -2.745304257E-02  6.562000141E-03  5.232570503E+00 
        28  2.999999933E-02 -2.759704366E-02  6.562000141E-03  5.302685270E+00 
        29  2.999999933E-02 -2.774104290E-02  6.562000141E-03  5.549000895E+00 
        30  2.999999933E-02 -2.788504399E-02  6.562000141E-03  5.729526145E+00 
        31  2.999999933E-02 -2.802904323E-02  6.562000141E-03  5.822905263E+00 
        32  2.999999933E-02 -2.817304432E-02  6.562000141E-03  6.014749918E+00 
        33  2.999999933E-02 -2.831704356E-02  6.562000141E-03  6.158995897E+00 
        34  2.999999933E-02 -2.846104279E-02  6.562000141E-03  6.366506208E+00 
        35  2.999999933E-02 -2.860504389E-02  6.562000141E-03  6.659904482E+00 
        36  2.999999933E-02 -2.874904312E-02  6.562000141E-03  5.345895017E+00 
        37  2.999999933E-02 -2.889304422E-02  6.562000141E-03  5.135782989E+00 
        38  2.999999933E-02 -2.903704345E-02  6.562000141E-03  5.367147567E+00 
        39  2.999999933E-02 -2.918104269E-02  6.562000141E-03  5.210387296E+00 
        40  2.999999933E-02 -2.932504378E-02  6.562000141E-03  4.422419935E+00 
        41  2.999999933E-02 -2.946904302E-02  6.562000141E-03  4.010771766E+00 
        42  2.999999933E-02 -2.961304411E-02  6.562000141E-03  3.563169112E+00 
        43  2.999999933E-02 -2.975704335E-02  6.562000141E-03  3.472773419E+00 
        44  2.999999933E-02 -2.990104258E-02  6.562000141E-03  4.041140400E+00 
        45  2.999999933E-02 -3.004504368E-02  6.562000141E-03  3.624021224E+00 
        46  2.999999933E-02 -3.018904291E-02  6.562000141E-03  3.656558948E+00 
        47  2.999999933E-02 -3.033304401E-02  6.562000141E-03  3.268477304E+00 
        48  2.999999933E-02 -3.047704324E-02  6.562000141E-03  2.529428768E+00 
        49  2.999999933E-02 -3.062104248E-02  6.562000141E-03  2.779478340E+00 
        50  2.999999933E-02 -3.076504357E-02  6.562000141E-03  3.207817230E+00 
        51  2.999999933E-02 -3.090904281E-02  6.562000141E-03  3.733979446E+00 
        52  2.999999933E-02 -3.105304390E-02  6.562000141E-03  3.702732418E+00 
        53  2.999999933E-02 -3.119704314E-02  6.562000141E-03  3.376671556E+00 
        54  2.999999933E-02 -3.133584931E-02  6.562000141E-03  2.776324058E+00 
        55  2.999999933E-02 -3.145632520E-02  6.562000141E-03  2.105403954E+00 
