cellnumber     x-coordinate     y-coordinate     z-coordinate velocity-magnitude 
         1  2.999999933E-02 -2.401195839E-02  6.562000606E-03  3.234852676E+00 
         2  2.999999933E-02 -2.404091880E-02  6.562000141E-03  3.565920175E+00 
         3  2.999999933E-02 -2.412424795E-02  6.562000141E-03  3.817769659E+00 
         4  2.999999933E-02 -2.420346625E-02  6.562000141E-03  3.800266092E+00 
         5  2.999999933E-02 -2.429169975E-02  6.562000141E-03  3.692563702E+00 
         6  2.999999933E-02 -2.442904375E-02  6.562000141E-03  2.888286361E+00 
         7  2.999999933E-02 -2.457304299E-02  6.562000141E-03  3.533263646E+00 
         8  2.999999933E-02 -2.471704409E-02  6.562000141E-03  3.938181508E+00 
         9  2.999999933E-02 -2.486104332E-02  6.562000141E-03  3.875884081E+00 
        10  2.999999933E-02 -2.500504255E-02  6.562000141E-03  4.430005980E+00 
        11  2.999999933E-02 -2.514904365E-02  6.562000141E-03  4.695880635E+00 
        12  2.999999933E-02 -2.529304288E-02  6.562000141E-03  4.691682186E+00 
        13  2.999999933E-02 -2.543704398E-02  6.562000141E-03  4.437177723E+00 
        14  2.999999933E-02 -2.558104321E-02  6.562000141E-03  4.109210224E+00 
        15  2.999999933E-02 -2.572504245E-02  6.562000141E-03  3.585560667E+00 
        16  2.999999933E-02 -2.586904354E-02  6.562000141E-03  2.470336975E+00 
        17  2.999999933E-02 -2.601304278E-02  6.562000141E-03  3.234541752E+00 
        18  2.999999933E-02 -2.615704387E-02  6.562000141E-03  4.958354269E+00 
        19  2.999999933E-02 -2.630104311E-02  6.562000141E-03  5.188768820E+00 
        20  2.999999933E-02 -2.644504420E-02  6.562000141E-03  4.946761823E+00 
        21  2.999999933E-02 -2.658904344E-02  6.562000141E-03  4.038867929E+00 
        22  2.999999933E-02 -2.673304267E-02  6.562000141E-03  3.142998037E+00 
        23  2.999999933E-02 -2.687704377E-02  6.562000141E-03  3.176895838E+00 
        24  2.999999933E-02 -2.702104300E-02  6.562000141E-03  3.057819393E+00 
        25  2.999999933E-02 -2.716504410E-02  6.562000141E-03  3.248280383E+00 
        26  2.999999933E-02 -2.730904333E-02  6.562000141E-03  3.736536831E+00 
        27  2.999999933E-02 -2.745304257E-02  6.562000141E-03  4.022762555E+00 
        28  2.999999933E-02 -2.759704366E-02  6.562000141E-03  4.033039631E+00 
        29  2.999999933E-02 -2.774104290E-02  6.562000141E-03  3.964443561E+00 
        30  2.999999933E-02 -2.788504399E-02  6.562000141E-03  3.899318971E+00 
        31  2.999999933E-02 -2.802904323E-02  6.562000141E-03  3.870659397E+00 
        32  2.999999933E-02 -2.817304432E-02  6.562000141E-03  4.061966352E+00 
        33  2.999999933E-02 -2.831704356E-02  6.562000141E-03  4.358573771E+00 
        34  2.999999933E-02 -2.846104279E-02  6.562000141E-03  4.382584192E+00 
        35  2.999999933E-02 -2.860504389E-02  6.562000141E-03  4.498433422E+00 
        36  2.999999933E-02 -2.874904312E-02  6.562000141E-03  4.816615047E+00 
        37  2.999999933E-02 -2.889304422E-02  6.562000141E-03  5.167304372E+00 
        38  2.999999933E-02 -2.903704345E-02  6.562000141E-03  5.246417098E+00 
        39  2.999999933E-02 -2.918104269E-02  6.562000141E-03  5.192166724E+00 
        40  2.999999933E-02 -2.932504378E-02  6.562000141E-03  5.112013519E+00 
        41  2.999999933E-02 -2.946904302E-02  6.562000141E-03  4.002011284E+00 
        42  2.999999933E-02 -2.961304411E-02  6.562000141E-03  3.351290391E+00 
        43  2.999999933E-02 -2.975704335E-02  6.562000141E-03  3.517796251E+00 
        44  2.999999933E-02 -2.990104258E-02  6.562000141E-03  4.118905971E+00 
        45  2.999999933E-02 -3.004504368E-02  6.562000141E-03  4.665858394E+00 
        46  2.999999933E-02 -3.018904291E-02  6.562000141E-03  4.901108226E+00 
        47  2.999999933E-02 -3.033304401E-02  6.562000141E-03  4.577365576E+00 
        48  2.999999933E-02 -3.047704324E-02  6.562000141E-03  4.347107691E+00 
        49  2.999999933E-02 -3.062104248E-02  6.562000141E-03  3.470091244E+00 
        50  2.999999933E-02 -3.076504357E-02  6.562000141E-03  3.390400932E+00 
        51  2.999999933E-02 -3.090904281E-02  6.562000141E-03  4.352760415E+00 
        52  2.999999933E-02 -3.105304390E-02  6.562000141E-03  4.533626160E+00 
        53  2.999999933E-02 -3.119704314E-02  6.562000141E-03  4.551441782E+00 
        54  2.999999933E-02 -3.133584931E-02  6.562000141E-03  4.133403054E+00 
        55  2.999999933E-02 -3.145632520E-02  6.562000141E-03  2.838281667E+00 
