cellnumber     x-coordinate     y-coordinate     z-coordinate velocity-magnitude 
         1  2.999999933E-02 -2.401195839E-02  6.562000606E-03  1.901845743E+00 
         2  2.999999933E-02 -2.404091880E-02  6.562000141E-03  2.250551980E+00 
         3  2.999999933E-02 -2.412424795E-02  6.562000141E-03  2.503721253E+00 
         4  2.999999933E-02 -2.420346625E-02  6.562000141E-03  2.750891663E+00 
         5  2.999999933E-02 -2.429169975E-02  6.562000141E-03  2.913077053E+00 
         6  2.999999933E-02 -2.442904375E-02  6.562000141E-03  2.894864090E+00 
         7  2.999999933E-02 -2.457304299E-02  6.562000141E-03  3.310252221E+00 
         8  2.999999933E-02 -2.471704409E-02  6.562000141E-03  3.732504940E+00 
         9  2.999999933E-02 -2.486104332E-02  6.562000141E-03  3.505592549E+00 
        10  2.999999933E-02 -2.500504255E-02  6.562000141E-03  3.146365749E+00 
        11  2.999999933E-02 -2.514904365E-02  6.562000141E-03  3.089122481E+00 
        12  2.999999933E-02 -2.529304288E-02  6.562000141E-03  3.079204517E+00 
        13  2.999999933E-02 -2.543704398E-02  6.562000141E-03  3.145439411E+00 
        14  2.999999933E-02 -2.558104321E-02  6.562000141E-03  2.723687015E+00 
        15  2.999999933E-02 -2.572504245E-02  6.562000141E-03  2.408077135E+00 
        16  2.999999933E-02 -2.586904354E-02  6.562000141E-03  3.265547028E+00 
        17  2.999999933E-02 -2.601304278E-02  6.562000141E-03  4.743730826E+00 
        18  2.999999933E-02 -2.615704387E-02  6.562000141E-03  5.665877037E+00 
        19  2.999999933E-02 -2.630104311E-02  6.562000141E-03  5.917702062E+00 
        20  2.999999933E-02 -2.644504420E-02  6.562000141E-03  6.005621400E+00 
        21  2.999999933E-02 -2.658904344E-02  6.562000141E-03  6.206181774E+00 
        22  2.999999933E-02 -2.673304267E-02  6.562000141E-03  6.288536927E+00 
        23  2.999999933E-02 -2.687704377E-02  6.562000141E-03  6.237696067E+00 
        24  2.999999933E-02 -2.702104300E-02  6.562000141E-03  6.189622821E+00 
        25  2.999999933E-02 -2.716504410E-02  6.562000141E-03  6.208998816E+00 
        26  2.999999933E-02 -2.730904333E-02  6.562000141E-03  6.138825261E+00 
        27  2.999999933E-02 -2.745304257E-02  6.562000141E-03  5.942521948E+00 
        28  2.999999933E-02 -2.759704366E-02  6.562000141E-03  5.915438532E+00 
        29  2.999999933E-02 -2.774104290E-02  6.562000141E-03  6.050186956E+00 
        30  2.999999933E-02 -2.788504399E-02  6.562000141E-03  6.140908615E+00 
        31  2.999999933E-02 -2.802904323E-02  6.562000141E-03  6.297126216E+00 
        32  2.999999933E-02 -2.817304432E-02  6.562000141E-03  6.390298835E+00 
        33  2.999999933E-02 -2.831704356E-02  6.562000141E-03  6.383240577E+00 
        34  2.999999933E-02 -2.846104279E-02  6.562000141E-03  6.401665077E+00 
        35  2.999999933E-02 -2.860504389E-02  6.562000141E-03  6.431610785E+00 
        36  2.999999933E-02 -2.874904312E-02  6.562000141E-03  6.380016955E+00 
        37  2.999999933E-02 -2.889304422E-02  6.562000141E-03  6.224539340E+00 
        38  2.999999933E-02 -2.903704345E-02  6.562000141E-03  5.867860827E+00 
        39  2.999999933E-02 -2.918104269E-02  6.562000141E-03  5.628294494E+00 
        40  2.999999933E-02 -2.932504378E-02  6.562000141E-03  5.304949162E+00 
        41  2.999999933E-02 -2.946904302E-02  6.562000141E-03  4.869779482E+00 
        42  2.999999933E-02 -2.961304411E-02  6.562000141E-03  4.331946686E+00 
        43  2.999999933E-02 -2.975704335E-02  6.562000141E-03  3.745552343E+00 
        44  2.999999933E-02 -2.990104258E-02  6.562000141E-03  3.439709858E+00 
        45  2.999999933E-02 -3.004504368E-02  6.562000141E-03  3.400434913E+00 
        46  2.999999933E-02 -3.018904291E-02  6.562000141E-03  3.414496615E+00 
        47  2.999999933E-02 -3.033304401E-02  6.562000141E-03  3.106938373E+00 
        48  2.999999933E-02 -3.047704324E-02  6.562000141E-03  3.069215948E+00 
        49  2.999999933E-02 -3.062104248E-02  6.562000141E-03  2.860782390E+00 
        50  2.999999933E-02 -3.076504357E-02  6.562000141E-03  2.706275748E+00 
        51  2.999999933E-02 -3.090904281E-02  6.562000141E-03  2.869673926E+00 
        52  2.999999933E-02 -3.105304390E-02  6.562000141E-03  3.071068681E+00 
        53  2.999999933E-02 -3.119704314E-02  6.562000141E-03  2.611773654E+00 
        54  2.999999933E-02 -3.133584931E-02  6.562000141E-03  1.128226089E+00 
        55  2.999999933E-02 -3.145632520E-02  6.562000141E-03  1.768771567E+00 
