cellnumber     x-coordinate     y-coordinate     z-coordinate velocity-magnitude 
         1  2.999999933E-02 -3.105304390E-02  6.562000141E-03  2.079841621E+00 
         2  2.999999933E-02 -3.090904281E-02  6.562000141E-03  1.982965860E+00 
         3  2.999999933E-02 -3.076504357E-02  6.562000141E-03  2.990224210E+00 
         4  2.999999933E-02 -3.062104434E-02  6.562000141E-03  3.890328986E+00 
         5  2.999999933E-02 -3.047704324E-02  6.562000141E-03  2.880530061E+00 
         6  2.999999933E-02 -3.033304401E-02  6.562000141E-03  2.168576983E+00 
         7  2.999999933E-02 -3.018904291E-02  6.562000141E-03  2.610210207E+00 
         8  2.999999933E-02 -3.004504368E-02  6.562000141E-03  2.830341948E+00 
         9  2.999999933E-02 -2.990104258E-02  6.562000141E-03  2.701300145E+00 
        10  2.999999933E-02 -2.975704335E-02  6.562000141E-03  2.891582388E+00 
        11  2.999999933E-02 -2.961304411E-02  6.562000141E-03  4.438640685E+00 
        12  2.999999933E-02 -2.946904302E-02  6.562000141E-03  5.138922991E+00 
        13  2.999999933E-02 -2.932504378E-02  6.562000141E-03  5.582159261E+00 
        14  2.999999933E-02 -2.918104269E-02  6.562000141E-03  5.721415838E+00 
        15  2.999999933E-02 -2.903704345E-02  6.562000141E-03  5.316193243E+00 
        16  2.999999933E-02 -2.889304422E-02  6.562000141E-03  4.980567792E+00 
        17  2.999999933E-02 -2.874904312E-02  6.562000141E-03  5.587562260E+00 
        18  2.999999933E-02 -2.860504389E-02  6.562000141E-03  6.032282968E+00 
        19  2.999999933E-02 -2.846104279E-02  6.562000141E-03  6.014911442E+00 
        20  2.999999933E-02 -2.831704356E-02  6.562000141E-03  5.845361287E+00 
        21  2.999999933E-02 -2.817304246E-02  6.562000141E-03  5.446605206E+00 
        22  2.999999933E-02 -2.802904323E-02  6.562000141E-03  5.266389207E+00 
        23  2.999999933E-02 -2.788504399E-02  6.562000141E-03  5.481605570E+00 
        24  2.999999933E-02 -2.774104290E-02  6.562000141E-03  5.671832993E+00 
        25  2.999999933E-02 -2.759704366E-02  6.562000141E-03  5.510811177E+00 
        26  2.999999933E-02 -3.119704314E-02  6.562000141E-03  2.419350488E+00 
        27  2.999999933E-02 -3.133584931E-02  6.562000141E-03  3.035302964E+00 
        28  2.999999933E-02 -3.145632520E-02  6.562000141E-03  2.899728715E+00 
        29  2.999999933E-02 -2.401195839E-02  6.562000606E-03  2.093175218E+00 
        30  2.999999933E-02 -2.404091880E-02  6.562000141E-03  2.162469686E+00 
        31  2.999999933E-02 -2.412424795E-02  6.562000141E-03  2.296447236E+00 
        32  2.999999933E-02 -2.420346625E-02  6.562000141E-03  2.295516898E+00 
        33  2.999999933E-02 -2.429169975E-02  6.562000141E-03  2.171461095E+00 
        34  2.999999933E-02 -2.442904375E-02  6.562000141E-03  2.132845206E+00 
        35  2.999999933E-02 -2.457304299E-02  6.562000141E-03  2.110774864E+00 
        36  2.999999933E-02 -2.471704409E-02  6.562000141E-03  1.803806255E+00 
        37  2.999999933E-02 -2.486104332E-02  6.562000141E-03  1.737029996E+00 
        38  2.999999933E-02 -2.500504255E-02  6.562000141E-03  1.862792880E+00 
        39  2.999999933E-02 -2.514904365E-02  6.562000141E-03  1.871070573E+00 
        40  2.999999933E-02 -2.529304288E-02  6.562000141E-03  1.896243978E+00 
        41  2.999999933E-02 -2.543704398E-02  6.562000141E-03  2.128052000E+00 
        42  2.999999933E-02 -2.558104321E-02  6.562000141E-03  2.159855174E+00 
        43  2.999999933E-02 -2.572504245E-02  6.562000141E-03  2.075162509E+00 
        44  2.999999933E-02 -2.586904354E-02  6.562000141E-03  2.451249824E+00 
        45  2.999999933E-02 -2.601304278E-02  6.562000141E-03  3.369454375E+00 
        46  2.999999933E-02 -2.615704387E-02  6.562000141E-03  2.421412296E+00 
        47  2.999999933E-02 -2.630104311E-02  6.562000141E-03  1.738917870E+00 
        48  2.999999933E-02 -2.644504420E-02  6.562000141E-03  1.592134746E+00 
        49  2.999999933E-02 -2.658904344E-02  6.562000141E-03  2.012174833E+00 
        50  2.999999933E-02 -2.673304267E-02  6.562000141E-03  2.319437575E+00 
        51  2.999999933E-02 -2.687704377E-02  6.562000141E-03  2.368593997E+00 
        52  2.999999933E-02 -2.702104300E-02  6.562000141E-03  2.323831865E+00 
        53  2.999999933E-02 -2.716504410E-02  6.562000141E-03  2.469813812E+00 
        54  2.999999933E-02 -2.730904333E-02  6.562000141E-03  3.227447875E+00 
        55  2.999999933E-02 -2.745304257E-02  6.562000141E-03  4.656737047E+00 
