cellnumber     x-coordinate     y-coordinate     z-coordinate velocity-magnitude 
         1  2.999999933E-02 -2.401195839E-02  6.562000141E-03  4.322409912E-01 
         2  2.999999933E-02 -2.404091880E-02  6.562000141E-03  4.367614794E-01 
         3  3.000000119E-02 -2.412424982E-02  6.562000606E-03  3.684453834E-01 
         4  2.999999933E-02 -2.420346625E-02  6.562000606E-03  3.077993174E-01 
         5  2.999999933E-02 -2.429169975E-02  6.562000141E-03  1.911478784E-01 
         6  2.999999933E-02 -2.442904375E-02  6.562000141E-03  1.559861827E-01 
         7  2.999999933E-02 -2.457304299E-02  6.562000141E-03  2.350612749E-01 
         8  2.999999933E-02 -2.471704409E-02  6.562000141E-03  3.315435304E-01 
         9  2.999999933E-02 -2.486104332E-02  6.562000141E-03  4.162524429E-01 
        10  2.999999933E-02 -2.500504255E-02  6.562000141E-03  4.895632340E-01 
        11  2.999999933E-02 -2.514904365E-02  6.562000141E-03  5.534236994E-01 
        12  2.999999933E-02 -2.529304288E-02  6.562000141E-03  6.086824569E-01 
        13  2.999999933E-02 -2.543704398E-02  6.562000141E-03  6.570302852E-01 
        14  2.999999933E-02 -2.558104321E-02  6.562000141E-03  6.984983081E-01 
        15  2.999999933E-02 -2.572504431E-02  6.562000141E-03  7.337716894E-01 
        16  2.999999933E-02 -2.586904354E-02  6.562000141E-03  7.626812065E-01 
        17  2.999999933E-02 -3.145632520E-02  6.562000141E-03  4.466072414E+00 
        18  2.999999933E-02 -3.133584931E-02  6.562000141E-03  5.426503067E+00 
        19  2.999999933E-02 -3.119704314E-02  6.562000141E-03  6.196311877E+00 
        20  2.999999933E-02 -3.105304390E-02  6.562000141E-03  6.224782400E+00 
        21  2.999999933E-02 -3.090904281E-02  6.562000141E-03  5.939359279E+00 
        22  2.999999933E-02 -3.076504357E-02  6.562000141E-03  5.759653526E+00 
        23  2.999999933E-02 -3.062104248E-02  6.562000141E-03  5.583013008E+00 
        24  2.999999933E-02 -3.047704324E-02  6.562000141E-03  5.317271722E+00 
        25  2.999999933E-02 -3.033304401E-02  6.562000141E-03  4.897540965E+00 
        26  2.999999933E-02 -3.018904291E-02  6.562000141E-03  4.719693514E+00 
        27  2.999999933E-02 -3.004504368E-02  6.562000141E-03  4.748412221E+00 
        28  2.999999933E-02 -2.990104258E-02  6.562000141E-03  4.404538310E+00 
        29  2.999999933E-02 -2.975704335E-02  6.562000141E-03  2.995448553E+00 
        30  2.999999933E-02 -2.961304411E-02  6.562000141E-03  2.215577159E+00 
        31  2.999999933E-02 -2.946904302E-02  6.562000141E-03  1.833389290E+00 
        32  2.999999933E-02 -2.932504378E-02  6.562000141E-03  1.496413286E+00 
        33  2.999999933E-02 -2.918104269E-02  6.562000141E-03  1.491081720E+00 
        34  2.999999933E-02 -2.903704345E-02  6.562000141E-03  1.221509272E+00 
        35  2.999999933E-02 -2.889304422E-02  6.562000141E-03  1.138489269E+00 
        36  2.999999933E-02 -2.874904312E-02  6.562000141E-03  9.368592222E-01 
        37  2.999999933E-02 -2.860504389E-02  6.562000141E-03  8.577147414E-01 
        38  2.999999933E-02 -2.846104279E-02  6.562000141E-03  7.789923685E-01 
        39  2.999999933E-02 -2.831704356E-02  6.562000141E-03  7.491729970E-01 
        40  2.999999933E-02 -2.817304246E-02  6.562000141E-03  7.114057875E-01 
        41  2.999999933E-02 -2.802904323E-02  6.562000141E-03  7.134859423E-01 
        42  2.999999933E-02 -2.788504399E-02  6.562000141E-03  7.138125922E-01 
        43  2.999999933E-02 -2.774104290E-02  6.562000141E-03  7.225944148E-01 
        44  2.999999933E-02 -2.759704366E-02  6.562000141E-03  7.338187826E-01 
        45  2.999999933E-02 -2.745304257E-02  6.562000141E-03  7.482684766E-01 
        46  2.999999933E-02 -2.730904333E-02  6.562000141E-03  7.621740036E-01 
        47  2.999999933E-02 -2.716504410E-02  6.562000141E-03  7.767119939E-01 
        48  2.999999933E-02 -2.702104300E-02  6.562000141E-03  7.898780170E-01 
        49  2.999999933E-02 -2.687704377E-02  6.562000141E-03  8.013380086E-01 
        50  2.999999933E-02 -2.673304267E-02  6.562000141E-03  8.101332235E-01 
        51  2.999999933E-02 -2.658904344E-02  6.562000141E-03  8.155303663E-01 
        52  2.999999933E-02 -2.644504420E-02  6.562000141E-03  8.165127099E-01 
        53  2.999999933E-02 -2.630104311E-02  6.562000141E-03  8.122272628E-01 
        54  2.999999933E-02 -2.615704387E-02  6.562000141E-03  8.018219419E-01 
        55  2.999999933E-02 -2.601304278E-02  6.562000141E-03  7.854484255E-01 
