cellnumber     x-coordinate     y-coordinate     z-coordinate velocity-magnitude 
         1  2.999999933E-02 -2.817304246E-02  6.562000141E-03  6.117162085E+00 
         2  2.999999933E-02 -2.802904323E-02  6.562000141E-03  6.143491869E+00 
         3  2.999999933E-02 -2.788504399E-02  6.562000141E-03  6.106102170E+00 
         4  2.999999933E-02 -2.774104290E-02  6.562000141E-03  6.012213542E+00 
         5  2.999999933E-02 -2.759704366E-02  6.562000141E-03  5.867871315E+00 
         6  2.999999933E-02 -2.745304257E-02  6.562000141E-03  5.681838705E+00 
         7  2.999999933E-02 -2.730904333E-02  6.562000141E-03  5.504465560E+00 
         8  2.999999933E-02 -2.716504410E-02  6.562000141E-03  5.390285204E+00 
         9  2.999999933E-02 -2.702104300E-02  6.562000141E-03  5.205700207E+00 
        10  2.999999933E-02 -2.687704377E-02  6.562000141E-03  4.801514806E+00 
        11  2.999999933E-02 -2.673304267E-02  6.562000141E-03  3.993449233E+00 
        12  2.999999933E-02 -2.658904344E-02  6.562000141E-03  2.935190421E+00 
        13  2.999999933E-02 -2.644504420E-02  6.562000141E-03  2.222995317E+00 
        14  2.999999933E-02 -2.630104311E-02  6.562000141E-03  2.129401155E+00 
        15  2.999999933E-02 -2.615704387E-02  6.562000141E-03  2.890223189E+00 
        16  2.999999933E-02 -2.601304278E-02  6.562000141E-03  3.265971484E+00 
        17  2.999999933E-02 -2.586904354E-02  6.562000141E-03  1.914410014E+00 
        18  2.999999933E-02 -2.572504245E-02  6.562000141E-03  1.077353047E+00 
        19  2.999999933E-02 -2.558104321E-02  6.562000141E-03  1.467308656E+00 
        20  2.999999933E-02 -2.543704398E-02  6.562000141E-03  1.810504089E+00 
        21  2.999999933E-02 -2.529304288E-02  6.562000141E-03  1.899128727E+00 
        22  2.999999933E-02 -2.514904365E-02  6.562000141E-03  2.095190404E+00 
        23  2.999999933E-02 -2.500504255E-02  6.562000141E-03  2.427178902E+00 
        24  2.999999933E-02 -2.486104332E-02  6.562000141E-03  2.289320357E+00 
        25  2.999999933E-02 -2.471704409E-02  6.562000141E-03  2.115467535E+00 
        26  2.999999933E-02 -2.457304299E-02  6.562000141E-03  1.368081023E+00 
        27  2.999999933E-02 -2.442904375E-02  6.562000141E-03  9.856049553E-01 
        28  2.999999933E-02 -2.429169975E-02  6.562000141E-03  7.146587630E-01 
        29  2.999999933E-02 -2.420346625E-02  6.562000606E-03  1.783591329E-01 
        30  3.000000119E-02 -2.412424982E-02  6.562000606E-03  2.886166494E-02 
        31  2.999999933E-02 -2.404091880E-02  6.562000141E-03  2.797454640E-01 
        32  2.999999933E-02 -2.401195839E-02  6.562000606E-03  4.223706087E-01 
        33  2.999999933E-02 -3.145632520E-02  6.562000141E-03  2.354586955E+00 
        34  2.999999933E-02 -3.133584931E-02  6.562000141E-03  2.412881416E+00 
        35  2.999999933E-02 -3.119704314E-02  6.562000141E-03  2.721349693E+00 
        36  2.999999933E-02 -3.105304390E-02  6.562000141E-03  2.320880453E+00 
        37  2.999999933E-02 -3.090904281E-02  6.562000141E-03  2.063782027E+00 
        38  2.999999933E-02 -3.076504357E-02  6.562000141E-03  1.518950994E+00 
        39  2.999999933E-02 -3.062104248E-02  6.562000141E-03  1.743155649E+00 
        40  2.999999933E-02 -3.047704324E-02  6.562000141E-03  1.828886933E+00 
        41  2.999999933E-02 -3.033304401E-02  6.562000141E-03  1.383481864E+00 
        42  2.999999933E-02 -3.018904291E-02  6.562000141E-03  2.936161669E+00 
        43  2.999999933E-02 -3.004504368E-02  6.562000141E-03  4.668150441E+00 
        44  2.999999933E-02 -2.990104258E-02  6.562000141E-03  5.031184123E+00 
        45  2.999999933E-02 -2.975704335E-02  6.562000141E-03  5.088008937E+00 
        46  2.999999933E-02 -2.961304411E-02  6.562000141E-03  4.784597526E+00 
        47  2.999999933E-02 -2.946904302E-02  6.562000141E-03  5.376775268E+00 
        48  2.999999933E-02 -2.932504378E-02  6.562000141E-03  7.042288133E+00 
        49  2.999999933E-02 -2.918104269E-02  6.562000141E-03  7.268092816E+00 
        50  2.999999933E-02 -2.903704345E-02  6.562000141E-03  6.922983074E+00 
        51  2.999999933E-02 -2.889304422E-02  6.562000141E-03  6.336300144E+00 
        52  2.999999933E-02 -2.874904312E-02  6.562000141E-03  6.133585340E+00 
        53  2.999999933E-02 -2.860504389E-02  6.562000141E-03  6.136604895E+00 
        54  2.999999933E-02 -2.846104279E-02  6.562000141E-03  6.164020296E+00 
        55  2.999999933E-02 -2.831704356E-02  6.562000141E-03  6.137693263E+00 
