cellnumber     x-coordinate     y-coordinate     z-coordinate velocity-magnitude 
         1  2.999999933E-02 -2.401195839E-02  6.562000606E-03  1.289553647E+00 
         2  2.999999933E-02 -2.404091880E-02  6.562000141E-03  1.377285544E+00 
         3  2.999999933E-02 -2.412424795E-02  6.562000141E-03  1.874256783E+00 
         4  2.999999933E-02 -2.420346625E-02  6.562000141E-03  2.316511080E+00 
         5  2.999999933E-02 -2.429169975E-02  6.562000141E-03  2.479513001E+00 
         6  2.999999933E-02 -2.442904375E-02  6.562000141E-03  2.790764467E+00 
         7  2.999999933E-02 -2.457304299E-02  6.562000141E-03  2.823374463E+00 
         8  2.999999933E-02 -2.471704409E-02  6.562000141E-03  2.607915347E+00 
         9  2.999999933E-02 -2.486104332E-02  6.562000141E-03  3.345905153E+00 
        10  2.999999933E-02 -2.500504255E-02  6.562000141E-03  3.921562882E+00 
        11  2.999999933E-02 -2.514904365E-02  6.562000141E-03  4.320499843E+00 
        12  2.999999933E-02 -2.529304288E-02  6.562000141E-03  4.667839044E+00 
        13  2.999999933E-02 -2.543704398E-02  6.562000141E-03  4.745389055E+00 
        14  2.999999933E-02 -2.558104321E-02  6.562000141E-03  4.918234714E+00 
        15  2.999999933E-02 -2.572504245E-02  6.562000141E-03  4.753211274E+00 
        16  2.999999933E-02 -2.586904354E-02  6.562000141E-03  4.010024088E+00 
        17  2.999999933E-02 -2.601304278E-02  6.562000141E-03  4.096546066E+00 
        18  2.999999933E-02 -2.615704387E-02  6.562000141E-03  4.137725829E+00 
        19  2.999999933E-02 -2.630104311E-02  6.562000141E-03  3.867195052E+00 
        20  2.999999933E-02 -2.644504420E-02  6.562000141E-03  4.880858910E+00 
        21  2.999999933E-02 -2.658904344E-02  6.562000141E-03  6.006781213E+00 
        22  2.999999933E-02 -2.673304267E-02  6.562000141E-03  5.675635841E+00 
        23  2.999999933E-02 -2.687704377E-02  6.562000141E-03  5.695364493E+00 
        24  2.999999933E-02 -2.702104300E-02  6.562000141E-03  5.805079090E+00 
        25  2.999999933E-02 -2.716504410E-02  6.562000141E-03  5.770729261E+00 
        26  2.999999933E-02 -2.730904333E-02  6.562000141E-03  5.715808284E+00 
        27  2.999999933E-02 -2.745304257E-02  6.562000141E-03  5.424054956E+00 
        28  2.999999933E-02 -2.759704366E-02  6.562000141E-03  4.778481036E+00 
        29  2.999999933E-02 -2.774104290E-02  6.562000141E-03  4.296229091E+00 
        30  2.999999933E-02 -2.788504399E-02  6.562000141E-03  4.199773140E+00 
        31  2.999999933E-02 -2.802904323E-02  6.562000141E-03  4.397828078E+00 
        32  2.999999933E-02 -2.817304432E-02  6.562000141E-03  3.951130986E+00 
        33  2.999999933E-02 -2.831704356E-02  6.562000141E-03  3.768143197E+00 
        34  2.999999933E-02 -2.846104279E-02  6.562000141E-03  3.962513528E+00 
        35  2.999999933E-02 -2.860504389E-02  6.562000141E-03  3.842335046E+00 
        36  2.999999933E-02 -2.874904312E-02  6.562000141E-03  3.429251498E+00 
        37  2.999999933E-02 -2.889304422E-02  6.562000141E-03  3.598892630E+00 
        38  2.999999933E-02 -2.903704345E-02  6.562000141E-03  3.977170380E+00 
        39  2.999999933E-02 -2.918104269E-02  6.562000141E-03  4.869959608E+00 
        40  2.999999933E-02 -2.932504378E-02  6.562000141E-03  5.238818295E+00 
        41  2.999999933E-02 -2.946904302E-02  6.562000141E-03  5.168154857E+00 
        42  2.999999933E-02 -2.961304411E-02  6.562000141E-03  4.634968810E+00 
        43  2.999999933E-02 -2.975704335E-02  6.562000141E-03  4.390861090E+00 
        44  2.999999933E-02 -2.990104258E-02  6.562000141E-03  4.936091842E+00 
        45  2.999999933E-02 -3.004504368E-02  6.562000141E-03  4.912341371E+00 
        46  2.999999933E-02 -3.018904291E-02  6.562000141E-03  3.667861087E+00 
        47  2.999999933E-02 -3.033304401E-02  6.562000141E-03  2.898381391E+00 
        48  2.999999933E-02 -3.047704324E-02  6.562000141E-03  3.063488734E+00 
        49  2.999999933E-02 -3.062104248E-02  6.562000141E-03  2.283956587E+00 
        50  2.999999933E-02 -3.076504357E-02  6.562000141E-03  2.266159671E+00 
        51  2.999999933E-02 -3.090904281E-02  6.562000141E-03  2.203714946E+00 
        52  2.999999933E-02 -3.105304390E-02  6.562000141E-03  2.309881067E+00 
        53  2.999999933E-02 -3.119704314E-02  6.562000141E-03  2.787290197E+00 
        54  2.999999933E-02 -3.133584931E-02  6.562000141E-03  2.248028934E+00 
        55  2.999999933E-02 -3.145632520E-02  6.562000141E-03  2.090635037E+00 
