cellnumber     x-coordinate     y-coordinate     z-coordinate velocity-magnitude 
         1  2.999999933E-02 -2.471704409E-02  6.562000141E-03  3.848047940E+00 
         2  2.999999933E-02 -2.457304299E-02  6.562000141E-03  4.852958443E+00 
         3  2.999999933E-02 -2.442904375E-02  6.562000141E-03  5.661954928E+00 
         4  2.999999933E-02 -2.429169975E-02  6.562000141E-03  6.041399461E+00 
         5  2.999999933E-02 -2.420346625E-02  6.562000141E-03  5.993810778E+00 
         6  2.999999933E-02 -2.412424795E-02  6.562000141E-03  5.915358006E+00 
         7  2.999999933E-02 -2.404091880E-02  6.562000141E-03  5.645818342E+00 
         8  2.999999933E-02 -2.401195839E-02  6.562000606E-03  5.654712104E+00 
         9  2.999999933E-02 -2.716504410E-02  6.562000141E-03  5.483643167E+00 
        10  2.999999933E-02 -2.702104300E-02  6.562000141E-03  5.111667314E+00 
        11  2.999999933E-02 -2.687704377E-02  6.562000141E-03  5.676608081E+00 
        12  2.999999933E-02 -2.673304267E-02  6.562000141E-03  6.174996817E+00 
        13  2.999999933E-02 -2.658904344E-02  6.562000141E-03  6.150059695E+00 
        14  2.999999933E-02 -2.644504420E-02  6.562000141E-03  6.063912085E+00 
        15  2.999999933E-02 -2.630104311E-02  6.562000141E-03  5.973776556E+00 
        16  2.999999933E-02 -2.615704387E-02  6.562000141E-03  6.147928307E+00 
        17  2.999999933E-02 -2.601304278E-02  6.562000141E-03  6.337210209E+00 
        18  2.999999933E-02 -2.586904354E-02  6.562000141E-03  6.326814582E+00 
        19  2.999999933E-02 -2.572504245E-02  6.562000141E-03  6.249341524E+00 
        20  2.999999933E-02 -2.558104321E-02  6.562000141E-03  5.738574746E+00 
        21  2.999999933E-02 -2.543704398E-02  6.562000141E-03  4.826579894E+00 
        22  2.999999933E-02 -2.529304288E-02  6.562000141E-03  3.962543804E+00 
        23  2.999999933E-02 -2.514904365E-02  6.562000141E-03  3.658364247E+00 
        24  2.999999933E-02 -2.500504255E-02  6.562000141E-03  3.606662119E+00 
        25  2.999999933E-02 -2.486104332E-02  6.562000141E-03  4.165168115E+00 
        26  2.999999933E-02 -3.145632893E-02  6.562000141E-03  6.055481259E-01 
        27  2.999999933E-02 -3.133584931E-02  6.562000141E-03  6.330987872E-01 
        28  2.999999933E-02 -3.119704314E-02  6.562000141E-03  7.992614661E-01 
        29  2.999999933E-02 -3.105304390E-02  6.562000141E-03  1.002761135E+00 
        30  2.999999933E-02 -3.090904281E-02  6.562000141E-03  1.372295802E+00 
        31  2.999999933E-02 -3.076504357E-02  6.562000141E-03  1.493996454E+00 
        32  2.999999933E-02 -3.062104248E-02  6.562000141E-03  1.686881496E+00 
        33  2.999999933E-02 -3.047704324E-02  6.562000141E-03  2.738860958E+00 
        34  2.999999933E-02 -3.033304401E-02  6.562000141E-03  3.704695186E+00 
        35  2.999999933E-02 -3.018904291E-02  6.562000141E-03  4.021385804E+00 
        36  2.999999933E-02 -3.004504368E-02  6.562000141E-03  4.252508060E+00 
        37  2.999999933E-02 -2.990104258E-02  6.562000141E-03  4.592702602E+00 
        38  2.999999933E-02 -2.975704335E-02  6.562000141E-03  4.782198619E+00 
        39  2.999999933E-02 -2.961304411E-02  6.562000141E-03  5.230411199E+00 
        40  2.999999933E-02 -2.946904302E-02  6.562000141E-03  5.532713016E+00 
        41  2.999999933E-02 -2.932504378E-02  6.562000141E-03  5.776834132E+00 
        42  2.999999933E-02 -2.918104269E-02  6.562000141E-03  5.867869378E+00 
        43  2.999999933E-02 -2.903704345E-02  6.562000141E-03  6.191116775E+00 
        44  2.999999933E-02 -2.889304422E-02  6.562000141E-03  6.753697338E+00 
        45  2.999999933E-02 -2.874904312E-02  6.562000141E-03  6.894914155E+00 
        46  2.999999933E-02 -2.860504389E-02  6.562000141E-03  6.779942067E+00 
        47  2.999999933E-02 -2.846104279E-02  6.562000141E-03  6.737628164E+00 
        48  2.999999933E-02 -2.831704356E-02  6.562000141E-03  6.532251061E+00 
        49  2.999999933E-02 -2.817304246E-02  6.562000141E-03  5.830086453E+00 
        50  2.999999933E-02 -2.802904323E-02  6.562000141E-03  4.889246492E+00 
        51  2.999999933E-02 -2.788504399E-02  6.562000141E-03  5.280327558E+00 
        52  2.999999933E-02 -2.774104290E-02  6.562000141E-03  5.685265547E+00 
        53  2.999999933E-02 -2.759704366E-02  6.562000141E-03  5.963888547E+00 
        54  2.999999933E-02 -2.745304257E-02  6.562000141E-03  6.152060535E+00 
        55  2.999999933E-02 -2.730904333E-02  6.562000141E-03  5.913189444E+00 
