cellnumber     x-coordinate     y-coordinate     z-coordinate velocity-magnitude 
         1  2.999999933E-02 -2.401195839E-02  6.562000606E-03  1.293789603E+00 
         2  2.999999933E-02 -2.404091880E-02  6.562000141E-03  1.614770927E+00 
         3  2.999999933E-02 -2.412424795E-02  6.562000141E-03  1.802903285E+00 
         4  2.999999933E-02 -2.420346625E-02  6.562000141E-03  1.573446484E+00 
         5  2.999999933E-02 -2.429169975E-02  6.562000141E-03  1.671754524E+00 
         6  2.999999933E-02 -2.442904375E-02  6.562000141E-03  1.116522107E+00 
         7  2.999999933E-02 -2.457304299E-02  6.562000141E-03  6.154167862E-01 
         8  2.999999933E-02 -2.471704409E-02  6.562000141E-03  6.882969957E-01 
         9  2.999999933E-02 -2.486104332E-02  6.562000141E-03  6.375640652E-01 
        10  2.999999933E-02 -2.500504255E-02  6.562000141E-03  1.561827597E+00 
        11  2.999999933E-02 -2.514904365E-02  6.562000141E-03  2.296607667E+00 
        12  2.999999933E-02 -2.529304288E-02  6.562000141E-03  2.880772655E+00 
        13  2.999999933E-02 -2.543704398E-02  6.562000141E-03  4.124545212E+00 
        14  2.999999933E-02 -2.558104321E-02  6.562000141E-03  5.430812770E+00 
        15  2.999999933E-02 -2.572504245E-02  6.562000141E-03  5.629443130E+00 
        16  2.999999933E-02 -2.586904354E-02  6.562000141E-03  5.492336112E+00 
        17  2.999999933E-02 -2.601304278E-02  6.562000141E-03  4.987605140E+00 
        18  2.999999933E-02 -2.615704387E-02  6.562000141E-03  4.413052475E+00 
        19  2.999999933E-02 -2.630104311E-02  6.562000141E-03  4.069783239E+00 
        20  2.999999933E-02 -2.644504420E-02  6.562000141E-03  3.988175034E+00 
        21  2.999999933E-02 -2.658904344E-02  6.562000141E-03  4.030635201E+00 
        22  2.999999933E-02 -2.673304267E-02  6.562000141E-03  4.145310532E+00 
        23  2.999999933E-02 -2.687704377E-02  6.562000141E-03  4.363161589E+00 
        24  2.999999933E-02 -2.702104300E-02  6.562000141E-03  5.078370068E+00 
        25  2.999999933E-02 -2.716504410E-02  6.562000141E-03  5.469663561E+00 
        26  2.999999933E-02 -2.730904333E-02  6.562000141E-03  5.157354695E+00 
        27  2.999999933E-02 -2.745304257E-02  6.562000141E-03  4.657570580E+00 
        28  2.999999933E-02 -2.759704366E-02  6.562000141E-03  5.035537078E+00 
        29  2.999999933E-02 -2.774104290E-02  6.562000141E-03  5.431719754E+00 
        30  2.999999933E-02 -2.788504399E-02  6.562000141E-03  5.454469350E+00 
        31  2.999999933E-02 -2.802904323E-02  6.562000141E-03  5.060604494E+00 
        32  2.999999933E-02 -2.817304432E-02  6.562000141E-03  4.793083424E+00 
        33  2.999999933E-02 -2.831704356E-02  6.562000141E-03  4.770570132E+00 
        34  2.999999933E-02 -2.846104279E-02  6.562000141E-03  5.147117423E+00 
        35  2.999999933E-02 -2.860504389E-02  6.562000141E-03  5.725911685E+00 
        36  2.999999933E-02 -2.874904312E-02  6.562000141E-03  5.722408346E+00 
        37  2.999999933E-02 -2.889304422E-02  6.562000141E-03  5.082497127E+00 
        38  2.999999933E-02 -2.903704345E-02  6.562000141E-03  4.375440872E+00 
        39  2.999999933E-02 -2.918104269E-02  6.562000141E-03  3.864784119E+00 
        40  2.999999933E-02 -2.932504378E-02  6.562000141E-03  3.395317874E+00 
        41  2.999999933E-02 -2.946904302E-02  6.562000141E-03  3.029123758E+00 
        42  2.999999933E-02 -2.961304411E-02  6.562000141E-03  2.506356670E+00 
        43  2.999999933E-02 -2.975704335E-02  6.562000141E-03  1.932009256E+00 
        44  2.999999933E-02 -2.990104258E-02  6.562000141E-03  2.943535208E+00 
        45  2.999999933E-02 -3.004504368E-02  6.562000141E-03  2.933963400E+00 
        46  2.999999933E-02 -3.018904291E-02  6.562000141E-03  3.873862028E+00 
        47  2.999999933E-02 -3.033304401E-02  6.562000141E-03  4.819852420E+00 
        48  2.999999933E-02 -3.047704324E-02  6.562000141E-03  5.390667601E+00 
        49  2.999999933E-02 -3.062104248E-02  6.562000141E-03  5.240196090E+00 
        50  2.999999933E-02 -3.076504357E-02  6.562000141E-03  3.731991447E+00 
        51  2.999999933E-02 -3.090904281E-02  6.562000141E-03  2.951468621E+00 
        52  2.999999933E-02 -3.105304390E-02  6.562000141E-03  2.041287032E+00 
        53  2.999999933E-02 -3.119704314E-02  6.562000141E-03  1.542965820E+00 
        54  2.999999933E-02 -3.133584931E-02  6.562000141E-03  1.693356748E+00 
        55  2.999999933E-02 -3.145632520E-02  6.562000141E-03  1.964141937E+00 
