cellnumber     x-coordinate     y-coordinate     z-coordinate velocity-magnitude 
         1  1.999999955E-02 -2.984774485E-02  6.562000141E-03  1.643078314E+00 
         2  1.999999955E-02 -2.980891429E-02  6.562000141E-03  1.623097276E+00 
         3  1.999999955E-02 -2.971169166E-02  6.562000606E-03  1.662727722E+00 
         4  1.999999955E-02 -2.959104441E-02  6.562000141E-03  1.868544530E+00 
         5  1.999999955E-02 -2.946904302E-02  6.562000141E-03  2.446642080E+00 
         6  1.999999955E-02 -2.932504378E-02  6.562000141E-03  2.954068845E+00 
         7  1.999999955E-02 -2.918104269E-02  6.562000141E-03  3.179284682E+00 
         8  1.999999955E-02 -2.903704345E-02  6.562000141E-03  3.350917658E+00 
         9  1.999999955E-02 -2.889304422E-02  6.562000141E-03  3.437698388E+00 
        10  1.999999955E-02 -2.874904312E-02  6.562000141E-03  3.450757256E+00 
        11  1.999999955E-02 -2.860504389E-02  6.562000141E-03  3.562472750E+00 
        12  1.999999955E-02 -2.846104279E-02  6.562000141E-03  3.665768790E+00 
        13  1.999999955E-02 -2.831704356E-02  6.562000141E-03  3.717664756E+00 
        14  1.999999955E-02 -2.817304432E-02  6.562000141E-03  3.663655356E+00 
        15  1.999999955E-02 -2.802904323E-02  6.562000141E-03  3.596082256E+00 
        16  1.999999955E-02 -2.788504399E-02  6.562000141E-03  3.595094530E+00 
        17  1.999999955E-02 -2.774104290E-02  6.562000141E-03  3.621097807E+00 
        18  1.999999955E-02 -2.759704366E-02  6.562000141E-03  3.690215423E+00 
        19  1.999999955E-02 -2.745304257E-02  6.562000141E-03  3.741346440E+00 
        20  1.999999955E-02 -2.730904333E-02  6.562000141E-03  3.680021056E+00 
        21  1.999999955E-02 -2.716504410E-02  6.562000141E-03  3.421327302E+00 
        22  1.999999955E-02 -2.702104300E-02  6.562000141E-03  3.130923435E+00 
        23  1.999999955E-02 -2.687704377E-02  6.562000141E-03  3.105332097E+00 
        24  1.999999955E-02 -2.673304267E-02  6.562000141E-03  3.278055596E+00 
        25  1.999999955E-02 -2.658904344E-02  6.562000141E-03  3.427177836E+00 
        26  1.999999955E-02 -2.644504234E-02  6.562000141E-03  3.418753168E+00 
        27  1.999999955E-02 -2.630104311E-02  6.562000141E-03  3.327203359E+00 
        28  1.999999955E-02 -2.615704387E-02  6.562000141E-03  3.263342770E+00 
        29  1.999998651E-02 -2.607314475E-02  6.562000141E-03  3.262859715E+00 
        30  1.999994740E-02 -2.602700889E-02  6.562000141E-03  3.247011786E+00 
        31  1.999996044E-02 -2.592459694E-02  6.562000141E-03  3.172070397E+00 
        32  1.999999955E-02 -2.583321184E-02  6.561999675E-03  2.824439627E+00 
