cellnumber     x-coordinate     y-coordinate     z-coordinate velocity-magnitude 
         1  1.999999955E-02 -2.984774485E-02  6.562000141E-03  1.829152560E+00 
         2  1.999999955E-02 -2.980891429E-02  6.562000141E-03  1.896386789E+00 
         3  1.999999955E-02 -2.971169166E-02  6.562000606E-03  1.844905079E+00 
         4  1.999999955E-02 -2.959104441E-02  6.562000141E-03  1.668402074E+00 
         5  1.999999955E-02 -2.946904302E-02  6.562000141E-03  1.950696169E+00 
         6  1.999999955E-02 -2.932504378E-02  6.562000141E-03  2.397605238E+00 
         7  1.999999955E-02 -2.918104269E-02  6.562000141E-03  3.216746485E+00 
         8  1.999999955E-02 -2.903704345E-02  6.562000141E-03  3.574832780E+00 
         9  1.999999955E-02 -2.889304422E-02  6.562000141E-03  3.553935849E+00 
        10  1.999999955E-02 -2.874904312E-02  6.562000141E-03  3.521290289E+00 
        11  1.999999955E-02 -2.860504389E-02  6.562000141E-03  3.528707495E+00 
        12  1.999999955E-02 -2.846104279E-02  6.562000141E-03  3.502113723E+00 
        13  1.999999955E-02 -2.831704356E-02  6.562000141E-03  3.440208652E+00 
        14  1.999999955E-02 -2.817304432E-02  6.562000141E-03  3.359144581E+00 
        15  1.999999955E-02 -2.802904323E-02  6.562000141E-03  3.250847078E+00 
        16  1.999999955E-02 -2.788504399E-02  6.562000141E-03  3.188001811E+00 
        17  1.999999955E-02 -2.774104290E-02  6.562000141E-03  3.156837259E+00 
        18  1.999999955E-02 -2.759704366E-02  6.562000141E-03  3.189916273E+00 
        19  1.999999955E-02 -2.745304257E-02  6.562000141E-03  3.310635938E+00 
        20  1.999999955E-02 -2.730904333E-02  6.562000141E-03  3.567986869E+00 
        21  1.999999955E-02 -2.716504410E-02  6.562000141E-03  3.944182627E+00 
        22  1.999999955E-02 -2.702104300E-02  6.562000141E-03  4.101698298E+00 
        23  1.999999955E-02 -2.687704377E-02  6.562000141E-03  4.019071738E+00 
        24  1.999999955E-02 -2.673304267E-02  6.562000141E-03  3.738412662E+00 
        25  1.999999955E-02 -2.658904344E-02  6.562000141E-03  3.403448439E+00 
        26  1.999999955E-02 -2.644504234E-02  6.562000141E-03  3.076797845E+00 
        27  1.999999955E-02 -2.630104311E-02  6.562000141E-03  3.098352332E+00 
        28  1.999999955E-02 -2.615704387E-02  6.562000141E-03  3.325157174E+00 
        29  1.999998651E-02 -2.607314475E-02  6.562000141E-03  3.445788083E+00 
        30  1.999994740E-02 -2.602700889E-02  6.562000141E-03  3.512597875E+00 
        31  1.999996044E-02 -2.592459694E-02  6.562000141E-03  3.453767811E+00 
        32  1.999999955E-02 -2.583321184E-02  6.561999675E-03  3.342086783E+00 
