cellnumber     x-coordinate     y-coordinate     z-coordinate velocity-magnitude 
         1  2.999999933E-02 -2.903704345E-02  6.562000141E-03  7.901982104E-01 
         2  2.999999933E-02 -2.889304422E-02  6.562000141E-03  1.072797971E+00 
         3  2.999999933E-02 -2.874904312E-02  6.562000141E-03  1.352637130E+00 
         4  2.999999933E-02 -2.860504389E-02  6.562000141E-03  1.619774923E+00 
         5  2.999999933E-02 -2.846104279E-02  6.562000141E-03  1.883442920E+00 
         6  2.999999933E-02 -2.831704356E-02  6.562000141E-03  2.152357783E+00 
         7  2.999999933E-02 -2.817304246E-02  6.562000141E-03  2.422773038E+00 
         8  2.999999933E-02 -2.802904323E-02  6.562000141E-03  2.687180045E+00 
         9  2.999999933E-02 -2.788504399E-02  6.562000141E-03  2.932764166E+00 
        10  2.999999933E-02 -2.774104290E-02  6.562000141E-03  3.135246303E+00 
        11  2.999999933E-02 -2.759704366E-02  6.562000141E-03  3.271064380E+00 
        12  2.999999933E-02 -2.745304257E-02  6.562000141E-03  3.346561385E+00 
        13  2.999999933E-02 -2.730904333E-02  6.562000141E-03  3.386489599E+00 
        14  2.999999933E-02 -2.716504410E-02  6.562000141E-03  3.409612697E+00 
        15  2.999999933E-02 -2.702104300E-02  6.562000141E-03  3.425341337E+00 
        16  2.999999933E-02 -2.687704377E-02  6.562000141E-03  3.438136648E+00 
        17  2.999999933E-02 -2.673304267E-02  6.562000141E-03  3.450080546E+00 
        18  2.999999933E-02 -2.658904344E-02  6.562000141E-03  3.462062714E+00 
        19  2.999999933E-02 -2.644504420E-02  6.562000141E-03  3.474253824E+00 
        20  2.999999933E-02 -2.630104311E-02  6.562000141E-03  3.486080120E+00 
        21  2.999999933E-02 -2.615704387E-02  6.562000141E-03  3.495772064E+00 
        22  2.999999933E-02 -2.601304278E-02  6.562000141E-03  3.499290165E+00 
        23  2.999999933E-02 -2.586904354E-02  6.562000141E-03  3.488115350E+00 
        24  2.999999933E-02 -2.572504245E-02  6.562000141E-03  3.445201104E+00 
        25  2.999999933E-02 -2.558104321E-02  6.562000141E-03  3.343791388E+00 
        26  2.999999933E-02 -2.543704398E-02  6.562000141E-03  3.160203706E+00 
        27  2.999999933E-02 -2.529304288E-02  6.562000141E-03  2.900416553E+00 
        28  2.999999933E-02 -2.514904365E-02  6.562000141E-03  2.601938725E+00 
        29  2.999999933E-02 -2.500504255E-02  6.562000141E-03  2.293187141E+00 
        30  2.999999933E-02 -2.486104332E-02  6.562000141E-03  1.985305595E+00 
        31  2.999999933E-02 -2.471704409E-02  6.562000141E-03  1.698667716E+00 
        32  2.999999933E-02 -2.457304299E-02  6.562000141E-03  1.462655657E+00 
        33  2.999999933E-02 -2.442904375E-02  6.562000141E-03  1.276902590E+00 
        34  2.999999933E-02 -2.429169975E-02  6.562000141E-03  1.116956010E+00 
        35  2.999999933E-02 -2.420346625E-02  6.562000606E-03  9.967272230E-01 
        36  3.000000119E-02 -2.412424982E-02  6.562000606E-03  9.970395807E-01 
        37  2.999999933E-02 -2.404091880E-02  6.562000141E-03  8.294232521E-01 
        38  2.999999933E-02 -2.401195839E-02  6.562000606E-03  7.163999786E-01 
        39  3.000000119E-02 -3.145632893E-02  6.562000141E-03  4.703055364E-01 
        40  2.999999933E-02 -3.133584931E-02  6.562000141E-03  5.581737655E-01 
        41  2.999999933E-02 -3.119704314E-02  6.562000141E-03  5.964336318E-01 
        42  2.999999933E-02 -3.105304390E-02  6.562000141E-03  6.045529023E-01 
        43  2.999999933E-02 -3.090904281E-02  6.562000141E-03  6.003729933E-01 
        44  2.999999933E-02 -3.076504357E-02  6.562000141E-03  5.891758342E-01 
        45  2.999999933E-02 -3.062104248E-02  6.562000141E-03  5.724402307E-01 
        46  2.999999933E-02 -3.047704324E-02  6.562000141E-03  5.498429389E-01 
        47  2.999999933E-02 -3.033304401E-02  6.562000141E-03  5.196068470E-01 
        48  2.999999933E-02 -3.018904291E-02  6.562000141E-03  4.793247249E-01 
        49  2.999999933E-02 -3.004504368E-02  6.562000141E-03  4.259361501E-01 
        50  2.999999933E-02 -2.990104258E-02  6.562000141E-03  3.561313799E-01 
        51  2.999999933E-02 -2.975704335E-02  6.562000141E-03  2.687754814E-01 
        52  2.999999933E-02 -2.961304411E-02  6.562000141E-03  1.749037748E-01 
        53  2.999999933E-02 -2.946904302E-02  6.562000141E-03  1.505220743E-01 
        54  2.999999933E-02 -2.932504378E-02  6.562000141E-03  2.938303698E-01 
        55  2.999999933E-02 -2.918104269E-02  6.562000141E-03  5.230384949E-01 
