cellnumber     x-coordinate     y-coordinate     z-coordinate velocity-magnitude 
         1  2.999999933E-02 -2.903704345E-02  6.562000141E-03  1.262203685E+00 
         2  2.999999933E-02 -2.889304422E-02  6.562000141E-03  1.533401992E+00 
         3  2.999999933E-02 -2.874904312E-02  6.562000141E-03  1.794192982E+00 
         4  2.999999933E-02 -2.860504389E-02  6.562000141E-03  2.046009477E+00 
         5  2.999999933E-02 -2.846104279E-02  6.562000141E-03  2.295290877E+00 
         6  2.999999933E-02 -2.831704356E-02  6.562000141E-03  2.536658378E+00 
         7  2.999999933E-02 -2.817304246E-02  6.562000141E-03  2.759702854E+00 
         8  2.999999933E-02 -2.802904323E-02  6.562000141E-03  2.950275036E+00 
         9  2.999999933E-02 -2.788504399E-02  6.562000141E-03  3.092184371E+00 
        10  2.999999933E-02 -2.774104290E-02  6.562000141E-03  3.174529324E+00 
        11  2.999999933E-02 -2.759704366E-02  6.562000141E-03  3.203516803E+00 
        12  2.999999933E-02 -2.745304257E-02  6.562000141E-03  3.199465818E+00 
        13  2.999999933E-02 -2.730904333E-02  6.562000141E-03  3.176519291E+00 
        14  2.999999933E-02 -2.716504410E-02  6.562000141E-03  3.144973058E+00 
        15  2.999999933E-02 -2.702104300E-02  6.562000141E-03  3.111943964E+00 
        16  2.999999933E-02 -2.687704377E-02  6.562000141E-03  3.079872108E+00 
        17  2.999999933E-02 -2.673304267E-02  6.562000141E-03  3.047639900E+00 
        18  2.999999933E-02 -2.658904344E-02  6.562000141E-03  3.011849538E+00 
        19  2.999999933E-02 -2.644504420E-02  6.562000141E-03  2.967525300E+00 
        20  2.999999933E-02 -2.630104311E-02  6.562000141E-03  2.908889275E+00 
        21  2.999999933E-02 -2.615704387E-02  6.562000141E-03  2.830544206E+00 
        22  2.999999933E-02 -2.601304278E-02  6.562000141E-03  2.728869945E+00 
        23  2.999999933E-02 -2.586904354E-02  6.562000141E-03  2.602622389E+00 
        24  2.999999933E-02 -2.572504245E-02  6.562000141E-03  2.452801082E+00 
        25  2.999999933E-02 -2.558104321E-02  6.562000141E-03  2.279527889E+00 
        26  2.999999933E-02 -2.543704398E-02  6.562000141E-03  2.076599971E+00 
        27  2.999999933E-02 -2.529304288E-02  6.562000141E-03  1.845032516E+00 
        28  2.999999933E-02 -2.514904365E-02  6.562000141E-03  1.600467399E+00 
        29  2.999999933E-02 -2.500504255E-02  6.562000141E-03  1.364745977E+00 
        30  2.999999933E-02 -2.486104332E-02  6.562000141E-03  1.158022594E+00 
        31  2.999999933E-02 -2.471704409E-02  6.562000141E-03  9.914544075E-01 
        32  2.999999933E-02 -2.457304299E-02  6.562000141E-03  8.632023286E-01 
        33  2.999999933E-02 -2.442904375E-02  6.562000141E-03  7.647257041E-01 
        34  2.999999933E-02 -2.429169975E-02  6.562000141E-03  6.886244605E-01 
        35  2.999999933E-02 -2.420346625E-02  6.562000606E-03  6.093846419E-01 
        36  3.000000119E-02 -2.412424982E-02  6.562000606E-03  5.467998704E-01 
        37  2.999999933E-02 -2.404091880E-02  6.562000141E-03  5.166393001E-01 
        38  2.999999933E-02 -2.401195839E-02  6.562000606E-03  4.587866023E-01 
        39  3.000000119E-02 -3.145632893E-02  6.562000141E-03  5.226210568E-01 
        40  2.999999933E-02 -3.133584931E-02  6.562000141E-03  6.137403110E-01 
        41  2.999999933E-02 -3.119704314E-02  6.562000141E-03  6.457770527E-01 
        42  2.999999933E-02 -3.105304390E-02  6.562000141E-03  6.470134798E-01 
        43  2.999999933E-02 -3.090904281E-02  6.562000141E-03  6.330955705E-01 
        44  2.999999933E-02 -3.076504357E-02  6.562000141E-03  6.049577623E-01 
        45  2.999999933E-02 -3.062104248E-02  6.562000141E-03  5.613830624E-01 
        46  2.999999933E-02 -3.047704324E-02  6.562000141E-03  5.028346787E-01 
        47  2.999999933E-02 -3.033304401E-02  6.562000141E-03  4.316265297E-01 
        48  2.999999933E-02 -3.018904291E-02  6.562000141E-03  3.520181074E-01 
        49  2.999999933E-02 -3.004504368E-02  6.562000141E-03  2.725300431E-01 
        50  2.999999933E-02 -2.990104258E-02  6.562000141E-03  2.173887908E-01 
        51  2.999999933E-02 -2.975704335E-02  6.562000141E-03  2.415234025E-01 
        52  2.999999933E-02 -2.961304411E-02  6.562000141E-03  3.592845906E-01 
        53  2.999999933E-02 -2.946904302E-02  6.562000141E-03  5.350537978E-01 
        54  2.999999933E-02 -2.932504378E-02  6.562000141E-03  7.501883246E-01 
        55  2.999999933E-02 -2.918104269E-02  6.562000141E-03  9.959279910E-01 
