cellnumber     x-coordinate     y-coordinate     z-coordinate velocity-magnitude 
         1  2.999999933E-02 -2.401195839E-02  6.562000606E-03  4.237889640E-01 
         2  2.999999933E-02 -2.404091880E-02  6.562000141E-03  5.392802732E-01 
         3  2.999999933E-02 -2.412424982E-02  6.562000606E-03  6.811048469E-01 
         4  2.999999933E-02 -2.420346625E-02  6.562000606E-03  5.910601185E-01 
         5  2.999999933E-02 -2.429169975E-02  6.562000141E-03  5.341130026E-01 
         6  2.999999933E-02 -2.442904375E-02  6.562000141E-03  3.985550303E-01 
         7  2.999999933E-02 -2.457304299E-02  6.562000141E-03  4.166813256E-01 
         8  2.999999933E-02 -2.471704409E-02  6.562000141E-03  5.320109080E-01 
         9  2.999999933E-02 -2.486104332E-02  6.562000141E-03  5.523399093E-01 
        10  2.999999933E-02 -2.500504255E-02  6.562000141E-03  4.898718921E-01 
        11  2.999999933E-02 -2.514904365E-02  6.562000141E-03  7.185147881E-01 
        12  2.999999933E-02 -2.529304288E-02  6.562000141E-03  8.250104756E-01 
        13  2.999999933E-02 -2.543704398E-02  6.562000141E-03  1.248766199E+00 
        14  2.999999933E-02 -2.558104321E-02  6.562000141E-03  1.769485260E+00 
        15  2.999999933E-02 -2.572504245E-02  6.562000141E-03  1.937396138E+00 
        16  2.999999933E-02 -2.586904354E-02  6.562000141E-03  2.316445590E+00 
        17  2.999999933E-02 -2.601304278E-02  6.562000141E-03  2.360561580E+00 
        18  2.999999933E-02 -2.615704387E-02  6.562000141E-03  2.358815323E+00 
        19  2.999999933E-02 -2.630104311E-02  6.562000141E-03  2.493286645E+00 
        20  2.999999933E-02 -2.644504420E-02  6.562000141E-03  2.630307953E+00 
        21  2.999999933E-02 -2.658904344E-02  6.562000141E-03  2.992042552E+00 
        22  2.999999933E-02 -2.673304267E-02  6.562000141E-03  3.190124080E+00 
        23  2.999999933E-02 -2.687704377E-02  6.562000141E-03  3.182223783E+00 
        24  2.999999933E-02 -2.702104300E-02  6.562000141E-03  2.973604877E+00 
        25  2.999999933E-02 -2.716504410E-02  6.562000141E-03  2.878681744E+00 
        26  2.999999933E-02 -2.730904333E-02  6.562000141E-03  2.928033383E+00 
        27  2.999999933E-02 -2.745304257E-02  6.562000141E-03  3.067481167E+00 
        28  2.999999933E-02 -2.759704366E-02  6.562000141E-03  3.110368247E+00 
        29  2.999999933E-02 -2.774104290E-02  6.562000141E-03  3.075251457E+00 
        30  2.999999933E-02 -2.788504399E-02  6.562000141E-03  2.944255594E+00 
        31  2.999999933E-02 -3.145632893E-02  6.562000141E-03  8.316842868E-01 
        32  2.999999933E-02 -3.133584931E-02  6.562000141E-03  6.345785131E-01 
        33  2.999999933E-02 -3.119704314E-02  6.562000141E-03  5.708413839E-01 
        34  2.999999933E-02 -3.105304390E-02  6.562000141E-03  4.676584247E-01 
        35  2.999999933E-02 -3.090904281E-02  6.562000141E-03  4.447859005E-01 
        36  2.999999933E-02 -3.076504357E-02  6.562000141E-03  7.535301040E-01 
        37  2.999999933E-02 -3.062104248E-02  6.562000141E-03  9.298824338E-01 
        38  2.999999933E-02 -3.047704324E-02  6.562000141E-03  9.291267048E-01 
        39  2.999999933E-02 -3.033304401E-02  6.562000141E-03  6.893072510E-01 
        40  2.999999933E-02 -3.018904291E-02  6.562000141E-03  8.224518063E-01 
        41  2.999999933E-02 -3.004504368E-02  6.562000141E-03  5.666920110E-01 
        42  2.999999933E-02 -2.990104258E-02  6.562000141E-03  5.135500042E-01 
        43  2.999999933E-02 -2.975704335E-02  6.562000141E-03  6.501278550E-01 
        44  2.999999933E-02 -2.961304411E-02  6.562000141E-03  8.132092295E-01 
        45  2.999999933E-02 -2.946904302E-02  6.562000141E-03  1.711605911E+00 
        46  2.999999933E-02 -2.932504378E-02  6.562000141E-03  1.695422780E+00 
        47  2.999999933E-02 -2.918104269E-02  6.562000141E-03  1.475587853E+00 
        48  2.999999933E-02 -2.903704345E-02  6.562000141E-03  1.550950379E+00 
        49  2.999999933E-02 -2.889304422E-02  6.562000141E-03  1.552466237E+00 
        50  2.999999933E-02 -2.874904312E-02  6.562000141E-03  1.571367469E+00 
        51  2.999999933E-02 -2.860504389E-02  6.562000141E-03  1.479218236E+00 
        52  2.999999933E-02 -2.846104279E-02  6.562000141E-03  1.572374755E+00 
        53  2.999999933E-02 -2.831704356E-02  6.562000141E-03  1.835052355E+00 
        54  2.999999933E-02 -2.817304246E-02  6.562000141E-03  2.297001673E+00 
        55  2.999999933E-02 -2.802904323E-02  6.562000141E-03  2.731395806E+00 
