cellnumber     x-coordinate     y-coordinate     z-coordinate velocity-magnitude 
         1  2.999999933E-02 -2.903704345E-02  6.562000141E-03  9.394656721E-01 
         2  2.999999933E-02 -2.889304422E-02  6.562000141E-03  1.189824606E+00 
         3  2.999999933E-02 -2.874904312E-02  6.562000141E-03  1.443915160E+00 
         4  2.999999933E-02 -2.860504389E-02  6.562000141E-03  1.686681429E+00 
         5  2.999999933E-02 -2.846104279E-02  6.562000141E-03  1.920446932E+00 
         6  2.999999933E-02 -2.831704356E-02  6.562000141E-03  2.157081680E+00 
         7  2.999999933E-02 -2.817304246E-02  6.562000141E-03  2.396464434E+00 
         8  2.999999933E-02 -2.802904323E-02  6.562000141E-03  2.633964442E+00 
         9  2.999999933E-02 -2.788504399E-02  6.562000141E-03  2.861296108E+00 
        10  2.999999933E-02 -2.774104290E-02  6.562000141E-03  3.058818907E+00 
        11  2.999999933E-02 -2.759704366E-02  6.562000141E-03  3.195101200E+00 
        12  2.999999933E-02 -2.745304257E-02  6.562000141E-03  3.262625879E+00 
        13  2.999999933E-02 -2.730904333E-02  6.562000141E-03  3.286417680E+00 
        14  2.999999933E-02 -2.716504410E-02  6.562000141E-03  3.289899348E+00 
        15  2.999999933E-02 -2.702104300E-02  6.562000141E-03  3.284295297E+00 
        16  2.999999933E-02 -2.687704377E-02  6.562000141E-03  3.274659923E+00 
        17  2.999999933E-02 -2.673304267E-02  6.562000141E-03  3.263237126E+00 
        18  2.999999933E-02 -2.658904344E-02  6.562000141E-03  3.251153559E+00 
        19  2.999999933E-02 -2.644504420E-02  6.562000141E-03  3.238553582E+00 
        20  2.999999933E-02 -2.630104311E-02  6.562000141E-03  3.224692305E+00 
        21  2.999999933E-02 -2.615704387E-02  6.562000141E-03  3.207892014E+00 
        22  2.999999933E-02 -2.601304278E-02  6.562000141E-03  3.185330945E+00 
        23  2.999999933E-02 -2.586904354E-02  6.562000141E-03  3.152831692E+00 
        24  2.999999933E-02 -2.572504245E-02  6.562000141E-03  3.104624214E+00 
        25  2.999999933E-02 -2.558104321E-02  6.562000141E-03  3.033281940E+00 
        26  2.999999933E-02 -2.543704398E-02  6.562000141E-03  2.930332113E+00 
        27  2.999999933E-02 -2.529304288E-02  6.562000141E-03  2.786298603E+00 
        28  2.999999933E-02 -2.514904365E-02  6.562000141E-03  2.588676727E+00 
        29  2.999999933E-02 -2.500504255E-02  6.562000141E-03  2.328288507E+00 
        30  2.999999933E-02 -2.486104332E-02  6.562000141E-03  2.017670141E+00 
        31  2.999999933E-02 -2.471704409E-02  6.562000141E-03  1.691412942E+00 
        32  2.999999933E-02 -2.457304299E-02  6.562000141E-03  1.396149412E+00 
        33  2.999999933E-02 -2.442904375E-02  6.562000141E-03  1.167430336E+00 
        34  2.999999933E-02 -2.429169975E-02  6.562000141E-03  1.011054281E+00 
        35  2.999999933E-02 -2.420346625E-02  6.562000606E-03  8.790979034E-01 
        36  3.000000119E-02 -2.412424982E-02  6.562000606E-03  7.573828250E-01 
        37  2.999999933E-02 -2.404091880E-02  6.562000141E-03  7.474260358E-01 
        38  2.999999933E-02 -2.401195839E-02  6.562000606E-03  6.840963931E-01 
        39  3.000000119E-02 -3.145632893E-02  6.562000141E-03  5.431032536E-01 
        40  2.999999933E-02 -3.133584931E-02  6.562000141E-03  6.243341782E-01 
        41  2.999999933E-02 -3.119704314E-02  6.562000141E-03  6.431152011E-01 
        42  2.999999933E-02 -3.105304390E-02  6.562000141E-03  6.368323103E-01 
        43  2.999999933E-02 -3.090904281E-02  6.562000141E-03  6.177854659E-01 
        44  2.999999933E-02 -3.076504357E-02  6.562000141E-03  5.891606940E-01 
        45  2.999999933E-02 -3.062104248E-02  6.562000141E-03  5.512118029E-01 
        46  2.999999933E-02 -3.047704324E-02  6.562000141E-03  5.039419141E-01 
        47  2.999999933E-02 -3.033304401E-02  6.562000141E-03  4.482091612E-01 
        48  2.999999933E-02 -3.018904291E-02  6.562000141E-03  3.856642850E-01 
        49  2.999999933E-02 -3.004504368E-02  6.562000141E-03  3.190592263E-01 
        50  2.999999933E-02 -2.990104258E-02  6.562000141E-03  2.568958625E-01 
        51  2.999999933E-02 -2.975704335E-02  6.562000141E-03  2.221847597E-01 
        52  2.999999933E-02 -2.961304411E-02  6.562000141E-03  2.515843057E-01 
        53  2.999999933E-02 -2.946904302E-02  6.562000141E-03  3.538440283E-01 
        54  2.999999933E-02 -2.932504378E-02  6.562000141E-03  5.107379636E-01 
        55  2.999999933E-02 -2.918104269E-02  6.562000141E-03  7.090948058E-01 
