cellnumber     x-coordinate     y-coordinate     z-coordinate velocity-magnitude 
         1  2.999999933E-02 -2.903704345E-02  6.562000141E-03  4.655574367E-01 
         2  2.999999933E-02 -2.889304422E-02  6.562000141E-03  6.821487642E-01 
         3  2.999999933E-02 -2.874904312E-02  6.562000141E-03  9.263274133E-01 
         4  2.999999933E-02 -2.860504389E-02  6.562000141E-03  1.184587044E+00 
         5  2.999999933E-02 -2.846104279E-02  6.562000141E-03  1.456229558E+00 
         6  2.999999933E-02 -2.831704356E-02  6.562000141E-03  1.739037347E+00 
         7  2.999999933E-02 -2.817304246E-02  6.562000141E-03  2.029260361E+00 
         8  2.999999933E-02 -2.802904323E-02  6.562000141E-03  2.322049940E+00 
         9  2.999999933E-02 -2.788504399E-02  6.562000141E-03  2.611137108E+00 
        10  2.999999933E-02 -2.774104290E-02  6.562000141E-03  2.886812523E+00 
        11  2.999999933E-02 -2.759704366E-02  6.562000141E-03  3.130222998E+00 
        12  2.999999933E-02 -2.745304257E-02  6.562000141E-03  3.308206925E+00 
        13  2.999999933E-02 -2.730904333E-02  6.562000141E-03  3.399410154E+00 
        14  2.999999933E-02 -2.716504410E-02  6.562000141E-03  3.423280498E+00 
        15  2.999999933E-02 -2.702104300E-02  6.562000141E-03  3.414818946E+00 
        16  2.999999933E-02 -2.687704377E-02  6.562000141E-03  3.386440066E+00 
        17  2.999999933E-02 -2.673304267E-02  6.562000141E-03  3.345263729E+00 
        18  2.999999933E-02 -2.658904344E-02  6.562000141E-03  3.297354671E+00 
        19  2.999999933E-02 -2.644504420E-02  6.562000141E-03  3.247637661E+00 
        20  2.999999933E-02 -2.630104311E-02  6.562000141E-03  3.200420398E+00 
        21  2.999999933E-02 -2.615704387E-02  6.562000141E-03  3.159178970E+00 
        22  2.999999933E-02 -2.601304278E-02  6.562000141E-03  3.125755998E+00 
        23  2.999999933E-02 -2.586904354E-02  6.562000141E-03  3.101238279E+00 
        24  2.999999933E-02 -2.572504245E-02  6.562000141E-03  3.085948938E+00 
        25  2.999999933E-02 -2.558104321E-02  6.562000141E-03  3.079020514E+00 
        26  2.999999933E-02 -2.543704398E-02  6.562000141E-03  3.078131151E+00 
        27  2.999999933E-02 -2.529304288E-02  6.562000141E-03  3.079669263E+00 
        28  2.999999933E-02 -2.514904365E-02  6.562000141E-03  3.076442031E+00 
        29  2.999999933E-02 -2.500504255E-02  6.562000141E-03  3.053602336E+00 
        30  2.999999933E-02 -2.486104332E-02  6.562000141E-03  2.981567802E+00 
        31  2.999999933E-02 -2.471704409E-02  6.562000141E-03  2.818396458E+00 
        32  2.999999933E-02 -2.457304299E-02  6.562000141E-03  2.526724025E+00 
        33  2.999999933E-02 -2.442904375E-02  6.562000141E-03  2.127069756E+00 
        34  2.999999933E-02 -2.429169975E-02  6.562000141E-03  1.704877673E+00 
        35  2.999999933E-02 -2.420346625E-02  6.562000606E-03  1.412568888E+00 
        36  3.000000119E-02 -2.412424982E-02  6.562000606E-03  1.254549034E+00 
        37  2.999999933E-02 -2.404091880E-02  6.562000141E-03  9.675483431E-01 
        38  2.999999933E-02 -2.401195839E-02  6.562000606E-03  7.750586579E-01 
        39  3.000000119E-02 -3.145632893E-02  6.562000141E-03  4.341691253E-01 
        40  2.999999933E-02 -3.133584931E-02  6.562000141E-03  5.298277459E-01 
        41  2.999999933E-02 -3.119704314E-02  6.562000141E-03  5.747747863E-01 
        42  2.999999933E-02 -3.105304390E-02  6.562000141E-03  5.916398408E-01 
        43  2.999999933E-02 -3.090904281E-02  6.562000141E-03  5.966247553E-01 
        44  2.999999933E-02 -3.076504357E-02  6.562000141E-03  5.948410299E-01 
        45  2.999999933E-02 -3.062104248E-02  6.562000141E-03  5.875729203E-01 
        46  2.999999933E-02 -3.047704324E-02  6.562000141E-03  5.745004979E-01 
        47  2.999999933E-02 -3.033304401E-02  6.562000141E-03  5.543185265E-01 
        48  2.999999933E-02 -3.018904291E-02  6.562000141E-03  5.256583415E-01 
        49  2.999999933E-02 -3.004504368E-02  6.562000141E-03  4.872242186E-01 
        50  2.999999933E-02 -2.990104258E-02  6.562000141E-03  4.378718621E-01 
        51  2.999999933E-02 -2.975704335E-02  6.562000141E-03  3.769282134E-01 
        52  2.999999933E-02 -2.961304411E-02  6.562000141E-03  3.062914405E-01 
        53  2.999999933E-02 -2.946904302E-02  6.562000141E-03  2.384523598E-01 
        54  2.999999933E-02 -2.932504378E-02  6.562000141E-03  2.184633317E-01 
        55  2.999999933E-02 -2.918104269E-02  6.562000141E-03  3.006469807E-01 
