cellnumber     x-coordinate     y-coordinate     z-coordinate velocity-magnitude 
         1  2.999999933E-02 -2.401195839E-02  6.562000606E-03  6.916864930E-01 
         2  2.999999933E-02 -2.404091880E-02  6.562000141E-03  6.986761251E-01 
         3  2.999999933E-02 -2.412424982E-02  6.562000606E-03  7.351718170E-01 
         4  2.999999933E-02 -2.420346625E-02  6.562000606E-03  7.717463449E-01 
         5  2.999999933E-02 -2.429169975E-02  6.562000141E-03  7.101553100E-01 
         6  2.999999933E-02 -2.442904375E-02  6.562000141E-03  7.496702951E-01 
         7  2.999999933E-02 -2.457304299E-02  6.562000141E-03  8.725470780E-01 
         8  2.999999933E-02 -2.471704409E-02  6.562000141E-03  1.042289553E+00 
         9  2.999999933E-02 -2.486104332E-02  6.562000141E-03  1.323525548E+00 
        10  2.999999933E-02 -2.500504255E-02  6.562000141E-03  1.494317405E+00 
        11  2.999999933E-02 -2.514904365E-02  6.562000141E-03  1.456014688E+00 
        12  2.999999933E-02 -2.529304288E-02  6.562000141E-03  1.352701650E+00 
        13  2.999999933E-02 -2.543704398E-02  6.562000141E-03  1.475336879E+00 
        14  2.999999933E-02 -2.558104321E-02  6.562000141E-03  1.900353668E+00 
        15  2.999999933E-02 -2.572504245E-02  6.562000141E-03  2.253882898E+00 
        16  2.999999933E-02 -2.586904354E-02  6.562000141E-03  2.354498702E+00 
        17  2.999999933E-02 -2.601304278E-02  6.562000141E-03  2.141048639E+00 
        18  2.999999933E-02 -2.615704387E-02  6.562000141E-03  1.956202444E+00 
        19  2.999999933E-02 -2.630104311E-02  6.562000141E-03  1.965735535E+00 
        20  2.999999933E-02 -2.644504420E-02  6.562000141E-03  1.999768717E+00 
        21  2.999999933E-02 -2.658904344E-02  6.562000141E-03  2.100784628E+00 
        22  2.999999933E-02 -2.673304267E-02  6.562000141E-03  2.029576386E+00 
        23  2.999999933E-02 -2.687704377E-02  6.562000141E-03  1.980435052E+00 
        24  2.999999933E-02 -2.702104300E-02  6.562000141E-03  1.886974900E+00 
        25  2.999999933E-02 -2.716504410E-02  6.562000141E-03  1.823511865E+00 
        26  2.999999933E-02 -2.730904333E-02  6.562000141E-03  1.776473287E+00 
        27  2.999999933E-02 -2.745304257E-02  6.562000141E-03  1.758220270E+00 
        28  2.999999933E-02 -2.759704366E-02  6.562000141E-03  1.719672990E+00 
        29  2.999999933E-02 -2.774104290E-02  6.562000141E-03  1.763558249E+00 
        30  2.999999933E-02 -2.788504399E-02  6.562000141E-03  1.955830593E+00 
        31  2.999999933E-02 -3.145632893E-02  6.562000141E-03  3.744452864E-01 
        32  2.999999933E-02 -3.133584931E-02  6.562000141E-03  4.480786967E-01 
        33  2.999999933E-02 -3.119704314E-02  6.562000141E-03  3.947047442E-01 
        34  2.999999933E-02 -3.105304390E-02  6.562000141E-03  3.999261689E-01 
        35  2.999999933E-02 -3.090904281E-02  6.562000141E-03  4.637740684E-01 
        36  2.999999933E-02 -3.076504357E-02  6.562000141E-03  4.625112104E-01 
        37  2.999999933E-02 -3.062104248E-02  6.562000141E-03  5.743832150E-01 
        38  2.999999933E-02 -3.047704324E-02  6.562000141E-03  6.633889531E-01 
        39  2.999999933E-02 -3.033304401E-02  6.562000141E-03  7.669262833E-01 
        40  2.999999933E-02 -3.018904291E-02  6.562000141E-03  9.388315475E-01 
        41  2.999999933E-02 -3.004504368E-02  6.562000141E-03  1.014519021E+00 
        42  2.999999933E-02 -2.990104258E-02  6.562000141E-03  1.018004407E+00 
        43  2.999999933E-02 -2.975704335E-02  6.562000141E-03  1.066810184E+00 
        44  2.999999933E-02 -2.961304411E-02  6.562000141E-03  1.181257136E+00 
        45  2.999999933E-02 -2.946904302E-02  6.562000141E-03  1.341869095E+00 
        46  2.999999933E-02 -2.932504378E-02  6.562000141E-03  1.427014475E+00 
        47  2.999999933E-02 -2.918104269E-02  6.562000141E-03  1.501649046E+00 
        48  2.999999933E-02 -2.903704345E-02  6.562000141E-03  1.634848021E+00 
        49  2.999999933E-02 -2.889304422E-02  6.562000141E-03  1.868107485E+00 
        50  2.999999933E-02 -2.874904312E-02  6.562000141E-03  2.188553396E+00 
        51  2.999999933E-02 -2.860504389E-02  6.562000141E-03  2.359384610E+00 
        52  2.999999933E-02 -2.846104279E-02  6.562000141E-03  2.394578800E+00 
        53  2.999999933E-02 -2.831704356E-02  6.562000141E-03  2.406264020E+00 
        54  2.999999933E-02 -2.817304246E-02  6.562000141E-03  2.371924809E+00 
        55  2.999999933E-02 -2.802904323E-02  6.562000141E-03  2.211446677E+00 
