cellnumber     x-coordinate     y-coordinate     z-coordinate velocity-magnitude 
         1  2.999999933E-02 -2.903704345E-02  6.562000141E-03  7.800356205E-01 
         2  2.999999933E-02 -2.889304422E-02  6.562000141E-03  1.005848365E+00 
         3  2.999999933E-02 -2.874904312E-02  6.562000141E-03  1.238081346E+00 
         4  2.999999933E-02 -2.860504389E-02  6.562000141E-03  1.464469842E+00 
         5  2.999999933E-02 -2.846104279E-02  6.562000141E-03  1.690689707E+00 
         6  2.999999933E-02 -2.831704356E-02  6.562000141E-03  1.925683207E+00 
         7  2.999999933E-02 -2.817304246E-02  6.562000141E-03  2.168187534E+00 
         8  2.999999933E-02 -2.802904323E-02  6.562000141E-03  2.414437190E+00 
         9  2.999999933E-02 -2.788504399E-02  6.562000141E-03  2.656892292E+00 
        10  2.999999933E-02 -2.774104290E-02  6.562000141E-03  2.876434220E+00 
        11  2.999999933E-02 -2.759704366E-02  6.562000141E-03  3.034706132E+00 
        12  2.999999933E-02 -2.745304257E-02  6.562000141E-03  3.116325552E+00 
        13  2.999999933E-02 -2.730904333E-02  6.562000141E-03  3.148038805E+00 
        14  2.999999933E-02 -2.716504410E-02  6.562000141E-03  3.157834173E+00 
        15  2.999999933E-02 -2.702104300E-02  6.562000141E-03  3.156633616E+00 
        16  2.999999933E-02 -2.687704377E-02  6.562000141E-03  3.149935446E+00 
        17  2.999999933E-02 -2.673304267E-02  6.562000141E-03  3.139750451E+00 
        18  2.999999933E-02 -2.658904344E-02  6.562000141E-03  3.127115941E+00 
        19  2.999999933E-02 -2.644504420E-02  6.562000141E-03  3.112859257E+00 
        20  2.999999933E-02 -2.630104311E-02  6.562000141E-03  3.097886950E+00 
        21  2.999999933E-02 -2.615704387E-02  6.562000141E-03  3.083292461E+00 
        22  2.999999933E-02 -2.601304278E-02  6.562000141E-03  3.070115508E+00 
        23  2.999999933E-02 -2.586904354E-02  6.562000141E-03  3.059040890E+00 
        24  2.999999933E-02 -2.572504245E-02  6.562000141E-03  3.049608699E+00 
        25  2.999999933E-02 -2.558104321E-02  6.562000141E-03  3.039400631E+00 
        26  2.999999933E-02 -2.543704398E-02  6.562000141E-03  3.022829529E+00 
        27  2.999999933E-02 -2.529304288E-02  6.562000141E-03  2.992273113E+00 
        28  2.999999933E-02 -2.514904365E-02  6.562000141E-03  2.938680626E+00 
        29  2.999999933E-02 -2.500504255E-02  6.562000141E-03  2.853031649E+00 
        30  2.999999933E-02 -2.486104332E-02  6.562000141E-03  2.731749870E+00 
        31  2.999999933E-02 -2.471704409E-02  6.562000141E-03  2.576577234E+00 
        32  2.999999933E-02 -2.457304299E-02  6.562000141E-03  2.393694562E+00 
        33  2.999999933E-02 -2.442904375E-02  6.562000141E-03  2.165663592E+00 
        34  2.999999933E-02 -2.429169975E-02  6.562000141E-03  1.839223283E+00 
        35  2.999999933E-02 -2.420346625E-02  6.562000606E-03  1.529052157E+00 
        36  3.000000119E-02 -2.412424982E-02  6.562000606E-03  1.342678018E+00 
        37  2.999999933E-02 -2.404091880E-02  6.562000141E-03  1.046467817E+00 
        38  2.999999933E-02 -2.401195839E-02  6.562000606E-03  8.379508195E-01 
        39  3.000000119E-02 -3.145632893E-02  6.562000141E-03  4.708947632E-01 
        40  2.999999933E-02 -3.133584931E-02  6.562000141E-03  5.188872846E-01 
        41  2.999999933E-02 -3.119704314E-02  6.562000141E-03  5.215855314E-01 
        42  2.999999933E-02 -3.105304390E-02  6.562000141E-03  5.079776829E-01 
        43  2.999999933E-02 -3.090904281E-02  6.562000141E-03  4.875535745E-01 
        44  2.999999933E-02 -3.076504357E-02  6.562000141E-03  4.620273200E-01 
        45  2.999999933E-02 -3.062104248E-02  6.562000141E-03  4.318266691E-01 
        46  2.999999933E-02 -3.047704324E-02  6.562000141E-03  3.966938772E-01 
        47  2.999999933E-02 -3.033304401E-02  6.562000141E-03  3.563052449E-01 
        48  2.999999933E-02 -3.018904291E-02  6.562000141E-03  3.109435578E-01 
        49  2.999999933E-02 -3.004504368E-02  6.562000141E-03  2.629284856E-01 
        50  2.999999933E-02 -2.990104258E-02  6.562000141E-03  2.193113709E-01 
        51  2.999999933E-02 -2.975704335E-02  6.562000141E-03  1.972066962E-01 
        52  2.999999933E-02 -2.961304411E-02  6.562000141E-03  2.206699841E-01 
        53  2.999999933E-02 -2.946904302E-02  6.562000141E-03  2.954783959E-01 
        54  2.999999933E-02 -2.932504378E-02  6.562000141E-03  4.151469675E-01 
        55  2.999999933E-02 -2.918104269E-02  6.562000141E-03  5.785214462E-01 
