cellnumber     x-coordinate     y-coordinate     z-coordinate velocity-magnitude 
         1  1.999999955E-02 -2.984774485E-02  6.562000141E-03  6.320585049E+00 
         2  1.999999955E-02 -2.980891429E-02  6.562000141E-03  6.962587139E+00 
         3  1.999999955E-02 -2.971169166E-02  6.562000141E-03  7.473668677E+00 
         4  1.999999955E-02 -2.959104441E-02  6.562000141E-03  7.525010816E+00 
         5  1.999999955E-02 -2.946904302E-02  6.562000141E-03  7.357268175E+00 
         6  1.999999955E-02 -2.932504192E-02  6.562000141E-03  7.423773365E+00 
         7  1.999999955E-02 -2.918104269E-02  6.562000141E-03  7.536056074E+00 
         8  1.999999955E-02 -2.903704345E-02  6.562000141E-03  7.361935764E+00 
         9  1.999999955E-02 -2.889304422E-02  6.562000141E-03  7.034352730E+00 
        10  1.999999955E-02 -2.874904312E-02  6.562000141E-03  6.952780409E+00 
        11  1.999999955E-02 -2.860504389E-02  6.562000141E-03  6.966776249E+00 
        12  1.999999955E-02 -2.846104279E-02  6.562000141E-03  6.928479396E+00 
        13  1.999999955E-02 -2.831704356E-02  6.562000141E-03  6.913609253E+00 
        14  1.999999955E-02 -2.817304432E-02  6.562000141E-03  6.893095569E+00 
        15  1.999999955E-02 -2.802904323E-02  6.562000141E-03  6.865637396E+00 
        16  1.999999955E-02 -2.788504399E-02  6.562000141E-03  6.901397946E+00 
        17  1.999999955E-02 -2.774104290E-02  6.562000141E-03  7.079027657E+00 
        18  1.999999955E-02 -2.759704366E-02  6.562000141E-03  7.193435011E+00 
        19  1.999999955E-02 -2.745304257E-02  6.562000141E-03  7.107554701E+00 
        20  1.999999955E-02 -2.730904333E-02  6.562000141E-03  6.873739431E+00 
        21  1.999999955E-02 -2.716504224E-02  6.562000141E-03  6.630313386E+00 
        22  1.999999955E-02 -2.702104300E-02  6.562000141E-03  6.501480079E+00 
        23  1.999999955E-02 -2.687704377E-02  6.562000141E-03  6.425574793E+00 
        24  1.999999955E-02 -2.673304267E-02  6.562000141E-03  5.452813457E+00 
        25  1.999999955E-02 -2.658904344E-02  6.562000141E-03  5.799140199E+00 
        26  1.999999955E-02 -2.644504420E-02  6.562000141E-03  6.021763251E+00 
        27  1.999999955E-02 -2.630104311E-02  6.562000141E-03  6.036504770E+00 
        28  1.999999955E-02 -2.615704387E-02  6.562000141E-03  5.973819134E+00 
        29  1.999998651E-02 -2.607314475E-02  6.562000141E-03  5.337736991E+00 
        30  1.999994740E-02 -2.602700889E-02  6.562000141E-03  4.752010511E+00 
        31  1.999996044E-02 -2.592459694E-02  6.562000141E-03  4.990605750E+00 
        32  1.999999955E-02 -2.583321184E-02  6.561999675E-03  4.393655422E+00 
