cellnumber     x-coordinate     y-coordinate     z-coordinate velocity-magnitude 
         1  1.999999955E-02 -2.984774485E-02  6.562000141E-03  5.326190049E+00 
         2  1.999999955E-02 -2.980891429E-02  6.562000141E-03  6.002797929E+00 
         3  1.999999955E-02 -2.971169166E-02  6.562000141E-03  6.925034010E+00 
         4  1.999999955E-02 -2.959104441E-02  6.562000141E-03  7.695989351E+00 
         5  1.999999955E-02 -2.946904302E-02  6.562000141E-03  7.764559855E+00 
         6  1.999999955E-02 -2.932504192E-02  6.562000141E-03  7.428982503E+00 
         7  1.999999955E-02 -2.918104269E-02  6.562000141E-03  7.392069326E+00 
         8  1.999999955E-02 -2.903704345E-02  6.562000141E-03  7.372362516E+00 
         9  1.999999955E-02 -2.889304236E-02  6.562000141E-03  7.226254064E+00 
        10  1.999999955E-02 -2.874904312E-02  6.562000141E-03  7.158248589E+00 
        11  1.999999955E-02 -2.860504203E-02  6.562000141E-03  7.198324155E+00 
        12  1.999999955E-02 -2.846104279E-02  6.562000141E-03  7.291369650E+00 
        13  1.999999955E-02 -2.831704356E-02  6.562000141E-03  7.410331343E+00 
        14  1.999999955E-02 -2.817304246E-02  6.562000141E-03  7.353610549E+00 
        15  1.999999955E-02 -2.802904323E-02  6.562000141E-03  7.310666032E+00 
        16  1.999999955E-02 -2.788504213E-02  6.562000141E-03  7.395770068E+00 
        17  1.999999955E-02 -2.774104290E-02  6.562000141E-03  7.543819342E+00 
        18  1.999999955E-02 -2.759704366E-02  6.562000141E-03  7.759855317E+00 
        19  1.999999955E-02 -2.745304257E-02  6.562000141E-03  7.838659624E+00 
        20  1.999999955E-02 -2.730904333E-02  6.562000141E-03  7.820446065E+00 
        21  1.999999955E-02 -2.716504224E-02  6.562000141E-03  7.597305876E+00 
        22  1.999999955E-02 -2.702104300E-02  6.562000141E-03  7.316858135E+00 
        23  1.999999955E-02 -2.687704377E-02  6.562000141E-03  7.186473731E+00 
        24  1.999999955E-02 -2.673304267E-02  6.562000141E-03  7.022127675E+00 
        25  1.999999955E-02 -2.658904344E-02  6.562000141E-03  7.012966587E+00 
        26  1.999999955E-02 -2.644504234E-02  6.562000141E-03  6.964966827E+00 
        27  1.999999955E-02 -2.630104311E-02  6.562000141E-03  5.265452898E+00 
        28  1.999999955E-02 -2.615704387E-02  6.562000141E-03  4.223544756E+00 
        29  1.999998651E-02 -2.607314475E-02  6.562000141E-03  4.299593884E+00 
        30  1.999994740E-02 -2.602700889E-02  6.562000141E-03  5.392763026E+00 
        31  1.999996044E-02 -2.592459694E-02  6.562000141E-03  5.544242423E+00 
        32  1.999999955E-02 -2.583321184E-02  6.562000141E-03  7.085458042E+00 
