cellnumber     x-coordinate     y-coordinate     z-coordinate velocity-magnitude 
         1  1.999999955E-02 -2.984774485E-02  6.562000141E-03  6.010948425E+00 
         2  1.999999955E-02 -2.980891429E-02  6.562000141E-03  7.050479069E+00 
         3  1.999999955E-02 -2.971169166E-02  6.562000141E-03  7.428088389E+00 
         4  1.999999955E-02 -2.959104441E-02  6.562000141E-03  7.476665300E+00 
         5  1.999999955E-02 -2.946904302E-02  6.562000141E-03  7.288873429E+00 
         6  1.999999955E-02 -2.932504192E-02  6.562000141E-03  7.088602609E+00 
         7  1.999999955E-02 -2.918104269E-02  6.562000141E-03  7.055875321E+00 
         8  1.999999955E-02 -2.903704345E-02  6.562000141E-03  7.152756314E+00 
         9  1.999999955E-02 -2.889304422E-02  6.562000141E-03  7.274524907E+00 
        10  1.999999955E-02 -2.874904312E-02  6.562000141E-03  7.299502790E+00 
        11  1.999999955E-02 -2.860504389E-02  6.562000141E-03  7.287648146E+00 
        12  1.999999955E-02 -2.846104279E-02  6.562000141E-03  7.314501158E+00 
        13  1.999999955E-02 -2.831704356E-02  6.562000141E-03  7.393882526E+00 
        14  1.999999955E-02 -2.817304432E-02  6.562000141E-03  7.402002086E+00 
        15  1.999999955E-02 -2.802904323E-02  6.562000141E-03  7.355558669E+00 
        16  1.999999955E-02 -2.788504399E-02  6.562000141E-03  7.314145839E+00 
        17  1.999999955E-02 -2.774104290E-02  6.562000141E-03  7.234544438E+00 
        18  1.999999955E-02 -2.759704366E-02  6.562000141E-03  7.217614193E+00 
        19  1.999999955E-02 -2.745304257E-02  6.562000141E-03  7.278230322E+00 
        20  1.999999955E-02 -2.730904333E-02  6.562000141E-03  7.373616547E+00 
        21  1.999999955E-02 -2.716504224E-02  6.562000141E-03  7.444741458E+00 
        22  1.999999955E-02 -2.702104300E-02  6.562000141E-03  7.463013799E+00 
        23  1.999999955E-02 -2.687704377E-02  6.562000141E-03  7.355868829E+00 
        24  1.999999955E-02 -2.673304267E-02  6.562000141E-03  7.089496369E+00 
        25  1.999999955E-02 -2.658904344E-02  6.562000141E-03  6.504805171E+00 
        26  1.999999955E-02 -2.644504420E-02  6.562000141E-03  5.586960580E+00 
        27  1.999999955E-02 -2.630104311E-02  6.562000141E-03  5.275972410E+00 
        28  1.999999955E-02 -2.615704387E-02  6.562000141E-03  5.158167188E+00 
        29  1.999998651E-02 -2.607314475E-02  6.562000141E-03  4.996593528E+00 
        30  1.999994740E-02 -2.602700889E-02  6.562000141E-03  4.462698713E+00 
        31  1.999996044E-02 -2.592459694E-02  6.562000141E-03  4.582857264E+00 
        32  1.999999955E-02 -2.583321184E-02  6.561999675E-03  4.070072282E+00 
