cellnumber     x-coordinate     y-coordinate     z-coordinate velocity-magnitude 
         1  1.999999955E-02 -2.583321184E-02  6.562000141E-03  5.369512416E+00 
         2  1.999996044E-02 -2.592459694E-02  6.562000141E-03  5.196767880E+00 
         3  1.999994740E-02 -2.602700889E-02  6.562000141E-03  7.065056270E+00 
         4  1.999998651E-02 -2.607314475E-02  6.562000141E-03  5.805521302E+00 
         5  1.999999955E-02 -2.615704387E-02  6.562000141E-03  7.162199038E+00 
         6  1.999999955E-02 -2.630104311E-02  6.562000141E-03  7.311181394E+00 
         7  1.999999955E-02 -2.644504234E-02  6.562000141E-03  7.334084408E+00 
         8  1.999999955E-02 -2.658904344E-02  6.562000141E-03  7.358283996E+00 
         9  1.999999955E-02 -2.673304267E-02  6.562000141E-03  7.399370103E+00 
        10  1.999999955E-02 -2.687704377E-02  6.562000141E-03  7.434468147E+00 
        11  1.999999955E-02 -2.702104300E-02  6.562000141E-03  7.553888766E+00 
        12  1.999999955E-02 -2.716504224E-02  6.562000141E-03  7.614517928E+00 
        13  1.999999955E-02 -2.730904333E-02  6.562000141E-03  7.541246022E+00 
        14  1.999999955E-02 -2.745304257E-02  6.562000141E-03  7.395135110E+00 
        15  1.999999955E-02 -2.759704366E-02  6.562000141E-03  7.369311446E+00 
        16  1.999999955E-02 -2.774104290E-02  6.562000141E-03  7.479263015E+00 
        17  1.999999955E-02 -2.788504213E-02  6.562000141E-03  7.532820882E+00 
        18  1.999999955E-02 -2.802904323E-02  6.562000141E-03  7.559007065E+00 
        19  1.999999955E-02 -2.817304246E-02  6.562000141E-03  7.538690644E+00 
        20  1.999999955E-02 -2.831704356E-02  6.562000141E-03  7.505000377E+00 
        21  1.999999955E-02 -2.846104279E-02  6.562000141E-03  7.517554461E+00 
        22  1.999999955E-02 -2.860504203E-02  6.562000141E-03  7.504980993E+00 
        23  1.999999955E-02 -2.874904312E-02  6.562000141E-03  7.329923987E+00 
        24  1.999999955E-02 -2.889304236E-02  6.562000141E-03  7.272322793E+00 
        25  1.999999955E-02 -2.903704345E-02  6.562000141E-03  7.355273299E+00 
        26  1.999999955E-02 -2.918104269E-02  6.562000141E-03  7.455734500E+00 
        27  1.999999955E-02 -2.932504192E-02  6.562000141E-03  7.538905365E+00 
        28  1.999999955E-02 -2.946904302E-02  6.562000141E-03  7.666224997E+00 
        29  1.999999955E-02 -2.959104441E-02  6.562000141E-03  7.722775233E+00 
        30  1.999999955E-02 -2.971169166E-02  6.562000141E-03  7.602075741E+00 
        31  1.999999955E-02 -2.980891429E-02  6.562000141E-03  6.843201777E+00 
        32  1.999999955E-02 -2.984774485E-02  6.562000141E-03  5.936550768E+00 
