cellnumber     x-coordinate     y-coordinate     z-coordinate velocity-magnitude 
         1  1.999999955E-02 -2.984774485E-02  6.562000141E-03  5.490969528E+00 
         2  1.999999955E-02 -2.980891429E-02  6.562000141E-03  6.313891963E+00 
         3  1.999999955E-02 -2.971169166E-02  6.562000141E-03  7.159610403E+00 
         4  1.999999955E-02 -2.959104441E-02  6.562000141E-03  7.410726557E+00 
         5  1.999999955E-02 -2.946904302E-02  6.562000141E-03  7.506118426E+00 
         6  1.999999955E-02 -2.932504192E-02  6.562000141E-03  7.491677990E+00 
         7  1.999999955E-02 -2.918104269E-02  6.562000141E-03  7.368700149E+00 
         8  1.999999955E-02 -2.903704345E-02  6.562000141E-03  7.218546833E+00 
         9  1.999999955E-02 -2.889304422E-02  6.562000141E-03  7.135765695E+00 
        10  1.999999955E-02 -2.874904312E-02  6.562000141E-03  7.126942402E+00 
        11  1.999999955E-02 -2.860504389E-02  6.562000141E-03  7.054266502E+00 
        12  1.999999955E-02 -2.846104279E-02  6.562000141E-03  7.259442316E+00 
        13  1.999999955E-02 -2.831704356E-02  6.562000141E-03  7.783118207E+00 
        14  1.999999955E-02 -2.817304432E-02  6.562000141E-03  7.821671278E+00 
        15  1.999999955E-02 -2.802904323E-02  6.562000141E-03  7.480477732E+00 
        16  1.999999955E-02 -2.788504399E-02  6.562000141E-03  7.226173383E+00 
        17  1.999999955E-02 -2.774104290E-02  6.562000141E-03  7.021704759E+00 
        18  1.999999955E-02 -2.759704366E-02  6.562000141E-03  6.787122712E+00 
        19  1.999999955E-02 -2.745304257E-02  6.562000141E-03  6.768237217E+00 
        20  1.999999955E-02 -2.730904333E-02  6.562000141E-03  6.875135495E+00 
        21  1.999999955E-02 -2.716504224E-02  6.562000141E-03  7.102345230E+00 
        22  1.999999955E-02 -2.702104300E-02  6.562000141E-03  7.548706291E+00 
        23  1.999999955E-02 -2.687704377E-02  6.562000141E-03  7.941442648E+00 
        24  1.999999955E-02 -2.673304267E-02  6.562000141E-03  8.133071268E+00 
        25  1.999999955E-02 -2.658904344E-02  6.562000141E-03  7.174020548E+00 
        26  1.999999955E-02 -2.644504420E-02  6.562000141E-03  5.170928911E+00 
        27  1.999999955E-02 -2.630104311E-02  6.562000141E-03  4.175208379E+00 
        28  1.999999955E-02 -2.615704387E-02  6.562000141E-03  3.884421782E+00 
        29  1.999998651E-02 -2.607314475E-02  6.562000141E-03  4.247122974E+00 
        30  1.999994740E-02 -2.602700889E-02  6.562000141E-03  4.304014082E+00 
        31  1.999996044E-02 -2.592459694E-02  6.562000141E-03  4.697781531E+00 
        32  1.999999955E-02 -2.583321184E-02  6.561999675E-03  3.664422406E+00 
