cellnumber     x-coordinate     y-coordinate     z-coordinate velocity-magnitude 
         1  1.999999955E-02 -2.984774485E-02  6.562000141E-03  5.364012165E+00 
         2  1.999999955E-02 -2.980891429E-02  6.562000141E-03  5.984027879E+00 
         3  1.999999955E-02 -2.971169166E-02  6.562000141E-03  6.880972383E+00 
         4  1.999999955E-02 -2.959104441E-02  6.562000141E-03  7.336305597E+00 
         5  1.999999955E-02 -2.946904302E-02  6.562000141E-03  7.744819296E+00 
         6  1.999999955E-02 -2.932504192E-02  6.562000141E-03  7.811434455E+00 
         7  1.999999955E-02 -2.918104269E-02  6.562000141E-03  7.770465441E+00 
         8  1.999999955E-02 -2.903704345E-02  6.562000141E-03  7.648625222E+00 
         9  1.999999955E-02 -2.889304422E-02  6.562000141E-03  7.548082659E+00 
        10  1.999999955E-02 -2.874904312E-02  6.562000141E-03  7.464319427E+00 
        11  1.999999955E-02 -2.860504389E-02  6.562000141E-03  7.333670452E+00 
        12  1.999999955E-02 -2.846104279E-02  6.562000141E-03  7.204496348E+00 
        13  1.999999955E-02 -2.831704356E-02  6.562000141E-03  7.237875881E+00 
        14  1.999999955E-02 -2.817304432E-02  6.562000141E-03  7.421030631E+00 
        15  1.999999955E-02 -2.802904323E-02  6.562000141E-03  7.632954946E+00 
        16  1.999999955E-02 -2.788504399E-02  6.562000141E-03  7.668235314E+00 
        17  1.999999955E-02 -2.774104290E-02  6.562000141E-03  7.644700921E+00 
        18  1.999999955E-02 -2.759704366E-02  6.562000141E-03  7.592439912E+00 
        19  1.999999955E-02 -2.745304257E-02  6.562000141E-03  7.535412156E+00 
        20  1.999999955E-02 -2.730904333E-02  6.562000141E-03  7.430968792E+00 
        21  1.999999955E-02 -2.716504224E-02  6.562000141E-03  7.298463518E+00 
        22  1.999999955E-02 -2.702104300E-02  6.562000141E-03  7.312868351E+00 
        23  1.999999955E-02 -2.687704377E-02  6.562000141E-03  7.519143607E+00 
        24  1.999999955E-02 -2.673304267E-02  6.562000141E-03  6.971674114E+00 
        25  1.999999955E-02 -2.658904344E-02  6.562000141E-03  5.978350860E+00 
        26  1.999999955E-02 -2.644504420E-02  6.562000141E-03  5.124154714E+00 
        27  1.999999955E-02 -2.630104311E-02  6.562000141E-03  3.551276620E+00 
        28  1.999999955E-02 -2.615704387E-02  6.562000141E-03  2.773860500E+00 
        29  1.999998651E-02 -2.607314475E-02  6.562000141E-03  2.090199605E+00 
        30  1.999994740E-02 -2.602700889E-02  6.562000141E-03  1.895540085E+00 
        31  1.999996044E-02 -2.592459694E-02  6.562000141E-03  1.771763348E+00 
        32  1.999999955E-02 -2.583321184E-02  6.561999675E-03  1.979186982E+00 
