cellnumber     x-coordinate     y-coordinate     z-coordinate velocity-magnitude 
         1  1.999999955E-02 -2.984774485E-02  6.562000141E-03  5.887487829E+00 
         2  1.999999955E-02 -2.980891429E-02  6.562000141E-03  6.431116234E+00 
         3  1.999999955E-02 -2.971169166E-02  6.562000141E-03  6.932146717E+00 
         4  1.999999955E-02 -2.959104441E-02  6.562000141E-03  7.101806104E+00 
         5  1.999999955E-02 -2.946904302E-02  6.562000141E-03  7.109586913E+00 
         6  1.999999955E-02 -2.932504192E-02  6.562000141E-03  7.083613359E+00 
         7  1.999999955E-02 -2.918104269E-02  6.562000141E-03  7.236669497E+00 
         8  1.999999955E-02 -2.903704345E-02  6.562000141E-03  7.496282427E+00 
         9  1.999999955E-02 -2.889304422E-02  6.562000141E-03  7.777730232E+00 
        10  1.999999955E-02 -2.874904312E-02  6.562000141E-03  7.832124402E+00 
        11  1.999999955E-02 -2.860504389E-02  6.562000141E-03  7.771658054E+00 
        12  1.999999955E-02 -2.846104279E-02  6.562000141E-03  7.602704965E+00 
        13  1.999999955E-02 -2.831704356E-02  6.562000141E-03  7.303741749E+00 
        14  1.999999955E-02 -2.817304432E-02  6.562000141E-03  7.017001077E+00 
        15  1.999999955E-02 -2.802904323E-02  6.562000141E-03  6.974938117E+00 
        16  1.999999955E-02 -2.788504399E-02  6.562000141E-03  6.960390102E+00 
        17  1.999999955E-02 -2.774104290E-02  6.562000141E-03  6.931184614E+00 
        18  1.999999955E-02 -2.759704366E-02  6.562000141E-03  6.918458006E+00 
        19  1.999999955E-02 -2.745304257E-02  6.562000141E-03  6.946195444E+00 
        20  1.999999955E-02 -2.730904333E-02  6.562000141E-03  7.068211047E+00 
        21  1.999999955E-02 -2.716504224E-02  6.562000141E-03  7.252113062E+00 
        22  1.999999955E-02 -2.702104300E-02  6.562000141E-03  7.426511358E+00 
        23  1.999999955E-02 -2.687704377E-02  6.562000141E-03  7.421166033E+00 
        24  1.999999955E-02 -2.673304267E-02  6.562000141E-03  6.650845985E+00 
        25  1.999999955E-02 -2.658904344E-02  6.562000141E-03  3.208376848E+00 
        26  1.999999955E-02 -2.644504420E-02  6.562000141E-03  2.635529776E+00 
        27  1.999999955E-02 -2.630104311E-02  6.562000141E-03  2.832554660E+00 
        28  1.999999955E-02 -2.615704387E-02  6.562000141E-03  4.044730268E+00 
        29  1.999998651E-02 -2.607314475E-02  6.562000141E-03  4.828124025E+00 
        30  1.999994740E-02 -2.602700889E-02  6.562000141E-03  4.435225854E+00 
        31  1.999996044E-02 -2.592459694E-02  6.562000141E-03  4.813143844E+00 
        32  1.999999955E-02 -2.583321184E-02  6.561999675E-03  5.290132956E+00 
