cellnumber     x-coordinate     y-coordinate     z-coordinate velocity-magnitude 
         1  1.999999955E-02 -2.984774485E-02  6.562000141E-03  5.192880428E+00 
         2  1.999999955E-02 -2.980891429E-02  6.562000141E-03  5.884956347E+00 
         3  1.999999955E-02 -2.971169166E-02  6.562000141E-03  6.729260347E+00 
         4  1.999999955E-02 -2.959104441E-02  6.562000141E-03  7.008271528E+00 
         5  1.999999955E-02 -2.946904302E-02  6.562000141E-03  7.108243559E+00 
         6  1.999999955E-02 -2.932504192E-02  6.562000141E-03  7.385688327E+00 
         7  1.999999955E-02 -2.918104269E-02  6.562000141E-03  7.556637826E+00 
         8  1.999999955E-02 -2.903704345E-02  6.562000141E-03  7.520160894E+00 
         9  1.999999955E-02 -2.889304422E-02  6.562000141E-03  7.405043168E+00 
        10  1.999999955E-02 -2.874904312E-02  6.562000141E-03  7.329373842E+00 
        11  1.999999955E-02 -2.860504389E-02  6.562000141E-03  7.286556099E+00 
        12  1.999999955E-02 -2.846104279E-02  6.562000141E-03  7.162998033E+00 
        13  1.999999955E-02 -2.831704356E-02  6.562000141E-03  7.052479956E+00 
        14  1.999999955E-02 -2.817304432E-02  6.562000141E-03  7.033239661E+00 
        15  1.999999955E-02 -2.802904323E-02  6.562000141E-03  7.132623107E+00 
        16  1.999999955E-02 -2.788504399E-02  6.562000141E-03  7.279943523E+00 
        17  1.999999955E-02 -2.774104290E-02  6.562000141E-03  7.429156910E+00 
        18  1.999999955E-02 -2.759704366E-02  6.562000141E-03  7.523978614E+00 
        19  1.999999955E-02 -2.745304257E-02  6.562000141E-03  7.517701292E+00 
        20  1.999999955E-02 -2.730904333E-02  6.562000141E-03  7.466128383E+00 
        21  1.999999955E-02 -2.716504224E-02  6.562000141E-03  7.318452038E+00 
        22  1.999999955E-02 -2.702104300E-02  6.562000141E-03  7.158519850E+00 
        23  1.999999955E-02 -2.687704377E-02  6.562000141E-03  6.956322785E+00 
        24  1.999999955E-02 -2.673304267E-02  6.562000141E-03  6.853114983E+00 
        25  1.999999955E-02 -2.658904344E-02  6.562000141E-03  6.100709125E+00 
        26  1.999999955E-02 -2.644504420E-02  6.562000141E-03  5.081806964E+00 
        27  1.999999955E-02 -2.630104311E-02  6.562000141E-03  6.174863748E+00 
        28  1.999999955E-02 -2.615704387E-02  6.562000141E-03  6.677091347E+00 
        29  1.999998651E-02 -2.607314475E-02  6.562000141E-03  5.574128130E+00 
        30  1.999994740E-02 -2.602700889E-02  6.562000141E-03  5.935875865E+00 
        31  1.999996044E-02 -2.592459694E-02  6.562000141E-03  5.049319822E+00 
        32  1.999999955E-02 -2.583321184E-02  6.561999675E-03  4.689128488E+00 
