cellnumber     x-coordinate     y-coordinate     z-coordinate velocity-magnitude 
         1  1.999999955E-02 -2.984774485E-02  6.562000141E-03  5.565701360E+00 
         2  1.999999955E-02 -2.980891429E-02  6.562000141E-03  6.313162020E+00 
         3  1.999999955E-02 -2.971169166E-02  6.562000141E-03  7.103013260E+00 
         4  1.999999955E-02 -2.959104441E-02  6.562000141E-03  7.287166763E+00 
         5  1.999999955E-02 -2.946904302E-02  6.562000141E-03  7.253036812E+00 
         6  1.999999955E-02 -2.932504192E-02  6.562000141E-03  6.952583835E+00 
         7  1.999999955E-02 -2.918104269E-02  6.562000141E-03  6.752712406E+00 
         8  1.999999955E-02 -2.903704345E-02  6.562000141E-03  6.745730499E+00 
         9  1.999999955E-02 -2.889304422E-02  6.562000141E-03  6.878692083E+00 
        10  1.999999955E-02 -2.874904312E-02  6.562000141E-03  6.979707084E+00 
        11  1.999999955E-02 -2.860504389E-02  6.562000141E-03  6.968492317E+00 
        12  1.999999955E-02 -2.846104279E-02  6.562000141E-03  6.975658396E+00 
        13  1.999999955E-02 -2.831704356E-02  6.562000141E-03  7.045308127E+00 
        14  1.999999955E-02 -2.817304432E-02  6.562000141E-03  7.166691948E+00 
        15  1.999999955E-02 -2.802904323E-02  6.562000141E-03  7.255386426E+00 
        16  1.999999955E-02 -2.788504399E-02  6.562000141E-03  7.423999772E+00 
        17  1.999999955E-02 -2.774104290E-02  6.562000141E-03  7.684945990E+00 
        18  1.999999955E-02 -2.759704366E-02  6.562000141E-03  8.003161907E+00 
        19  1.999999955E-02 -2.745304257E-02  6.562000141E-03  8.231918038E+00 
        20  1.999999955E-02 -2.730904333E-02  6.562000141E-03  8.067883492E+00 
        21  1.999999955E-02 -2.716504224E-02  6.562000141E-03  7.099276630E+00 
        22  1.999999955E-02 -2.702104300E-02  6.562000141E-03  5.773188517E+00 
        23  1.999999955E-02 -2.687704377E-02  6.562000141E-03  4.665972161E+00 
        24  1.999999955E-02 -2.673304267E-02  6.562000141E-03  3.921517142E+00 
        25  1.999999955E-02 -2.658904344E-02  6.562000141E-03  2.640356847E+00 
        26  1.999999955E-02 -2.644504420E-02  6.562000141E-03  1.503379132E+00 
        27  1.999999955E-02 -2.630104311E-02  6.562000141E-03  1.292833208E+00 
        28  1.999999955E-02 -2.615704387E-02  6.562000141E-03  2.178782788E+00 
        29  1.999998651E-02 -2.607314475E-02  6.562000141E-03  3.098820904E+00 
        30  1.999994740E-02 -2.602700889E-02  6.562000141E-03  3.689036036E+00 
        31  1.999996044E-02 -2.592459694E-02  6.562000141E-03  3.567986570E+00 
        32  1.999999955E-02 -2.583321184E-02  6.561999675E-03  4.244532855E+00 
