,index,Bins,bin_centres,Counts,Bin Variance,x-coordinate_bin_mean,x-coordinate_std,x-coordinate_sem,y-coordinate_bin_mean,y-coordinate_std,y-coordinate_sem,z-coordinate_bin_mean,z-coordinate_std,z-coordinate_sem,velocity-magnitude_bin_mean,velocity-magnitude_std,velocity-magnitude_sem
0,0,"(-0.028174, -0.028171]",-0.028172500000000003,41,7.048780487804876,0.025000000415609756,2.9204493511280455e-10,4.560975615708055e-11,-0.02817304432,0.0,0.0,0.006562000141,0.0,0.0,6.586822322170732,0.5428136297749174,0.08477324656635793
1,1,"(-0.028031, -0.028029]",-0.02803,41,7.048780487804876,0.025000000415609756,2.9204493511280455e-10,4.560975615708055e-11,-0.028029043275365855,2.904831972829228e-10,4.5365853685104165e-11,0.0065619996863658546,7.277697312562769e-11,1.1365853671895262e-11,6.578601238804877,0.5550444039108734,0.08668337257398004
2,2,"(-0.027886, -0.027883]",-0.0278845,41,7.048780487804878,0.025000000415609756,2.9204493511280455e-10,4.560975615708055e-11,-0.027885043990000004,0.0,0.0,0.0065619996863658546,7.277697312562769e-11,1.1365853671895262e-11,6.575613786731708,0.5326869401529217,0.08319172335261255
3,3,"(-0.027741, -0.027738]",-0.0277395,41,7.048780487804878,0.025000000415609756,2.9204493511280455e-10,4.560975615708055e-11,-0.027741042945365852,2.904831976994596e-10,4.5365853750156285e-11,0.0065619996863658546,7.277697312562769e-11,1.1365853671895262e-11,6.567908364,0.5149798076688085,0.08042633386030865
4,4,"(-0.027599, -0.027596]",-0.027597499999999997,41,7.048780487804878,0.025000000415609756,2.9204493511280455e-10,4.560975615708055e-11,-0.02759704366,0.0,0.0,0.0065619996863658546,7.277697312562769e-11,1.1365853671895262e-11,6.519072687121951,0.4800075891426547,0.0749645909314888
5,5,"(-0.027454, -0.027451]",-0.027452499999999998,41,7.048780487804878,0.025000000415609756,2.9204493511280455e-10,4.560975615708055e-11,-0.027453042615365852,2.9048319774917057e-10,4.5365853757919834e-11,0.0065619996863658546,7.277697312562769e-11,1.1365853671895262e-11,6.444845264195122,0.47364447521855924,0.07397083949263705
6,6,"(-0.027312, -0.027309]",-0.0273105,41,7.048780487804878,0.025000000415609756,2.9204493511280455e-10,4.560975615708055e-11,-0.02730904333,0.0,0.0,0.0065619996863658546,7.277697312562769e-11,1.1365853671895262e-11,6.361993706243903,0.47870323444520857,0.07476088495155157
7,7,"(-0.027166, -0.027164]",-0.027165,41,7.048780487804878,0.025000000415609756,2.9204493511280455e-10,4.560975615708055e-11,-0.0271650441,0.0,0.0,0.0065619996863658546,7.277697312562769e-11,1.1365853671895262e-11,6.268007416292683,0.4499060669312763,0.07026352296916441
8,8,"(-0.027021, -0.027018]",-0.027019500000000002,41,7.048780487804878,0.02500000224,0.0,0.0,-0.02702104304560976,2.9204493491305155e-10,4.560975612588437e-11,0.0065619996863658546,7.277697312562769e-11,1.1365853671895262e-11,6.197874285682927,0.4723309836891361,0.07376570657927822
9,9,"(-0.026879, -0.026876]",-0.0268775,41,7.048780487804878,0.02500000224,0.0,0.0,-0.02687704377,0.0,0.0,0.006562000141,0.0,0.0,6.159252507121951,0.5455071505976552,0.08519390384597017
10,10,"(-0.026734, -0.026731]",-0.0267325,41,7.048780487804879,0.02500000224,0.0,0.0,-0.02673304453,0.0,0.0,0.006562000141,0.0,0.0,6.112134983121951,0.631141975024424,0.09856781652536896
11,11,"(-0.026592, -0.026589]",-0.026590500000000003,41,7.048780487804879,0.025000000415609756,2.9204493511280455e-10,4.560975615708055e-11,-0.026589043439999998,0.0,0.0,0.006562000141,0.0,0.0,6.064188334951219,0.6967618870668052,0.10881592504382706
12,12,"(-0.026447, -0.026444]",-0.026445499999999997,41,7.048780487804876,0.025000000415609756,2.9204493511280455e-10,4.560975615708055e-11,-0.0264450442,0.0,0.0,0.0065619996863658546,7.277697312562769e-11,1.1365853671895262e-11,6.016667540926829,0.7358904089888728,0.11492677350953716
13,13,"(-0.026301, -0.026298]",-0.0262995,41,7.048780487804879,0.025000000415609756,2.9204493511280455e-10,4.560975615708055e-11,-0.02630104315536585,2.904831976994596e-10,4.5365853750156285e-11,0.0065619996863658546,7.277697312562769e-11,1.1365853671895262e-11,5.954156383268293,0.7234534504600773,0.11298444690964257
14,14,"(-0.026159, -0.026156]",-0.0261575,41,7.048780487804878,0.02500000224,0.0,0.0,-0.026157043869999997,0.0,0.0,0.0065619996863658546,7.277697312562769e-11,1.1365853671895262e-11,5.780305947756098,0.8020477009171291,0.12525880666633565
15,15,"(-0.026014, -0.026011]",-0.0260125,41,7.048780487804878,0.025000000415609756,2.9204493511280455e-10,4.560975615708055e-11,-0.026013042825365856,2.9048319774917057e-10,4.5365853757919834e-11,0.006562000141,0.0,0.0,5.581062695073171,0.9732552145641341,0.1519969281361833
16,16,"(-0.025872, -0.025869]",-0.025870499999999998,41,7.048780487804878,0.025000000415609756,2.9204493511280455e-10,4.560975615708055e-11,-0.02586904354,0.0,0.0,0.0065619996863658546,7.277697312562769e-11,1.1365853671895262e-11,5.234005892902439,1.1979556995713971,0.18708924817796188
17,17,"(-0.025727, -0.025724]",-0.0257255,41,7.048780487804878,0.025000000415609756,2.9204493511280455e-10,4.560975615708055e-11,-0.025725042495365853,2.904831976994596e-10,4.5365853750156285e-11,0.0065619996863658546,7.277697312562769e-11,1.1365853671895262e-11,4.687426593609755,1.195669210470412,0.18673215857354375
18,18,"(-0.025581, -0.025579]",-0.02558,41,7.048780487804878,0.025000000415609756,2.9204493511280455e-10,4.560975615708055e-11,-0.025581043255609757,2.9204493491305155e-10,4.560975612588437e-11,0.0065619996863658546,7.277697312562769e-11,1.1365853671895262e-11,3.9708957004634144,1.408057232510131,0.21990159495556683
19,19,"(-0.025439, -0.025436]",-0.025437500000000002,41,7.048780487804878,0.02500000037,0.0,0.0,-0.02543704398,0.0,0.0,0.0065619996863658546,7.277697312562769e-11,1.1365853671895262e-11,3.3221321287804875,1.3702902545085782,0.2140033839259001
20,20,"(-0.025294, -0.025291]",-0.025292500000000002,41,7.048780487804878,0.02500000037,0.0,0.0,-0.025293042879999998,0.0,0.0,0.006561999675,0.0,0.0,2.9319936310682926,1.3177870867760075,0.20580376671003606
21,21,"(-0.025152, -0.025149]",-0.0251505,41,7.048780487804878,0.02500000037,0.0,0.0,-0.02515085414,0.0,0.0,0.0065619996863658546,7.277697312562769e-11,1.1365853671895262e-11,2.712379424207317,1.2876873196360092,0.20110297284381148
22,22,"(-0.025018, -0.025015]",-0.025016499999999997,41,7.048780487804878,0.02500000037,0.0,0.0,-0.025018064309999997,0.0,0.0,0.006562000141,0.0,0.0,2.4519973175,1.2452575223760802,0.1944765517895575
23,23,"(-0.024925, -0.024923]",-0.024924,41,7.048780487804878,0.02500000037,0.0,0.0,-0.02492471784,0.0,0.0,0.006562000141,0.0,0.0,2.1644135969365856,1.1221204788311807,0.17524577647130946
24,24,"(-0.024879, -0.024876]",-0.024877499999999997,41,7.048780487804878,0.02500000037,0.0,0.0,-0.024877091869999996,0.0,0.0,0.006562000141,0.0,0.0,1.9601850640097562,0.9863220647047559,0.15403762727867887
25,25,"(-0.024847, -0.024844]",-0.0248455,41,7.048780487804878,0.02500000037,0.0,0.0,-0.024846047159999995,0.0,0.0,0.006562000141,0.0,0.0,1.8110875619878049,0.9397324277479124,0.1467615484101042
26,26,"(-0.024821, -0.024818]",-0.0248195,41,7.0487804878048745,0.02500000037,0.0,0.0,-0.02482001111,0.0,0.0,0.006561999675,0.0,0.0,1.6346388749243903,0.9462673462902913,0.1477821312225031
27,27,"(-0.024801, -0.024798]",-0.024799500000000002,41,7.0487804878048745,0.02500000037,0.0,0.0,-0.024798190220000002,0.0,0.0,0.006562000141,0.0,0.0,1.4502581889463415,0.942487431263465,0.14719180767314435
28,28,"(-0.02478, -0.024777]",-0.024778500000000002,41,7.0487804878048745,0.02500000037,0.0,0.0,-0.02477990836,0.0,0.0,0.006562000141,0.0,0.0,1.2685402017268292,0.8977308815958145,0.14020200894239315
29,29,"(-0.024769, -0.024766]",-0.024767499999999998,41,7.048780487804874,0.02500000037,0.0,0.0,-0.02476578765,0.0,0.0,0.006562000606000001,0.0,0.0,1.0759651833292683,0.7529178936567744,0.11758601984562392
30,30,"(-0.030577, -0.030569]",-0.030573,41,21.951219512195117,0.02500000037,0.0,0.0,-0.030571434695365857,2.904831976994596e-10,4.5365853750156285e-11,0.006562000141,0.0,0.0,2.004053502821951,0.8232097404207009,0.12856376198484376
31,31,"(-0.03047, -0.030467]",-0.030468500000000003,41,21.951219512195117,0.02500000037,0.0,0.0,-0.0304689575,0.0,0.0,0.006562000141,0.0,0.0,2.2495474224365855,0.8560652845450821,0.13369493590964546
32,32,"(-0.030333, -0.030331]",-0.030331999999999998,41,21.951219512195117,0.025000000415609756,2.9204493511280455e-10,4.560975615708055e-11,-0.03033304401,0.0,0.0,0.0065619996863658546,7.277697312562769e-11,1.1365853671895262e-11,2.645786650278049,1.2065922812844982,0.18843805563395521
33,33,"(-0.030191, -0.030188]",-0.0301895,41,21.951219512195117,0.025000000415609756,2.9204493511280455e-10,4.560975615708055e-11,-0.030189042955365855,2.904831975177612e-10,4.5365853721779764e-11,0.0065619996863658546,7.277697312562769e-11,1.1365853671895262e-11,3.212025442717073,1.5245812732594368,0.23809959274984716
34,34,"(-0.030046, -0.030043]",-0.030044500000000002,41,21.951219512195102,0.025000000415609756,2.9204493511280455e-10,4.560975615708055e-11,-0.030045043680000005,0.0,0.0,0.0065619996863658546,7.277697312562769e-11,1.1365853671895262e-11,3.7686688649390243,1.805487968484141,0.2819698480827853
35,35,"(-0.029904, -0.029901]",-0.0299025,41,21.951219512195102,0.025000000415609756,2.9204493511280455e-10,4.560975615708055e-11,-0.029901042625365852,2.9048319774917057e-10,4.5365853757919834e-11,0.0065619996863658546,7.277697312562769e-11,1.1365853671895262e-11,4.4193799526829265,1.972110998201825,0.30799199345107303
36,36,"(-0.029759, -0.029756]",-0.0297575,41,21.951219512195102,0.025000000415609756,2.9204493511280455e-10,4.560975615708055e-11,-0.02975704335,0.0,0.0,0.0065619996863658546,7.277697312562769e-11,1.1365853671895262e-11,5.305152572543902,1.7951270822491807,0.2803517495029717
37,37,"(-0.029614, -0.029611]",-0.0296125,41,21.951219512195102,0.025000000415609756,2.9204493511280455e-10,4.560975615708055e-11,-0.029613044110000004,0.0,0.0,0.0065619996863658546,7.277697312562769e-11,1.1365853671895262e-11,6.172673981365854,1.4152029489079723,0.2210175683668068
38,38,"(-0.029471, -0.029468]",-0.029469500000000003,41,21.951219512195102,0.025000000415609756,2.9204493511280455e-10,4.560975615708055e-11,-0.029469043065365852,2.9048319774917057e-10,4.5365853757919834e-11,0.0065619996863658546,7.277697312562769e-11,1.1365853671895262e-11,6.645093184780488,1.244427802452644,0.19434697130780054
39,39,"(-0.029326, -0.029323]",-0.0293245,41,21.951219512195102,0.025000000415609756,2.9204493511280455e-10,4.560975615708055e-11,-0.02932504378,0.0,0.0,0.0065619996863658546,7.277697312562769e-11,1.1365853671895262e-11,6.808446093634147,1.0707253889822035,0.16721921194699177
40,40,"(-0.029184, -0.029181]",-0.0291825,41,21.951219512195102,0.025000000415609756,2.9204493511280455e-10,4.560975615708055e-11,-0.029181042735365852,2.904831976994596e-10,4.5365853750156285e-11,0.0065619996863658546,7.277697312562769e-11,1.1365853671895262e-11,6.91514093497561,0.8553182330047535,0.13357826606026765
41,41,"(-0.029039, -0.029036]",-0.0290375,41,21.951219512195102,0.025000000415609756,2.9204493511280455e-10,4.560975615708055e-11,-0.02903704345,0.0,0.0,0.0065619996863658546,7.277697312562769e-11,1.1365853671895262e-11,6.938464603219512,0.7410222401171405,0.11572823088221576
42,42,"(-0.028894, -0.028891]",-0.0288925,41,21.951219512195102,0.025000000415609756,2.9204493511280455e-10,4.560975615708055e-11,-0.02889304422,0.0,0.0,0.0065619996863658546,7.277697312562769e-11,1.1365853671895262e-11,6.865840823341463,0.6758382244129266,0.10554819793468272
43,43,"(-0.028751, -0.028748]",-0.028749499999999997,41,21.951219512195102,0.025000000415609756,2.9204493511280455e-10,4.560975615708055e-11,-0.028749043165365855,2.904831975177612e-10,4.5365853721779764e-11,0.0065619996863658546,7.277697312562769e-11,1.1365853671895262e-11,6.780468855219512,0.6158256862789476,0.09617581409381579
44,44,"(-0.028606, -0.028603]",-0.028604499999999998,41,21.951219512195102,0.025000000415609756,2.9204493511280455e-10,4.560975615708055e-11,-0.02860504389,0.0,0.0,0.0065619996863658546,7.277697312562769e-11,1.1365853671895262e-11,6.696781964292684,0.5904107970382166,0.09220667523310858
45,45,"(-0.028461, -0.028458]",-0.0284595,41,21.951219512195102,0.025000000415609756,2.9204493511280455e-10,4.560975615708055e-11,-0.02846104283536585,2.9048319774917057e-10,4.5365853757919834e-11,0.0065619996863658546,7.277697312562769e-11,1.1365853671895262e-11,6.634031886804878,0.5727258526331493,0.08944475093657836
46,46,"(-0.028319, -0.028316]",-0.028317500000000002,41,21.951219512195102,0.025000000415609756,2.9204493511280455e-10,4.560975615708055e-11,-0.028317043559999998,0.0,0.0,0.0065619996863658546,7.277697312562769e-11,1.1365853671895262e-11,6.596289632878048,0.5326054450835092,0.08317899596104701
