,index,Bins,bin_centres,Counts,Bin Variance,x-coordinate_bin_mean,x-coordinate_std,x-coordinate_sem,y-coordinate_bin_mean,y-coordinate_std,y-coordinate_sem,z-coordinate_bin_mean,z-coordinate_std,z-coordinate_sem,velocity-magnitude_bin_mean,velocity-magnitude_std,velocity-magnitude_sem
0,0,"(-0.029472, -0.029469]",-0.0294705,41,39.024390243902445,0.02999999933,0.0,0.0,-0.029469043019999995,0.0,0.0,0.006562000141,0.0,0.0,4.1284693140560975,1.4066804314507022,0.21968657475474362
1,1,"(-0.029327, -0.029324]",-0.029325499999999997,41,39.024390243902445,0.02999999933,0.0,0.0,-0.02932504378,0.0,0.0,0.006562000141,0.0,0.0,4.355053013780488,1.291104263109225,0.20163660976018433
2,2,"(-0.029182, -0.029178]",-0.029179999999999998,41,39.024390243902445,0.02999999933,0.0,0.0,-0.02918104269,0.0,0.0,0.006562000141,0.0,0.0,4.557558380829268,1.2119679095847828,0.18927758772812553
3,3,"(-0.029041, -0.029037]",-0.029039000000000002,41,39.024390243902445,0.02999999933,0.0,0.0,-0.02903704345,0.0,0.0,0.006562000141,0.0,0.0,4.716628616170731,1.155188079018368,0.18041006798917084
4,4,"(-0.028895, -0.028892]",-0.028893500000000003,41,39.024390243902445,0.02999999933,0.0,0.0,-0.02889304422,0.0,0.0,0.006562000141,0.0,0.0,4.882597906585366,1.0837238145424075,0.16924922496535783
5,5,"(-0.02875, -0.028747]",-0.028748500000000003,41,39.02439024390246,0.02999999933,0.0,0.0,-0.028749043119999998,0.0,0.0,0.006562000141,0.0,0.0,4.974049102975609,1.083131965967921,0.16915679374701187
6,6,"(-0.028605, -0.028601]",-0.028603,41,39.02439024390246,0.02999999933,0.0,0.0,-0.02860504389,0.0,0.0,0.006562000141,0.0,0.0,5.059108274682927,1.104157605687463,0.17244044699812722
7,7,"(-0.028464, -0.02846]",-0.028462,41,39.02439024390246,0.02999999933,0.0,0.0,-0.02846104279,0.0,0.0,0.006562000141,0.0,0.0,5.13864099804878,1.0535226415601788,0.16453259416727464
8,8,"(-0.028319, -0.028315]",-0.028317000000000002,41,39.02439024390246,0.02999999933,0.0,0.0,-0.028317043559999998,0.0,0.0,0.006562000141,0.0,0.0,5.203515969441463,1.134480261523794,0.17717605023054056
9,9,"(-0.028173, -0.02817]",-0.028171500000000002,41,39.02439024390246,0.02999999933,0.0,0.0,-0.028173042459999995,0.0,0.0,0.006562000141,0.0,0.0,5.255291185634146,1.157718425420921,0.18080524170573886
10,10,"(-0.028032, -0.028028]",-0.02803,41,39.02439024390246,0.02999999933,0.0,0.0,-0.02802904323,0.0,0.0,0.006562000141,0.0,0.0,5.331949231414634,1.176922416857545,0.183804401291673
11,11,"(-0.027887, -0.027883]",-0.027885,41,39.02439024390246,0.02999999933,0.0,0.0,-0.027885043990000004,0.0,0.0,0.006562000141,0.0,0.0,5.497557649512195,1.1139287450431825,0.17396644258924776
12,12,"(-0.027742, -0.027738]",-0.02774,41,39.02439024390246,0.02999999933,0.0,0.0,-0.027741042899999995,0.0,0.0,0.006562000141,0.0,0.0,5.671868188585366,0.997835871221687,0.15583578175608553
13,13,"(-0.0276, -0.027596]",-0.027597999999999998,41,39.02439024390245,0.02999999933,0.0,0.0,-0.02759704366,0.0,0.0,0.006562000141,0.0,0.0,5.742255312853659,0.9835425060592768,0.1536035331486244
14,14,"(-0.027455, -0.027451]",-0.027452999999999998,41,39.02439024390245,0.02999999933,0.0,0.0,-0.02745304257,0.0,0.0,0.006562000141,0.0,0.0,5.737265844585366,1.042898438934397,0.16287337247613948
15,15,"(-0.02731, -0.027306]",-0.027308,41,2.439024390243905,0.02999999933,0.0,0.0,-0.02730904333,0.0,0.0,0.006562000141,0.0,0.0,5.715025232170731,1.0973986464587748,0.17138487490893128
16,16,"(-0.027168, -0.027165]",-0.027166500000000003,41,1.5609756097560967,0.02999999933,0.0,0.0,-0.0271650441,0.0,0.0,0.006562000141,0.0,0.0,5.6592378087317075,1.0432045764358258,0.1629211831213928
17,17,"(-0.027023, -0.027019]",-0.027021,41,0.8780487804878044,0.02999999933,0.0,0.0,-0.027021042999999998,0.0,0.0,0.006562000141,0.0,0.0,5.556695151390244,0.9959686277842531,0.15554416732409967
18,18,"(-0.026878, -0.026874]",-0.026875999999999997,41,0.3902439024390241,0.02999999933,0.0,0.0,-0.02687704377,0.0,0.0,0.006562000141,0.0,0.0,5.453586768707317,1.002712584227595,0.15659739637186929
19,19,"(-0.026737, -0.026733]",-0.026735000000000002,41,0.09756097560975598,0.02999999933,0.0,0.0,-0.02673304267,0.0,0.0,0.006562000141,0.0,0.0,5.324797087390244,1.0313264434995166,0.16106613041651646
20,20,"(-0.026591, -0.026588]",-0.026589500000000002,41,0.0,0.02999999933,0.0,0.0,-0.026589043439999998,0.0,0.0,0.006562000141,0.0,0.0,5.177818990243902,1.1516609280995274,0.17985921956142667
21,21,"(-0.026446, -0.026443]",-0.026444500000000003,41,0.09756097560975598,0.02999999933,0.0,0.0,-0.0264450442,0.0,0.0,0.006562000141,0.0,0.0,5.007059390756098,1.310906821240408,0.20472924975854898
22,22,"(-0.026301, -0.026297]",-0.026299000000000003,41,0.3902439024390241,0.02999999933,0.0,0.0,-0.02630104311,0.0,0.0,0.006562000141,0.0,0.0,4.726967677919512,1.4454675434952167,0.2257441039555303
23,23,"(-0.02616, -0.026156]",-0.026158,41,0.8780487804878044,0.02999999933,0.0,0.0,-0.026157043869999997,0.0,0.0,0.006562000141,0.0,0.0,4.453486170068293,1.4969874262644463,0.23379015785966087
24,24,"(-0.026014, -0.026011]",-0.0260125,41,1.5609756097560967,0.02999999933,0.0,0.0,-0.026013042779999995,0.0,0.0,0.006562000141,0.0,0.0,4.037925386892683,1.4187486669295695,0.22157131648883585
25,25,"(-0.025869, -0.025866]",-0.0258675,41,2.439024390243905,0.02999999933,0.0,0.0,-0.02586904354,0.0,0.0,0.006562000141,0.0,0.0,3.591117394268293,1.2777985589489615,0.19955860788689908
26,26,"(-0.025728, -0.025724]",-0.025726,41,3.5121951219512235,0.02999999933,0.0,0.0,-0.02572504245,0.0,0.0,0.006562000141,0.0,0.0,3.213670402585366,1.3269976416981273,0.20724221372130514
27,27,"(-0.025583, -0.025579]",-0.025581,41,4.780487804878048,0.02999999933,0.0,0.0,-0.02558104321,0.0,0.0,0.006562000141,0.0,0.0,2.9920463192926827,1.32590673112587,0.20707184211335167
28,28,"(-0.025438, -0.025434]",-0.025436,41,6.243902439024393,0.02999999933,0.0,0.0,-0.02543704398,0.0,0.0,0.006562000141,0.0,0.0,2.828678107709756,1.3243376787749803,0.20682679730511305
29,29,"(-0.025296, -0.025292]",-0.025293999999999997,41,7.90243902439024,0.02999999933,0.0,0.0,-0.025293042879999998,0.0,0.0,0.006562000141,0.0,0.0,2.720719647014634,1.2563162979980553,0.19620364238032337
30,30,"(-0.025151, -0.025147]",-0.025148999999999998,41,9.756097560975608,0.02999999933,0.0,0.0,-0.02514904365,0.0,0.0,0.006562000141,0.0,0.0,2.449298708392683,1.0435384167445803,0.16297332021828104
31,31,"(-0.025006, -0.025002]",-0.025004,41,11.804878048780486,0.02999999933,0.0,0.0,-0.02500504255,0.0,0.0,0.006562000141,0.0,0.0,2.2399711049804876,0.8766733069571062,0.13691336829481596
32,32,"(-0.024864, -0.024861]",-0.024862500000000003,41,14.048780487804887,0.02999999933,0.0,0.0,-0.024861043319999998,0.0,0.0,0.006562000141,0.0,0.0,2.1372328425780487,0.9186143767964633,0.14346346294926113
33,33,"(-0.024719, -0.024715]",-0.024717000000000003,41,16.487804878048777,0.02999999933,0.0,0.0,-0.02471704409,0.0,0.0,0.006562000141,0.0,0.0,2.03369781157561,1.0476229772304724,0.16361122139502438
34,34,"(-0.024574, -0.02457]",-0.024572,41,19.12195121951219,0.02999999933,0.0,0.0,-0.02457304299,0.0,0.0,0.006562000141,0.0,0.0,1.9111215814073172,0.9270833069583689,0.1447860876318178
35,35,"(-0.024433, -0.024429]",-0.024431,41,21.951219512195102,0.02999999933,0.0,0.0,-0.024429043749999997,0.0,0.0,0.006562000141,0.0,0.0,1.6308903704999997,0.894305632010618,0.1396670748292656
36,36,"(-0.031464, -0.031453]",-0.0314585,41,2.4390243902439046,0.03000000114463415,2.90483196925954e-10,4.536585362935501e-11,-0.03145632893,0.0,0.0,0.006562000141,0.0,0.0,1.7480679233365852,1.0308355135648297,0.16098946004179268
37,37,"(-0.031337, -0.031333]",-0.031335,41,2.4390243902439046,0.02999999933,0.0,0.0,-0.03133584931,0.0,0.0,0.006562000141,0.0,0.0,1.9003924400048782,1.0259680344669813,0.16022928752016752
38,38,"(-0.031199, -0.031196]",-0.031197500000000003,41,2.4390243902439046,0.02999999933,0.0,0.0,-0.031197043140000002,0.0,0.0,0.006562000141,0.0,0.0,1.9582246346902439,1.0544995693171801,0.16468516465017893
39,39,"(-0.031054, -0.031051]",-0.031052499999999997,41,2.4390243902439046,0.02999999933,0.0,0.0,-0.0310530439,0.0,0.0,0.006562000141,0.0,0.0,2.1903593081439023,1.0890319367363783,0.17007821437695467
40,40,"(-0.030909, -0.030905]",-0.030906999999999997,41,2.4390243902439046,0.02999999933,0.0,0.0,-0.03090904281,0.0,0.0,0.006562000141,0.0,0.0,2.5404658351512195,1.1577750984756825,0.1808140925498987
41,41,"(-0.030768, -0.030764]",-0.030766,41,2.4390243902439046,0.02999999933,0.0,0.0,-0.03076504357,0.0,0.0,0.006562000141,0.0,0.0,2.8326327270780487,1.3892509001072026,0.21696453927687392
42,42,"(-0.030623, -0.030619]",-0.030621000000000002,41,2.4390243902439046,0.02999999933,0.0,0.0,-0.03062104248,0.0,0.0,0.006562000141,0.0,0.0,2.9114432133658537,1.5746515214925012,0.24591925177510116
43,43,"(-0.030477, -0.030474]",-0.030475500000000003,41,2.4390243902439046,0.02999999933,0.0,0.0,-0.030477043239999998,0.0,0.0,0.006562000141,0.0,0.0,2.9986832746902436,1.6314471954529803,0.2547892458365079
44,44,"(-0.030336, -0.030332]",-0.030334,41,2.4390243902439046,0.02999999933,0.0,0.0,-0.03033304401,0.0,0.0,0.006562000141,0.0,0.0,3.1805612758317077,1.7112633422718537,0.2672544337446647
45,45,"(-0.030191, -0.030187]",-0.030189,41,2.4390243902439046,0.02999999933,0.0,0.0,-0.03018904291,0.0,0.0,0.006562000141,0.0,0.0,3.392522119478049,1.7849596664411798,0.27876386592755054
46,46,"(-0.030046, -0.030042]",-0.030044,41,2.4390243902439046,0.02999999933,0.0,0.0,-0.030045043680000005,0.0,0.0,0.006562000141,0.0,0.0,3.4799058054658536,1.866071101071445,0.2914313438059408
47,47,"(-0.029904, -0.0299]",-0.029901999999999998,41,2.4390243902439046,0.02999999933,0.0,0.0,-0.029901042579999995,0.0,0.0,0.006562000141,0.0,0.0,3.66716160577561,1.7573760934769838,0.2744560355714032
48,48,"(-0.029759, -0.029755]",-0.029757,41,2.4390243902439046,0.02999999933,0.0,0.0,-0.02975704335,0.0,0.0,0.006562000141,0.0,0.0,3.7942609007317074,1.6599945313806785,0.2592475906802343
49,49,"(-0.029614, -0.02961]",-0.029612,41,2.4390243902439046,0.02999999933,0.0,0.0,-0.029613044110000004,0.0,0.0,0.006562000141,0.0,0.0,3.9631235114731704,1.5528395869515519,0.24251279990377306
50,50,"(-0.024295, -0.024291]",-0.024293000000000002,41,51.60975609756097,0.02999999933,0.0,0.0,-0.02429169975,0.0,0.0,0.006562000141,0.0,0.0,1.609225286104878,0.8284429541856784,0.12938105266528752
51,51,"(-0.024206, -0.024202]",-0.024204,41,56.19512195121952,0.02999999933,0.0,0.0,-0.02420346625,0.0,0.0,0.006562000594658537,7.26207992314885e-11,1.1341463407338752e-11,1.5827670830170733,0.7745197593777705,0.1209596644790844
52,52,"(-0.024127, -0.024124]",-0.0241255,41,60.97560975609755,0.03000000114463415,2.90483196925954e-10,4.536585362935501e-11,-0.024124249774390243,2.920449344190503e-10,4.5609756048734334e-11,0.006562000594658537,7.26207992314885e-11,1.1341463407338752e-11,1.4740844100853658,0.797853434640413,0.12460377232353839
53,53,"(-0.024042, -0.024038]",-0.02404,41,65.95121951219511,0.02999999933,0.0,0.0,-0.0240409188,0.0,0.0,0.006562000141,0.0,0.0,1.401193473392683,0.797755671441839,0.12458850427704282
54,54,"(-0.024016, -0.024012]",-0.024014,41,71.12195121951217,0.02999999933,0.0,0.0,-0.02401195839,0.0,0.0,0.006562000606000001,0.0,0.0,1.3285980123609755,0.7840106071495374,0.12244188587911332
