,index,Bins,bin_centres,Counts,Bin Variance,x-coordinate_bin_mean,x-coordinate_std,x-coordinate_sem,y-coordinate_bin_mean,y-coordinate_std,y-coordinate_sem,z-coordinate_bin_mean,z-coordinate_std,z-coordinate_sem,velocity-magnitude_bin_mean,velocity-magnitude_std,velocity-magnitude_sem
0,0,"(-0.030577, -0.030569]",-0.030573,20,0.0,0.025000000370000004,0.0,0.0,-0.03057143651,0.0,0.0,0.006562000141,0.0,0.0,1.1135174502649998,0.1656451990771107,0.03703939252829049
1,1,"(-0.03047, -0.030467]",-0.030468500000000003,20,0.0,0.025000000370000004,0.0,0.0,-0.030468957499999998,0.0,0.0,0.006562000141,0.0,0.0,1.5314215763,0.20922032764093543,0.04678308748799098
2,2,"(-0.030333, -0.030331]",-0.030331999999999998,20,0.0,0.025000000370000004,0.0,0.0,-0.030333044009999997,0.0,0.0,0.006562000141,0.0,0.0,2.2745756654,0.30659218353646883,0.06855609637576361
3,3,"(-0.030191, -0.030188]",-0.0301895,20,0.0,0.025000002239999996,0.0,0.0,-0.03018904291,0.0,0.0,0.006561999675000001,0.0,0.0,3.4365069965000004,0.39312140354670827,0.08790461817405666
4,4,"(-0.030046, -0.030043]",-0.030044500000000002,20,0.0,0.025000000370000004,0.0,0.0,-0.03004504368,0.0,0.0,0.006562000141,0.0,0.0,4.6674387454,0.37774463634182354,0.08446626849962549
5,5,"(-0.029904, -0.029901]",-0.0299025,20,0.0,0.025000000370000004,0.0,0.0,-0.02990104258,0.0,0.0,0.006561999675000001,0.0,0.0,5.619397960300001,0.2880336062437963,0.06440627233655363
6,6,"(-0.029759, -0.029756]",-0.0297575,20,0.0,0.025000000370000004,0.0,0.0,-0.02975704335,0.0,0.0,0.006561999675000001,0.0,0.0,6.2022241429,0.20870067475926232,0.04666688957117851
7,7,"(-0.029614, -0.029611]",-0.0296125,20,0.0,0.025000002239999996,0.0,0.0,-0.029613044109999997,0.0,0.0,0.006561999675000001,0.0,0.0,6.509412961200001,0.19517888896465424,0.04364332634978504
8,8,"(-0.029471, -0.029468]",-0.029469500000000003,20,0.0,0.025000000370000004,0.0,0.0,-0.029469043019999995,0.0,0.0,0.006562000141,0.0,0.0,6.6726795893499995,0.2046460796880185,0.045760254551124833
9,9,"(-0.029326, -0.029323]",-0.0293245,20,0.0,0.025000000370000004,0.0,0.0,-0.029325043779999997,0.0,0.0,0.006561999675000001,0.0,0.0,6.765458570200001,0.21275342697234897,0.047573112515620956
10,10,"(-0.029184, -0.029181]",-0.0291825,20,0.0,0.025000002239999996,0.0,0.0,-0.02918104269,0.0,0.0,0.006561999675000001,0.0,0.0,6.8181713012000005,0.21831200420185323,0.048816048169956355
11,11,"(-0.029039, -0.029036]",-0.0290375,20,0.0,0.025000002239999996,0.0,0.0,-0.02903704345,0.0,0.0,0.006562000141,0.0,0.0,6.84385824275,0.2237025398785173,0.05002140859077222
12,12,"(-0.028894, -0.028891]",-0.0288925,20,0.0,0.025000002239999996,0.0,0.0,-0.028893044220000004,0.0,0.0,0.006562000141,0.0,0.0,6.84994786525,0.2305661019615108,0.051556147729308575
13,13,"(-0.028751, -0.028748]",-0.028749499999999997,20,0.0,0.025000000370000004,0.0,0.0,-0.02874904312,0.0,0.0,0.006562000141,0.0,0.0,6.8412269322,0.23924441233660443,0.05349667692216368
14,14,"(-0.028606, -0.028603]",-0.028604499999999998,20,0.0,0.025000002239999996,0.0,0.0,-0.028605043890000004,0.0,0.0,0.006561999675000001,0.0,0.0,6.821017583600001,0.2491610338664108,0.05571410090694218
15,15,"(-0.028461, -0.028458]",-0.0284595,20,0.0,0.025000002239999996,0.0,0.0,-0.02846104465,0.0,0.0,0.006562000141,0.0,0.0,6.791635794149999,0.2591763768575794,0.05795359968156508
16,16,"(-0.028319, -0.028316]",-0.028317500000000002,20,0.0,0.025000000370000004,0.0,0.0,-0.028317043559999998,0.0,0.0,0.006562000141,0.0,0.0,6.7549892829000004,0.26839586968144696,0.06001514094878902
17,17,"(-0.028174, -0.028171]",-0.028172500000000003,20,0.0,0.025000002239999996,0.0,0.0,-0.02817304246,0.0,0.0,0.006561999675000001,0.0,0.0,6.7126373751,0.27572867111738314,0.061654805196415155
18,18,"(-0.028031, -0.028029]",-0.02803,20,0.0,0.025000000370000004,0.0,0.0,-0.02802904323,0.0,0.0,0.006562000141,0.0,0.0,6.666016546500001,0.2802041953633617,0.06265556284131081
19,19,"(-0.027886, -0.027883]",-0.0278845,20,0.0,0.025000002239999996,0.0,0.0,-0.027885043990000004,0.0,0.0,0.006561999675000001,0.0,0.0,6.61644071135,0.28098790692177444,0.06283080607324713
20,20,"(-0.027741, -0.027738]",-0.0277395,20,0.0,0.025000000370000004,0.0,0.0,-0.027741042900000002,0.0,0.0,0.006562000141,0.0,0.0,6.56492311575,0.27744156521929525,0.06203781996142855
21,21,"(-0.027599, -0.027596]",-0.027597499999999997,20,0.0,0.025000000370000004,0.0,0.0,-0.027597043659999997,0.0,0.0,0.006561999675000001,0.0,0.0,6.512097177949999,0.26925885409366096,0.06020811012971234
22,22,"(-0.027454, -0.027451]",-0.027452499999999998,20,0.0,0.025000000370000004,0.0,0.0,-0.027453042569999996,0.0,0.0,0.006561999675000001,0.0,0.0,6.45821751255,0.2566173081806505,0.05738137452949473
23,23,"(-0.027312, -0.027309]",-0.0273105,20,0.0,0.025000002239999996,0.0,0.0,-0.027309043329999998,0.0,0.0,0.006561999675000001,0.0,0.0,6.403392728849999,0.24024739096691314,0.053720949761898666
24,24,"(-0.027166, -0.027164]",-0.027165,20,0.0,0.025000002239999996,0.0,0.0,-0.0271650441,0.0,0.0,0.006562000141,0.0,0.0,6.3479010932,0.22135365303500126,0.049496181525416544
25,25,"(-0.027021, -0.027018]",-0.027019500000000002,20,0.0,0.025000002239999996,0.0,0.0,-0.02702104487,0.0,0.0,0.006562000141,0.0,0.0,6.29239110165,0.20160165032991417,0.0450794994513831
26,26,"(-0.026879, -0.026876]",-0.0268775,20,0.0,0.025000002239999996,0.0,0.0,-0.026877043770000004,0.0,0.0,0.006562000141,0.0,0.0,6.23799323495,0.18313851767049188,0.040951017480976626
27,27,"(-0.026734, -0.026731]",-0.0267325,20,0.0,0.025000002239999996,0.0,0.0,-0.02673304453,0.0,0.0,0.006562000141,0.0,0.0,6.18592630105,0.168123675999969,0.037593596816308056
28,28,"(-0.026592, -0.026589]",-0.026590500000000003,20,0.0,0.025000002239999996,0.0,0.0,-0.026589043440000005,0.0,0.0,0.006562000141,0.0,0.0,6.1365394023,0.1581685662564723,0.03536756660531515
29,29,"(-0.026447, -0.026444]",-0.026445499999999997,20,0.0,0.025000002239999996,0.0,0.0,-0.0264450442,0.0,0.0,0.006562000141,0.0,0.0,6.08623642675,0.15360907570925075,0.03434803352467964
30,30,"(-0.026301, -0.026298]",-0.0262995,20,0.0,0.025000002239999996,0.0,0.0,-0.02630104497,0.0,0.0,0.006562000141,0.0,0.0,6.01722978345,0.15506145522197007,0.03467279545663648
31,31,"(-0.026159, -0.026156]",-0.0261575,20,0.0,0.025000002239999996,0.0,0.0,-0.02615704387,0.0,0.0,0.006562000141,0.0,0.0,5.8631656112,0.19770147424037504,0.04420739356534022
32,32,"(-0.026014, -0.026011]",-0.0260125,20,0.0,0.025000002239999996,0.0,0.0,-0.02601304464,0.0,0.0,0.006562000141,0.0,0.0,5.46927455975,0.3667526866122621,0.08200839381956951
33,33,"(-0.025872, -0.025869]",-0.025870499999999998,20,0.0,0.025000002239999996,0.0,0.0,-0.025869043540000004,0.0,0.0,0.006562000141,0.0,0.0,4.7154613679,0.5094617429746577,0.11391910892268606
34,34,"(-0.025727, -0.025724]",-0.0257255,20,0.0,0.025000002239999996,0.0,0.0,-0.02572504431,0.0,0.0,0.006562000141,0.0,0.0,3.76495251705,0.549551063911879,0.1228833536014293
35,35,"(-0.025581, -0.025579]",-0.02558,20,0.0,0.025000002239999996,0.0,0.0,-0.025581043209999998,0.0,0.0,0.006562000141,0.0,0.0,2.7855140501499998,0.5290229187933315,0.11829312080772403
36,36,"(-0.025439, -0.025436]",-0.025437500000000002,20,0.0,0.025000002239999996,0.0,0.0,-0.02543704398,0.0,0.0,0.006562000141,0.0,0.0,1.9118087361499998,0.4206838961806164,0.09406777888993224
37,37,"(-0.025294, -0.025291]",-0.025292500000000002,20,0.0,0.025000002239999996,0.0,0.0,-0.02529304475,0.0,0.0,0.006562000141,0.0,0.0,1.277493488525,0.25394598826635423,0.0567840492376932
38,38,"(-0.025152, -0.025149]",-0.0251505,20,0.0,0.025000000370000004,0.0,0.0,-0.02515085414,0.0,0.0,0.006562000141,0.0,0.0,0.942049089785,0.12870441072036287,0.028779181137478405
39,39,"(-0.025018, -0.025015]",-0.025016499999999997,20,0.0,0.025000000370000004,0.0,0.0,-0.025018064309999997,0.0,0.0,0.006562000141,0.0,0.0,0.8121015686599999,0.08391861616885746,0.018764773033127822
40,40,"(-0.024925, -0.024923]",-0.024924,20,0.0,0.025000000370000004,0.0,0.0,-0.02492471784,0.0,0.0,0.006562000141,0.0,0.0,0.789625881365,0.08870314773661112,0.019834626815726907
41,41,"(-0.024879, -0.024876]",-0.024877499999999997,20,0.0,0.025000000370000004,0.0,0.0,-0.02487709187,0.0,0.0,0.006562000141,0.0,0.0,0.778181923355,0.09093684466713486,0.02033409663350528
42,42,"(-0.024847, -0.024844]",-0.0248455,20,0.0,0.025000000370000004,0.0,0.0,-0.02484604903,0.0,0.0,0.006562000141,0.0,0.0,0.75913176301,0.09098196514746171,0.020344185879624103
43,43,"(-0.024821, -0.024818]",-0.0248195,20,0.0,0.025000000370000004,0.0,0.0,-0.02482001111,0.0,0.0,0.006561999675000001,0.0,0.0,0.719406164535,0.08861365253480648,0.019814615080237383
44,44,"(-0.024801, -0.024798]",-0.024799500000000002,20,0.0,0.025000000370000004,0.0,0.0,-0.02479819022,0.0,0.0,0.006562000141,0.0,0.0,0.647998872815,0.08340957413831515,0.018650947774758113
45,45,"(-0.02478, -0.024777]",-0.024778500000000002,20,0.0,0.025000000370000004,0.0,0.0,-0.02477990836,0.0,0.0,0.006562000141,0.0,0.0,0.545222101405,0.07507710244582005,0.016787750462256935
46,46,"(-0.024769, -0.024766]",-0.024767499999999998,20,0.0,0.025000000370000004,0.0,0.0,-0.02476578765,0.0,0.0,0.006562000606,0.0,0.0,0.427568358755,0.06352860676044493,0.014205428323220755
