,index,Bins,bin_centres,Counts,Bin Variance,x-coordinate_bin_mean,x-coordinate_std,x-coordinate_sem,y-coordinate_bin_mean,y-coordinate_std,y-coordinate_sem,z-coordinate_bin_mean,z-coordinate_std,z-coordinate_sem,velocity-magnitude_bin_mean,velocity-magnitude_std,velocity-magnitude_sem
0,0,"(-0.025835, -0.025833]",-0.025834,20,0.0,0.01999999955,0.0,0.0,-0.02583321184,0.0,0.0,0.006562000141,0.0,0.0,5.67054038655,0.6862206323372457,0.15344359814689718
1,1,"(-0.026028, -0.026026]",-0.026027,20,0.0,0.0199999474,0.0,0.0,-0.02602700889,0.0,0.0,0.006562000141,0.0,0.0,6.3191661132,0.5208960984918106,0.11647590854421142
2,2,"(-0.026074, -0.026072]",-0.026073,20,0.0,0.01999998651,0.0,0.0,-0.02607314475,0.0,0.0,0.006562000141,0.0,0.0,6.2538610195499995,0.6014172426018536,0.1344809837298227
3,3,"(-0.026158, -0.026156]",-0.026157,20,0.0,0.01999999955,0.0,0.0,-0.02615704387,0.0,0.0,0.006562000141,0.0,0.0,6.55186953085,0.5206411027678602,0.11641888976693894
4,4,"(-0.026303, -0.026301]",-0.026302,20,0.0,0.01999999955,0.0,0.0,-0.02630104311,0.0,0.0,0.006562000141,0.0,0.0,6.7627473541,0.30532458289069553,0.06827265225453644
5,5,"(-0.026445, -0.026443]",-0.026444000000000002,20,0.0,0.01999999955,0.0,0.0,-0.0264450442,0.0,0.0,0.006562000141,0.0,0.0,6.8704486351,0.21816963007637252,0.04878421234767516
6,6,"(-0.02659, -0.026588]",-0.026589,20,0.0,0.01999999955,0.0,0.0,-0.026589043440000005,0.0,0.0,0.006562000141,0.0,0.0,6.89388933025,0.22249575143105998,0.04975156249047462
7,7,"(-0.026734, -0.026732]",-0.026733,20,0.0,0.01999999955,0.0,0.0,-0.026733042669999995,0.0,0.0,0.006562000141,0.0,0.0,6.89249965315,0.20540888781738711,0.045930823634230594
8,8,"(-0.026879, -0.026877]",-0.026878,20,0.0,0.01999999955,0.0,0.0,-0.026877043770000004,0.0,0.0,0.006562000141,0.0,0.0,6.894114584,0.186813717370329,0.04177281711694889
9,9,"(-0.027022, -0.02702]",-0.027021,20,0.0,0.01999999955,0.0,0.0,-0.027021043,0.0,0.0,0.006562000141,0.0,0.0,6.904954833300001,0.17420634348010877,0.03895372261332005
10,10,"(-0.027166, -0.027164]",-0.027165,20,0.0,0.01999999955,0.0,0.0,-0.0271650441,0.0,0.0,0.006562000141,0.0,0.0,6.92441561145,0.16648593229801542,0.037227386191579025
11,11,"(-0.027311, -0.027309]",-0.02731,20,0.0,0.01999999955,0.0,0.0,-0.027309043329999998,0.0,0.0,0.006562000141,0.0,0.0,6.951047794999999,0.16203105611510152,0.036231245593945
12,12,"(-0.027453, -0.027451]",-0.027452,20,0.0,0.01999999955,0.0,0.0,-0.027453042569999996,0.0,0.0,0.006562000141,0.0,0.0,6.984027697,0.15926337250033662,0.03561237272366233
13,13,"(-0.027598, -0.027596]",-0.027597,20,0.0,0.01999999955,0.0,0.0,-0.027597043659999997,0.0,0.0,0.006562000141,0.0,0.0,7.022950826000001,0.1571954636502997,0.035149974247666735
14,14,"(-0.027742, -0.02774]",-0.027741000000000002,20,0.0,0.01999999955,0.0,0.0,-0.027741042900000002,0.0,0.0,0.006562000141,0.0,0.0,7.06770772525,0.15556975508508258,0.034786454761323825
15,15,"(-0.027887, -0.027885]",-0.027886,20,0.0,0.01999999955,0.0,0.0,-0.027885043990000004,0.0,0.0,0.006562000141,0.0,0.0,7.118107565450001,0.15488167803800337,0.034632596056221175
16,16,"(-0.028029, -0.028027]",-0.028027999999999997,20,0.0,0.01999999955,0.0,0.0,-0.02802904323,0.0,0.0,0.006562000141,0.0,0.0,7.173503558049999,0.15608563493813307,0.034901809003288174
17,17,"(-0.028174, -0.028172]",-0.028173,20,0.0,0.01999999955,0.0,0.0,-0.02817304432,0.0,0.0,0.006562000141,0.0,0.0,7.2325250058999995,0.16000225060209355,0.035777590889923785
18,18,"(-0.028318, -0.028316]",-0.028317000000000002,20,0.0,0.01999999955,0.0,0.0,-0.028317043559999998,0.0,0.0,0.006562000141,0.0,0.0,7.2930259777,0.1670069847925748,0.03734389707134709
19,19,"(-0.028463, -0.028461]",-0.028462,20,0.0,0.01999999955,0.0,0.0,-0.028461042789999995,0.0,0.0,0.006562000141,0.0,0.0,7.352309291349999,0.17680991231048054,0.03953589830220114
20,20,"(-0.028605, -0.028603]",-0.028603999999999997,20,0.0,0.01999999955,0.0,0.0,-0.028605043890000004,0.0,0.0,0.006562000141,0.0,0.0,7.407315292,0.18847113825606834,0.042143427693733
21,21,"(-0.02875, -0.028748]",-0.028749,20,0.0,0.01999999955,0.0,0.0,-0.02874904312,0.0,0.0,0.006562000141,0.0,0.0,7.45477676495,0.20009354494675252,0.044742276835984814
22,22,"(-0.028894, -0.028892]",-0.028893000000000002,20,0.0,0.01999999955,0.0,0.0,-0.028893044220000004,0.0,0.0,0.006562000141,0.0,0.0,7.49100683285,0.20890203121225875,0.04671191424283933
23,23,"(-0.029039, -0.029037]",-0.029038,20,0.0,0.01999999955,0.0,0.0,-0.02903704345,0.0,0.0,0.006562000141,0.0,0.0,7.5109470888,0.2120715330182636,0.047420636392142855
24,24,"(-0.029181, -0.029179]",-0.029179999999999998,20,0.0,0.01999999955,0.0,0.0,-0.02918104269,0.0,0.0,0.006562000141,0.0,0.0,7.50559160835,0.20753581140569796,0.04640641820687168
25,25,"(-0.029326, -0.029324]",-0.029325,20,0.0,0.01999999955,0.0,0.0,-0.029325043779999997,0.0,0.0,0.006562000141,0.0,0.0,7.457467755400001,0.19418189863888816,0.04342039253565278
26,26,"(-0.02947, -0.029468]",-0.029469000000000002,20,0.0,0.01999999955,0.0,0.0,-0.029469043019999995,0.0,0.0,0.006562000141,0.0,0.0,7.32990660315,0.17442378814161133,0.039002344717766466
27,27,"(-0.029593, -0.029591]",-0.029592,20,0.0,0.01999999955,0.0,0.0,-0.02959104441,0.0,0.0,0.006562000141,0.0,0.0,7.0463791036000005,0.16521221159285698,0.0369425735834707
28,28,"(-0.029713, -0.029711]",-0.029712000000000002,20,0.0,0.01999999955,0.0,0.0,-0.02971169166,0.0,0.0,0.006562000606,0.0,0.0,6.5855636768,0.1941322406025657,0.04340928866116816
29,29,"(-0.02981, -0.029808]",-0.029809000000000002,20,0.0,0.01999999955,0.0,0.0,-0.02980891429,0.0,0.0,0.006562000141,0.0,0.0,6.054943071049999,0.22698094009685063,0.05075448116533657
30,30,"(-0.029852, -0.029846]",-0.029849,20,0.0,0.01999999955,0.0,0.0,-0.029847744850000003,0.0,0.0,0.006562000141,0.0,0.0,5.6138142029,0.2414098657965191,0.05398088703601181
31,31,"(-0.025926, -0.025924]",-0.025925,20,0.0,0.01999996044,0.0,0.0,-0.02592459694,0.0,0.0,0.006562000141,0.0,0.0,6.0225496956999995,0.6151761441461027,0.1375575676446895
