,index,Bins,bin_centres,Counts,Bin Variance,x-coordinate_bin_mean,x-coordinate_std,x-coordinate_sem,y-coordinate_bin_mean,y-coordinate_std,y-coordinate_sem,z-coordinate_bin_mean,z-coordinate_std,z-coordinate_sem,velocity-magnitude_bin_mean,velocity-magnitude_std,velocity-magnitude_sem
0,0,"(-0.029903, -0.029898]",-0.0299005,20,0.0,0.03500000015,0.0,0.0,-0.02990104258,0.0,0.0,0.006561999675000001,0.0,0.0,3.2212477196,0.6203365768623543,0.13871147547937474
1,1,"(-0.029758, -0.029753]",-0.0297555,20,0.0,0.03500000015,0.0,0.0,-0.02975704335,0.0,0.0,0.006561999675000001,0.0,0.0,3.3673085225999997,0.6242372495085807,0.13958369239886836
2,2,"(-0.029617, -0.029613]",-0.029615000000000002,20,0.0,0.03500000015,0.0,0.0,-0.02961304225,0.0,0.0,0.006562000141,0.0,0.0,3.48584530365,0.6236424039194494,0.139450680881527
3,3,"(-0.029472, -0.029467]",-0.029469500000000003,20,0.0,0.03500000015,0.0,0.0,-0.029469043019999995,0.0,0.0,0.006561999675000001,0.0,0.0,3.57676794465,0.6190307068714529,0.13841947407243146
4,4,"(-0.029327, -0.029322]",-0.0293245,20,0.0,0.03500000015,0.0,0.0,-0.02932504192,0.0,0.0,0.006562000141,0.0,0.0,3.6406920706999997,0.6109597078807024,0.13661474383346645
5,5,"(-0.029182, -0.029177]",-0.0291795,20,0.0,0.03500000015,0.0,0.0,-0.02918104269,0.0,0.0,0.006561999675000001,0.0,0.0,3.6785293906,0.6002402909063145,0.1342178093300768
6,6,"(-0.029041, -0.029036]",-0.029038500000000002,20,0.0,0.03500000015,0.0,0.0,-0.02903704345,0.0,0.0,0.006561999675000001,0.0,0.0,3.6916312169500003,0.5877368634623852,0.13142195795844056
7,7,"(-0.028896, -0.028891]",-0.028893500000000003,20,0.0,0.03500000015,0.0,0.0,-0.02889304236,0.0,0.0,0.006561999675000001,0.0,0.0,3.6817677598499996,0.5742074484393404,0.12839668878970706
8,8,"(-0.028751, -0.028746]",-0.0287485,20,0.0,0.03500000015,0.0,0.0,-0.02874904312,0.0,0.0,0.006561999675000001,0.0,0.0,3.6509731827499996,0.5602083280786594,0.12526639031453865
9,9,"(-0.028605, -0.028601]",-0.028603,20,0.0,0.03500000015,0.0,0.0,-0.02860504203,0.0,0.0,0.006561999675000001,0.0,0.0,3.60145234715,0.5460882173627057,0.1221090375734691
10,10,"(-0.028465, -0.02846]",-0.0284625,20,0.0,0.03500000015,0.0,0.0,-0.028461042789999995,0.0,0.0,0.006561999675000001,0.0,0.0,3.5354265196,0.5320504653851426,0.11897010080615775
11,11,"(-0.02832, -0.028315]",-0.028317500000000002,20,0.0,0.03500000015,0.0,0.0,-0.028317043559999998,0.0,0.0,0.006561999675000001,0.0,0.0,3.45495906485,0.5183616166827804,0.11590918118293858
12,12,"(-0.028175, -0.02817]",-0.0281725,20,0.0,0.03500000015,0.0,0.0,-0.02817304246,0.0,0.0,0.006561999675000001,0.0,0.0,3.36193872645,0.5053641250261045,0.11300285369480723
13,13,"(-0.028029, -0.028025]",-0.028027,20,0.0,0.03500000015,0.0,0.0,-0.02802904323,0.0,0.0,0.006561999675000001,0.0,0.0,3.2580520213,0.49350147892287294,0.11035028538682236
14,14,"(-0.027889, -0.027884]",-0.0278865,20,0.0,0.03500000015,0.0,0.0,-0.02788504213,0.0,0.0,0.006561999675000001,0.0,0.0,3.144804507,0.4832209849936695,0.10805149706002508
15,15,"(-0.027744, -0.027739]",-0.027741500000000002,20,0.0,0.03500000015,0.0,0.0,-0.027741042900000002,0.0,0.0,0.006561999675000001,0.0,0.0,3.0235507387,0.4748169847193882,0.10617230547040309
16,16,"(-0.027598, -0.027594]",-0.027596000000000002,20,0.0,0.03500000015,0.0,0.0,-0.0275970418,0.0,0.0,0.006561999675000001,0.0,0.0,2.89545038295,0.46843315557180976,0.10474483787733009
17,17,"(-0.027453, -0.027448]",-0.027450500000000003,20,0.0,0.03500000015,0.0,0.0,-0.027453042569999996,0.0,0.0,0.006561999675000001,0.0,0.0,2.76147016165,0.46399575450191743,0.10375260483375914
18,18,"(-0.027313, -0.027308]",-0.0273105,20,0.0,0.03500000015,0.0,0.0,-0.027309043329999998,0.0,0.0,0.006561999675000001,0.0,0.0,2.6222091703499997,0.46146852597791904,0.10318749935632546
19,19,"(-0.027167, -0.027163]",-0.027165,20,0.0,0.03500000015,0.0,0.0,-0.02716504224,0.0,0.0,0.006561999675000001,0.0,0.0,2.4770807736,0.4611168035833613,0.10310885183798145
20,20,"(-0.027022, -0.027018]",-0.027020000000000002,20,0.0,0.03500000015,0.0,0.0,-0.027021043,0.0,0.0,0.006561999675000001,0.0,0.0,2.3240425068499997,0.46247156472247325,0.10341178563801438
21,21,"(-0.026882, -0.026877]",-0.0268795,20,0.0,0.03500000015,0.0,0.0,-0.02687704191,0.0,0.0,0.006561999675000001,0.0,0.0,2.1616253414999997,0.46389837096534886,0.10373082921299348
22,22,"(-0.026736, -0.026732]",-0.026734,20,0.0,0.03500000015,0.0,0.0,-0.026733042669999995,0.0,0.0,0.006561999675000001,0.0,0.0,1.99008392355,0.4628701517419993,0.10350091240507531
23,23,"(-0.026591, -0.026587]",-0.026589,20,0.0,0.03500000015,0.0,0.0,-0.026589043440000005,0.0,0.0,0.006561999675000001,0.0,0.0,1.81194829013,0.45662401144132064,0.10210423297414346
24,24,"(-0.026446, -0.026441]",-0.0264435,20,0.0,0.03500000015,0.0,0.0,-0.026445042339999995,0.0,0.0,0.006561999675000001,0.0,0.0,1.63076169494,0.4422051355157459,0.09888007430127144
25,25,"(-0.026306, -0.026301]",-0.0263035,20,0.0,0.03500000015,0.0,0.0,-0.02630104311,0.0,0.0,0.006561999675000001,0.0,0.0,1.45087877363,0.4182224007497093,0.09351737177895089
26,26,"(-0.02616, -0.026156]",-0.026158,20,0.0,0.03500000015,0.0,0.0,-0.02615704201,0.0,0.0,0.006562000141,0.0,0.0,1.27673854845,0.38494647499244167,0.08607664857820224
27,27,"(-0.026015, -0.02601]",-0.0260125,20,0.0,0.03500000015,0.0,0.0,-0.026013042780000002,0.0,0.0,0.006561999675000001,0.0,0.0,1.11225376766,0.3431315670115359,0.07672655090638186
28,28,"(-0.02587, -0.025865]",-0.0258675,20,0.0,0.03500000015,0.0,0.0,-0.025869043540000004,0.0,0.0,0.006561999675000001,0.0,0.0,0.9612033137499999,0.29438984790533645,0.06582757118021564
29,29,"(-0.025729, -0.025725]",-0.025727,20,0.0,0.03500000015,0.0,0.0,-0.025725042450000003,0.0,0.0,0.006561999675000001,0.0,0.0,0.8273424007700001,0.2427194875200366,0.05427372735587137
30,30,"(-0.025584, -0.025579]",-0.0255815,20,0.0,0.03500000015,0.0,0.0,-0.025581043209999998,0.0,0.0,0.006562000141,0.0,0.0,0.713195295415,0.1939101895352864,0.043359636533076874
31,31,"(-0.025439, -0.025434]",-0.0254365,20,0.0,0.03500000015,0.0,0.0,-0.025437042119999996,0.0,0.0,0.006561999675000001,0.0,0.0,0.618948573465,0.1526250614395391,0.034128001244889135
32,32,"(-0.025294, -0.025289]",-0.0252915,20,0.0,0.03500000015,0.0,0.0,-0.025293042879999998,0.0,0.0,0.006562000141,0.0,0.0,0.543746623295,0.11993578330056805,0.026818456439475422
33,33,"(-0.025153, -0.025148]",-0.0251505,20,0.0,0.03500000015,0.0,0.0,-0.02514904365,0.0,0.0,0.006561999675000001,0.0,0.0,0.48654098467999995,0.09530388302151226,0.021310596095578945
34,34,"(-0.025008, -0.025003]",-0.0250055,20,0.0,0.03500000015,0.0,0.0,-0.025005042550000002,0.0,0.0,0.006561999675000001,0.0,0.0,0.44644865632,0.07891828365343301,0.017646664691668666
35,35,"(-0.024863, -0.024858]",-0.0248605,20,0.0,0.03500000015,0.0,0.0,-0.02486104332,0.0,0.0,0.006561999675000001,0.0,0.0,0.421664440895,0.07043369949444818,0.015749453997637868
36,36,"(-0.024718, -0.024713]",-0.0247155,20,0.0,0.03500000015,0.0,0.0,-0.02471704222,0.0,0.0,0.006562000141,0.0,0.0,0.40893553236999997,0.06868979320241538,0.015359504696100375
37,37,"(-0.024577, -0.024572]",-0.0245745,20,0.0,0.03500000015,0.0,0.0,-0.02457304299,0.0,0.0,0.006562000141,0.0,0.0,0.40450727611000004,0.07099269750659719,0.015874449753083112
38,38,"(-0.024432, -0.024427]",-0.0244295,20,0.0,0.03500000015,0.0,0.0,-0.02442904375,0.0,0.0,0.006561999675000001,0.0,0.0,0.405030818885,0.07443277295317431,0.01664367400771055
39,39,"(-0.023111, -0.023106]",-0.0231085,20,0.0,0.03500000015,0.0,0.0,-0.02310776524,0.0,0.0,0.006562000141,0.0,0.0,0.2955466396,0.06766956606564059,0.015131374973068535
40,40,"(-0.023078, -0.023073]",-0.0230755,20,0.0,0.03500000015,0.0,0.0,-0.02307719551,0.0,0.0,0.006561999675000001,0.0,0.0,0.25287453764,0.061132663406649995,0.013669679102288326
41,41,"(-0.022966, -0.022961]",-0.022963499999999998,20,0.0,0.03500000015,0.0,0.0,-0.02296095528,0.0,0.0,0.006562000141,0.0,0.0,0.0068922956036,0.003026141051844787,0.0006766657101427659
42,42,"(-0.02297, -0.022966]",-0.022968000000000002,20,0.0,0.03500000015,0.0,0.0,-0.02296585403,0.0,0.0,0.006562000141,0.0,0.0,0.0211327563285,0.008769237594244493,0.0019608611371577404
43,43,"(-0.022975, -0.02297]",-0.0229725,20,0.0,0.03500000015,0.0,0.0,-0.02297452837,0.0,0.0,0.006562000141,0.0,0.0,0.0386898170125,0.015173018212196748,0.0033927900146314255
44,44,"(-0.022989, -0.022984]",-0.0229865,20,0.0,0.03499999642,0.0,0.0,-0.02298492752,0.0,0.0,0.006562000141,0.0,0.0,0.0603494858875,0.02218774901959975,0.004961331507552935
45,45,"(-0.022998, -0.022994]",-0.022996000000000003,20,0.0,0.03499999642,0.0,0.0,-0.0229973942,0.0,0.0,0.006562000141,0.0,0.0,0.087053491703,0.029710941285187777,0.006643568438918483
46,46,"(-0.023012, -0.023008]",-0.023010000000000003,20,0.0,0.03500000015,0.0,0.0,-0.02301233448,0.0,0.0,0.006562000141,0.0,0.0,0.11984802031049999,0.03758827542552527,0.008404993900845934
47,47,"(-0.023031, -0.023027]",-0.023029,20,0.0,0.03500000015,0.0,0.0,-0.02303021587,0.0,0.0,0.006562000141,0.0,0.0,0.159482792875,0.04561973118237735,0.01020088200390626
48,48,"(-0.023055, -0.02305]",-0.0230525,20,0.0,0.03500000015,0.0,0.0,-0.02305160835,0.0,0.0,0.006562000141,0.0,0.0,0.20522565744,0.05358038797744409,0.011980938977837745
49,49,"(-0.023144, -0.023139]",-0.023141500000000002,20,0.0,0.03500000015,0.0,0.0,-0.02314046025,0.0,0.0,0.006562000141,0.0,0.0,0.33198951578,0.07318977429135669,0.016365731057334004
50,50,"(-0.023209, -0.023205]",-0.023207,20,0.0,0.03500000015,0.0,0.0,-0.0232069958,0.0,0.0,0.006562000141,0.0,0.0,0.36813996217,0.07751600005526761,0.01733310454674558
51,51,"(-0.023331, -0.023326]",-0.023328500000000002,20,0.0,0.03500000015,0.0,0.0,-0.02332915738,0.0,0.0,0.006562000141,0.0,0.0,0.397803401355,0.08096149626329235,0.018103540920481692
52,52,"(-0.023448, -0.023443]",-0.0234455,20,0.0,0.03500000015,0.0,0.0,-0.02344694175,0.0,0.0,0.006562000141,0.0,0.0,0.40167779975,0.08163563308754027,0.018254282496997107
53,53,"(-0.023565, -0.023561]",-0.023563,20,0.0,0.03500000015,0.0,0.0,-0.02356504276,0.0,0.0,0.006561999675000001,0.0,0.0,0.41062256999999996,0.0819164154620487,0.01831706734462557
54,54,"(-0.02371, -0.023706]",-0.023708,20,0.0,0.03500000015,0.0,0.0,-0.023709042,0.0,0.0,0.006561999675000001,0.0,0.0,0.414699898445,0.08172782637406376,0.01827489754257067
55,55,"(-0.023856, -0.023851]",-0.0238535,20,0.0,0.03500000015,0.0,0.0,-0.02385304309,0.0,0.0,0.006562000141,0.0,0.0,0.41554332463500004,0.081283599541373,0.018175565403038076
56,56,"(-0.024001, -0.023996]",-0.0239985,20,0.0,0.03500000015,0.0,0.0,-0.02399704233,0.0,0.0,0.006561999675000001,0.0,0.0,0.41417965700500003,0.0805617197094309,0.01801414816545721
57,57,"(-0.024141, -0.024137]",-0.024139,20,0.0,0.03500000015,0.0,0.0,-0.02414104342,0.0,0.0,0.006562000141,0.0,0.0,0.41136565784999995,0.07936336677246182,0.01774618830264727
58,58,"(-0.024287, -0.024282]",-0.0242845,20,0.0,0.03500000015,0.0,0.0,-0.02428504266,0.0,0.0,0.006562000141,0.0,0.0,0.407920617455,0.07737542532808432,0.01730167108215555
59,59,"(-0.032339, -0.032325]",-0.032332,20,0.0,0.03500000015,0.0,0.0,-0.03232943267,0.0,0.0,0.006562000141,0.0,0.0,0.48123257309999995,0.12932143833318283,0.02891715270610439
60,60,"(-0.032194, -0.032189]",-0.0321915,20,0.0,0.03500000015,0.0,0.0,-0.03219095245,0.0,0.0,0.006562000141,0.0,0.0,0.5637156734150001,0.16074933922496226,0.035944644984518895
61,61,"(-0.032062, -0.032058]",-0.032060000000000005,20,0.0,0.03500000015,0.0,0.0,-0.0320610404,0.0,0.0,0.006561999675000001,0.0,0.0,0.62673380488,0.18349307547499294,0.04103029901625837
62,62,"(-0.031917, -0.031913]",-0.031915,20,0.0,0.03500000015,0.0,0.0,-0.03191704303,0.0,0.0,0.006561999675000001,0.0,0.0,0.7001411545,0.2097881303487013,0.046910052033228275
63,63,"(-0.031777, -0.031772]",-0.0317745,20,0.0,0.03500000015,0.0,0.0,-0.03177304193,0.0,0.0,0.006561999675000001,0.0,0.0,0.7876704290650001,0.23902974211968306,0.053448675202385595
64,64,"(-0.031631, -0.031627]",-0.031629000000000004,20,0.0,0.03500000015,0.0,0.0,-0.03162904084,0.0,0.0,0.006561999675000001,0.0,0.0,0.892789797355,0.27013926336012223,0.060404975626495154
65,65,"(-0.031486, -0.031482]",-0.031484,20,0.0,0.03500000015,0.0,0.0,-0.03148504347,0.0,0.0,0.006562000141,0.0,0.0,1.017686329005,0.3018658751032691,0.0674992616818371
66,66,"(-0.031341, -0.031336]",-0.031338500000000005,20,0.0,0.03500000015,0.0,0.0,-0.03134104237,0.0,0.0,0.006561999675000001,0.0,0.0,1.164110080695,0.33371795953922095,0.07462160428422224
67,67,"(-0.031201, -0.031196]",-0.0311985,20,0.0,0.03500000015,0.0,0.0,-0.03119704314,0.0,0.0,0.006561999675000001,0.0,0.0,1.33277902336,0.36612625025320655,0.08186831839132694
68,68,"(-0.031055, -0.031051]",-0.031052999999999997,20,0.0,0.03500000015,0.0,0.0,-0.03105304204,0.0,0.0,0.006561999675000001,0.0,0.0,1.5223539910550001,0.39964385594209173,0.08936308286766503
69,69,"(-0.03091, -0.030905]",-0.030907499999999997,20,0.0,0.03500000015,0.0,0.0,-0.03090904281,0.0,0.0,0.006561999675000001,0.0,0.0,1.7300339218,0.43450613449451264,0.09715852533703964
70,70,"(-0.03077, -0.030765]",-0.0307675,20,0.0,0.03500000015,0.0,0.0,-0.030765041710000003,0.0,0.0,0.006561999675000001,0.0,0.0,1.95159652645,0.4708482146138125,0.10528486149608945
71,71,"(-0.030624, -0.03062]",-0.030622,20,0.0,0.03500000015,0.0,0.0,-0.03062104248,0.0,0.0,0.006561999675000001,0.0,0.0,2.18156608625,0.5072295840575303,0.11341998301515813
72,72,"(-0.030479, -0.030474]",-0.0304765,20,0.0,0.03500000015,0.0,0.0,-0.03047704324,0.0,0.0,0.006561999675000001,0.0,0.0,2.41348786635,0.5413479369841927,0.12104907865759273
73,73,"(-0.030334, -0.030329]",-0.030331499999999997,20,0.0,0.03500000015,0.0,0.0,-0.03033304214,0.0,0.0,0.006561999675000001,0.0,0.0,2.6399401341499997,0.5712211120554478,0.12772892367390057
74,74,"(-0.030193, -0.030189]",-0.030191000000000003,20,0.0,0.03500000015,0.0,0.0,-0.03018904291,0.0,0.0,0.006561999675000001,0.0,0.0,2.8538137198,0.5947438016029643,0.13298875695808765
75,75,"(-0.030048, -0.030044]",-0.030046,20,0.0,0.03500000015,0.0,0.0,-0.03004504181,0.0,0.0,0.006561999675000001,0.0,0.0,3.0490768317,0.6109032714729041,0.13660212426904217
