nodenumber,    x-coordinate,    y-coordinate,    z-coordinate,mean-velocity-magnitude
         1, 2.999999747E-02,-2.999999933E-02, 6.562000141E-03, 4.797581196E+00
         2, 2.980001643E-02,-2.980001643E-02, 6.562000141E-03, 4.305090904E+00
         3, 2.978885919E-02,-2.978886105E-02, 6.562000141E-03, 4.277642250E+00
         4, 2.954401635E-02,-2.954401635E-02, 6.562000141E-03, 3.660460949E+00
         5, 2.953285910E-02,-2.953285910E-02, 6.562000141E-03, 3.631757975E+00
         6, 2.928801626E-02,-2.928801626E-02, 6.562000141E-03, 3.021470070E+00
         7, 2.927686088E-02,-2.927685902E-02, 6.562000141E-03, 2.992695808E+00
         8, 2.903201617E-02,-2.903201804E-02, 6.562000141E-03, 2.398634911E+00
         9, 2.902085893E-02,-2.902085893E-02, 6.562000141E-03, 2.370367050E+00
        10, 2.877601609E-02,-2.877601609E-02, 6.562000141E-03, 1.806597710E+00
        11, 2.876485884E-02,-2.876485884E-02, 6.562000141E-03, 1.779584885E+00
        12, 2.852001786E-02,-2.852001600E-02, 6.562000141E-03, 1.291616559E+00
        13, 2.850886062E-02,-2.850885876E-02, 6.562000141E-03, 1.267402768E+00
        14, 2.826401591E-02,-2.826401778E-02, 6.562000141E-03, 8.305953145E-01
        15, 2.825286053E-02,-2.825286053E-02, 6.562000606E-03, 8.101323843E-01
        16, 2.800801583E-02,-2.800801583E-02, 6.562000141E-03, 7.301864624E-01
        17, 2.799685858E-02,-2.799685858E-02, 6.562000141E-03, 7.233852148E-01
        18, 2.775201760E-02,-2.775201574E-02, 6.562000141E-03, 8.169593811E-01
        19, 2.774086036E-02,-2.774086036E-02, 6.562000606E-03, 8.208404779E-01
        20, 2.749601565E-02,-2.749601752E-02, 6.562000141E-03, 1.070973992E+00
        21, 2.748485841E-02,-2.748486027E-02, 6.562000141E-03, 1.082084537E+00
        22, 2.724001557E-02,-2.724001557E-02, 6.562000141E-03, 1.296977282E+00
        23, 2.722886018E-02,-2.722886018E-02, 6.562000606E-03, 1.306748629E+00
        24, 2.698401920E-02,-2.698401920E-02, 6.562000606E-03, 1.459637403E+00
        25, 2.697286010E-02,-2.697286196E-02, 6.562000606E-03, 1.466485023E+00
        26, 2.672801912E-02,-2.672801912E-02, 6.562000141E-03, 1.558643818E+00
        27, 2.671686187E-02,-2.671686001E-02, 6.562000606E-03, 1.562705636E+00
        28, 2.647201717E-02,-2.647201903E-02, 6.562000141E-03, 1.607930422E+00
        29, 2.646086179E-02,-2.646086179E-02, 6.562000606E-03, 1.609821677E+00
        30, 2.621601894E-02,-2.621601708E-02, 6.562000141E-03, 1.617492080E+00
        31, 2.620485984E-02,-2.620485984E-02, 6.562000606E-03, 1.617592335E+00
        32, 2.596001886E-02,-2.596001886E-02, 6.562000141E-03, 1.585040569E+00
        33, 2.594886161E-02,-2.594885975E-02, 6.562000141E-03, 1.583268166E+00
        34, 2.570401691E-02,-2.570401877E-02, 6.562000141E-03, 1.498786807E+00
        35, 2.569285966E-02,-2.569286153E-02, 6.562000141E-03, 1.494565487E+00
        36, 2.544135600E-02,-2.544135600E-02, 6.562000141E-03, 1.349284172E+00
        37, 2.541388571E-02,-2.541388571E-02, 6.562000606E-03, 1.333784342E+00
        38, 2.515573427E-02,-2.515573427E-02, 6.562000606E-03, 1.131815434E+00
        39, 2.508293837E-02,-2.508293651E-02, 6.562000606E-03, 1.061582327E+00
        40, 2.503781579E-02,-2.503781766E-02, 6.562000141E-03, 1.007236481E+00
        41, 2.497096173E-02,-2.497095987E-02, 6.562000141E-03, 9.031858444E-01
        42, 2.491403557E-02,-2.491403744E-02, 6.562000606E-03, 7.846987247E-01
        43, 2.486649901E-02,-2.486649901E-02, 6.562000141E-03, 6.407493353E-01
        44, 2.482682467E-02,-2.482682467E-02, 6.562000141E-03, 4.638272524E-01
        45, 2.479352243E-02,-2.479352430E-02, 6.562000606E-03, 2.522104979E-01
        46, 2.476546355E-02,-2.476546541E-02, 6.562000141E-03, 1.793316901E-01
        47, 2.121296711E-02,-2.121296711E-02, 6.562000606E-03, 1.467358947E+00
        48, 2.118983679E-02,-2.118983679E-02, 6.562000141E-03, 1.984606385E+00
        49, 2.116210200E-02,-2.116210200E-02, 6.562000606E-03, 3.013648510E+00
        50, 2.112885565E-02,-2.112885565E-02, 6.562000141E-03, 3.760028839E+00
        51, 2.108901739E-02,-2.108901739E-02, 6.562000606E-03, 4.300508499E+00
        52, 2.104130387E-02,-2.104130387E-02, 6.562000606E-03, 4.651007652E+00
        53, 2.098420821E-02,-2.098420821E-02, 6.562000141E-03, 4.830127716E+00
        54, 2.095147781E-02,-2.095147595E-02, 6.562000606E-03, 4.894646645E+00
        55, 2.076878585E-02,-2.076878212E-02, 6.562000141E-03, 4.945608139E+00
        56, 2.058510669E-02,-2.058510669E-02, 6.562000141E-03, 4.964529037E+00
        57, 2.057286166E-02,-2.057286166E-02, 6.562000606E-03, 4.965380192E+00
        58, 2.032801881E-02,-2.032801881E-02, 6.562000606E-03, 4.983120441E+00
        59, 2.031686157E-02,-2.031686157E-02, 6.562000141E-03, 4.984041691E+00
        60, 2.010462247E-02,-2.010462247E-02, 6.561999675E-03, 5.003980637E+00
        61, 1.990384236E-02,-1.990384236E-02, 6.561999675E-03, 5.024073601E+00
        62, 1.986764558E-02,-1.986764371E-02, 6.562000606E-03, 5.028281212E+00
        63, 1.981984265E-02,-1.981984265E-02, 6.562000141E-03, 1.864374995E+00
        64, 1.979879662E-02,-1.979879476E-02, 6.562000606E-03, 2.378732562E-01
        65, 1.971551217E-02,-1.971551031E-02, 6.562000606E-03, 2.386386693E-01
        66, 1.951954328E-02,-1.951954328E-02, 6.562000141E-03, 2.514113188E-01
        67, 1.920000091E-02,-1.920000091E-02, 6.562000141E-03, 3.173848987E-01
        68, 1.888000034E-02,-1.888000034E-02, 6.562000141E-03, 3.977902532E-01
        69, 1.855999976E-02,-1.855999976E-02, 6.562000141E-03, 4.544230700E-01
        70, 1.823999919E-02,-1.823999919E-02, 6.562000141E-03, 4.640238583E-01
        71, 1.792000048E-02,-1.792000048E-02, 6.562000141E-03, 4.173444510E-01
        72, 1.759999990E-02,-1.759999990E-02, 6.562000141E-03, 3.594546318E-01
        73, 1.727999933E-02,-1.727999933E-02, 6.562000141E-03, 3.348848522E-01
        74, 1.696000062E-02,-1.696000062E-02, 6.562000141E-03, 3.477938473E-01
        75, 1.664000005E-02,-1.664000005E-02, 6.562000141E-03, 3.815077543E-01
        76, 1.631999947E-02,-1.631999947E-02, 6.562000141E-03, 4.227790236E-01
        77, 1.600000076E-02,-1.600000076E-02, 6.562000141E-03, 4.651228487E-01
        78, 1.568000019E-02,-1.568000019E-02, 6.562000141E-03, 5.074035525E-01
        79, 1.535999961E-02,-1.535999961E-02, 6.562000141E-03, 5.493803024E-01
        80, 1.503999997E-02,-1.503999997E-02, 6.562000141E-03, 5.869532228E-01
        81, 1.472000033E-02,-1.472000033E-02, 6.562000141E-03, 6.128790975E-01
        82, 1.439999975E-02,-1.439999975E-02, 6.562000141E-03, 6.205328107E-01
        83, 1.408000011E-02,-1.408000011E-02, 6.562000141E-03, 6.066170335E-01
        84, 1.375999954E-02,-1.375999954E-02, 6.562000141E-03, 5.750488043E-01
        85, 1.343999989E-02,-1.343999989E-02, 6.562000141E-03, 5.367776752E-01
        86, 1.312000025E-02,-1.312000025E-02, 6.562000141E-03, 5.036600828E-01
        87, 1.279999968E-02,-1.279999968E-02, 6.562000141E-03, 4.831742048E-01
        88, 1.248000003E-02,-1.248000003E-02, 6.562000141E-03, 4.754681587E-01
        89, 1.216000039E-02,-1.216000039E-02, 6.562000141E-03, 4.767731428E-01
        90, 1.183999982E-02,-1.183999982E-02, 6.562000141E-03, 4.850046933E-01
        91, 1.152000017E-02,-1.152000017E-02, 6.562000141E-03, 5.004850626E-01
        92, 1.119999960E-02,-1.119999960E-02, 6.562000141E-03, 5.269948244E-01
        93, 1.087999996E-02,-1.087999996E-02, 6.562000141E-03, 5.693339109E-01
        94, 1.056000032E-02,-1.056000032E-02, 6.562000141E-03, 6.094200611E-01
        95, 1.023999974E-02,-1.023999974E-02, 6.562000141E-03, 6.208300591E-01
        96, 9.920000099E-03,-9.920000099E-03, 6.562000141E-03, 6.031444669E-01
        97, 9.600000456E-03,-9.600000456E-03, 6.562000141E-03, 5.833649635E-01
        98, 9.279999882E-03,-9.279999882E-03, 6.562000141E-03, 5.838181973E-01
        99, 8.960000239E-03,-8.960000239E-03, 6.562000141E-03, 6.111982465E-01
       100, 8.639999665E-03,-8.639999665E-03, 6.562000141E-03, 6.607624888E-01
       101, 8.320000023E-03,-8.320000023E-03, 6.562000141E-03, 7.202120423E-01
       102, 8.000000380E-03,-8.000000380E-03, 6.562000141E-03, 7.764502764E-01
       103, 7.679999806E-03,-7.679999806E-03, 6.562000141E-03, 7.969257236E-01
       104, 7.360000163E-03,-7.360000163E-03, 6.562000141E-03, 7.574437261E-01
       105, 7.040000055E-03,-7.040000055E-03, 6.562000141E-03, 6.651186347E-01
       106, 6.719999947E-03,-6.719999947E-03, 6.562000141E-03, 5.468131304E-01
       107, 6.399999838E-03,-6.399999838E-03, 6.562000141E-03, 4.510242343E-01
       108, 6.080000196E-03,-6.080000196E-03, 6.562000141E-03, 4.301866889E-01
       109, 5.760000087E-03,-5.760000087E-03, 6.562000141E-03, 4.589825273E-01
       110, 5.439999979E-03,-5.439999979E-03, 6.562000141E-03, 4.555401504E-01
       111, 5.119999871E-03,-5.119999871E-03, 6.562000141E-03, 3.940898180E-01
       112, 4.800000228E-03,-4.800000228E-03, 6.562000141E-03, 3.271665573E-01
       113, 4.480000120E-03,-4.480000120E-03, 6.562000141E-03, 3.137959838E-01
       114, 4.160000011E-03,-4.160000011E-03, 6.562000141E-03, 3.527036011E-01
       115, 3.839999903E-03,-3.839999903E-03, 6.562000141E-03, 3.956563473E-01
       116, 3.520000027E-03,-3.520000027E-03, 6.562000141E-03, 3.986409307E-01
       117, 3.273751820E-03,-3.273751820E-03, 6.562001072E-03, 3.588350415E-01
       118, 3.104277886E-03,-3.104277654E-03, 6.562000606E-03, 3.042176366E-01
       119, 3.050494473E-03,-3.050494241E-03, 6.562000606E-03, 2.800894976E-01
       120, 2.994650044E-03,-2.994649811E-03, 6.562000606E-03, 2.486734837E-01
       121, 2.947996138E-03,-2.947996138E-03, 6.562000606E-03, 2.123970687E-01
       122, 2.909042174E-03,-2.909041941E-03, 6.562000141E-03, 1.708945930E-01
       123, 2.876528306E-03,-2.876528306E-03, 6.562001072E-03, 1.224666983E-01
       124, 2.849389799E-03,-2.849389799E-03, 6.562000141E-03, 6.859005243E-02
       125, 2.826760756E-03,-2.826760756E-03, 6.562000606E-03, 3.633363545E-02
