nodenumber,    x-coordinate,    y-coordinate,    z-coordinate,rmse-velocity-magnitude
         1, 2.999999747E-02,-2.999999933E-02, 6.562000141E-03, 1.854037881E+00
         2, 2.980001643E-02,-2.980001643E-02, 6.562000141E-03, 1.930768371E+00
         3, 2.978885919E-02,-2.978886105E-02, 6.562000141E-03, 1.935977101E+00
         4, 2.954401635E-02,-2.954401635E-02, 6.562000141E-03, 1.972429633E+00
         5, 2.953285910E-02,-2.953285910E-02, 6.562000141E-03, 1.974844337E+00
         6, 2.928801626E-02,-2.928801626E-02, 6.562000141E-03, 1.969209433E+00
         7, 2.927686088E-02,-2.927685902E-02, 6.562000141E-03, 1.969441414E+00
         8, 2.903201617E-02,-2.903201804E-02, 6.562000141E-03, 1.933182955E+00
         9, 2.902085893E-02,-2.902085893E-02, 6.562000141E-03, 1.931779504E+00
        10, 2.877601609E-02,-2.877601609E-02, 6.562000141E-03, 1.865638733E+00
        11, 2.876485884E-02,-2.876485884E-02, 6.562000141E-03, 1.862789273E+00
        12, 2.852001786E-02,-2.852001600E-02, 6.562000141E-03, 1.763540745E+00
        13, 2.850886062E-02,-2.850885876E-02, 6.562000141E-03, 1.759431720E+00
        14, 2.826401591E-02,-2.826401778E-02, 6.562000141E-03, 1.648514867E+00
        15, 2.825286053E-02,-2.825286053E-02, 6.562000606E-03, 1.643259048E+00
        16, 2.800801583E-02,-2.800801583E-02, 6.562000141E-03, 1.500799060E+00
        17, 2.799685858E-02,-2.799685858E-02, 6.562000141E-03, 1.494248509E+00
        18, 2.775201760E-02,-2.775201574E-02, 6.562000141E-03, 1.339776278E+00
        19, 2.774086036E-02,-2.774086036E-02, 6.562000606E-03, 1.332599044E+00
        20, 2.749601565E-02,-2.749601752E-02, 6.562000141E-03, 1.196229577E+00
        21, 2.748485841E-02,-2.748486027E-02, 6.562000141E-03, 1.189895391E+00
        22, 2.724001557E-02,-2.724001557E-02, 6.562000141E-03, 1.095742941E+00
        23, 2.722886018E-02,-2.722886018E-02, 6.562000606E-03, 1.091322422E+00
        24, 2.698401920E-02,-2.698401920E-02, 6.562000606E-03, 1.028855324E+00
        25, 2.697286010E-02,-2.697286196E-02, 6.562000606E-03, 1.025807381E+00
        26, 2.672801912E-02,-2.672801912E-02, 6.562000141E-03, 9.673290253E-01
        27, 2.671686187E-02,-2.671686001E-02, 6.562000606E-03, 9.646742344E-01
        28, 2.647201717E-02,-2.647201903E-02, 6.562000141E-03, 8.914946318E-01
        29, 2.646086179E-02,-2.646086179E-02, 6.562000606E-03, 8.882732987E-01
        30, 2.621601894E-02,-2.621601708E-02, 6.562000141E-03, 7.963179946E-01
        31, 2.620485984E-02,-2.620485984E-02, 6.562000606E-03, 7.922439575E-01
        32, 2.596001886E-02,-2.596001886E-02, 6.562000141E-03, 7.024093270E-01
        33, 2.594886161E-02,-2.594885975E-02, 6.562000141E-03, 6.983453035E-01
        34, 2.570401691E-02,-2.570401877E-02, 6.562000141E-03, 6.356347799E-01
        35, 2.569285966E-02,-2.569286153E-02, 6.562000141E-03, 6.327670813E-01
        36, 2.544135600E-02,-2.544135600E-02, 6.562000141E-03, 6.054340601E-01
        37, 2.541388571E-02,-2.541388571E-02, 6.562000606E-03, 6.038684845E-01
        38, 2.515573427E-02,-2.515573427E-02, 6.562000606E-03, 6.175134182E-01
        39, 2.508293837E-02,-2.508293651E-02, 6.562000606E-03, 6.234404445E-01
        40, 2.503781579E-02,-2.503781766E-02, 6.562000141E-03, 6.289754510E-01
        41, 2.497096173E-02,-2.497095987E-02, 6.562000141E-03, 6.284859180E-01
        42, 2.491403557E-02,-2.491403744E-02, 6.562000606E-03, 6.095340252E-01
        43, 2.486649901E-02,-2.486649901E-02, 6.562000141E-03, 5.595887303E-01
        44, 2.482682467E-02,-2.482682467E-02, 6.562000141E-03, 4.591623545E-01
        45, 2.479352243E-02,-2.479352430E-02, 6.562000606E-03, 2.880065143E-01
        46, 2.476546355E-02,-2.476546541E-02, 6.562000141E-03, 2.236885577E-01
        47, 2.121296711E-02,-2.121296711E-02, 6.562000606E-03, 3.752447963E-01
        48, 2.118983679E-02,-2.118983679E-02, 6.562000141E-03, 4.692339301E-01
        49, 2.116210200E-02,-2.116210200E-02, 6.562000606E-03, 6.437144876E-01
        50, 2.112885565E-02,-2.112885565E-02, 6.562000141E-03, 7.413387299E-01
        51, 2.108901739E-02,-2.108901739E-02, 6.562000606E-03, 7.776924372E-01
        52, 2.104130387E-02,-2.104130387E-02, 6.562000606E-03, 7.651200294E-01
        53, 2.098420821E-02,-2.098420821E-02, 6.562000141E-03, 7.346565723E-01
        54, 2.095147781E-02,-2.095147595E-02, 6.562000606E-03, 7.152065635E-01
        55, 2.076878585E-02,-2.076878212E-02, 6.562000141E-03, 6.907146573E-01
        56, 2.058510669E-02,-2.058510669E-02, 6.562000141E-03, 7.031641603E-01
        57, 2.057286166E-02,-2.057286166E-02, 6.562000606E-03, 7.050245404E-01
        58, 2.032801881E-02,-2.032801881E-02, 6.562000606E-03, 7.472119927E-01
        59, 2.031686157E-02,-2.031686157E-02, 6.562000141E-03, 7.491977215E-01
        60, 2.010462247E-02,-2.010462247E-02, 6.561999675E-03, 7.893624902E-01
        61, 1.990384236E-02,-1.990384236E-02, 6.561999675E-03, 8.460413814E-01
        62, 1.986764558E-02,-1.986764371E-02, 6.562000606E-03, 8.576992750E-01
        63, 1.981984265E-02,-1.981984265E-02, 6.562000141E-03, 3.391689301E+00
        64, 1.979879662E-02,-1.979879476E-02, 6.562000606E-03, 4.693668842E+00
        65, 1.971551217E-02,-1.971551031E-02, 6.562000606E-03, 4.697554588E+00
        66, 1.951954328E-02,-1.951954328E-02, 6.562000141E-03, 4.720621109E+00
        67, 1.920000091E-02,-1.920000091E-02, 6.562000141E-03, 4.760083675E+00
        68, 1.888000034E-02,-1.888000034E-02, 6.562000141E-03, 4.819250584E+00
        69, 1.855999976E-02,-1.855999976E-02, 6.562000141E-03, 4.901307106E+00
        70, 1.823999919E-02,-1.823999919E-02, 6.562000141E-03, 5.013355732E+00
        71, 1.792000048E-02,-1.792000048E-02, 6.562000141E-03, 5.145610809E+00
        72, 1.759999990E-02,-1.759999990E-02, 6.562000141E-03, 5.256842613E+00
        73, 1.727999933E-02,-1.727999933E-02, 6.562000141E-03, 5.321744442E+00
        74, 1.696000062E-02,-1.696000062E-02, 6.562000141E-03, 5.348419666E+00
        75, 1.664000005E-02,-1.664000005E-02, 6.562000141E-03, 5.358397961E+00
        76, 1.631999947E-02,-1.631999947E-02, 6.562000141E-03, 5.360078812E+00
        77, 1.600000076E-02,-1.600000076E-02, 6.562000141E-03, 5.353880405E+00
        78, 1.568000019E-02,-1.568000019E-02, 6.562000141E-03, 5.341555595E+00
        79, 1.535999961E-02,-1.535999961E-02, 6.562000141E-03, 5.323330879E+00
        80, 1.503999997E-02,-1.503999997E-02, 6.562000141E-03, 5.294072151E+00
        81, 1.472000033E-02,-1.472000033E-02, 6.562000141E-03, 5.246905804E+00
        82, 1.439999975E-02,-1.439999975E-02, 6.562000141E-03, 5.176402092E+00
        83, 1.408000011E-02,-1.408000011E-02, 6.562000141E-03, 5.078906536E+00
        84, 1.375999954E-02,-1.375999954E-02, 6.562000141E-03, 4.955982685E+00
        85, 1.343999989E-02,-1.343999989E-02, 6.562000141E-03, 4.816590309E+00
        86, 1.312000025E-02,-1.312000025E-02, 6.562000141E-03, 4.669392109E+00
        87, 1.279999968E-02,-1.279999968E-02, 6.562000141E-03, 4.519207954E+00
        88, 1.248000003E-02,-1.248000003E-02, 6.562000141E-03, 4.362966537E+00
        89, 1.216000039E-02,-1.216000039E-02, 6.562000141E-03, 4.196374893E+00
        90, 1.183999982E-02,-1.183999982E-02, 6.562000141E-03, 4.020290375E+00
        91, 1.152000017E-02,-1.152000017E-02, 6.562000141E-03, 3.835619688E+00
        92, 1.119999960E-02,-1.119999960E-02, 6.562000141E-03, 3.642917633E+00
        93, 1.087999996E-02,-1.087999996E-02, 6.562000141E-03, 3.442192078E+00
        94, 1.056000032E-02,-1.056000032E-02, 6.562000141E-03, 3.255382538E+00
        95, 1.023999974E-02,-1.023999974E-02, 6.562000141E-03, 3.103724003E+00
        96, 9.920000099E-03,-9.920000099E-03, 6.562000141E-03, 2.987439632E+00
        97, 9.600000456E-03,-9.600000456E-03, 6.562000141E-03, 2.882620335E+00
        98, 9.279999882E-03,-9.279999882E-03, 6.562000141E-03, 2.754398346E+00
        99, 8.960000239E-03,-8.960000239E-03, 6.562000141E-03, 2.578550100E+00
       100, 8.639999665E-03,-8.639999665E-03, 6.562000141E-03, 2.354485750E+00
       101, 8.320000023E-03,-8.320000023E-03, 6.562000141E-03, 2.114247561E+00
       102, 8.000000380E-03,-8.000000380E-03, 6.562000141E-03, 1.906392932E+00
       103, 7.679999806E-03,-7.679999806E-03, 6.562000141E-03, 1.736563444E+00
       104, 7.360000163E-03,-7.360000163E-03, 6.562000141E-03, 1.570800066E+00
       105, 7.040000055E-03,-7.040000055E-03, 6.562000141E-03, 1.384155393E+00
       106, 6.719999947E-03,-6.719999947E-03, 6.562000141E-03, 1.185280323E+00
       107, 6.399999838E-03,-6.399999838E-03, 6.562000141E-03, 1.012846231E+00
       108, 6.080000196E-03,-6.080000196E-03, 6.562000141E-03, 9.077076316E-01
       109, 5.760000087E-03,-5.760000087E-03, 6.562000141E-03, 8.645362854E-01
       110, 5.439999979E-03,-5.439999979E-03, 6.562000141E-03, 8.378845453E-01
       111, 5.119999871E-03,-5.119999871E-03, 6.562000141E-03, 7.998856902E-01
       112, 4.800000228E-03,-4.800000228E-03, 6.562000141E-03, 7.609864473E-01
       113, 4.480000120E-03,-4.480000120E-03, 6.562000141E-03, 7.426298261E-01
       114, 4.160000011E-03,-4.160000011E-03, 6.562000141E-03, 7.545487881E-01
       115, 3.839999903E-03,-3.839999903E-03, 6.562000141E-03, 7.944971919E-01
       116, 3.520000027E-03,-3.520000027E-03, 6.562000141E-03, 8.442836404E-01
       117, 3.273751820E-03,-3.273751820E-03, 6.562001072E-03, 8.771758080E-01
       118, 3.104277886E-03,-3.104277654E-03, 6.562000606E-03, 8.925689459E-01
       119, 3.050494473E-03,-3.050494241E-03, 6.562000606E-03, 8.985487819E-01
       120, 2.994650044E-03,-2.994649811E-03, 6.562000606E-03, 9.065409899E-01
       121, 2.947996138E-03,-2.947996138E-03, 6.562000606E-03, 9.172829390E-01
       122, 2.909042174E-03,-2.909041941E-03, 6.562000141E-03, 9.331002235E-01
       123, 2.876528306E-03,-2.876528306E-03, 6.562001072E-03, 9.573695660E-01
       124, 2.849389799E-03,-2.849389799E-03, 6.562000141E-03, 9.909739494E-01
       125, 2.826760756E-03,-2.826760756E-03, 6.562000606E-03, 1.013044953E+00
