cellnumber     x-coordinate     y-coordinate     z-coordinate velocity-magnitude 
         1  2.500000037E-02 -2.476578765E-02  6.562000606E-03  2.800115896E-01 
         2  2.500000037E-02 -2.477990650E-02  6.562000141E-03  3.690824696E-01 
         3  2.500000037E-02 -2.479819022E-02  6.562000141E-03  4.596440017E-01 
         4  2.500000037E-02 -2.482001111E-02  6.561999675E-03  5.384408797E-01 
         5  2.500000037E-02 -2.484604716E-02  6.562000141E-03  5.961886973E-01 
         6  2.500000037E-02 -2.487709187E-02  6.562000141E-03  6.333512976E-01 
         7  2.500000037E-02 -2.492471784E-02  6.562000141E-03  6.399776107E-01 
         8  2.500000037E-02 -2.501806431E-02  6.562000141E-03  4.973443289E-01 
         9  2.500000037E-02 -2.515085414E-02  6.561999675E-03  6.365717954E-01 
        10  2.500000037E-02 -2.529304288E-02  6.562000141E-03  1.120588228E+00 
        11  2.500000224E-02 -2.543704398E-02  6.561999675E-03  1.636862730E+00 
        12  2.500000037E-02 -2.558104321E-02  6.562000141E-03  2.485068987E+00 
        13  2.500000224E-02 -2.572504431E-02  6.562000141E-03  2.509937390E+00 
        14  2.500000224E-02 -2.586904354E-02  6.562000141E-03  2.673557836E+00 
        15  2.500000224E-02 -2.601304464E-02  6.562000141E-03  2.762350138E+00 
        16  2.500000224E-02 -2.615704387E-02  6.562000141E-03  2.973206440E+00 
        17  2.500000224E-02 -2.630104311E-02  6.561999675E-03  3.131143164E+00 
        18  2.500000037E-02 -2.644504420E-02  6.562000141E-03  3.288192418E+00 
        19  2.500000224E-02 -2.658904344E-02  6.562000141E-03  3.432190401E+00 
        20  2.500000224E-02 -2.673304453E-02  6.562000141E-03  3.560337280E+00 
        21  2.500000224E-02 -2.687704377E-02  6.562000141E-03  3.668719054E+00 
        22  2.500000224E-02 -2.702104487E-02  6.562000141E-03  3.747725614E+00 
        23  2.500000037E-02 -3.057143651E-02  6.562000141E-03  4.762976744E-01 
        24  2.500000037E-02 -3.046895750E-02  6.562000141E-03  6.766968215E-01 
        25  2.500000037E-02 -3.033304401E-02  6.561999675E-03  8.569826421E-01 
        26  2.500000037E-02 -3.018904291E-02  6.561999675E-03  1.273641541E+00 
        27  2.500000037E-02 -3.004504368E-02  6.561999675E-03  2.141270017E+00 
        28  2.500000037E-02 -2.990104258E-02  6.561999675E-03  2.197459269E+00 
        29  2.500000037E-02 -2.975704335E-02  6.561999675E-03  2.542234153E+00 
        30  2.500000037E-02 -2.961304411E-02  6.561999675E-03  2.540800100E+00 
        31  2.500000037E-02 -2.946904302E-02  6.561999675E-03  2.327943986E+00 
        32  2.500000037E-02 -2.932504378E-02  6.561999675E-03  2.253796694E+00 
        33  2.500000037E-02 -2.918104269E-02  6.561999675E-03  2.179497233E+00 
        34  2.500000037E-02 -2.903704345E-02  6.561999675E-03  1.967664815E+00 
        35  2.500000037E-02 -2.889304422E-02  6.561999675E-03  1.972192268E+00 
        36  2.500000037E-02 -2.874904312E-02  6.561999675E-03  2.146077883E+00 
        37  2.500000037E-02 -2.860504389E-02  6.561999675E-03  2.294696815E+00 
        38  2.500000224E-02 -2.846104279E-02  6.561999675E-03  2.647298984E+00 
        39  2.500000037E-02 -2.831704356E-02  6.562000141E-03  3.099323243E+00 
        40  2.500000037E-02 -2.817304246E-02  6.561999675E-03  3.291377421E+00 
        41  2.500000037E-02 -2.802904323E-02  6.561999675E-03  3.305842681E+00 
        42  2.500000224E-02 -2.788504399E-02  6.561999675E-03  3.441346852E+00 
        43  2.500000037E-02 -2.774104290E-02  6.562000141E-03  3.556519144E+00 
        44  2.500000037E-02 -2.759704366E-02  6.561999675E-03  3.693916583E+00 
        45  2.500000037E-02 -2.745304257E-02  6.561999675E-03  3.813790213E+00 
        46  2.500000224E-02 -2.730904333E-02  6.561999675E-03  3.834660765E+00 
        47  2.500000037E-02 -2.716504410E-02  6.562000141E-03  3.799638588E+00 
