cellnumber     x-coordinate     y-coordinate     z-coordinate velocity-magnitude 
         1  2.830982907E-03 -2.830982907E-03  6.562000141E-03  1.052628275E+00 
         2  2.837885171E-03 -2.837885171E-03  6.562000606E-03  1.064090651E+00 
         3  2.846178133E-03 -2.846178133E-03  6.562000141E-03  1.074078077E+00 
         4  2.856143517E-03 -2.856143517E-03  6.562000606E-03  1.080766008E+00 
         5  2.868122654E-03 -2.868122654E-03  6.562000606E-03  1.081650329E+00 
         6  2.882527420E-03 -2.882527420E-03  6.562000141E-03  1.073530257E+00 
         7  2.899855841E-03 -2.899855841E-03  6.562000141E-03  1.053130177E+00 
         8  2.920712577E-03 -2.920712577E-03  6.562000141E-03  1.018201807E+00 
         9  2.945830580E-03 -2.945830580E-03  6.562000141E-03  9.704124714E-01 
        10  2.976104384E-03 -2.976104384E-03  6.562000606E-03  9.139575037E-01 
        11  3.015503054E-03 -3.015503054E-03  6.562000606E-03  8.452177529E-01 
        12  3.081055358E-03 -3.081055358E-03  6.562000606E-03  7.355897491E-01 
        13  3.150008153E-03 -3.150008153E-03  6.562000606E-03  7.085056731E-01 
        14  3.229305614E-03 -3.229305614E-03  6.562000141E-03  6.313735552E-01 
        15  3.341175383E-03 -3.341176314E-03  6.562000141E-03  5.823908973E-01 
        16  3.467998467E-03 -3.468000330E-03  6.562000606E-03  5.354903775E-01 
        17  3.535998287E-03 -3.536000149E-03  6.562000606E-03  5.161253004E-01 
        18  3.671998391E-03 -3.672000254E-03  6.562000606E-03  5.100702761E-01 
        19  4.079998471E-03 -4.080000333E-03  6.562000606E-03  5.289082116E-01 
        20  2.081407234E-02 -2.081407234E-02  6.562000141E-03  4.159885426E+00 
        21  2.067007311E-02 -2.067007311E-02  6.562000141E-03  4.071194004E+00 
        22  1.115199737E-02 -1.115200017E-02  6.562000606E-03  3.500047513E+00 
        23  1.169599779E-02 -1.169600058E-02  6.562000606E-03  3.715764908E+00 
        24  1.223999821E-02 -1.224000100E-02  6.562000606E-03  3.945371092E+00 
        25  1.278399769E-02 -1.278400049E-02  6.562000606E-03  4.165437248E+00 
        26  1.332799811E-02 -1.332800090E-02  6.562000606E-03  4.372652963E+00 
        27  1.387199853E-02 -1.387200132E-02  6.562000606E-03  4.596014194E+00 
        28  1.441599801E-02 -1.441600081E-02  6.562000606E-03  4.804646197E+00 
        29  1.495999750E-02 -1.496000122E-02  6.562000606E-03  4.937720241E+00 
        30  1.550399791E-02 -1.550400071E-02  6.562000606E-03  5.200838316E+00 
        31  1.604799926E-02 -1.604800113E-02  6.562000606E-03  5.447742783E+00 
        32  1.659199782E-02 -1.659200154E-02  6.562000606E-03  5.387048627E+00 
        33  1.713599823E-02 -1.713600196E-02  6.562000606E-03  5.332914387E+00 
        34  1.767999865E-02 -1.768000051E-02  6.562000606E-03  5.411796992E+00 
        35  1.835999824E-02 -1.836000010E-02  6.562000606E-03  5.181355528E+00 
        36  1.951807365E-02 -1.951807365E-02  6.562000141E-03  5.088470927E+00 
        37  1.959007420E-02 -1.959007420E-02  6.562000141E-03  5.117227522E+00 
        38  1.966207288E-02 -1.966207288E-02  6.562000141E-03  5.109089635E+00 
        39  1.006399840E-02 -1.006400026E-02  6.562000606E-03  3.139884062E+00 
        40  1.060799789E-02 -1.060800068E-02  6.562000606E-03  3.303742883E+00 
        41  9.519997984E-03 -9.520000778E-03  6.562000606E-03  2.980867790E+00 
        42  8.975998498E-03 -8.976000361E-03  6.562000606E-03  2.803538652E+00 
        43  8.431998082E-03 -8.432000875E-03  6.562000606E-03  2.449346604E+00 
        44  7.887997665E-03 -7.888000458E-03  6.562000606E-03  2.029365673E+00 
        45  7.343998179E-03 -7.344000507E-03  6.562000606E-03  2.508229430E+00 
        46  6.799998228E-03 -6.800000556E-03  6.562000606E-03  2.135909340E+00 
        47  6.255998276E-03 -6.256000604E-03  6.562000606E-03  6.751638976E-01 
        48  5.711998325E-03 -5.712000653E-03  6.562000606E-03  6.114927860E-01 
        49  5.167998374E-03 -5.168000236E-03  6.562000606E-03  6.246367352E-01 
        50  4.623998422E-03 -4.624000285E-03  6.562000606E-03  5.963706472E-01 
        51  1.808799803E-02 -1.808799990E-02  6.562000606E-03  5.334438059E+00 
        52  1.795199700E-02 -1.795200072E-02  6.562000606E-03  5.292779592E+00 
        53  1.849599741E-02 -1.849600114E-02  6.562000606E-03  5.111742253E+00 
        54  1.856399700E-02 -1.856400073E-02  6.562000606E-03  5.098421817E+00 
        55  1.870380342E-02 -1.870380528E-02  6.562000606E-03  5.031956712E+00 
        56  1.880456693E-02 -1.880456693E-02  6.562000141E-03  5.106548895E+00 
        57  1.887113415E-02 -1.887113415E-02  6.562000141E-03  5.041501943E+00 
        58  1.893839985E-02 -1.893839985E-02  6.562000606E-03  4.907964471E+00 
        59  2.121082321E-02 -2.121082321E-02  6.562000141E-03  1.325264576E-01 
        60  2.120567486E-02 -2.120567486E-02  6.562000606E-03  3.990536033E-01 
        61  2.119949833E-02 -2.119949833E-02  6.562000141E-03  7.153944117E-01 
        62  2.119208500E-02 -2.119208500E-02  6.562000606E-03  1.086079319E+00 
        63  2.118319459E-02 -2.118319459E-02  6.562000141E-03  1.511191420E+00 
        64  2.117252536E-02 -2.117252536E-02  6.562000141E-03  1.982705315E+00 
        65  2.115972713E-02 -2.115972713E-02  6.562000606E-03  2.484910990E+00 
        66  2.114437334E-02 -2.114437334E-02  6.562000606E-03  3.005153674E+00 
        67  2.112595551E-02 -2.112595551E-02  6.562000606E-03  3.530772663E+00 
        68  2.110386454E-02 -2.110386454E-02  6.562000606E-03  4.027668402E+00 
        69  2.107902244E-02 -2.107902244E-02  6.562000606E-03  4.457151690E+00 
        70  2.101955935E-02 -2.101955935E-02  6.562000141E-03  4.550330262E+00 
        71  2.093681321E-02 -2.093681321E-02  6.562000141E-03  4.521493015E+00 
        72  2.088592015E-02 -2.088592015E-02  6.562000141E-03  4.233815308E+00 
        73  2.074207366E-02 -2.074207366E-02  6.562000141E-03  4.065577657E+00 
        74  2.059807256E-02 -2.059807256E-02  6.562000141E-03  4.055623789E+00 
        75  2.052607387E-02 -2.052607387E-02  6.562000141E-03  4.183021300E+00 
        76  2.045407332E-02 -2.045407332E-02  6.562000141E-03  4.355801617E+00 
        77  2.038207278E-02 -2.038207278E-02  6.562000141E-03  4.514748354E+00 
        78  2.031007409E-02 -2.031007409E-02  6.562000141E-03  4.676031839E+00 
        79  2.023807354E-02 -2.023807354E-02  6.562000141E-03  4.744549938E+00 
        80  2.016607299E-02 -2.016607299E-02  6.562000141E-03  4.872096362E+00 
        81  2.009407245E-02 -2.009407245E-02  6.562000141E-03  4.925918269E+00 
        82  2.002207376E-02 -2.002207376E-02  6.562000141E-03  5.059096272E+00 
        83  1.995007321E-02 -1.995007321E-02  6.562000141E-03  5.087427522E+00 
        84  1.987807266E-02 -1.987807266E-02  6.562000141E-03  5.137695659E+00 
        85  1.980607398E-02 -1.980607398E-02  6.562000141E-03  5.111341369E+00 
        86  1.973407343E-02 -1.973407343E-02  6.562000141E-03  5.131209190E+00 
        87  1.899245940E-02 -1.899245940E-02  6.562000606E-03  4.899683396E+00 
        88  1.905349456E-02 -1.905349456E-02  6.562000606E-03  4.995208692E+00 
        89  1.914011873E-02 -1.914011873E-02  6.562000606E-03  4.989416230E+00 
        90  1.923859492E-02 -1.923859492E-02  6.562000141E-03  5.034844887E+00 
        91  1.930207387E-02 -1.930207387E-02  6.562000141E-03  5.085533321E+00 
        92  1.937407255E-02 -1.937407255E-02  6.562000141E-03  5.075306941E+00 
        93  1.944607310E-02 -1.944607310E-02  6.562000141E-03  5.107621967E+00 
