cellnumber     x-coordinate     y-coordinate     z-coordinate velocity-magnitude 
         1  1.808799990E-02 -1.808800176E-02  6.562000606E-03  5.013717858E+00 
         2  1.836000010E-02 -1.836000010E-02  6.562000606E-03  5.094975506E+00 
         3  1.849600114E-02 -1.849600114E-02  6.562000606E-03  4.999593111E+00 
         4  1.856400073E-02 -1.856400073E-02  6.562000606E-03  4.995235656E+00 
         5  1.869362034E-02 -1.869362034E-02  6.562000141E-03  4.853424640E+00 
         6  1.880422793E-02 -1.880422793E-02  6.561999675E-03  4.860827689E+00 
         7  1.885466836E-02 -1.885466836E-02  6.562000141E-03  4.753805109E+00 
         8  1.888511330E-02 -1.888511330E-02  6.562000141E-03  4.773482358E+00 
         9  1.892781071E-02 -1.892781071E-02  6.562000606E-03  4.721622660E+00 
        10  1.895478927E-02 -1.895478927E-02  6.562000606E-03  4.697181897E+00 
        11  1.899245940E-02 -1.899245940E-02  6.562000606E-03  4.811962872E+00 
        12  1.905349456E-02 -1.905349456E-02  6.562000606E-03  4.843512492E+00 
        13  1.914011873E-02 -1.914011873E-02  6.562000606E-03  4.897234458E+00 
        14  1.923859492E-02 -1.923859492E-02  6.562000141E-03  4.922540834E+00 
        15  1.930207387E-02 -1.930207387E-02  6.562000141E-03  4.943038155E+00 
        16  1.937407255E-02 -1.937407255E-02  6.562000141E-03  5.009625992E+00 
        17  1.944607310E-02 -1.944607310E-02  6.562000141E-03  5.005730081E+00 
        18  1.951807365E-02 -1.951807365E-02  6.562000141E-03  5.137709198E+00 
        19  1.959007420E-02 -1.959007420E-02  6.562000141E-03  5.210030195E+00 
        20  1.966207288E-02 -1.966207288E-02  6.562000141E-03  5.365397568E+00 
        21  1.973407343E-02 -1.973407343E-02  6.562000141E-03  5.481272765E+00 
        22  1.980607398E-02 -1.980607398E-02  6.562000141E-03  5.623587805E+00 
        23  1.987807266E-02 -1.987807266E-02  6.562000141E-03  5.672191438E+00 
        24  1.995007321E-02 -1.995007321E-02  6.562000141E-03  5.589127880E+00 
        25  2.002207376E-02 -2.002207376E-02  6.562000141E-03  5.506416003E+00 
        26  2.009407431E-02 -2.009407431E-02  6.562000141E-03  5.439798589E+00 
        27  2.016607299E-02 -2.016607299E-02  6.562000141E-03  5.343378889E+00 
        28  2.023807354E-02 -2.023807354E-02  6.562000141E-03  5.466537290E+00 
        29  2.031007409E-02 -2.031007409E-02  6.562000141E-03  5.399041801E+00 
        30  2.038207278E-02 -2.038207278E-02  6.562000141E-03  5.557192885E+00 
        31  2.045407332E-02 -2.045407332E-02  6.562000141E-03  5.540541482E+00 
        32  2.052607387E-02 -2.052607387E-02  6.562000141E-03  5.601613565E+00 
        33  2.059807256E-02 -2.059807256E-02  6.562000141E-03  5.573744284E+00 
        34  2.067007311E-02 -2.067007311E-02  6.562000141E-03  5.472230246E+00 
        35  2.074207366E-02 -2.074207366E-02  6.562000141E-03  5.428918547E+00 
        36  2.081407420E-02 -2.081407420E-02  6.562000141E-03  4.730761980E+00 
        37  2.088592015E-02 -2.088592015E-02  6.562000141E-03  3.946795817E+00 
        38  2.093681321E-02 -2.093681321E-02  6.562000606E-03  3.446779551E+00 
        39  2.101956122E-02 -2.101956122E-02  6.562000606E-03  3.451905076E+00 
        40  2.107902244E-02 -2.107902244E-02  6.562000606E-03  3.483307095E+00 
        41  2.110386454E-02 -2.110386454E-02  6.562000606E-03  3.531827723E+00 
        42  2.112595551E-02 -2.112595551E-02  6.562000606E-03  3.426291024E+00 
        43  2.114437334E-02 -2.114437334E-02  6.562000606E-03  3.135557201E+00 
        44  2.115972713E-02 -2.115972713E-02  6.562000606E-03  2.700565304E+00 
        45  2.117252536E-02 -2.117252536E-02  6.562000141E-03  2.196058564E+00 
        46  2.118319459E-02 -2.118319459E-02  6.562000141E-03  1.689458087E+00 
        47  2.119208500E-02 -2.119208500E-02  6.562000141E-03  1.220542559E+00 
        48  2.119949646E-02 -2.119949646E-02  6.562000141E-03  8.067662911E-01 
        49  2.120567486E-02 -2.120567486E-02  6.562000141E-03  4.515560652E-01 
        50  2.121082321E-02 -2.121082321E-02  6.562000141E-03  1.507339126E-01 
        51  1.795200072E-02 -1.795200072E-02  6.562000606E-03  5.035709619E+00 
        52  1.768000051E-02 -1.768000051E-02  6.562000606E-03  4.949770420E+00 
        53  1.713600010E-02 -1.713600010E-02  6.562000606E-03  5.326046981E+00 
        54  1.659199968E-02 -1.659200154E-02  6.562000606E-03  5.456775663E+00 
        55  1.604800113E-02 -1.604800113E-02  6.562000606E-03  5.712090808E+00 
        56  1.550400071E-02 -1.550400071E-02  6.562000606E-03  5.208487586E+00 
        57  1.496000122E-02 -1.496000122E-02  6.562000606E-03  4.994640157E+00 
        58  1.441600081E-02 -1.441600081E-02  6.562000606E-03  4.920791584E+00 
        59  1.387200132E-02 -1.387200132E-02  6.562000606E-03  4.795201245E+00 
        60  1.332800090E-02 -1.332800090E-02  6.562000606E-03  4.617069567E+00 
        61  1.278400142E-02 -1.278400049E-02  6.562000606E-03  4.422879596E+00 
        62  1.224000100E-02 -1.224000100E-02  6.562000606E-03  4.203171211E+00 
        63  1.169600151E-02 -1.169600058E-02  6.562000606E-03  3.917928516E+00 
        64  1.115200110E-02 -1.115200110E-02  6.562000606E-03  3.580659097E+00 
        65  1.060800161E-02 -1.060800068E-02  6.562000606E-03  3.349369411E+00 
        66  1.006400120E-02 -1.006400026E-02  6.562000606E-03  3.121196555E+00 
        67  9.520000778E-03 -9.520000778E-03  6.562000606E-03  2.919922462E+00 
        68  8.976001292E-03 -8.976000361E-03  6.562000606E-03  2.562260866E+00 
        69  6.800001021E-03 -6.800000556E-03  6.562000606E-03  1.415982373E+00 
        70  7.344001438E-03 -7.344000507E-03  6.562000606E-03  2.153928258E+00 
        71  7.888001390E-03 -7.888000458E-03  6.562000606E-03  2.583402329E+00 
        72  8.432000875E-03 -8.432000875E-03  6.562000606E-03  2.632409319E+00 
        73  2.831044141E-03 -2.831044141E-03  6.562000141E-03  1.045557387E+00 
        74  2.837947570E-03 -2.837947570E-03  6.562000141E-03  1.043311744E+00 
        75  2.846242161E-03 -2.846242161E-03  6.562000141E-03  1.037952193E+00 
        76  2.856209408E-03 -2.856209408E-03  6.562000606E-03  1.027673453E+00 
        77  2.868191339E-03 -2.868191339E-03  6.562000606E-03  1.010178852E+00 
        78  2.882599132E-03 -2.882599132E-03  6.562000606E-03  9.832909658E-01 
        79  2.899931744E-03 -2.899931744E-03  6.562000141E-03  9.466762763E-01 
        80  2.920793602E-03 -2.920793602E-03  6.562000141E-03  9.049629274E-01 
        81  2.945918357E-03 -2.945918357E-03  6.562000606E-03  8.679400894E-01 
        82  2.976199379E-03 -2.976199379E-03  6.562000141E-03  8.442902547E-01 
        83  3.026224673E-03 -3.026224673E-03  6.562000141E-03  8.250127890E-01 
        84  3.115376690E-03 -3.115376690E-03  6.562000606E-03  7.902182665E-01 
        85  3.216293175E-03 -3.216293175E-03  6.562000141E-03  7.431250732E-01 
        86  3.261824371E-03 -3.261824371E-03  6.561999675E-03  7.379991756E-01 
        87  3.331059590E-03 -3.331059124E-03  6.562000141E-03  6.535550730E-01 
        88  3.468001494E-03 -3.468000330E-03  6.562000606E-03  5.816599128E-01 
        89  3.536001313E-03 -3.536000149E-03  6.562000606E-03  5.083464928E-01 
        90  3.672001418E-03 -3.672000254E-03  6.562000606E-03  5.085843410E-01 
        91  4.080001265E-03 -4.080000333E-03  6.562000606E-03  6.699223306E-01 
        92  4.624001216E-03 -4.624000285E-03  6.562000606E-03  7.285351609E-01 
        93  5.168001167E-03 -5.168000236E-03  6.562000606E-03  6.772072124E-01 
        94  5.712001119E-03 -5.712000187E-03  6.562000606E-03  7.496057543E-01 
        95  6.256001536E-03 -6.256000604E-03  6.562000606E-03  7.506760021E-01 
