cellnumber     x-coordinate     y-coordinate     z-coordinate velocity-magnitude 
         1  2.500000037E-02 -3.057143465E-02  6.562000141E-03  4.487036490E-01 
         2  2.500000037E-02 -3.046895750E-02  6.562000141E-03  4.308968138E-01 
         3  2.500000037E-02 -3.033304401E-02  6.561999675E-03  3.886879196E-01 
         4  2.500000037E-02 -3.018904291E-02  6.561999675E-03  2.358742871E-01 
         5  2.500000037E-02 -3.004504368E-02  6.561999675E-03  1.751604740E-01 
         6  2.500000037E-02 -2.990104258E-02  6.561999675E-03  4.742925286E-01 
         7  2.500000037E-02 -2.975704335E-02  6.561999675E-03  6.859749288E-01 
         8  2.500000037E-02 -2.961304411E-02  6.561999675E-03  7.400165498E-01 
         9  2.500000037E-02 -2.946904302E-02  6.561999675E-03  1.085861634E+00 
        10  2.500000037E-02 -2.932504378E-02  6.561999675E-03  1.340126860E+00 
        11  2.500000037E-02 -2.918104269E-02  6.561999675E-03  1.572397134E+00 
        12  2.500000037E-02 -2.903704345E-02  6.561999675E-03  1.779472505E+00 
        13  2.500000037E-02 -2.889304422E-02  6.561999675E-03  2.194536497E+00 
        14  2.500000037E-02 -2.874904312E-02  6.561999675E-03  2.682179502E+00 
        15  2.500000037E-02 -2.860504389E-02  6.561999675E-03  2.944258596E+00 
        16  2.500000037E-02 -2.846104279E-02  6.561999675E-03  3.073109570E+00 
        17  2.500000037E-02 -2.831704356E-02  6.561999675E-03  3.116023492E+00 
        18  2.500000037E-02 -2.817304246E-02  6.561999675E-03  3.121969642E+00 
        19  2.500000037E-02 -2.802904323E-02  6.561999675E-03  3.102774384E+00 
        20  2.500000037E-02 -2.788504399E-02  6.561999675E-03  3.076000480E+00 
        21  2.500000037E-02 -2.774104290E-02  6.561999675E-03  3.068160815E+00 
        22  2.500000037E-02 -2.759704366E-02  6.561999675E-03  3.142993039E+00 
        23  2.500000037E-02 -2.745304257E-02  6.561999675E-03  3.203681028E+00 
        24  2.500000037E-02 -2.730904333E-02  6.561999675E-03  3.215921763E+00 
        25  2.500000224E-02 -2.716504410E-02  6.561999675E-03  3.218381981E+00 
        26  2.500000224E-02 -2.702104487E-02  6.562000141E-03  3.201513373E+00 
        27  2.500000224E-02 -2.687704377E-02  6.562000141E-03  3.166547395E+00 
        28  2.500000224E-02 -2.673304453E-02  6.562000141E-03  3.129487516E+00 
        29  2.500000224E-02 -2.658904344E-02  6.562000141E-03  3.067234861E+00 
        30  2.500000224E-02 -2.644504420E-02  6.562000141E-03  2.995599000E+00 
        31  2.500000224E-02 -2.630104497E-02  6.562000141E-03  2.930227368E+00 
        32  2.500000224E-02 -2.615704387E-02  6.562000141E-03  2.907056350E+00 
        33  2.500000224E-02 -2.601304464E-02  6.562000141E-03  2.785668832E+00 
        34  2.500000224E-02 -2.586904354E-02  6.562000141E-03  2.415507068E+00 
        35  2.500000224E-02 -2.572504431E-02  6.562000141E-03  1.884283957E+00 
        36  2.500000037E-02 -2.558104321E-02  6.562000141E-03  9.940924789E-01 
        37  2.500000037E-02 -2.501806431E-02  6.562000141E-03  1.244324703E+00 
        38  2.500000037E-02 -2.477990650E-02  6.562000141E-03  4.933442712E-01 
        39  2.500000037E-02 -2.479819022E-02  6.562000141E-03  5.911490620E-01 
        40  2.500000037E-02 -2.482001111E-02  6.561999675E-03  7.090673322E-01 
        41  2.500000037E-02 -2.476578765E-02  6.562000606E-03  4.058332751E-01 
        42  2.500000037E-02 -2.515085414E-02  6.561999675E-03  1.201065125E+00 
        43  2.500000037E-02 -2.529304288E-02  6.562000141E-03  1.126986827E+00 
        44  2.500000224E-02 -2.543704398E-02  6.561999675E-03  1.049338480E+00 
        45  2.500000224E-02 -2.492471784E-02  6.562000141E-03  1.229438170E+00 
        46  2.500000037E-02 -2.487709187E-02  6.562000141E-03  1.027632767E+00 
        47  2.500000037E-02 -2.484604716E-02  6.562000141E-03  8.579391408E-01 
