cellnumber     x-coordinate     y-coordinate     z-coordinate velocity-magnitude 
         1 -1.898222044E-02 -1.898222044E-02  6.562000606E-03  5.391577809E+00 
         2 -1.904012822E-02 -1.904012822E-02  6.562000141E-03  5.337548909E+00 
         3 -1.912219450E-02 -1.912219450E-02  6.562000606E-03  5.364885652E+00 
         4 -1.916676387E-02 -1.916676387E-02  6.562000606E-03  5.260389369E+00 
         5 -1.923896931E-02 -1.923896931E-02  6.562000141E-03  5.372699177E+00 
         6 -1.931096986E-02 -1.931096986E-02  6.562000606E-03  5.209379032E+00 
         7 -1.938296854E-02 -1.938296854E-02  6.562000141E-03  5.240006363E+00 
         8 -1.945496909E-02 -1.945496909E-02  6.562000606E-03  5.058468414E+00 
         9 -1.952696964E-02 -1.952696964E-02  6.562000141E-03  5.059971433E+00 
        10 -1.959896833E-02 -1.959896833E-02  6.562000606E-03  5.002472115E+00 
        11 -1.967096888E-02 -1.967096888E-02  6.562000141E-03  5.020861215E+00 
        12 -1.974296942E-02 -1.974296942E-02  6.562000606E-03  5.055649738E+00 
        13 -1.981496811E-02 -1.981496811E-02  6.562000141E-03  5.076594726E+00 
        14 -1.988697052E-02 -1.988697052E-02  6.562000141E-03  5.130216108E+00 
        15 -1.995896921E-02 -1.995896921E-02  6.562000141E-03  5.062354933E+00 
        16 -2.003096975E-02 -2.003096975E-02  6.562000141E-03  4.970445967E+00 
        17 -2.010296844E-02 -2.010296844E-02  6.562000141E-03  4.497765570E+00 
        18 -2.017496899E-02 -2.017496899E-02  6.562000141E-03  4.194392633E+00 
        19 -2.024696954E-02 -2.024696954E-02  6.562000141E-03  4.043686347E+00 
        20 -2.031897008E-02 -2.031897008E-02  6.562000606E-03  3.933820319E+00 
        21 -2.039096877E-02 -2.039096877E-02  6.562000141E-03  3.770169024E+00 
        22 -2.046296932E-02 -2.046296932E-02  6.562000141E-03  3.665110506E+00 
        23 -2.053496987E-02 -2.053496987E-02  6.562000606E-03  3.545703132E+00 
        24 -2.060696855E-02 -2.060696855E-02  6.562000141E-03  3.582066883E+00 
        25 -2.067896910E-02 -2.067896910E-02  6.562000141E-03  3.615683173E+00 
        26 -2.075096779E-02 -2.075096779E-02  6.562000141E-03  3.766768835E+00 
        27 -2.082296833E-02 -2.082296833E-02  6.562000141E-03  4.087257167E+00 
        28 -2.089514025E-02 -2.089514025E-02  6.562000141E-03  4.215943501E+00 
        29 -2.095155232E-02 -2.095155232E-02  6.562000141E-03  4.369647296E+00 
        30 -2.100796066E-02 -2.100796066E-02  6.562000141E-03  4.279540189E+00 
        31 -2.102797665E-02 -2.102797665E-02  6.562000141E-03  4.363105910E+00 
        32 -2.106651478E-02 -2.106651478E-02  6.562000606E-03  4.012338761E+00 
        33 -2.110337466E-02 -2.110337466E-02  6.562000606E-03  3.295946197E+00 
        34 -2.112556621E-02 -2.112556621E-02  6.562000606E-03  2.798947822E+00 
        35 -2.114406601E-02 -2.114406601E-02  6.562000606E-03  2.377867757E+00 
        36 -2.115948685E-02 -2.115948685E-02  6.562000606E-03  1.980083994E+00 
        37 -2.117234282E-02 -2.117234282E-02  6.562000606E-03  1.599159906E+00 
        38 -2.118305862E-02 -2.118305862E-02  6.562000141E-03  1.237824378E+00 
        39 -2.119199000E-02 -2.119199000E-02  6.562000141E-03  9.045180734E-01 
        40 -2.119943500E-02 -2.119943500E-02  6.562000606E-03  6.050564387E-01 
        41 -2.120563947E-02 -2.120563947E-02  6.562000141E-03  3.419211647E-01 
        42 -2.121081017E-02 -2.121081017E-02  6.562000141E-03  1.148637569E-01 
        43 -1.568749547E-02 -1.568749733E-02  6.562000141E-03  5.392766994E+00 
        44 -1.581249572E-02 -1.581249759E-02  6.562000141E-03  5.380827723E+00 
        45 -1.593749598E-02 -1.593749598E-02  6.562000141E-03  5.491205679E+00 
        46 -1.606249623E-02 -1.606249623E-02  6.562000141E-03  5.582966165E+00 
        47 -1.618749648E-02 -1.618749648E-02  6.562000141E-03  5.651144870E+00 
        48 -1.631249487E-02 -1.631249674E-02  6.562000141E-03  5.644215864E+00 
        49 -1.643749513E-02 -1.643749699E-02  6.562000141E-03  5.628010026E+00 
        50 -1.656249538E-02 -1.656249724E-02  6.562000141E-03  5.524099513E+00 
        51 -1.668749563E-02 -1.668749750E-02  6.562000141E-03  5.305197909E+00 
        52 -1.681249589E-02 -1.681249589E-02  6.562000141E-03  5.108030207E+00 
        53 -1.693749614E-02 -1.693749614E-02  6.562000141E-03  5.069704514E+00 
        54 -1.706249639E-02 -1.706249639E-02  6.562000141E-03  5.264636049E+00 
        55 -1.718749478E-02 -1.718749665E-02  6.562000141E-03  5.629450304E+00 
        56 -1.731249504E-02 -1.731249690E-02  6.562000141E-03  5.944106463E+00 
        57 -1.743749529E-02 -1.743749715E-02  6.562000141E-03  6.154978757E+00 
        58 -1.756249554E-02 -1.756249741E-02  6.562000141E-03  5.974485550E+00 
        59 -1.768749580E-02 -1.768749580E-02  6.562000141E-03  5.782902207E+00 
        60 -1.781249605E-02 -1.781249605E-02  6.562000141E-03  5.819146713E+00 
        61 -1.793749630E-02 -1.793749630E-02  6.562000141E-03  5.806401771E+00 
        62 -1.806249656E-02 -1.806249656E-02  6.562000141E-03  5.781111879E+00 
        63 -1.818749495E-02 -1.818749681E-02  6.562000141E-03  5.680788297E+00 
        64 -1.831249520E-02 -1.831249706E-02  6.562000141E-03  5.491686067E+00 
        65 -1.843749546E-02 -1.843749732E-02  6.562000141E-03  5.300043457E+00 
        66 -1.856249571E-02 -1.856249571E-02  6.562000141E-03  5.197269546E+00 
        67 -1.868749596E-02 -1.868749596E-02  6.562000141E-03  5.043145620E+00 
        68 -1.880909875E-02 -1.880909875E-02  6.562000141E-03  5.038973693E+00 
        69 -1.890101843E-02 -1.890101843E-02  6.562000141E-03  5.229903514E+00 
        70 -1.895096339E-02 -1.895096339E-02  6.562000606E-03  5.324560736E+00 
        71 -7.812495343E-03 -7.812497672E-03  6.562000141E-03  2.678134992E+00 
        72 -7.937495597E-03 -7.937497459E-03  6.562000141E-03  2.772050575E+00 
        73 -8.062494919E-03 -8.062497713E-03  6.562000141E-03  2.785658934E+00 
        74 -8.187495172E-03 -8.187497035E-03  6.562000141E-03  2.792325989E+00 
        75 -8.312495425E-03 -8.312497288E-03  6.562000141E-03  2.806632748E+00 
        76 -8.437495679E-03 -8.437497541E-03  6.562000141E-03  2.818596517E+00 
        77 -8.562495001E-03 -8.562497795E-03  6.562000141E-03  2.834620583E+00 
        78 -8.687495254E-03 -8.687497117E-03  6.562000141E-03  2.862086610E+00 
        79 -8.812495507E-03 -8.812497370E-03  6.562000141E-03  2.886721440E+00 
        80 -8.937495761E-03 -8.937497623E-03  6.562000141E-03  2.919156569E+00 
        81 -9.062495083E-03 -9.062496945E-03  6.562000141E-03  3.006792569E+00 
        82 -9.187495336E-03 -9.187497199E-03  6.562000141E-03  3.128669707E+00 
        83 -9.312495589E-03 -9.312497452E-03  6.562000141E-03  3.226276999E+00 
        84 -9.437495843E-03 -9.437497705E-03  6.562000141E-03  3.298619088E+00 
        85 -9.562495165E-03 -9.562497027E-03  6.562000141E-03  3.353365298E+00 
        86 -9.687495418E-03 -9.687497281E-03  6.562000141E-03  3.389356149E+00 
        87 -9.812495671E-03 -9.812497534E-03  6.562000141E-03  3.408890272E+00 
        88 -9.937495925E-03 -9.937497787E-03  6.562000141E-03  3.426852390E+00 
        89 -1.006249525E-02 -1.006249711E-02  6.562000141E-03  3.449946544E+00 
        90 -1.018749550E-02 -1.018749736E-02  6.562000141E-03  3.490987195E+00 
        91 -1.031249575E-02 -1.031249762E-02  6.562000141E-03  3.555922897E+00 
        92 -1.043749508E-02 -1.043749694E-02  6.562000141E-03  3.640066824E+00 
        93 -1.056249533E-02 -1.056249719E-02  6.562000141E-03  3.730582466E+00 
        94 -1.068749558E-02 -1.068749744E-02  6.562000141E-03  3.821567870E+00 
        95 -1.081249584E-02 -1.081249770E-02  6.562000141E-03  3.910102647E+00 
        96 -1.093749516E-02 -1.093749702E-02  6.562000141E-03  3.996997271E+00 
        97 -1.106249541E-02 -1.106249727E-02  6.562000141E-03  4.081956549E+00 
        98 -7.687495090E-03 -7.687497418E-03  6.562000141E-03  2.380624834E+00 
        99 -7.562495302E-03 -7.562497631E-03  6.562000141E-03  2.217041762E+00 
       100 -7.437495515E-03 -7.437497377E-03  6.562000141E-03  2.190820972E+00 
       101 -7.312495261E-03 -7.312497590E-03  6.562000141E-03  2.230239612E+00 
       102 -7.187495474E-03 -7.187497336E-03  6.562000141E-03  2.400306874E+00 
       103 -7.062495220E-03 -7.062497549E-03  6.562000141E-03  2.086494390E+00 
       104 -6.937495433E-03 -6.937497295E-03  6.562000141E-03  1.867413238E+00 
       105 -6.812495179E-03 -6.812497508E-03  6.562000141E-03  1.789371763E+00 
       106 -6.687495392E-03 -6.687497720E-03  6.562000141E-03  1.797934547E+00 
       107 -6.562495138E-03 -6.562497467E-03  6.562000141E-03  2.051761657E+00 
       108 -6.437495351E-03 -6.437497679E-03  6.562000141E-03  2.114009698E+00 
       109 -6.312495098E-03 -6.312497426E-03  6.562000141E-03  2.086586277E+00 
       110 -6.187495310E-03 -6.187497638E-03  6.562000141E-03  1.964623241E+00 
       111 -6.062495057E-03 -6.062497385E-03  6.562000141E-03  1.692328174E+00 
       112 -5.937495269E-03 -5.937497597E-03  6.562000141E-03  1.325318165E+00 
       113 -5.812495016E-03 -5.812497344E-03  6.562000141E-03  9.412302988E-01 
       114 -5.687495228E-03 -5.687497556E-03  6.562000141E-03  7.639780919E-01 
       115 -5.562494975E-03 -5.562497769E-03  6.562000141E-03  6.802427172E-01 
       116 -5.437495187E-03 -5.437497515E-03  6.562000141E-03  6.452788903E-01 
       117 -5.312494934E-03 -5.312497728E-03  6.562000141E-03  6.286891278E-01 
       118 -5.187495146E-03 -5.187497474E-03  6.562000141E-03  6.060926448E-01 
       119 -5.062495358E-03 -5.062497687E-03  6.562000141E-03  6.119826633E-01 
       120 -4.937495105E-03 -4.937497433E-03  6.562000141E-03  6.255629367E-01 
       121 -4.812495317E-03 -4.812497646E-03  6.562000141E-03  6.188441114E-01 
       122 -4.687495064E-03 -4.687497858E-03  6.562000141E-03  6.124408873E-01 
       123 -4.562495276E-03 -4.562497605E-03  6.562000141E-03  6.037928290E-01 
       124 -4.437495023E-03 -4.437497817E-03  6.562000141E-03  5.988439362E-01 
       125 -4.312495235E-03 -4.312497564E-03  6.562000141E-03  5.965791964E-01 
       126 -4.187494982E-03 -4.187497776E-03  6.562000141E-03  6.001886872E-01 
       127 -4.062495194E-03 -4.062497523E-03  6.562000141E-03  6.331901693E-01 
       128 -3.937494941E-03 -3.937497735E-03  6.562000141E-03  6.922500385E-01 
       129 -3.812494921E-03 -3.812497482E-03  6.562000141E-03  7.313405564E-01 
       130 -3.687494900E-03 -3.687497694E-03  6.562000141E-03  7.179527295E-01 
       131 -3.562494880E-03 -3.562497674E-03  6.562000141E-03  6.722460019E-01 
       132 -3.437494859E-03 -3.437497653E-03  6.562000141E-03  6.371785226E-01 
       133 -3.312494839E-03 -3.312497633E-03  6.562000141E-03  6.218165354E-01 
       134 -3.187494818E-03 -3.187497612E-03  6.562000141E-03  6.290733079E-01 
       135 -3.061021678E-03 -3.061023075E-03  6.562000141E-03  6.405672365E-01 
       136 -2.973292954E-03 -2.973292954E-03  6.562000606E-03  6.777176211E-01 
       137 -2.937367652E-03 -2.937367652E-03  6.562000141E-03  7.326151835E-01 
       138 -2.915092744E-03 -2.915092744E-03  6.562000141E-03  7.743981704E-01 
       139 -2.896590624E-03 -2.896590624E-03  6.562000141E-03  8.182003733E-01 
       140 -2.881214023E-03 -2.881214023E-03  6.562000606E-03  8.614062668E-01 
       141 -2.868429059E-03 -2.868429059E-03  6.562000141E-03  9.023072871E-01 
       142 -2.857794985E-03 -2.857794985E-03  6.562000606E-03  9.388671746E-01 
       143 -2.848947188E-03 -2.848947188E-03  6.562000606E-03  9.704053955E-01 
       144 -2.841583686E-03 -2.841583686E-03  6.562000141E-03  9.969633308E-01 
       145 -2.835453954E-03 -2.835453954E-03  6.562000141E-03  1.019014977E+00 
       146 -2.830350772E-03 -2.830350772E-03  6.562000141E-03  1.037220917E+00 
       147 -1.556249615E-02 -1.556249708E-02  6.562000141E-03  5.571351870E+00 
       148 -1.543749589E-02 -1.543749683E-02  6.562000141E-03  5.845286237E+00 
       149 -1.531249564E-02 -1.531249657E-02  6.562000141E-03  5.954123112E+00 
       150 -1.518749539E-02 -1.518749725E-02  6.562000141E-03  6.111592642E+00 
       151 -1.506249607E-02 -1.506249700E-02  6.562000141E-03  6.099284099E+00 
       152 -1.493749581E-02 -1.493749674E-02  6.562000141E-03  6.137125599E+00 
       153 -1.481249556E-02 -1.481249742E-02  6.562000141E-03  6.094862548E+00 
       154 -1.468749531E-02 -1.468749717E-02  6.562000141E-03  5.927959385E+00 
       155 -1.456249598E-02 -1.456249692E-02  6.562000141E-03  5.719232887E+00 
       156 -1.443749573E-02 -1.443749666E-02  6.562000141E-03  5.591146292E+00 
       157 -1.431249548E-02 -1.431249734E-02  6.562000141E-03  5.468426188E+00 
       158 -1.418749616E-02 -1.418749709E-02  6.562000141E-03  5.413246511E+00 
       159 -1.406249590E-02 -1.406249683E-02  6.562000141E-03  5.392371994E+00 
       160 -1.393749565E-02 -1.393749751E-02  6.562000141E-03  5.362640992E+00 
       161 -1.381249540E-02 -1.381249726E-02  6.562000141E-03  5.330604737E+00 
       162 -1.368749607E-02 -1.368749700E-02  6.562000141E-03  5.295002854E+00 
       163 -1.356249582E-02 -1.356249675E-02  6.562000141E-03  5.250933794E+00 
       164 -1.343749557E-02 -1.343749743E-02  6.562000141E-03  5.197040305E+00 
       165 -1.331249531E-02 -1.331249718E-02  6.562000141E-03  5.134581159E+00 
       166 -1.318749599E-02 -1.318749692E-02  6.562000141E-03  5.066588321E+00 
       167 -1.306249574E-02 -1.306249760E-02  6.562000141E-03  4.994770176E+00 
       168 -1.293749548E-02 -1.293749735E-02  6.562000141E-03  4.924491886E+00 
       169 -1.281249523E-02 -1.281249709E-02  6.562000141E-03  4.860736011E+00 
       170 -1.268749591E-02 -1.268749684E-02  6.562000141E-03  4.805539801E+00 
       171 -1.256249566E-02 -1.256249752E-02  6.562000141E-03  4.757100488E+00 
       172 -1.243749540E-02 -1.243749727E-02  6.562000141E-03  4.709706512E+00 
       173 -1.231249608E-02 -1.231249701E-02  6.562000141E-03  4.651976323E+00 
       174 -1.218749583E-02 -1.218749676E-02  6.562000141E-03  4.579491895E+00 
       175 -1.206249557E-02 -1.206249744E-02  6.562000141E-03  4.509219232E+00 
       176 -1.193749532E-02 -1.193749718E-02  6.562000141E-03  4.462622404E+00 
       177 -1.181249600E-02 -1.181249693E-02  6.562000141E-03  4.437713974E+00 
       178 -1.168749575E-02 -1.168749761E-02  6.562000141E-03  4.411565885E+00 
       179 -1.156249549E-02 -1.156249736E-02  6.562000141E-03  4.368710187E+00 
       180 -1.143749524E-02 -1.143749710E-02  6.562000141E-03  4.308858999E+00 
       181 -1.131249592E-02 -1.131249685E-02  6.562000141E-03  4.238188034E+00 
       182 -1.118749566E-02 -1.118749753E-02  6.562000141E-03  4.162488604E+00 
