cellnumber     x-coordinate     y-coordinate     z-coordinate velocity-magnitude 
         1 -6.062502973E-03 -6.062494125E-03  6.562000141E-03  6.565055064E-01 
         2 -6.187502760E-03 -6.187494379E-03  6.562000141E-03  7.971959089E-01 
         3 -6.312502548E-03 -6.312494166E-03  6.562000141E-03  8.791841699E-01 
         4 -6.437502801E-03 -6.437494420E-03  6.562000141E-03  1.062419915E+00 
         5 -6.562502589E-03 -6.562494207E-03  6.562000141E-03  1.390016131E+00 
         6 -6.687502842E-03 -6.687494460E-03  6.562000141E-03  1.564526074E+00 
         7 -6.812502630E-03 -6.812494248E-03  6.562000141E-03  1.523109179E+00 
         8 -6.937502883E-03 -6.937494501E-03  6.562000141E-03  1.650355373E+00 
         9 -7.062502671E-03 -7.062494289E-03  6.562000141E-03  1.919129154E+00 
        10 -7.187502924E-03 -7.187494077E-03  6.562000141E-03  2.074903271E+00 
        11 -7.312502712E-03 -7.312494330E-03  6.562000141E-03  2.209070562E+00 
        12 -7.437502965E-03 -7.437494118E-03  6.562000141E-03  2.452177388E+00 
        13 -7.562502753E-03 -7.562494371E-03  6.562000141E-03  2.636441835E+00 
        14 -7.687503006E-03 -7.687494159E-03  6.562000141E-03  2.700400600E+00 
        15 -7.812502794E-03 -7.812494412E-03  6.562000141E-03  2.712406074E+00 
        16 -7.937503047E-03 -7.937494665E-03  6.562000141E-03  2.739609757E+00 
        17 -8.062503301E-03 -8.062493987E-03  6.562000141E-03  2.782669780E+00 
        18 -8.187502623E-03 -8.187494241E-03  6.562000141E-03  2.854266847E+00 
        19 -8.312502876E-03 -8.312494494E-03  6.562000141E-03  2.996196475E+00 
        20 -8.437503129E-03 -8.437493816E-03  6.562000141E-03  3.129169301E+00 
        21 -8.562503383E-03 -8.562494069E-03  6.562000141E-03  3.331767781E+00 
        22 -8.687502705E-03 -8.687494323E-03  6.562000141E-03  3.347310692E+00 
        23 -8.812502958E-03 -8.812494576E-03  6.562000141E-03  3.262958037E+00 
        24 -8.937503211E-03 -8.937493898E-03  6.562000141E-03  3.109853261E+00 
        25 -9.062503465E-03 -9.062494151E-03  6.562000141E-03  3.095309856E+00 
        26 -9.187502787E-03 -9.187494405E-03  6.562000141E-03  3.193142893E+00 
        27 -9.312503040E-03 -9.312493727E-03  6.562000141E-03  3.267340008E+00 
        28 -9.437503293E-03 -9.437493980E-03  6.562000141E-03  3.261422892E+00 
        29 -9.562502615E-03 -9.562494233E-03  6.562000141E-03  3.286975756E+00 
        30 -9.687502868E-03 -9.687494487E-03  6.562000141E-03  3.377160486E+00 
        31 -9.812503122E-03 -9.812493809E-03  6.562000141E-03  3.460850364E+00 
        32 -9.937503375E-03 -9.937494062E-03  6.562000141E-03  3.505069663E+00 
        33 -1.006250270E-02 -1.006249432E-02  6.562000141E-03  3.512004734E+00 
        34 -1.018750295E-02 -1.018749364E-02  6.562000141E-03  3.499877188E+00 
        35 -1.031250320E-02 -1.031249389E-02  6.562000141E-03  3.510329324E+00 
        36 -1.043750346E-02 -1.043749414E-02  6.562000141E-03  3.569014229E+00 
        37 -1.056250278E-02 -1.056249440E-02  6.562000141E-03  3.670141621E+00 
        38 -1.068750303E-02 -1.068749372E-02  6.562000141E-03  3.803734639E+00 
        39 -1.081250329E-02 -1.081249397E-02  6.562000141E-03  3.929551825E+00 
        40 -1.093750354E-02 -1.093749423E-02  6.562000141E-03  4.015843075E+00 
        41 -1.106250286E-02 -1.106249355E-02  6.562000141E-03  4.073979806E+00 
        42 -1.118750311E-02 -1.118749380E-02  6.562000141E-03  4.128798564E+00 
        43 -1.131250337E-02 -1.131249405E-02  6.562000141E-03  4.196644038E+00 
        44 -1.143750362E-02 -1.143749431E-02  6.562000141E-03  4.285938832E+00 
        45 -1.156250294E-02 -1.156249363E-02  6.562000141E-03  4.387797359E+00 
        46 -1.168750320E-02 -1.168749388E-02  6.562000141E-03  4.487494425E+00 
        47 -1.181250345E-02 -1.181249414E-02  6.562000141E-03  4.584507656E+00 
        48 -1.193750277E-02 -1.193749346E-02  6.562000141E-03  4.675728653E+00 
        49 -1.206250302E-02 -1.206249371E-02  6.562000141E-03  4.758948824E+00 
        50 -1.218750328E-02 -1.218749397E-02  6.562000141E-03  4.833431353E+00 
        51 -1.231250353E-02 -1.231249422E-02  6.562000141E-03  4.896853312E+00 
        52 -1.243750285E-02 -1.243749354E-02  6.562000141E-03  4.951491600E+00 
        53 -1.256250311E-02 -1.256249379E-02  6.562000141E-03  5.004004000E+00 
        54 -1.268750336E-02 -1.268749405E-02  6.562000141E-03  5.058267349E+00 
        55 -1.281250361E-02 -1.281249430E-02  6.562000141E-03  5.112593424E+00 
        56 -1.293750294E-02 -1.293749362E-02  6.562000141E-03  5.161258540E+00 
        57 -1.306250319E-02 -1.306249388E-02  6.562000141E-03  5.208818014E+00 
        58 -1.318750344E-02 -1.318749413E-02  6.562000141E-03  5.268604018E+00 
        59 -1.331250370E-02 -1.331249345E-02  6.562000141E-03  5.357035245E+00 
        60 -1.343750302E-02 -1.343749370E-02  6.562000141E-03  5.508532414E+00 
        61 -1.356250327E-02 -1.356249396E-02  6.562000141E-03  5.738479442E+00 
        62 -1.368750352E-02 -1.368749421E-02  6.562000141E-03  5.994352992E+00 
        63 -1.381250378E-02 -1.381249353E-02  6.562000141E-03  6.215314123E+00 
        64 -1.393750310E-02 -1.393749379E-02  6.562000141E-03  6.269951500E+00 
        65 -1.406250335E-02 -1.406249404E-02  6.562000141E-03  6.096959628E+00 
        66 -1.418750361E-02 -1.418749336E-02  6.562000141E-03  5.793464384E+00 
        67 -1.431250386E-02 -1.431249361E-02  6.562000141E-03  5.571962026E+00 
        68 -1.443750318E-02 -1.443749387E-02  6.562000141E-03  5.569939699E+00 
        69 -1.856250316E-02 -1.856249385E-02  6.562000141E-03  4.784903782E+00 
        70 -1.843750291E-02 -1.843749359E-02  6.562000141E-03  4.841049954E+00 
        71 -1.831250265E-02 -1.831249334E-02  6.562000141E-03  4.850358524E+00 
        72 -1.818750426E-02 -1.818749309E-02  6.562000141E-03  4.792541616E+00 
        73 -1.806250401E-02 -1.806249283E-02  6.562000141E-03  4.806308515E+00 
        74 -1.793750376E-02 -1.793749258E-02  6.562000141E-03  4.884244794E+00 
        75 -1.781250350E-02 -1.781249233E-02  6.562000141E-03  4.990535911E+00 
        76 -1.768750325E-02 -1.768749394E-02  6.562000141E-03  5.045194205E+00 
        77 -1.895638742E-02 -1.895638742E-02  6.562000141E-03  4.475419838E+00 
        78 -1.889957115E-02 -1.889957115E-02  6.562000141E-03  4.665485522E+00 
        79 -1.880222559E-02 -1.880222000E-02  6.562000141E-03  4.768254977E+00 
        80 -1.868750341E-02 -1.868749224E-02  6.562000141E-03  4.760424783E+00 
        81 -1.898222044E-02 -1.898222044E-02  6.562000606E-03  4.292033306E+00 
        82 -1.904012822E-02 -1.904012822E-02  6.562000141E-03  4.344176656E+00 
        83 -1.912219450E-02 -1.912219450E-02  6.562000606E-03  4.454068643E+00 
        84 -1.916676387E-02 -1.916676387E-02  6.562000606E-03  4.437152409E+00 
        85 -1.923896931E-02 -1.923896931E-02  6.562000141E-03  4.318942494E+00 
        86 -1.931096986E-02 -1.931096986E-02  6.562000606E-03  4.338170292E+00 
        87 -1.938296854E-02 -1.938296854E-02  6.562000141E-03  4.261893806E+00 
        88 -1.945496909E-02 -1.945496909E-02  6.562000606E-03  4.272176899E+00 
        89 -1.952696964E-02 -1.952696964E-02  6.562000141E-03  4.241153355E+00 
        90 -1.959896833E-02 -1.959896833E-02  6.562000606E-03  4.323990224E+00 
        91 -1.967096888E-02 -1.967096888E-02  6.562000141E-03  4.370563769E+00 
        92 -1.974296942E-02 -1.974296942E-02  6.562000606E-03  4.536446017E+00 
        93 -1.981496811E-02 -1.981496811E-02  6.562000141E-03  4.570184958E+00 
        94 -1.988697052E-02 -1.988697052E-02  6.562000141E-03  4.577394892E+00 
        95 -1.995896921E-02 -1.995896921E-02  6.562000141E-03  4.540727370E+00 
        96 -2.003096975E-02 -2.003096975E-02  6.562000141E-03  4.503715150E+00 
        97 -2.010296844E-02 -2.010296844E-02  6.562000141E-03  4.458776544E+00 
        98 -2.017496899E-02 -2.017496899E-02  6.562000141E-03  4.400828085E+00 
        99 -2.024696954E-02 -2.024696954E-02  6.562000141E-03  4.348542613E+00 
       100 -2.031897008E-02 -2.031897008E-02  6.562000606E-03  4.269487990E+00 
       101 -2.039096877E-02 -2.039096877E-02  6.562000141E-03  4.144079983E+00 
       102 -2.046296932E-02 -2.046296932E-02  6.562000141E-03  4.046514293E+00 
       103 -2.053496987E-02 -2.053496987E-02  6.562000606E-03  3.970518585E+00 
       104 -2.060696855E-02 -2.060696855E-02  6.562000141E-03  3.977194495E+00 
       105 -2.067896910E-02 -2.067896910E-02  6.562000141E-03  4.129812784E+00 
       106 -2.075096779E-02 -2.075096779E-02  6.562000141E-03  4.303198822E+00 
       107 -2.082296833E-02 -2.082296833E-02  6.562000141E-03  4.500063179E+00 
       108 -2.089514025E-02 -2.089514025E-02  6.562000141E-03  4.587400847E+00 
       109 -2.095155232E-02 -2.095155232E-02  6.562000141E-03  4.556454213E+00 
       110 -2.100796066E-02 -2.100796066E-02  6.562000141E-03  4.583279480E+00 
       111 -2.102797665E-02 -2.102797665E-02  6.562000141E-03  4.450802235E+00 
       112 -2.106651478E-02 -2.106651478E-02  6.562000606E-03  4.228185573E+00 
       113 -2.110337466E-02 -2.110337466E-02  6.562000606E-03  3.503006061E+00 
       114 -2.112556621E-02 -2.112556621E-02  6.562000606E-03  3.005629272E+00 
       115 -2.114406601E-02 -2.114406601E-02  6.562000606E-03  2.523668744E+00 
       116 -2.115948685E-02 -2.115948685E-02  6.562000606E-03  2.056238587E+00 
       117 -2.117234282E-02 -2.117234282E-02  6.562000606E-03  1.618250586E+00 
       118 -2.118305862E-02 -2.118305862E-02  6.562000141E-03  1.221728239E+00 
       119 -2.119199000E-02 -2.119199000E-02  6.562000141E-03  8.739559125E-01 
       120 -2.119943500E-02 -2.119943500E-02  6.562000606E-03  5.751768388E-01 
       121 -2.120563947E-02 -2.120563947E-02  6.562000141E-03  3.215764957E-01 
       122 -2.121081017E-02 -2.121081017E-02  6.562000141E-03  1.074350908E-01 
       123 -5.937502719E-03 -5.937494338E-03  6.562000141E-03  6.154560186E-01 
       124 -5.812502932E-03 -5.812494550E-03  6.562000141E-03  5.903964240E-01 
       125 -5.687502678E-03 -5.687494297E-03  6.562000141E-03  6.043105553E-01 
       126 -5.562502891E-03 -5.562494509E-03  6.562000141E-03  6.268303009E-01 
       127 -5.437502638E-03 -5.437494256E-03  6.562000141E-03  6.070672416E-01 
       128 -5.312502850E-03 -5.312494468E-03  6.562000141E-03  5.579192135E-01 
       129 -5.187502597E-03 -5.187494215E-03  6.562000141E-03  4.939127908E-01 
       130 -5.062502809E-03 -5.062494427E-03  6.562000141E-03  4.255036943E-01 
       131 -4.937502556E-03 -4.937494639E-03  6.562000141E-03  3.921210301E-01 
       132 -4.812502768E-03 -4.812494386E-03  6.562000141E-03  4.761791315E-01 
       133 -4.687502515E-03 -4.687494598E-03  6.562000141E-03  5.768772742E-01 
       134 -4.562502727E-03 -4.562494345E-03  6.562000141E-03  6.233642972E-01 
       135 -4.437502474E-03 -4.437494557E-03  6.562000141E-03  6.341839029E-01 
       136 -4.312502686E-03 -4.312494304E-03  6.562000141E-03  6.279539232E-01 
       137 -4.187502433E-03 -4.187494516E-03  6.562000141E-03  5.962193038E-01 
       138 -4.062502645E-03 -4.062494729E-03  6.562000141E-03  5.475255021E-01 
       139 -3.937502392E-03 -3.937494475E-03  6.562000141E-03  4.743771682E-01 
       140 -3.812502371E-03 -3.812494455E-03  6.562000141E-03  3.877103171E-01 
       141 -3.687502351E-03 -3.687494434E-03  6.562000141E-03  3.359752205E-01 
       142 -3.562502330E-03 -3.562494414E-03  6.562000141E-03  3.609937581E-01 
       143 -3.437502543E-03 -3.437494393E-03  6.562000141E-03  4.020791529E-01 
       144 -3.312502522E-03 -3.312494373E-03  6.562000141E-03  3.715752638E-01 
       145 -3.187502502E-03 -3.187494352E-03  6.562000141E-03  3.154914697E-01 
       146 -3.062231001E-03 -3.062227042E-03  6.562000141E-03  3.095804002E-01 
       147 -2.974424278E-03 -2.974424278E-03  6.562000141E-03  3.621143904E-01 
       148 -2.937239828E-03 -2.937239828E-03  6.562000141E-03  4.574433802E-01 
       149 -2.915001474E-03 -2.915001474E-03  6.562000141E-03  5.470037900E-01 
       150 -2.896528924E-03 -2.896528924E-03  6.562000141E-03  6.354044750E-01 
       151 -2.881176071E-03 -2.881176071E-03  6.562000606E-03  7.175742020E-01 
       152 -2.868410433E-03 -2.868410433E-03  6.562000141E-03  7.899900412E-01 
       153 -2.857792191E-03 -2.857792191E-03  6.562000141E-03  8.527878659E-01 
       154 -2.848957200E-03 -2.848957200E-03  6.562000141E-03  9.067835246E-01 
       155 -2.841604175E-03 -2.841604175E-03  6.562000141E-03  9.533124881E-01 
       156 -2.835483057E-03 -2.835483057E-03  6.562000606E-03  9.934966044E-01 
       157 -2.830386860E-03 -2.830386860E-03  6.562000606E-03  1.028262587E+00 
       158 -1.456250343E-02 -1.456249412E-02  6.562000141E-03  5.631141846E+00 
       159 -1.468750369E-02 -1.468749344E-02  6.562000141E-03  5.629380732E+00 
       160 -1.481250301E-02 -1.481249370E-02  6.562000141E-03  5.611264671E+00 
       161 -1.493750326E-02 -1.493749395E-02  6.562000141E-03  5.615863786E+00 
       162 -1.506250352E-02 -1.506249327E-02  6.562000141E-03  5.756902104E+00 
       163 -1.518750377E-02 -1.518749353E-02  6.562000141E-03  5.947303583E+00 
       164 -1.531250309E-02 -1.531249378E-02  6.562000141E-03  6.105447274E+00 
       165 -1.543750335E-02 -1.543749403E-02  6.562000141E-03  6.202799321E+00 
       166 -1.556250360E-02 -1.556249335E-02  6.562000141E-03  6.180356813E+00 
       167 -1.568750292E-02 -1.568749361E-02  6.562000141E-03  6.132011828E+00 
       168 -1.581250317E-02 -1.581249386E-02  6.562000141E-03  6.063630088E+00 
       169 -1.593750343E-02 -1.593749411E-02  6.562000141E-03  5.926185199E+00 
       170 -1.606250368E-02 -1.606249250E-02  6.562000141E-03  5.730415374E+00 
       171 -1.618750393E-02 -1.618749276E-02  6.562000141E-03  5.463265043E+00 
       172 -1.631250419E-02 -1.631249301E-02  6.562000141E-03  5.228303670E+00 
       173 -1.643750258E-02 -1.643749326E-02  6.562000141E-03  5.131433974E+00 
       174 -1.656250283E-02 -1.656249352E-02  6.562000141E-03  5.456497656E+00 
       175 -1.668750308E-02 -1.668749377E-02  6.562000141E-03  5.699899482E+00 
       176 -1.681250334E-02 -1.681249402E-02  6.562000141E-03  5.746695763E+00 
       177 -1.693750359E-02 -1.693749242E-02  6.562000141E-03  5.718774593E+00 
       178 -1.706250384E-02 -1.706249267E-02  6.562000141E-03  5.628963637E+00 
       179 -1.718750410E-02 -1.718749292E-02  6.562000141E-03  5.488529944E+00 
       180 -1.731250249E-02 -1.731249318E-02  6.562000141E-03  5.242225557E+00 
       181 -1.743750274E-02 -1.743749343E-02  6.562000141E-03  5.288417036E+00 
       182 -1.756250300E-02 -1.756249368E-02  6.562000141E-03  5.334368332E+00 
