cellnumber     x-coordinate     y-coordinate     z-coordinate velocity-magnitude 
         1 -5.937502719E-03 -5.937494338E-03  6.562000141E-03  1.953502620E+00 
         2 -5.812502466E-03 -5.812494550E-03  6.562000141E-03  1.581105781E+00 
         3 -5.687502678E-03 -5.687494762E-03  6.562000141E-03  1.101061443E+00 
         4 -5.562502425E-03 -5.562494509E-03  6.562000141E-03  7.056165788E-01 
         5 -5.437502638E-03 -5.437494721E-03  6.562000141E-03  4.967995238E-01 
         6 -5.312502384E-03 -5.312494468E-03  6.562000141E-03  6.045130919E-01 
         7 -5.187502597E-03 -5.187494680E-03  6.562000141E-03  5.442324529E-01 
         8 -5.062502343E-03 -5.062494427E-03  6.562000141E-03  5.140970824E-01 
         9 -4.937502556E-03 -4.937494639E-03  6.562000141E-03  4.955891775E-01 
        10 -4.812502302E-03 -4.812494386E-03  6.562000141E-03  5.487508989E-01 
        11 -4.687502515E-03 -4.687494598E-03  6.562000141E-03  6.169191286E-01 
        12 -4.562502727E-03 -4.562494811E-03  6.562000141E-03  6.485013706E-01 
        13 -4.437502474E-03 -4.437494557E-03  6.562000141E-03  6.936686378E-01 
        14 -4.312502686E-03 -4.312494770E-03  6.562000141E-03  7.129537630E-01 
        15 -4.187502433E-03 -4.187494516E-03  6.562000141E-03  6.080123739E-01 
        16 -4.062502645E-03 -4.062494729E-03  6.562000141E-03  5.744812397E-01 
        17 -3.937502392E-03 -3.937494475E-03  6.562000141E-03  6.460620204E-01 
        18 -3.812502371E-03 -3.812494455E-03  6.562000141E-03  6.848444903E-01 
        19 -3.687502351E-03 -3.687494434E-03  6.562000141E-03  6.558331662E-01 
        20 -3.562502330E-03 -3.562494414E-03  6.562000141E-03  6.086908272E-01 
        21 -3.437502310E-03 -3.437494626E-03  6.562000141E-03  6.241027769E-01 
        22 -3.312502289E-03 -3.312494606E-03  6.562000141E-03  6.593726191E-01 
        23 -3.187502269E-03 -3.187494585E-03  6.562000141E-03  5.354259220E-01 
        24 -3.062231001E-03 -3.062227042E-03  6.562000141E-03  5.559622936E-01 
        25 -2.974424278E-03 -2.974424278E-03  6.562000606E-03  7.380276898E-01 
        26 -2.937239595E-03 -2.937239595E-03  6.562000606E-03  8.382303948E-01 
        27 -2.915001474E-03 -2.915001474E-03  6.562000141E-03  8.977859224E-01 
        28 -2.896528924E-03 -2.896528924E-03  6.561999675E-03  9.432263901E-01 
        29 -2.881176071E-03 -2.881176071E-03  6.562000141E-03  9.763802880E-01 
        30 -2.868410433E-03 -2.868410433E-03  6.562000141E-03  9.997728163E-01 
        31 -2.857792191E-03 -2.857792191E-03  6.562000606E-03  1.016008714E+00 
        32 -2.848957200E-03 -2.848957200E-03  6.562000141E-03  1.027217425E+00 
        33 -2.841604175E-03 -2.841604175E-03  6.562000141E-03  1.034976559E+00 
        34 -2.835483057E-03 -2.835483057E-03  6.562001072E-03  1.040429914E+00 
        35 -2.830386627E-03 -2.830386627E-03  6.562000606E-03  1.044320970E+00 
        36 -1.456250343E-02 -1.456249412E-02  6.562000141E-03  5.807960278E+00 
        37 -1.468750276E-02 -1.468749437E-02  6.562000141E-03  5.647609312E+00 
        38 -1.481250301E-02 -1.481249370E-02  6.562000141E-03  5.643353602E+00 
        39 -1.493750326E-02 -1.493749395E-02  6.562000141E-03  5.425853564E+00 
        40 -1.506250259E-02 -1.506249420E-02  6.562000141E-03  5.097158899E+00 
        41 -1.518750284E-02 -1.518749446E-02  6.562000141E-03  5.200338925E+00 
        42 -1.531250309E-02 -1.531249378E-02  6.562000141E-03  5.393477898E+00 
        43 -1.543750335E-02 -1.543749403E-02  6.562000141E-03  5.596190162E+00 
        44 -1.556250267E-02 -1.556249429E-02  6.562000141E-03  5.668146097E+00 
        45 -1.568750292E-02 -1.568749361E-02  6.562000141E-03  5.441403618E+00 
        46 -1.581250317E-02 -1.581249386E-02  6.562000141E-03  5.295672261E+00 
        47 -1.593750343E-02 -1.593749411E-02  6.562000141E-03  5.225584361E+00 
        48 -1.606250368E-02 -1.606249437E-02  6.562000141E-03  5.122510838E+00 
        49 -1.618750207E-02 -1.618749462E-02  6.562000141E-03  5.099619763E+00 
        50 -1.631250232E-02 -1.631249301E-02  6.562000141E-03  4.990257256E+00 
        51 -1.643750258E-02 -1.643749326E-02  6.562000141E-03  4.904878953E+00 
        52 -1.656250283E-02 -1.656249352E-02  6.562000141E-03  5.004899514E+00 
        53 -1.668750308E-02 -1.668749377E-02  6.562000141E-03  5.102494539E+00 
        54 -1.681250334E-02 -1.681249402E-02  6.562000141E-03  5.106922974E+00 
        55 -1.693750359E-02 -1.693749428E-02  6.562000141E-03  5.439130548E+00 
        56 -1.706250198E-02 -1.706249453E-02  6.562000141E-03  5.899776989E+00 
        57 -1.718750224E-02 -1.718749292E-02  6.562000141E-03  6.001078660E+00 
        58 -1.731250249E-02 -1.731249318E-02  6.562000141E-03  6.103396500E+00 
        59 -1.743750274E-02 -1.743749343E-02  6.562000141E-03  6.228514673E+00 
        60 -1.756250300E-02 -1.756249368E-02  6.562000141E-03  6.323040973E+00 
        61 -1.895638742E-02 -1.895638742E-02  6.562000141E-03  5.727981457E+00 
        62 -1.889957115E-02 -1.889957115E-02  6.562000606E-03  5.597207724E+00 
        63 -1.880222373E-02 -1.880222000E-02  6.562000141E-03  5.842576009E+00 
        64 -1.868750341E-02 -1.868749410E-02  6.562000141E-03  5.973868344E+00 
        65 -1.898222044E-02 -1.898222044E-02  6.562000606E-03  5.356769362E+00 
        66 -1.904012822E-02 -1.904012822E-02  6.562000141E-03  5.453842599E+00 
        67 -1.912219450E-02 -1.912219450E-02  6.562000606E-03  5.479627616E+00 
        68 -1.916676387E-02 -1.916676387E-02  6.562000606E-03  5.541091842E+00 
        69 -1.923896931E-02 -1.923896931E-02  6.562000141E-03  5.272177040E+00 
        70 -1.931096986E-02 -1.931096986E-02  6.562000606E-03  5.333898243E+00 
        71 -1.938296854E-02 -1.938296854E-02  6.562000141E-03  5.119679885E+00 
        72 -1.945496909E-02 -1.945496909E-02  6.562000606E-03  5.214467827E+00 
        73 -1.952696964E-02 -1.952696964E-02  6.562000141E-03  5.050502497E+00 
        74 -1.959896833E-02 -1.959896833E-02  6.562000606E-03  5.119532285E+00 
        75 -1.967096888E-02 -1.967096888E-02  6.562000141E-03  5.008655063E+00 
        76 -1.974296942E-02 -1.974296942E-02  6.562000606E-03  5.050578375E+00 
        77 -1.981496811E-02 -1.981496811E-02  6.562000141E-03  5.033750839E+00 
        78 -1.988697052E-02 -1.988697052E-02  6.562000141E-03  5.017274768E+00 
        79 -1.995896921E-02 -1.995896921E-02  6.562000141E-03  5.081231218E+00 
        80 -2.003096975E-02 -2.003096975E-02  6.562000141E-03  4.991408841E+00 
        81 -2.010296844E-02 -2.010296844E-02  6.562000141E-03  4.900691151E+00 
        82 -2.017496899E-02 -2.017496899E-02  6.562000141E-03  4.702578190E+00 
        83 -2.024696954E-02 -2.024696954E-02  6.562000141E-03  4.529278985E+00 
        84 -2.031897008E-02 -2.031897008E-02  6.562000606E-03  4.449688017E+00 
        85 -2.039096877E-02 -2.039096877E-02  6.562000141E-03  4.300965014E+00 
        86 -2.046296932E-02 -2.046296932E-02  6.562000141E-03  4.316779875E+00 
        87 -2.053496987E-02 -2.053496987E-02  6.562000606E-03  4.260135214E+00 
        88 -2.060696855E-02 -2.060696855E-02  6.562000141E-03  4.381856869E+00 
        89 -2.067896910E-02 -2.067896910E-02  6.562000141E-03  4.457035697E+00 
        90 -2.075096779E-02 -2.075096779E-02  6.562000141E-03  4.580170101E+00 
        91 -2.082296833E-02 -2.082296833E-02  6.562000141E-03  4.617060112E+00 
        92 -2.089514025E-02 -2.089514025E-02  6.562000141E-03  4.635883145E+00 
        93 -2.095155232E-02 -2.095155232E-02  6.562000141E-03  4.852294045E+00 
        94 -2.100796066E-02 -2.100796066E-02  6.562000141E-03  5.036117077E+00 
        95 -2.102797665E-02 -2.102797665E-02  6.562000141E-03  5.077365828E+00 
        96 -2.106651478E-02 -2.106651478E-02  6.562000606E-03  5.069326701E+00 
        97 -2.110337466E-02 -2.110337466E-02  6.562000606E-03  4.933870188E+00 
        98 -2.112556621E-02 -2.112556621E-02  6.562000606E-03  4.612766200E+00 
        99 -2.114406601E-02 -2.114406601E-02  6.562000606E-03  3.850904627E+00 
       100 -2.115948685E-02 -2.115948685E-02  6.562000606E-03  3.001558194E+00 
       101 -2.117234282E-02 -2.117234282E-02  6.562000606E-03  2.256219311E+00 
       102 -2.118305862E-02 -2.118305862E-02  6.562000141E-03  1.658886480E+00 
       103 -2.119199000E-02 -2.119199000E-02  6.562000141E-03  1.183526786E+00 
       104 -2.119943500E-02 -2.119943500E-02  6.562000606E-03  7.917211367E-01 
       105 -2.120563947E-02 -2.120563947E-02  6.562000141E-03  4.557310255E-01 
       106 -2.121081017E-02 -2.121081017E-02  6.562000141E-03  1.587571779E-01 
       107 -1.856250316E-02 -1.856249385E-02  6.562000141E-03  6.162148124E+00 
       108 -1.843750291E-02 -1.843749359E-02  6.562000141E-03  6.271024818E+00 
       109 -1.831250265E-02 -1.831249334E-02  6.562000141E-03  6.279035765E+00 
       110 -1.818750240E-02 -1.818749309E-02  6.562000141E-03  6.295936714E+00 
       111 -1.806250215E-02 -1.806249283E-02  6.562000141E-03  6.330665028E+00 
       112 -1.793750376E-02 -1.793749444E-02  6.562000141E-03  6.336660721E+00 
       113 -1.781250350E-02 -1.781249419E-02  6.562000141E-03  6.329220463E+00 
       114 -1.768750325E-02 -1.768749394E-02  6.562000141E-03  6.338168378E+00 
       115 -6.062502507E-03 -6.062494591E-03  6.562000141E-03  1.848858865E+00 
       116 -6.187502760E-03 -6.187494379E-03  6.562000141E-03  1.571432122E+00 
       117 -6.312502548E-03 -6.312494632E-03  6.562000141E-03  1.643763284E+00 
       118 -6.437502801E-03 -6.437494420E-03  6.562000141E-03  1.735647942E+00 
       119 -6.562502589E-03 -6.562494673E-03  6.562000141E-03  1.725312401E+00 
       120 -6.687502842E-03 -6.687494460E-03  6.562000141E-03  1.713436990E+00 
       121 -6.812502630E-03 -6.812494714E-03  6.562000141E-03  1.407364161E+00 
       122 -6.937502418E-03 -6.937494501E-03  6.562000141E-03  1.646740133E+00 
       123 -7.062502671E-03 -7.062494289E-03  6.562000141E-03  2.205458327E+00 
       124 -7.187502459E-03 -7.187494542E-03  6.562000141E-03  2.362770871E+00 
       125 -7.312502712E-03 -7.312494330E-03  6.562000141E-03  2.533328184E+00 
       126 -7.437502500E-03 -7.437494583E-03  6.562000141E-03  2.676794825E+00 
       127 -7.562502753E-03 -7.562494371E-03  6.562000141E-03  2.831288259E+00 
       128 -7.687502541E-03 -7.687494624E-03  6.562000141E-03  2.971459484E+00 
       129 -7.812502794E-03 -7.812494412E-03  6.562000141E-03  3.057034595E+00 
       130 -7.937503047E-03 -7.937494665E-03  6.562000141E-03  3.136304853E+00 
       131 -8.062502369E-03 -8.062493987E-03  6.562000141E-03  3.182145520E+00 
       132 -8.187502623E-03 -8.187494241E-03  6.562000141E-03  3.201855361E+00 
       133 -8.312502876E-03 -8.312494494E-03  6.562000141E-03  3.226896799E+00 
       134 -8.437503129E-03 -8.437494747E-03  6.562000141E-03  3.257639660E+00 
       135 -8.562502451E-03 -8.562494069E-03  6.562000141E-03  3.256480012E+00 
       136 -8.687502705E-03 -8.687494323E-03  6.562000141E-03  3.235683843E+00 
       137 -8.812502958E-03 -8.812494576E-03  6.562000141E-03  3.191132970E+00 
       138 -8.937502280E-03 -8.937494829E-03  6.562000141E-03  3.132962915E+00 
       139 -9.062502533E-03 -9.062494151E-03  6.562000141E-03  3.119632678E+00 
       140 -9.187502787E-03 -9.187494405E-03  6.562000141E-03  3.141272435E+00 
       141 -9.312503040E-03 -9.312494658E-03  6.562000141E-03  3.177399061E+00 
       142 -9.437502362E-03 -9.437493980E-03  6.562000141E-03  3.219627718E+00 
       143 -9.562502615E-03 -9.562494233E-03  6.562000141E-03  3.276311636E+00 
       144 -9.687502868E-03 -9.687494487E-03  6.562000141E-03  3.326596406E+00 
       145 -9.812503122E-03 -9.812494740E-03  6.562000141E-03  3.368479270E+00 
       146 -9.937502444E-03 -9.937494062E-03  6.562000141E-03  3.419454041E+00 
       147 -1.006250270E-02 -1.006249432E-02  6.562000141E-03  3.472054589E+00 
       148 -1.018750295E-02 -1.018749457E-02  6.562000141E-03  3.529106440E+00 
       149 -1.031250320E-02 -1.031249389E-02  6.562000141E-03  3.585668081E+00 
       150 -1.043750253E-02 -1.043749414E-02  6.562000141E-03  3.641893662E+00 
       151 -1.056250278E-02 -1.056249440E-02  6.562000141E-03  3.698838848E+00 
       152 -1.068750303E-02 -1.068749465E-02  6.562000141E-03  3.743198762E+00 
       153 -1.081250329E-02 -1.081249397E-02  6.562000141E-03  3.762078635E+00 
       154 -1.093750261E-02 -1.093749423E-02  6.562000141E-03  3.779555303E+00 
       155 -1.106250286E-02 -1.106249448E-02  6.562000141E-03  3.833987263E+00 
       156 -1.118750311E-02 -1.118749473E-02  6.562000141E-03  3.912179917E+00 
       157 -1.131250244E-02 -1.131249405E-02  6.562000141E-03  3.996589306E+00 
       158 -1.143750269E-02 -1.143749431E-02  6.562000141E-03  4.081104043E+00 
       159 -1.156250294E-02 -1.156249456E-02  6.562000141E-03  4.164961892E+00 
       160 -1.168750320E-02 -1.168749388E-02  6.562000141E-03  4.245846823E+00 
       161 -1.181250252E-02 -1.181249414E-02  6.562000141E-03  4.328225063E+00 
       162 -1.193750277E-02 -1.193749439E-02  6.562000141E-03  4.415883032E+00 
       163 -1.206250302E-02 -1.206249464E-02  6.562000141E-03  4.506397912E+00 
       164 -1.218750328E-02 -1.218749397E-02  6.562000141E-03  4.595821354E+00 
       165 -1.231250260E-02 -1.231249422E-02  6.562000141E-03  4.682840788E+00 
       166 -1.243750285E-02 -1.243749447E-02  6.562000141E-03  4.766687278E+00 
       167 -1.256250311E-02 -1.256249379E-02  6.562000141E-03  4.848452946E+00 
       168 -1.268750336E-02 -1.268749405E-02  6.562000141E-03  4.930894033E+00 
       169 -1.281250268E-02 -1.281249430E-02  6.562000141E-03  5.017343415E+00 
       170 -1.293750294E-02 -1.293749455E-02  6.562000141E-03  5.109013691E+00 
       171 -1.306250319E-02 -1.306249388E-02  6.562000141E-03  5.208840867E+00 
       172 -1.318750251E-02 -1.318749413E-02  6.562000141E-03  5.316032190E+00 
       173 -1.331250276E-02 -1.331249438E-02  6.562000141E-03  5.438699151E+00 
       174 -1.343750302E-02 -1.343749464E-02  6.562000141E-03  5.561076089E+00 
       175 -1.356250327E-02 -1.356249396E-02  6.562000141E-03  5.731031952E+00 
       176 -1.368750259E-02 -1.368749421E-02  6.562000141E-03  5.949941471E+00 
       177 -1.381250285E-02 -1.381249446E-02  6.562000141E-03  5.981570483E+00 
       178 -1.393750310E-02 -1.393749379E-02  6.562000141E-03  5.670619702E+00 
       179 -1.406250335E-02 -1.406249404E-02  6.562000141E-03  5.675698882E+00 
       180 -1.418750267E-02 -1.418749429E-02  6.562000141E-03  5.986561209E+00 
       181 -1.431250293E-02 -1.431249455E-02  6.562000141E-03  6.233054809E+00 
       182 -1.443750318E-02 -1.443749387E-02  6.562000141E-03  6.087854927E+00 
