cellnumber     x-coordinate     y-coordinate     z-coordinate velocity-magnitude 
         1 -7.687495556E-03 -7.687497418E-03  6.562000141E-03  2.519255229E+00 
         2 -7.562495302E-03 -7.562497631E-03  6.562000141E-03  2.485921944E+00 
         3 -7.437495515E-03 -7.437497377E-03  6.562000141E-03  2.447441961E+00 
         4 -7.312495261E-03 -7.312497590E-03  6.562000141E-03  2.410124314E+00 
         5 -7.187495474E-03 -7.187497336E-03  6.562000141E-03  2.339324021E+00 
         6 -7.812495343E-03 -7.812497206E-03  6.562000141E-03  2.575705714E+00 
         7 -7.937495597E-03 -7.937497459E-03  6.562000141E-03  2.887953518E+00 
         8 -8.062495850E-03 -8.062497713E-03  6.562000141E-03  3.286588598E+00 
         9 -8.187495172E-03 -8.187497035E-03  6.562000141E-03  3.139567259E+00 
        10 -8.312495425E-03 -8.312497288E-03  6.562000141E-03  3.034268543E+00 
        11 -8.437495679E-03 -8.437497541E-03  6.562000141E-03  3.020520993E+00 
        12 -8.562495001E-03 -8.562497795E-03  6.562000141E-03  3.056124537E+00 
        13 -8.687495254E-03 -8.687497117E-03  6.562000141E-03  3.088669604E+00 
        14 -8.812495507E-03 -8.812497370E-03  6.562000141E-03  3.133518112E+00 
        15 -8.937495761E-03 -8.937497623E-03  6.562000141E-03  3.192783795E+00 
        16 -9.062495083E-03 -9.062496945E-03  6.562000141E-03  3.243138064E+00 
        17 -9.187495336E-03 -9.187497199E-03  6.562000141E-03  3.290008170E+00 
        18 -9.312495589E-03 -9.312497452E-03  6.562000141E-03  3.336638250E+00 
        19 -9.437495843E-03 -9.437497705E-03  6.562000141E-03  3.364200143E+00 
        20 -9.562495165E-03 -9.562497027E-03  6.562000141E-03  3.399509504E+00 
        21 -9.687495418E-03 -9.687497281E-03  6.562000141E-03  3.457709082E+00 
        22 -9.812495671E-03 -9.812497534E-03  6.562000141E-03  3.526107634E+00 
        23 -9.937495925E-03 -9.937496856E-03  6.562000141E-03  3.515097569E+00 
        24 -1.006249525E-02 -1.006249711E-02  6.562000141E-03  3.549852876E+00 
        25 -1.018749550E-02 -1.018749736E-02  6.562000141E-03  3.601202958E+00 
        26 -1.031249575E-02 -1.031249762E-02  6.562000141E-03  3.613596315E+00 
        27 -1.043749601E-02 -1.043749694E-02  6.562000141E-03  3.637936319E+00 
        28 -1.056249533E-02 -1.056249719E-02  6.562000141E-03  3.665395583E+00 
        29 -1.068749558E-02 -1.068749744E-02  6.562000141E-03  3.694270774E+00 
        30 -1.081249584E-02 -1.081249677E-02  6.562000141E-03  3.735648171E+00 
        31 -1.093749516E-02 -1.093749702E-02  6.562000141E-03  3.790805142E+00 
        32 -1.106249541E-02 -1.106249727E-02  6.562000141E-03  3.852255940E+00 
        33 -7.062495220E-03 -7.062497549E-03  6.562000141E-03  2.273008764E+00 
        34 -6.937495433E-03 -6.937497295E-03  6.562000141E-03  2.216916636E+00 
        35 -6.812495179E-03 -6.812497508E-03  6.562000141E-03  2.031579855E+00 
        36 -6.687495392E-03 -6.687497254E-03  6.562000141E-03  1.688553083E+00 
        37 -6.562495138E-03 -6.562497467E-03  6.562000141E-03  1.458369848E+00 
        38 -6.437495351E-03 -6.437497679E-03  6.562000141E-03  1.296542799E+00 
        39 -6.312495098E-03 -6.312497426E-03  6.562000141E-03  1.167499315E+00 
        40 -6.187495310E-03 -6.187497638E-03  6.562000141E-03  1.079846195E+00 
        41 -6.062495057E-03 -6.062497385E-03  6.562000141E-03  1.048287242E+00 
        42 -5.937495269E-03 -5.937497597E-03  6.562000141E-03  9.803086287E-01 
        43 -5.812495016E-03 -5.812497344E-03  6.562000141E-03  9.344022739E-01 
        44 -5.687495228E-03 -5.687497556E-03  6.562000141E-03  8.968219424E-01 
        45 -5.562495440E-03 -5.562497769E-03  6.562000141E-03  8.489656018E-01 
        46 -5.437495187E-03 -5.437497515E-03  6.562000141E-03  8.303172105E-01 
        47 -5.312495399E-03 -5.312497728E-03  6.562000141E-03  8.124448441E-01 
        48 -5.187495146E-03 -5.187497474E-03  6.562000141E-03  7.458065543E-01 
        49 -5.062495358E-03 -5.062497687E-03  6.562000141E-03  6.795667110E-01 
        50 -4.937495105E-03 -4.937497433E-03  6.562000141E-03  6.316260388E-01 
        51 -4.812495317E-03 -4.812497646E-03  6.562000141E-03  5.960372220E-01 
        52 -4.687495064E-03 -4.687497392E-03  6.562000141E-03  5.739806044E-01 
        53 -4.562495276E-03 -4.562497605E-03  6.562000141E-03  5.718360576E-01 
        54 -4.437495023E-03 -4.437497817E-03  6.562000141E-03  5.782103832E-01 
        55 -4.312495235E-03 -4.312497564E-03  6.562000141E-03  5.872950735E-01 
        56 -4.187494982E-03 -4.187497776E-03  6.562000141E-03  5.975229168E-01 
        57 -4.062495194E-03 -4.062497523E-03  6.562000141E-03  6.044787008E-01 
        58 -3.937494941E-03 -3.937497735E-03  6.562000141E-03  6.122612711E-01 
        59 -3.812494921E-03 -3.812497482E-03  6.562000141E-03  6.153641577E-01 
        60 -3.687494900E-03 -3.687497461E-03  6.562000141E-03  6.082301602E-01 
        61 -3.562494880E-03 -3.562497674E-03  6.562000141E-03  5.919157549E-01 
        62 -3.437494859E-03 -3.437497653E-03  6.562000141E-03  6.253042932E-01 
        63 -3.312494839E-03 -3.312497633E-03  6.562000141E-03  7.370913772E-01 
        64 -3.187495051E-03 -3.187497612E-03  6.562000141E-03  7.401975181E-01 
        65 -3.061021678E-03 -3.061023075E-03  6.562000141E-03  5.510173915E-01 
        66 -2.973292721E-03 -2.973292721E-03  6.562000141E-03  5.356015463E-01 
        67 -2.937367652E-03 -2.937367652E-03  6.562000141E-03  6.342462771E-01 
        68 -2.915092511E-03 -2.915092511E-03  6.562000141E-03  7.184225564E-01 
        69 -2.896590624E-03 -2.896590624E-03  6.562000141E-03  7.942564097E-01 
        70 -2.881214023E-03 -2.881214023E-03  6.562000606E-03  8.570880928E-01 
        71 -2.868429059E-03 -2.868429059E-03  6.562000141E-03  9.069290366E-01 
        72 -2.857794985E-03 -2.857794985E-03  6.562000141E-03  9.459157661E-01 
        73 -2.848947421E-03 -2.848947421E-03  6.562000141E-03  9.765244487E-01 
        74 -2.841583686E-03 -2.841583686E-03  6.562000141E-03  1.000919531E+00 
        75 -2.835454186E-03 -2.835454186E-03  6.562000606E-03  1.020824859E+00 
        76 -2.830350772E-03 -2.830350772E-03  6.562000141E-03  1.037578079E+00 
        77 -1.556249615E-02 -1.556249708E-02  6.562000141E-03  5.577449249E+00 
        78 -1.543749589E-02 -1.543749683E-02  6.562000141E-03  5.578350797E+00 
        79 -1.531249564E-02 -1.531249657E-02  6.562000141E-03  5.526088159E+00 
        80 -1.518749632E-02 -1.518749725E-02  6.562000141E-03  5.472256109E+00 
        81 -1.506249607E-02 -1.506249700E-02  6.562000141E-03  5.427527148E+00 
        82 -1.493749581E-02 -1.493749674E-02  6.562000141E-03  5.415281653E+00 
        83 -1.481249556E-02 -1.481249649E-02  6.562000141E-03  5.451100855E+00 
        84 -1.468749624E-02 -1.468749717E-02  6.562000141E-03  5.401904627E+00 
        85 -1.456249598E-02 -1.456249692E-02  6.562000141E-03  5.330457619E+00 
        86 -1.443749573E-02 -1.443749666E-02  6.562000141E-03  5.249118627E+00 
        87 -1.431249548E-02 -1.431249734E-02  6.562000141E-03  5.195917006E+00 
        88 -1.418749616E-02 -1.418749709E-02  6.562000141E-03  5.163278514E+00 
        89 -1.406249590E-02 -1.406249683E-02  6.562000141E-03  5.141444873E+00 
        90 -1.393749565E-02 -1.393749658E-02  6.562000141E-03  5.120967394E+00 
        91 -1.381249540E-02 -1.381249726E-02  6.562000141E-03  5.096073330E+00 
        92 -1.368749607E-02 -1.368749700E-02  6.562000141E-03  5.067489596E+00 
        93 -1.356249582E-02 -1.356249675E-02  6.562000141E-03  5.036820365E+00 
        94 -1.343749557E-02 -1.343749743E-02  6.562000141E-03  5.005475585E+00 
        95 -1.331249531E-02 -1.331249718E-02  6.562000141E-03  4.970359989E+00 
        96 -1.318749599E-02 -1.318749692E-02  6.562000141E-03  4.924702418E+00 
        97 -1.306249574E-02 -1.306249667E-02  6.562000141E-03  4.860871039E+00 
        98 -1.293749548E-02 -1.293749735E-02  6.562000141E-03  4.786755469E+00 
        99 -1.281249616E-02 -1.281249709E-02  6.562000141E-03  4.721372158E+00 
       100 -1.268749591E-02 -1.268749684E-02  6.562000141E-03  4.674573786E+00 
       101 -1.256249566E-02 -1.256249752E-02  6.562000141E-03  4.644123417E+00 
       102 -1.243749540E-02 -1.243749727E-02  6.562000141E-03  4.618243354E+00 
       103 -1.231249608E-02 -1.231249701E-02  6.562000141E-03  4.585758283E+00 
       104 -1.218749583E-02 -1.218749676E-02  6.562000141E-03  4.544248931E+00 
       105 -1.206249557E-02 -1.206249744E-02  6.562000141E-03  4.491076396E+00 
       106 -1.193749532E-02 -1.193749718E-02  6.562000141E-03  4.424293343E+00 
       107 -1.181249600E-02 -1.181249693E-02  6.562000141E-03  4.348502757E+00 
       108 -1.168749575E-02 -1.168749761E-02  6.562000141E-03  4.268897004E+00 
       109 -1.156249549E-02 -1.156249736E-02  6.562000141E-03  4.185327424E+00 
       110 -1.143749524E-02 -1.143749710E-02  6.562000141E-03  4.096398224E+00 
       111 -1.131249592E-02 -1.131249685E-02  6.562000141E-03  4.006294011E+00 
       112 -1.118749566E-02 -1.118749753E-02  6.562000141E-03  3.923316715E+00 
       113 -1.898222044E-02 -1.898222044E-02  6.562000606E-03  4.822309028E+00 
       114 -1.904012822E-02 -1.904012822E-02  6.562000141E-03  4.782349749E+00 
       115 -1.912219450E-02 -1.912219450E-02  6.562000606E-03  4.735191563E+00 
       116 -1.916676387E-02 -1.916676387E-02  6.562000606E-03  4.349139494E+00 
       117 -1.923896931E-02 -1.923896931E-02  6.562000141E-03  4.099286042E+00 
       118 -1.931096986E-02 -1.931096986E-02  6.562000606E-03  4.003832824E+00 
       119 -1.938296854E-02 -1.938296854E-02  6.562000141E-03  4.142680689E+00 
       120 -1.945496909E-02 -1.945496909E-02  6.562000606E-03  4.226399440E+00 
       121 -1.952696964E-02 -1.952696964E-02  6.562000141E-03  4.197809408E+00 
       122 -1.959896833E-02 -1.959896833E-02  6.562000606E-03  4.106564433E+00 
       123 -1.967096888E-02 -1.967096888E-02  6.562000141E-03  4.138918289E+00 
       124 -1.974296942E-02 -1.974296942E-02  6.562000606E-03  4.136856767E+00 
       125 -1.981496811E-02 -1.981496811E-02  6.562000141E-03  4.329651599E+00 
       126 -1.988697052E-02 -1.988697052E-02  6.562000141E-03  4.308272365E+00 
       127 -1.995896921E-02 -1.995896921E-02  6.562000141E-03  4.415960469E+00 
       128 -2.003096975E-02 -2.003096975E-02  6.562000141E-03  4.363432671E+00 
       129 -2.010296844E-02 -2.010296844E-02  6.562000141E-03  4.354512014E+00 
       130 -2.017496899E-02 -2.017496899E-02  6.562000141E-03  4.311856352E+00 
       131 -2.024696954E-02 -2.024696954E-02  6.562000141E-03  4.230041519E+00 
       132 -2.031897008E-02 -2.031897008E-02  6.562000606E-03  4.275555580E+00 
       133 -2.039096877E-02 -2.039096877E-02  6.562000141E-03  4.261530862E+00 
       134 -2.046296932E-02 -2.046296932E-02  6.562000141E-03  4.422648720E+00 
       135 -2.053496987E-02 -2.053496987E-02  6.562000606E-03  4.478023997E+00 
       136 -2.060696855E-02 -2.060696855E-02  6.562000141E-03  4.640120449E+00 
       137 -2.067896910E-02 -2.067896910E-02  6.562000141E-03  4.602968462E+00 
       138 -2.075096779E-02 -2.075096779E-02  6.562000141E-03  4.628357347E+00 
       139 -2.082296833E-02 -2.082296833E-02  6.562000141E-03  4.550637979E+00 
       140 -2.089514025E-02 -2.089514025E-02  6.562000141E-03  4.462924921E+00 
       141 -2.095155232E-02 -2.095155232E-02  6.562000141E-03  4.291002124E+00 
       142 -2.100796066E-02 -2.100796066E-02  6.562000141E-03  4.136222882E+00 
       143 -2.102797665E-02 -2.102797665E-02  6.562000141E-03  4.110414537E+00 
       144 -2.106651478E-02 -2.106651478E-02  6.562000606E-03  3.658469758E+00 
       145 -2.110337466E-02 -2.110337466E-02  6.562000606E-03  3.103153756E+00 
       146 -2.112556621E-02 -2.112556621E-02  6.562000606E-03  2.614457658E+00 
       147 -2.114406601E-02 -2.114406601E-02  6.562000606E-03  2.125726717E+00 
       148 -2.115948685E-02 -2.115948685E-02  6.562000606E-03  1.676040021E+00 
       149 -2.117234282E-02 -2.117234282E-02  6.562000606E-03  1.282793445E+00 
       150 -2.118305862E-02 -2.118305862E-02  6.562000141E-03  9.487075207E-01 
       151 -2.119199000E-02 -2.119199000E-02  6.562000141E-03  6.688899623E-01 
       152 -2.119943500E-02 -2.119943500E-02  6.562000606E-03  4.357333743E-01 
       153 -2.120563947E-02 -2.120563947E-02  6.562000141E-03  2.416657421E-01 
       154 -2.121081017E-02 -2.121081017E-02  6.562000141E-03  8.009264311E-02 
       155 -1.568749547E-02 -1.568749733E-02  6.562000141E-03  5.510585959E+00 
       156 -1.581249572E-02 -1.581249572E-02  6.562000141E-03  5.365118233E+00 
       157 -1.593749598E-02 -1.593749598E-02  6.562000141E-03  5.406446222E+00 
       158 -1.606249623E-02 -1.606249623E-02  6.562000141E-03  5.513945582E+00 
       159 -1.618749648E-02 -1.618749648E-02  6.562000141E-03  5.592252525E+00 
       160 -1.631249487E-02 -1.631249674E-02  6.562000141E-03  5.628854575E+00 
       161 -1.643749513E-02 -1.643749699E-02  6.562000141E-03  5.554975702E+00 
       162 -1.656249538E-02 -1.656249724E-02  6.562000141E-03  5.374055021E+00 
       163 -1.668749563E-02 -1.668749563E-02  6.562000141E-03  5.317026082E+00 
       164 -1.681249589E-02 -1.681249589E-02  6.562000141E-03  5.491555605E+00 
       165 -1.693749614E-02 -1.693749614E-02  6.562000141E-03  5.678970401E+00 
       166 -1.706249639E-02 -1.706249639E-02  6.562000141E-03  5.671977096E+00 
       167 -1.718749665E-02 -1.718749665E-02  6.562000141E-03  5.530884628E+00 
       168 -1.731249504E-02 -1.731249690E-02  6.562000141E-03  5.413583889E+00 
       169 -1.743749529E-02 -1.743749715E-02  6.562000141E-03  5.349524484E+00 
       170 -1.756249554E-02 -1.756249554E-02  6.562000141E-03  5.271854418E+00 
       171 -1.768749580E-02 -1.768749580E-02  6.562000141E-03  5.331758373E+00 
       172 -1.781249605E-02 -1.781249605E-02  6.562000141E-03  5.240137741E+00 
       173 -1.793749630E-02 -1.793749630E-02  6.562000141E-03  5.045327090E+00 
       174 -1.806249656E-02 -1.806249656E-02  6.562000141E-03  4.887328135E+00 
       175 -1.818749495E-02 -1.818749681E-02  6.562000141E-03  4.764022533E+00 
       176 -1.831249520E-02 -1.831249706E-02  6.562000141E-03  4.753026932E+00 
       177 -1.843749546E-02 -1.843749732E-02  6.562000141E-03  4.903670355E+00 
       178 -1.856249571E-02 -1.856249571E-02  6.562000141E-03  5.087585085E+00 
       179 -1.868749596E-02 -1.868749596E-02  6.562000141E-03  5.204559460E+00 
       180 -1.880909875E-02 -1.880909875E-02  6.562000141E-03  5.283166565E+00 
       181 -1.890101843E-02 -1.890101843E-02  6.562000606E-03  5.154796571E+00 
       182 -1.895096339E-02 -1.895096339E-02  6.562000606E-03  5.149574467E+00 
