cellnumber     x-coordinate     y-coordinate     z-coordinate velocity-magnitude 
         1 -1.843749918E-02 -1.843750477E-02  6.562000141E-03  4.995107978E+00 
         2 -1.831249893E-02 -1.831250452E-02  6.562000141E-03  4.982885208E+00 
         3 -1.818749867E-02 -1.818750426E-02  6.562000141E-03  5.024063246E+00 
         4 -1.806249842E-02 -1.806250401E-02  6.562000141E-03  5.102993537E+00 
         5 -1.793749817E-02 -1.793750376E-02  6.562000141E-03  5.175790939E+00 
         6 -1.781249791E-02 -1.781250350E-02  6.562000141E-03  5.207019077E+00 
         7 -1.768749952E-02 -1.768750511E-02  6.562000141E-03  5.191005447E+00 
         8 -1.756249927E-02 -1.756250486E-02  6.562000141E-03  5.147253438E+00 
         9 -1.743749902E-02 -1.743750460E-02  6.562000141E-03  5.104054573E+00 
        10 -1.731249876E-02 -1.731250435E-02  6.562000141E-03  5.082164391E+00 
        11 -1.718749851E-02 -1.718750410E-02  6.562000141E-03  5.089199886E+00 
        12 -1.706249826E-02 -1.706250384E-02  6.562000141E-03  5.123186146E+00 
        13 -1.693749800E-02 -1.693750359E-02  6.562000141E-03  5.178424220E+00 
        14 -1.681249775E-02 -1.681250334E-02  6.562000141E-03  5.248462201E+00 
        15 -1.668749936E-02 -1.668750495E-02  6.562000141E-03  5.328300577E+00 
        16 -1.656249911E-02 -1.656250469E-02  6.562000141E-03  5.413314336E+00 
        17 -1.643749885E-02 -1.643750444E-02  6.562000141E-03  5.497182591E+00 
        18 -1.631249860E-02 -1.631250419E-02  6.562000141E-03  5.570972214E+00 
        19 -1.618749835E-02 -1.618750393E-02  6.562000141E-03  5.623401792E+00 
        20 -1.606249809E-02 -1.606250368E-02  6.562000141E-03  5.645883148E+00 
        21 -1.593749784E-02 -1.593750343E-02  6.562000141E-03  5.643188916E+00 
        22 -1.581249945E-02 -1.581250504E-02  6.562000141E-03  5.631348676E+00 
        23 -1.568749920E-02 -1.568750478E-02  6.562000141E-03  5.627631775E+00 
        24 -1.556249894E-02 -1.556250453E-02  6.562000141E-03  5.641161786E+00 
        25 -1.543749869E-02 -1.543750428E-02  6.562000141E-03  5.660260015E+00 
        26 -1.531249844E-02 -1.531250495E-02  6.562000141E-03  5.669393454E+00 
        27 -1.518749911E-02 -1.518750470E-02  6.562000141E-03  5.670475064E+00 
        28 -1.506249886E-02 -1.506250445E-02  6.562000141E-03  5.665423935E+00 
        29 -1.493749861E-02 -1.493750419E-02  6.562000141E-03  5.652991907E+00 
        30 -1.481249835E-02 -1.481250487E-02  6.562000141E-03  5.632824290E+00 
        31 -1.468749903E-02 -1.468750462E-02  6.562000141E-03  5.605649653E+00 
        32 -1.456249878E-02 -1.456250437E-02  6.562000141E-03  5.572558891E+00 
        33 -1.443749852E-02 -1.443750504E-02  6.562000141E-03  5.534587057E+00 
        34 -1.431249827E-02 -1.431250479E-02  6.562000141E-03  5.492550028E+00 
        35 -1.418749895E-02 -1.418750454E-02  6.562000141E-03  5.447092694E+00 
        36 -1.406249870E-02 -1.406250428E-02  6.562000141E-03  5.398746761E+00 
        37 -1.393749844E-02 -1.393750496E-02  6.562000141E-03  5.347959082E+00 
        38 -1.381249912E-02 -1.381250471E-02  6.562000141E-03  5.295104678E+00 
        39 -1.368749887E-02 -1.368750446E-02  6.562000141E-03  5.240473736E+00 
        40 -1.356249861E-02 -1.356250513E-02  6.562000141E-03  5.184289624E+00 
        41 -1.343749836E-02 -1.343750488E-02  6.562000141E-03  5.126733124E+00 
        42 -1.331249904E-02 -1.331250463E-02  6.562000141E-03  5.067911117E+00 
        43 -1.318749879E-02 -1.318750437E-02  6.562000141E-03  5.007561513E+00 
        44 -1.306249853E-02 -1.306250505E-02  6.562000141E-03  4.944975680E+00 
        45 -1.293749828E-02 -1.293750480E-02  6.562000141E-03  4.880273679E+00 
        46 -1.281249896E-02 -1.281250454E-02  6.562000141E-03  4.813951167E+00 
        47 -1.268749870E-02 -1.268750429E-02  6.562000141E-03  4.746824466E+00 
        48 -1.256249845E-02 -1.256250497E-02  6.562000141E-03  4.679421559E+00 
        49 -1.243749820E-02 -1.243750472E-02  6.562000141E-03  4.611728833E+00 
        50 -1.231249887E-02 -1.231250446E-02  6.562000141E-03  4.544303993E+00 
        51 -1.218749862E-02 -1.218750514E-02  6.562000141E-03  4.478017103E+00 
        52 -1.206249837E-02 -1.206250489E-02  6.562000141E-03  4.413719781E+00 
        53 -1.193749905E-02 -1.193750463E-02  6.562000141E-03  4.352096382E+00 
        54 -1.181249879E-02 -1.181250438E-02  6.562000141E-03  4.293551989E+00 
        55 -1.168749854E-02 -1.168750506E-02  6.562000141E-03  4.238178450E+00 
        56 -1.156249829E-02 -1.156250481E-02  6.562000141E-03  4.185776856E+00 
        57 -1.143749896E-02 -1.143750455E-02  6.562000141E-03  4.135950054E+00 
        58 -1.131249871E-02 -1.131250523E-02  6.562000141E-03  4.088215828E+00 
        59 -1.118749846E-02 -1.118750498E-02  6.562000141E-03  4.042077777E+00 
        60 -1.898222044E-02 -1.898222044E-02  6.562000606E-03  5.194987161E+00 
        61 -1.904012822E-02 -1.904012822E-02  6.562000141E-03  5.225873455E+00 
        62 -1.912219450E-02 -1.912219450E-02  6.562000606E-03  5.276490203E+00 
        63 -1.916676387E-02 -1.916676387E-02  6.562000606E-03  5.271487953E+00 
        64 -1.923896931E-02 -1.923896931E-02  6.562000141E-03  5.252932299E+00 
        65 -1.931096986E-02 -1.931096986E-02  6.562000606E-03  5.228711268E+00 
        66 -1.938296854E-02 -1.938296854E-02  6.562000141E-03  5.195445732E+00 
        67 -1.945496909E-02 -1.945496909E-02  6.562000141E-03  5.156892977E+00 
        68 -1.952696778E-02 -1.952696778E-02  6.562000141E-03  5.119901994E+00 
        69 -1.959896833E-02 -1.959896833E-02  6.562000141E-03  5.074362896E+00 
        70 -1.967096888E-02 -1.967096888E-02  6.562000141E-03  5.040730063E+00 
        71 -1.974296942E-02 -1.974296942E-02  6.562000141E-03  4.993750297E+00 
        72 -1.981496811E-02 -1.981496811E-02  6.562000141E-03  4.966616286E+00 
        73 -1.988696866E-02 -1.988696866E-02  6.562000141E-03  4.920481686E+00 
        74 -1.995896734E-02 -1.995896734E-02  6.562000141E-03  4.899362174E+00 
        75 -2.003096975E-02 -2.003096975E-02  6.562000141E-03  4.853828814E+00 
        76 -2.010296844E-02 -2.010296844E-02  6.562000141E-03  4.836659572E+00 
        77 -2.017496899E-02 -2.017496899E-02  6.562000141E-03  4.791554216E+00 
        78 -2.024696954E-02 -2.024696954E-02  6.562000141E-03  4.776554433E+00 
        79 -2.031897008E-02 -2.031897008E-02  6.562000141E-03  4.731993494E+00 
        80 -2.039096877E-02 -2.039096877E-02  6.562000141E-03  4.717728833E+00 
        81 -2.046296932E-02 -2.046296932E-02  6.562000141E-03  4.675812264E+00 
        82 -2.053496800E-02 -2.053496800E-02  6.562000141E-03  4.664189576E+00 
        83 -2.060696855E-02 -2.060696855E-02  6.562000141E-03  4.628223047E+00 
        84 -2.067896910E-02 -2.067896910E-02  6.562000141E-03  4.614912847E+00 
        85 -2.075096965E-02 -2.075096965E-02  6.562000141E-03  4.569128297E+00 
        86 -2.082296833E-02 -2.082296833E-02  6.562000141E-03  4.520230347E+00 
        87 -2.089514025E-02 -2.089514025E-02  6.562000141E-03  4.405881495E+00 
        88 -2.095155232E-02 -2.095155232E-02  6.562000141E-03  4.251315706E+00 
        89 -2.100796066E-02 -2.100796066E-02  6.562000141E-03  4.124010602E+00 
        90 -2.102797665E-02 -2.102797665E-02  6.562000141E-03  4.091730238E+00 
        91 -2.106651478E-02 -2.106651478E-02  6.562000606E-03  3.858633299E+00 
        92 -2.110337466E-02 -2.110337466E-02  6.562000606E-03  3.542495477E+00 
        93 -2.112556621E-02 -2.112556621E-02  6.562000606E-03  3.232332406E+00 
        94 -2.114406601E-02 -2.114406601E-02  6.562000606E-03  2.871445542E+00 
        95 -2.115948685E-02 -2.115948685E-02  6.562000606E-03  2.459216115E+00 
        96 -2.117234282E-02 -2.117234282E-02  6.562000606E-03  2.000468513E+00 
        97 -2.118305862E-02 -2.118305862E-02  6.562000141E-03  1.527300985E+00 
        98 -2.119199000E-02 -2.119199000E-02  6.562000141E-03  1.088844503E+00 
        99 -2.119943500E-02 -2.119943500E-02  6.562000606E-03  7.110671950E-01 
       100 -2.120563947E-02 -2.120563947E-02  6.562000141E-03  3.944801839E-01 
       101 -2.121081017E-02 -2.121081017E-02  6.562000141E-03  1.307053535E-01 
       102 -2.830355195E-03 -2.830355195E-03  6.562000141E-03  1.033319263E+00 
       103 -2.835455118E-03 -2.835455118E-03  6.562000606E-03  1.007452928E+00 
       104 -2.841580659E-03 -2.841580659E-03  6.562000606E-03  9.762448383E-01 
       105 -2.848939039E-03 -2.848939039E-03  6.562000606E-03  9.386932080E-01 
       106 -2.857780783E-03 -2.857780783E-03  6.562000606E-03  8.938098156E-01 
       107 -2.868407406E-03 -2.868407406E-03  6.562000606E-03  8.409423540E-01 
       108 -2.881182823E-03 -2.881182823E-03  6.562000606E-03  7.805103913E-01 
       109 -2.896548016E-03 -2.896548016E-03  6.562000606E-03  7.154587871E-01 
       110 -2.915035933E-03 -2.915035933E-03  6.562000141E-03  6.528845871E-01 
       111 -2.937293379E-03 -2.937293379E-03  6.562000141E-03  6.033996093E-01 
       112 -2.975319512E-03 -2.975319512E-03  6.562000141E-03  5.664040824E-01 
       113 -3.059382550E-03 -3.059382550E-03  6.562000141E-03  5.521275468E-01 
       114 -3.123705974E-03 -3.123705974E-03  6.562000606E-03  5.488369413E-01 
       115 -3.189915325E-03 -3.189919051E-03  6.562000141E-03  5.527567669E-01 
       116 -3.312498098E-03 -3.312505083E-03  6.562000141E-03  5.507562136E-01 
       117 -3.437498119E-03 -3.437505104E-03  6.562000141E-03  5.468427320E-01 
       118 -3.562497906E-03 -3.562505124E-03  6.562000141E-03  5.435658181E-01 
       119 -3.687497927E-03 -3.687505145E-03  6.562000141E-03  5.397323064E-01 
       120 -3.812497947E-03 -3.812505165E-03  6.562000141E-03  5.350903121E-01 
       121 -3.937498201E-03 -3.937505186E-03  6.562000141E-03  5.298727458E-01 
       122 -4.062497988E-03 -4.062504973E-03  6.562000141E-03  5.247326936E-01 
       123 -4.187498242E-03 -4.187505227E-03  6.562000141E-03  5.200066813E-01 
       124 -4.312498029E-03 -4.312505014E-03  6.562000141E-03  5.174696831E-01 
       125 -4.437498283E-03 -4.437505268E-03  6.562000141E-03  5.211066521E-01 
       126 -4.562498070E-03 -4.562505055E-03  6.562000141E-03  5.331238286E-01 
       127 -4.687498324E-03 -4.687505309E-03  6.562000141E-03  5.503568114E-01 
       128 -4.812498111E-03 -4.812505096E-03  6.562000141E-03  5.687951014E-01 
       129 -4.937498365E-03 -4.937504884E-03  6.562000141E-03  5.828725661E-01 
       130 -5.062498152E-03 -5.062505137E-03  6.562000141E-03  5.777519034E-01 
       131 -5.187498406E-03 -5.187504925E-03  6.562000141E-03  5.704938352E-01 
       132 -5.312498193E-03 -5.312505178E-03  6.562000141E-03  6.418052633E-01 
       133 -5.437498447E-03 -5.437504966E-03  6.562000141E-03  7.969456896E-01 
       134 -5.562498234E-03 -5.562505219E-03  6.562000141E-03  9.720275290E-01 
       135 -5.687498022E-03 -5.687505007E-03  6.562000141E-03  1.137373593E+00 
       136 -5.812498275E-03 -5.812505260E-03  6.562000141E-03  1.294880510E+00 
       137 -5.937498063E-03 -5.937505048E-03  6.562000141E-03  1.443809389E+00 
       138 -6.062498316E-03 -6.062504835E-03  6.562000141E-03  1.576240358E+00 
       139 -6.187498104E-03 -6.187505089E-03  6.562000141E-03  1.692670291E+00 
       140 -6.312498357E-03 -6.312504876E-03  6.562000141E-03  1.793995344E+00 
       141 -6.437498145E-03 -6.437505130E-03  6.562000141E-03  1.883399334E+00 
       142 -6.562498398E-03 -6.562504917E-03  6.562000141E-03  1.965055615E+00 
       143 -6.687498186E-03 -6.687505171E-03  6.562000141E-03  2.041752041E+00 
       144 -6.812498439E-03 -6.812504958E-03  6.562000141E-03  2.113266468E+00 
       145 -6.937498227E-03 -6.937505212E-03  6.562000141E-03  2.178142249E+00 
       146 -7.062498480E-03 -7.062504999E-03  6.562000141E-03  2.235564166E+00 
       147 -7.187498268E-03 -7.187504787E-03  6.562000141E-03  2.286517901E+00 
       148 -7.312498521E-03 -7.312505040E-03  6.562000141E-03  2.334159679E+00 
       149 -7.437498309E-03 -7.437504828E-03  6.562000141E-03  2.382887871E+00 
       150 -7.562498562E-03 -7.562505081E-03  6.562000141E-03  2.436377743E+00 
       151 -7.687498350E-03 -7.687504869E-03  6.562000141E-03  2.495871497E+00 
       152 -7.812498137E-03 -7.812504657E-03  6.562000141E-03  2.560010823E+00 
       153 -7.937498391E-03 -7.937504910E-03  6.562000141E-03  2.626317273E+00 
       154 -8.062498644E-03 -8.062505163E-03  6.562000141E-03  2.693004894E+00 
       155 -8.187497966E-03 -8.187505417E-03  6.562000141E-03  2.759635954E+00 
       156 -8.312498219E-03 -8.312504739E-03  6.562000141E-03  2.826804148E+00 
       157 -1.106249820E-02 -1.106250472E-02  6.562000141E-03  3.997092316E+00 
       158 -1.093749888E-02 -1.093750447E-02  6.562000141E-03  3.952862416E+00 
       159 -1.081249863E-02 -1.081250515E-02  6.562000141E-03  3.909054914E+00 
       160 -1.068749838E-02 -1.068750490E-02  6.562000141E-03  3.865395405E+00 
       161 -1.056249812E-02 -1.056250464E-02  6.562000141E-03  3.821658521E+00 
       162 -1.043749880E-02 -1.043750439E-02  6.562000141E-03  3.777653735E+00 
       163 -1.031249855E-02 -1.031250507E-02  6.562000141E-03  3.733122502E+00 
       164 -1.018749829E-02 -1.018750481E-02  6.562000141E-03  3.687828656E+00 
       165 -1.006249804E-02 -1.006250456E-02  6.562000141E-03  3.641489431E+00 
       166 -9.937498719E-03 -9.937505238E-03  6.562000141E-03  3.593995814E+00 
       167 -9.812498465E-03 -9.812504984E-03  6.562000141E-03  3.545164784E+00 
       168 -9.687498212E-03 -9.687504731E-03  6.562000141E-03  3.494906057E+00 
       169 -9.562498890E-03 -9.562504478E-03  6.562000141E-03  3.443071806E+00 
       170 -9.437498637E-03 -9.437505156E-03  6.562000141E-03  3.389543135E+00 
       171 -9.312498383E-03 -9.312504902E-03  6.562000141E-03  3.334242507E+00 
       172 -9.187498130E-03 -9.187504649E-03  6.562000141E-03  3.277111817E+00 
       173 -9.062498808E-03 -9.062505327E-03  6.562000141E-03  3.218112124E+00 
       174 -8.937498555E-03 -8.937505074E-03  6.562000141E-03  3.157206703E+00 
       175 -8.812498301E-03 -8.812504821E-03  6.562000141E-03  3.094353256E+00 
       176 -8.687498048E-03 -8.687504567E-03  6.562000141E-03  3.029537507E+00 
       177 -8.562498726E-03 -8.562505245E-03  6.562000141E-03  2.962771614E+00 
       178 -8.437498473E-03 -8.437504992E-03  6.562000141E-03  2.894788070E+00 
       179 -1.895486377E-02 -1.895486377E-02  6.562000141E-03  5.189454812E+00 
       180 -1.889866963E-02 -1.889866963E-02  6.562000141E-03  5.214777666E+00 
       181 -1.880285144E-02 -1.880285516E-02  6.562000141E-03  5.174762754E+00 
       182 -1.868749782E-02 -1.868750341E-02  6.562000141E-03  5.111831234E+00 
       183 -1.856249943E-02 -1.856250502E-02  6.562000141E-03  5.045091404E+00 
