cellnumber     x-coordinate     y-coordinate     z-coordinate velocity-magnitude 
         1 -2.830350772E-03 -2.830350772E-03  6.562000141E-03  1.039642757E+00 
         2 -2.835454186E-03 -2.835454186E-03  6.562000606E-03  1.026452818E+00 
         3 -2.841583686E-03 -2.841583686E-03  6.562000141E-03  1.010298219E+00 
         4 -2.848947421E-03 -2.848947421E-03  6.562000141E-03  9.902835819E-01 
         5 -2.857794985E-03 -2.857794985E-03  6.562000141E-03  9.652733954E-01 
         6 -2.868429292E-03 -2.868429292E-03  6.562000141E-03  9.340285687E-01 
         7 -2.881214023E-03 -2.881214023E-03  6.562000606E-03  8.957147430E-01 
         8 -2.896590624E-03 -2.896590624E-03  6.562000606E-03  8.510760605E-01 
         9 -7.812495343E-03 -7.812497672E-03  6.562000141E-03  2.612271808E+00 
        10 -7.937495597E-03 -7.937497459E-03  6.562000141E-03  2.678064632E+00 
        11 -8.062494919E-03 -8.062497713E-03  6.562000141E-03  2.748367111E+00 
        12 -8.187495172E-03 -8.187497966E-03  6.562000141E-03  2.807892889E+00 
        13 -8.312495425E-03 -8.312497288E-03  6.562000141E-03  2.854895512E+00 
        14 -8.437495679E-03 -8.437497541E-03  6.562000141E-03  2.893499913E+00 
        15 -8.562495001E-03 -8.562497795E-03  6.562000141E-03  2.927815265E+00 
        16 -8.687495254E-03 -8.687497117E-03  6.562000141E-03  2.960884150E+00 
        17 -8.812495507E-03 -8.812497370E-03  6.562000141E-03  2.994855854E+00 
        18 -8.937494829E-03 -8.937497623E-03  6.562000141E-03  3.031249363E+00 
        19 -9.062495083E-03 -9.062497877E-03  6.562000141E-03  3.071213570E+00 
        20 -9.187495336E-03 -9.187497199E-03  6.562000141E-03  3.115647849E+00 
        21 -9.312495589E-03 -9.312497452E-03  6.562000141E-03  3.165298809E+00 
        22 -9.437494911E-03 -9.437497705E-03  6.562000141E-03  3.220546377E+00 
        23 -9.562495165E-03 -9.562497959E-03  6.562000141E-03  3.281617503E+00 
        24 -9.687495418E-03 -9.687497281E-03  6.562000141E-03  3.348297413E+00 
        25 -9.812495671E-03 -9.812497534E-03  6.562000141E-03  3.416864911E+00 
        26 -9.937494993E-03 -9.937497787E-03  6.562000141E-03  3.483867111E+00 
        27 -1.006249525E-02 -1.006249711E-02  6.562000141E-03  3.548479165E+00 
        28 -1.018749550E-02 -1.018749736E-02  6.562000141E-03  3.610818537E+00 
        29 -1.031249575E-02 -1.031249762E-02  6.562000141E-03  3.671619632E+00 
        30 -1.043749508E-02 -1.043749787E-02  6.562000141E-03  3.731718318E+00 
        31 -1.056249533E-02 -1.056249719E-02  6.562000141E-03  3.791785631E+00 
        32 -1.068749558E-02 -1.068749744E-02  6.562000141E-03  3.852165927E+00 
        33 -1.081249490E-02 -1.081249770E-02  6.562000141E-03  3.912869464E+00 
        34 -1.093749516E-02 -1.093749702E-02  6.562000141E-03  3.973638090E+00 
        35 -1.106249541E-02 -1.106249727E-02  6.562000141E-03  4.034049000E+00 
        36 -1.118749566E-02 -1.118749753E-02  6.562000141E-03  4.093630249E+00 
        37 -1.131249499E-02 -1.131249778E-02  6.562000141E-03  4.151948819E+00 
        38 -1.143749524E-02 -1.143749710E-02  6.562000141E-03  4.208654317E+00 
        39 -1.156249549E-02 -1.156249736E-02  6.562000141E-03  4.263492912E+00 
        40 -1.168749575E-02 -1.168749761E-02  6.562000141E-03  4.316338469E+00 
        41 -1.181249507E-02 -1.181249693E-02  6.562000141E-03  4.367247201E+00 
        42 -1.193749532E-02 -1.193749718E-02  6.562000141E-03  4.416504757E+00 
        43 -1.206249557E-02 -1.206249744E-02  6.562000141E-03  4.464624430E+00 
        44 -1.218749583E-02 -1.218749769E-02  6.562000141E-03  4.512275538E+00 
        45 -1.231249515E-02 -1.231249701E-02  6.562000141E-03  4.560166682E+00 
        46 -1.243749540E-02 -1.243749727E-02  6.562000141E-03  4.608912686E+00 
        47 -1.256249566E-02 -1.256249752E-02  6.562000141E-03  4.658935705E+00 
        48 -1.268749591E-02 -1.268749777E-02  6.562000141E-03  4.710424373E+00 
        49 -1.281249523E-02 -1.281249709E-02  6.562000141E-03  4.763347051E+00 
        50 -1.293749548E-02 -1.293749735E-02  6.562000141E-03  4.817475910E+00 
        51 -1.306249574E-02 -1.306249760E-02  6.562000141E-03  4.872405637E+00 
        52 -1.318749506E-02 -1.318749692E-02  6.562000141E-03  4.927600642E+00 
        53 -1.331249531E-02 -1.331249718E-02  6.562000141E-03  4.982470797E+00 
        54 -1.343749557E-02 -1.343749743E-02  6.562000141E-03  5.036456726E+00 
        55 -1.356249582E-02 -1.356249768E-02  6.562000141E-03  5.089146153E+00 
        56 -1.368749514E-02 -1.368749700E-02  6.562000141E-03  5.140414908E+00 
        57 -1.381249540E-02 -1.381249726E-02  6.562000141E-03  5.190437483E+00 
        58 -1.393749565E-02 -1.393749751E-02  6.562000141E-03  5.239447718E+00 
        59 -1.406249590E-02 -1.406249683E-02  6.562000141E-03  5.287267384E+00 
        60 -1.418749522E-02 -1.418749709E-02  6.562000141E-03  5.332951024E+00 
        61 -1.431249548E-02 -1.431249734E-02  6.562000141E-03  5.375112907E+00 
        62 -1.443749573E-02 -1.443749759E-02  6.562000141E-03  5.413002789E+00 
        63 -1.456249598E-02 -1.456249692E-02  6.562000141E-03  5.447263956E+00 
        64 -1.468749531E-02 -1.468749717E-02  6.562000141E-03  5.479479429E+00 
        65 -1.481249556E-02 -1.481249742E-02  6.562000141E-03  5.510480751E+00 
        66 -1.493749581E-02 -1.493749768E-02  6.562000141E-03  5.539005103E+00 
        67 -1.506249513E-02 -1.506249700E-02  6.562000141E-03  5.562084412E+00 
        68 -1.518749539E-02 -1.518749725E-02  6.562000141E-03  5.577136172E+00 
        69 -1.531249564E-02 -1.531249750E-02  6.562000141E-03  5.583424827E+00 
        70 -1.543749589E-02 -1.543749683E-02  6.562000141E-03  5.581849807E+00 
        71 -1.556249522E-02 -1.556249708E-02  6.562000141E-03  5.573766143E+00 
        72 -1.568749547E-02 -1.568749733E-02  6.562000141E-03  5.559744039E+00 
        73 -1.581249572E-02 -1.581249759E-02  6.562000141E-03  5.539083436E+00 
        74 -1.593749598E-02 -1.593749784E-02  6.562000141E-03  5.511126499E+00 
        75 -1.606249623E-02 -1.606249623E-02  6.562000141E-03  5.476179606E+00 
        76 -1.895096339E-02 -1.895096339E-02  6.562000141E-03  5.399012784E+00 
        77 -1.890101843E-02 -1.890101843E-02  6.562000141E-03  5.397164264E+00 
        78 -1.880909875E-02 -1.880909875E-02  6.562000141E-03  5.393263879E+00 
        79 -1.868749596E-02 -1.868749596E-02  6.562000141E-03  5.378379225E+00 
        80 -1.856249571E-02 -1.856249757E-02  6.562000141E-03  5.344408914E+00 
        81 -1.843749546E-02 -1.843749732E-02  6.562000141E-03  5.292948416E+00 
        82 -1.831249520E-02 -1.831249706E-02  6.562000141E-03  5.221160433E+00 
        83 -1.818749495E-02 -1.818749681E-02  6.562000141E-03  5.125490449E+00 
        84 -1.806249470E-02 -1.806249656E-02  6.562000141E-03  5.006832039E+00 
        85 -1.793749630E-02 -1.793749630E-02  6.562000141E-03  4.885468229E+00 
        86 -1.781249605E-02 -1.781249605E-02  6.562000141E-03  4.809703599E+00 
        87 -1.768749580E-02 -1.768749766E-02  6.562000141E-03  4.816495389E+00 
        88 -1.756249554E-02 -1.756249741E-02  6.562000141E-03  4.887264369E+00 
        89 -1.743749529E-02 -1.743749715E-02  6.562000141E-03  4.970103830E+00 
        90 -1.731249504E-02 -1.731249690E-02  6.562000141E-03  5.034927173E+00 
        91 -1.718749478E-02 -1.718749665E-02  6.562000141E-03  5.082000429E+00 
        92 -1.706249453E-02 -1.706249639E-02  6.562000141E-03  5.121700199E+00 
        93 -1.693749614E-02 -1.693749614E-02  6.562000141E-03  5.161260472E+00 
        94 -1.681249589E-02 -1.681249775E-02  6.562000141E-03  5.203513337E+00 
        95 -1.668749563E-02 -1.668749750E-02  6.562000141E-03  5.248514194E+00 
        96 -1.656249538E-02 -1.656249724E-02  6.562000141E-03  5.295305598E+00 
        97 -1.643749513E-02 -1.643749699E-02  6.562000141E-03  5.342869271E+00 
        98 -1.631249487E-02 -1.631249674E-02  6.562000141E-03  5.390176522E+00 
        99 -1.618749462E-02 -1.618749648E-02  6.562000141E-03  5.435476640E+00 
       100 -2.915092511E-03 -2.915092511E-03  6.562000141E-03  8.042023135E-01 
       101 -2.937367652E-03 -2.937367652E-03  6.561999675E-03  7.630172918E-01 
       102 -2.973292954E-03 -2.973292954E-03  6.562000141E-03  7.277767357E-01 
       103 -3.061021678E-03 -3.061023075E-03  6.562000141E-03  6.992583990E-01 
       104 -3.187494818E-03 -3.187497612E-03  6.562000141E-03  6.905707408E-01 
       105 -3.312494839E-03 -3.312497633E-03  6.562000141E-03  6.736773403E-01 
       106 -3.437494859E-03 -3.437497653E-03  6.562000141E-03  6.522576862E-01 
       107 -3.562494880E-03 -3.562497674E-03  6.562000141E-03  6.268108233E-01 
       108 -3.687494900E-03 -3.687497694E-03  6.562000141E-03  5.973043236E-01 
       109 -3.812494921E-03 -3.812497715E-03  6.562000141E-03  5.651576385E-01 
       110 -3.937494941E-03 -3.937497735E-03  6.562000141E-03  5.323847378E-01 
       111 -4.062495194E-03 -4.062497523E-03  6.562000141E-03  5.011416896E-01 
       112 -4.187494982E-03 -4.187497776E-03  6.562000141E-03  4.738263135E-01 
       113 -4.312495235E-03 -4.312497564E-03  6.562000141E-03  4.535405886E-01 
       114 -4.437495023E-03 -4.437497817E-03  6.562000141E-03  4.443024787E-01 
       115 -4.562495276E-03 -4.562497605E-03  6.562000141E-03  4.498845227E-01 
       116 -4.687495064E-03 -4.687497858E-03  6.562000141E-03  4.704410133E-01 
       117 -4.812494852E-03 -4.812497646E-03  6.562000141E-03  4.999673492E-01 
       118 -4.937495105E-03 -4.937497899E-03  6.562000141E-03  5.292599801E-01 
       119 -5.062494893E-03 -5.062497687E-03  6.562000141E-03  5.518284228E-01 
       120 -5.187495146E-03 -5.187497474E-03  6.562000141E-03  5.656647577E-01 
       121 -5.312494934E-03 -5.312497728E-03  6.562000141E-03  5.698323786E-01 
       122 -5.437495187E-03 -5.437497515E-03  6.562000141E-03  5.652515817E-01 
       123 -5.562494975E-03 -5.562497769E-03  6.562000141E-03  5.845792067E-01 
       124 -5.687495228E-03 -5.687497556E-03  6.562000141E-03  6.896559377E-01 
       125 -5.812495016E-03 -5.812497810E-03  6.562000141E-03  8.606359732E-01 
       126 -5.937495269E-03 -5.937497597E-03  6.562000141E-03  1.046022384E+00 
       127 -6.062495057E-03 -6.062497851E-03  6.562000141E-03  1.220041037E+00 
       128 -6.187495310E-03 -6.187497638E-03  6.562000141E-03  1.373503826E+00 
       129 -6.312495098E-03 -6.312497426E-03  6.562000141E-03  1.509497909E+00 
       130 -6.437495351E-03 -6.437497679E-03  6.562000141E-03  1.634165445E+00 
       131 -6.562495138E-03 -6.562497467E-03  6.562000141E-03  1.752199705E+00 
       132 -6.687494926E-03 -6.687497720E-03  6.562000141E-03  1.868046945E+00 
       133 -6.812495179E-03 -6.812497508E-03  6.562000141E-03  1.985246414E+00 
       134 -6.937494967E-03 -6.937497761E-03  6.562000141E-03  2.104467226E+00 
       135 -7.062495220E-03 -7.062497549E-03  6.562000141E-03  2.221976356E+00 
       136 -7.187495008E-03 -7.187497802E-03  6.562000141E-03  2.330401719E+00 
       137 -7.312495261E-03 -7.312497590E-03  6.562000141E-03  2.421210087E+00 
       138 -7.437495049E-03 -7.437497377E-03  6.562000141E-03  2.488225568E+00 
       139 -7.562495302E-03 -7.562497631E-03  6.562000141E-03  2.532317313E+00 
       140 -7.687495090E-03 -7.687497418E-03  6.562000141E-03  2.566491966E+00 
       141 -1.898222044E-02 -1.898222044E-02  6.562000606E-03  5.363298600E+00 
       142 -1.904012822E-02 -1.904012822E-02  6.562000141E-03  5.368002475E+00 
       143 -1.912219450E-02 -1.912219450E-02  6.562000606E-03  5.367555154E+00 
       144 -1.916676387E-02 -1.916676387E-02  6.562000606E-03  5.362260392E+00 
       145 -1.923896931E-02 -1.923896931E-02  6.562000141E-03  5.326089558E+00 
       146 -1.931096986E-02 -1.931096986E-02  6.562000606E-03  5.313679096E+00 
       147 -1.938296854E-02 -1.938296854E-02  6.562000141E-03  5.261982996E+00 
       148 -1.945496909E-02 -1.945496909E-02  6.562000141E-03  5.241691694E+00 
       149 -1.952696778E-02 -1.952696778E-02  6.562000141E-03  5.175520368E+00 
       150 -1.959896833E-02 -1.959896833E-02  6.562000141E-03  5.144238764E+00 
       151 -1.967096888E-02 -1.967096888E-02  6.562000141E-03  5.054443983E+00 
       152 -1.974296942E-02 -1.974296942E-02  6.562000141E-03  5.006088503E+00 
       153 -1.981496811E-02 -1.981496811E-02  6.562000141E-03  4.884155412E+00 
       154 -1.988696866E-02 -1.988696866E-02  6.562000141E-03  4.818934634E+00 
       155 -1.995896734E-02 -1.995896734E-02  6.562000141E-03  4.674431770E+00 
       156 -2.003096975E-02 -2.003096975E-02  6.562000141E-03  4.604078324E+00 
       157 -2.010296844E-02 -2.010296844E-02  6.562000141E-03  4.465636713E+00 
       158 -2.017496899E-02 -2.017496899E-02  6.562000141E-03  4.406044385E+00 
       159 -2.024696954E-02 -2.024696954E-02  6.562000141E-03  4.302523300E+00 
       160 -2.031897008E-02 -2.031897008E-02  6.562000141E-03  4.264961960E+00 
       161 -2.039096877E-02 -2.039096877E-02  6.562000141E-03  4.210507168E+00 
       162 -2.046296932E-02 -2.046296932E-02  6.562000141E-03  4.201811697E+00 
       163 -2.053496800E-02 -2.053496800E-02  6.562000141E-03  4.202297235E+00 
       164 -2.060696855E-02 -2.060696855E-02  6.562000141E-03  4.233706518E+00 
       165 -2.067896910E-02 -2.067896910E-02  6.562000141E-03  4.288127772E+00 
       166 -2.075096965E-02 -2.075096965E-02  6.562000141E-03  4.337980899E+00 
       167 -2.082296833E-02 -2.082296833E-02  6.562000141E-03  4.388406872E+00 
       168 -2.089514025E-02 -2.089514025E-02  6.562000141E-03  4.373646257E+00 
       169 -2.095155232E-02 -2.095155232E-02  6.562000141E-03  4.320211804E+00 
       170 -2.100796066E-02 -2.100796066E-02  6.562000141E-03  4.261666475E+00 
       171 -2.102797665E-02 -2.102797665E-02  6.562000141E-03  4.257820440E+00 
       172 -2.106651478E-02 -2.106651478E-02  6.562000606E-03  4.072262206E+00 
       173 -2.110337466E-02 -2.110337466E-02  6.562000606E-03  3.787972078E+00 
       174 -2.112556621E-02 -2.112556621E-02  6.562000606E-03  3.486590797E+00 
       175 -2.114406601E-02 -2.114406601E-02  6.562000606E-03  3.128981172E+00 
       176 -2.115948685E-02 -2.115948685E-02  6.562000606E-03  2.711719927E+00 
       177 -2.117234282E-02 -2.117234282E-02  6.562000606E-03  2.237466702E+00 
       178 -2.118305862E-02 -2.118305862E-02  6.562000141E-03  1.736278193E+00 
       179 -2.119199000E-02 -2.119199000E-02  6.562000141E-03  1.257021431E+00 
       180 -2.119943500E-02 -2.119943500E-02  6.562000606E-03  8.309758740E-01 
       181 -2.120563947E-02 -2.120563947E-02  6.562000141E-03  4.650781713E-01 
       182 -2.121081017E-02 -2.121081017E-02  6.562000141E-03  1.551198451E-01 
