cellnumber     x-coordinate     y-coordinate     z-coordinate velocity-magnitude 
         1 -1.898222044E-02 -1.898222044E-02  6.562000606E-03  5.018724163E+00 
         2 -1.904012822E-02 -1.904012822E-02  6.562000141E-03  4.943649075E+00 
         3 -1.912219450E-02 -1.912219450E-02  6.562000606E-03  5.022284718E+00 
         4 -1.916676387E-02 -1.916676387E-02  6.562000606E-03  4.840568994E+00 
         5 -1.923896931E-02 -1.923896931E-02  6.562000141E-03  4.928644567E+00 
         6 -1.931096986E-02 -1.931096986E-02  6.562000606E-03  4.832450328E+00 
         7 -1.938296854E-02 -1.938296854E-02  6.562000141E-03  4.862396001E+00 
         8 -1.945496909E-02 -1.945496909E-02  6.562000606E-03  4.675642350E+00 
         9 -1.952696964E-02 -1.952696964E-02  6.562000141E-03  4.621191528E+00 
        10 -1.959896833E-02 -1.959896833E-02  6.562000606E-03  4.468372654E+00 
        11 -1.967096888E-02 -1.967096888E-02  6.562000141E-03  4.502347153E+00 
        12 -1.974296942E-02 -1.974296942E-02  6.562000606E-03  4.557306585E+00 
        13 -1.981496811E-02 -1.981496811E-02  6.562000141E-03  4.793728159E+00 
        14 -1.988697052E-02 -1.988697052E-02  6.562000141E-03  5.008490334E+00 
        15 -1.995896921E-02 -1.995896921E-02  6.562000141E-03  5.116234874E+00 
        16 -2.003096975E-02 -2.003096975E-02  6.562000141E-03  5.099539740E+00 
        17 -2.010296844E-02 -2.010296844E-02  6.562000141E-03  5.087704286E+00 
        18 -2.017496899E-02 -2.017496899E-02  6.562000141E-03  4.903700195E+00 
        19 -2.024696954E-02 -2.024696954E-02  6.562000141E-03  4.687791381E+00 
        20 -2.031897008E-02 -2.031897008E-02  6.562000606E-03  4.470297290E+00 
        21 -2.039096877E-02 -2.039096877E-02  6.562000141E-03  4.327709725E+00 
        22 -2.046296932E-02 -2.046296932E-02  6.562000141E-03  4.232869774E+00 
        23 -2.053496987E-02 -2.053496987E-02  6.562000606E-03  4.170378012E+00 
        24 -2.060696855E-02 -2.060696855E-02  6.562000141E-03  3.997002278E+00 
        25 -2.067896910E-02 -2.067896910E-02  6.562000141E-03  3.860121240E+00 
        26 -2.075096779E-02 -2.075096779E-02  6.562000141E-03  3.875119705E+00 
        27 -2.082296833E-02 -2.082296833E-02  6.562000141E-03  3.962068080E+00 
        28 -2.089514025E-02 -2.089514025E-02  6.562000141E-03  4.101747945E+00 
        29 -2.095155232E-02 -2.095155232E-02  6.562000141E-03  4.122887391E+00 
        30 -2.100796066E-02 -2.100796066E-02  6.562000141E-03  4.104138245E+00 
        31 -2.102797665E-02 -2.102797665E-02  6.562000141E-03  4.145352861E+00 
        32 -2.106651478E-02 -2.106651478E-02  6.562000606E-03  3.887988023E+00 
        33 -2.110337466E-02 -2.110337466E-02  6.562000606E-03  3.376639029E+00 
        34 -2.112556621E-02 -2.112556621E-02  6.562000606E-03  2.870347667E+00 
        35 -2.114406601E-02 -2.114406601E-02  6.562000606E-03  2.353080524E+00 
        36 -2.115948685E-02 -2.115948685E-02  6.562000606E-03  1.872261805E+00 
        37 -2.117234282E-02 -2.117234282E-02  6.562000606E-03  1.447310070E+00 
        38 -2.118305862E-02 -2.118305862E-02  6.562000141E-03  1.078614360E+00 
        39 -2.119199000E-02 -2.119199000E-02  6.562000141E-03  7.634741650E-01 
        40 -2.119943500E-02 -2.119943500E-02  6.562000606E-03  4.971307210E-01 
        41 -2.120563947E-02 -2.120563947E-02  6.562000141E-03  2.744407253E-01 
        42 -2.121081017E-02 -2.121081017E-02  6.562000141E-03  9.003333294E-02 
        43 -5.937505979E-03 -5.937501788E-03  6.562000141E-03  7.148269403E-01 
        44 -5.437505897E-03 -5.437501706E-03  6.562000141E-03  6.741860478E-01 
        45 -5.312506109E-03 -5.312501919E-03  6.562000141E-03  6.050952252E-01 
        46 -5.187505856E-03 -5.187501665E-03  6.562000141E-03  5.393740552E-01 
        47 -5.062506068E-03 -5.062501878E-03  6.562000141E-03  5.314405504E-01 
        48 -4.937505815E-03 -4.937501624E-03  6.562000141E-03  5.871306801E-01 
        49 -4.812506028E-03 -4.812501837E-03  6.562000141E-03  6.373109560E-01 
        50 -4.687505774E-03 -4.687502049E-03  6.562000141E-03  6.420613878E-01 
        51 -4.562505987E-03 -4.562501796E-03  6.562000141E-03  6.441339114E-01 
        52 -4.437505733E-03 -4.437502008E-03  6.562000141E-03  6.639491432E-01 
        53 -4.312505946E-03 -4.312501755E-03  6.562000141E-03  6.914969367E-01 
        54 -4.187505692E-03 -4.187501967E-03  6.562000141E-03  6.816942043E-01 
        55 -4.062505905E-03 -4.062501714E-03  6.562000141E-03  6.409106664E-01 
        56 -3.937505651E-03 -3.937501926E-03  6.562000141E-03  5.440427773E-01 
        57 -3.812505631E-03 -3.812501673E-03  6.562000141E-03  4.365719991E-01 
        58 -3.687505610E-03 -3.687501885E-03  6.562000141E-03  3.000260466E-01 
        59 -3.562505590E-03 -3.562501865E-03  6.562000141E-03  3.205423561E-01 
        60 -3.437505569E-03 -3.437501844E-03  6.562000141E-03  3.782507882E-01 
        61 -3.312505549E-03 -3.312501824E-03  6.562000141E-03  4.136164887E-01 
        62 -3.195534460E-03 -3.195532598E-03  6.562000606E-03  4.327867143E-01 
        63 -3.099788679E-03 -3.099788679E-03  6.562000606E-03  4.493769561E-01 
        64 -3.022594377E-03 -3.022594377E-03  6.562000606E-03  5.781954243E-01 
        65 -2.967901994E-03 -2.967901994E-03  6.562000141E-03  6.766962561E-01 
        66 -2.937011421E-03 -2.937011421E-03  6.562000606E-03  7.854876276E-01 
        67 -2.914825454E-03 -2.914825454E-03  6.562000606E-03  8.457855995E-01 
        68 -2.896386664E-03 -2.896386664E-03  6.562000606E-03  8.919860821E-01 
        69 -2.881055698E-03 -2.881055698E-03  6.562000141E-03  9.287228587E-01 
        70 -2.868303331E-03 -2.868303331E-03  6.562000141E-03  9.578545267E-01 
        71 -2.857688349E-03 -2.857688349E-03  6.562000141E-03  9.813769104E-01 
        72 -2.848849166E-03 -2.848849166E-03  6.562000141E-03  1.000578913E+00 
        73 -2.841493115E-03 -2.841493115E-03  6.562000606E-03  1.016415938E+00 
        74 -2.835373627E-03 -2.835373627E-03  6.562000606E-03  1.029580595E+00 
        75 -2.830280224E-03 -2.830280224E-03  6.562000606E-03  1.040574077E+00 
        76 -1.895662583E-02 -1.895662583E-02  6.562000141E-03  5.187998116E+00 
        77 -1.890108548E-02 -1.890108548E-02  6.562000141E-03  5.176786851E+00 
        78 -1.880351454E-02 -1.880351081E-02  6.562000141E-03  5.542496350E+00 
        79 -1.868750714E-02 -1.868749969E-02  6.562000141E-03  5.800466521E+00 
        80 -1.856250688E-02 -1.856249943E-02  6.562000141E-03  5.864687214E+00 
        81 -1.843750663E-02 -1.843750104E-02  6.562000141E-03  5.577295442E+00 
        82 -1.831250638E-02 -1.831250079E-02  6.562000141E-03  5.317304058E+00 
        83 -1.818750612E-02 -1.818750054E-02  6.562000141E-03  5.262978294E+00 
        84 -1.806250773E-02 -1.806250028E-02  6.562000141E-03  5.382753659E+00 
        85 -1.793750748E-02 -1.793750003E-02  6.562000141E-03  5.536656670E+00 
        86 -1.781250723E-02 -1.781249978E-02  6.562000141E-03  5.578051036E+00 
        87 -1.768750697E-02 -1.768749952E-02  6.562000141E-03  5.502841485E+00 
        88 -1.756250672E-02 -1.756250113E-02  6.562000141E-03  5.730130870E+00 
        89 -1.743750647E-02 -1.743750088E-02  6.562000141E-03  5.801520091E+00 
        90 -1.731250621E-02 -1.731250063E-02  6.562000141E-03  5.644289158E+00 
        91 -1.718750596E-02 -1.718750037E-02  6.562000141E-03  5.549291742E+00 
        92 -1.706250757E-02 -1.706250012E-02  6.562000141E-03  5.549496548E+00 
        93 -1.693750732E-02 -1.693749987E-02  6.562000141E-03  5.626201675E+00 
        94 -1.681250706E-02 -1.681249961E-02  6.562000141E-03  5.690653056E+00 
        95 -1.668750681E-02 -1.668750122E-02  6.562000141E-03  5.755298973E+00 
        96 -1.656250656E-02 -1.656250097E-02  6.562000141E-03  5.823019619E+00 
        97 -1.643750630E-02 -1.643750072E-02  6.562000141E-03  5.886965009E+00 
        98 -1.631250605E-02 -1.631250046E-02  6.562000141E-03  5.907228578E+00 
        99 -1.618750580E-02 -1.618750021E-02  6.562000141E-03  5.910856630E+00 
       100 -1.606250741E-02 -1.606249996E-02  6.562000141E-03  5.930480397E+00 
       101 -1.593750715E-02 -1.593749970E-02  6.562000141E-03  5.921483051E+00 
       102 -1.581250690E-02 -1.581250131E-02  6.562000141E-03  5.897186213E+00 
       103 -1.568750665E-02 -1.568750106E-02  6.562000141E-03  5.884136079E+00 
       104 -1.556250732E-02 -1.556250080E-02  6.562000141E-03  5.901203513E+00 
       105 -1.543750707E-02 -1.543750055E-02  6.562000141E-03  5.944495516E+00 
       106 -1.068750676E-02 -1.068750117E-02  6.562000141E-03  3.913497755E+00 
       107 -1.056250650E-02 -1.056250092E-02  6.562000141E-03  3.861082255E+00 
       108 -1.043750625E-02 -1.043750159E-02  6.562000141E-03  3.803085068E+00 
       109 -1.031250600E-02 -1.031250134E-02  6.562000141E-03  3.737446240E+00 
       110 -1.018750668E-02 -1.018750109E-02  6.562000141E-03  3.666021245E+00 
       111 -1.006250642E-02 -1.006250177E-02  6.562000141E-03  3.596692654E+00 
       112 -9.937506169E-03 -9.937501512E-03  6.562000141E-03  3.539466585E+00 
       113 -9.812505916E-03 -9.812501259E-03  6.562000141E-03  3.482239798E+00 
       114 -9.687506594E-03 -9.687501006E-03  6.562000141E-03  3.375030845E+00 
       115 -9.562506340E-03 -9.562501684E-03  6.562000141E-03  3.247835533E+00 
       116 -9.437506087E-03 -9.437501431E-03  6.562000141E-03  3.159167760E+00 
       117 -9.312505834E-03 -9.312501177E-03  6.562000141E-03  3.083656035E+00 
       118 -9.187506512E-03 -9.187501855E-03  6.562000141E-03  2.991165002E+00 
       119 -9.062506258E-03 -9.062501602E-03  6.562000141E-03  2.907451375E+00 
       120 -8.937506005E-03 -8.937501349E-03  6.562000141E-03  2.888291115E+00 
       121 -8.812506683E-03 -8.812501095E-03  6.562000141E-03  2.862844314E+00 
       122 -8.687506430E-03 -8.687501773E-03  6.562000141E-03  2.802142589E+00 
       123 -8.562506177E-03 -8.562501520E-03  6.562000141E-03  2.733514268E+00 
       124 -8.437505923E-03 -8.437501267E-03  6.562000141E-03  2.693654995E+00 
       125 -8.312506601E-03 -8.312501945E-03  6.562000141E-03  2.719894430E+00 
       126 -8.187506348E-03 -8.187501691E-03  6.562000141E-03  2.803466333E+00 
       127 -8.062506095E-03 -8.062501438E-03  6.562000141E-03  2.911981027E+00 
       128 -7.937505841E-03 -7.937501185E-03  6.562000141E-03  2.987039524E+00 
       129 -7.812505588E-03 -7.812500931E-03  6.562000141E-03  2.966751065E+00 
       130 -7.687506266E-03 -7.687501609E-03  6.562000141E-03  2.919469060E+00 
       131 -7.562506013E-03 -7.562501356E-03  6.562000141E-03  2.844009228E+00 
       132 -7.437506225E-03 -7.437501568E-03  6.562000141E-03  2.683653159E+00 
       133 -7.312505972E-03 -7.312501781E-03  6.562000141E-03  2.540335235E+00 
       134 -7.187506184E-03 -7.187501527E-03  6.562000141E-03  2.473595763E+00 
       135 -7.062505931E-03 -7.062501740E-03  6.562000141E-03  2.398708643E+00 
       136 -6.937506143E-03 -6.937501486E-03  6.562000141E-03  2.173232097E+00 
       137 -6.812505890E-03 -6.812501699E-03  6.562000141E-03  1.962906235E+00 
       138 -6.687506102E-03 -6.687501445E-03  6.562000141E-03  1.818133179E+00 
       139 -6.562505849E-03 -6.562501658E-03  6.562000141E-03  1.707675837E+00 
       140 -6.437506061E-03 -6.437501870E-03  6.562000141E-03  1.544615764E+00 
       141 -6.312505808E-03 -6.312501617E-03  6.562000141E-03  1.318113636E+00 
       142 -6.187506020E-03 -6.187501829E-03  6.562000141E-03  1.357552978E+00 
       143 -6.062505767E-03 -6.062501576E-03  6.562000141E-03  9.744462861E-01 
       144 -1.318750624E-02 -1.318750065E-02  6.562000141E-03  5.070300268E+00 
       145 -1.331250649E-02 -1.331250090E-02  6.562000141E-03  5.146283067E+00 
       146 -1.343750674E-02 -1.343750115E-02  6.562000141E-03  5.223785320E+00 
       147 -1.356250700E-02 -1.356250141E-02  6.562000141E-03  5.301601120E+00 
       148 -1.368750632E-02 -1.368750073E-02  6.562000141E-03  5.380445309E+00 
       149 -1.381250657E-02 -1.381250098E-02  6.562000141E-03  5.462770314E+00 
       150 -1.393750682E-02 -1.393750124E-02  6.562000141E-03  5.552667861E+00 
       151 -1.406250708E-02 -1.406250056E-02  6.562000141E-03  5.654445093E+00 
       152 -1.418750640E-02 -1.418750081E-02  6.562000141E-03  5.761645598E+00 
       153 -1.431250665E-02 -1.431250107E-02  6.562000141E-03  5.849017593E+00 
       154 -1.443750691E-02 -1.443750132E-02  6.562000141E-03  5.898772954E+00 
       155 -1.456250716E-02 -1.456250064E-02  6.562000141E-03  5.899728484E+00 
       156 -1.468750648E-02 -1.468750089E-02  6.562000141E-03  5.893143190E+00 
       157 -1.481250674E-02 -1.481250115E-02  6.562000141E-03  5.942219106E+00 
       158 -1.493750699E-02 -1.493750047E-02  6.562000141E-03  6.050976859E+00 
       159 -1.506250724E-02 -1.506250072E-02  6.562000141E-03  6.139071876E+00 
       160 -1.518750656E-02 -1.518750098E-02  6.562000141E-03  6.093776263E+00 
       161 -1.531250682E-02 -1.531250123E-02  6.562000141E-03  6.009489045E+00 
       162 -1.081250608E-02 -1.081250142E-02  6.562000141E-03  3.961567663E+00 
       163 -1.093750633E-02 -1.093750168E-02  6.562000141E-03  4.006131453E+00 
       164 -1.106250659E-02 -1.106250100E-02  6.562000141E-03  4.047269307E+00 
       165 -1.118750684E-02 -1.118750125E-02  6.562000141E-03  4.086331271E+00 
       166 -1.131250616E-02 -1.131250151E-02  6.562000141E-03  4.124382243E+00 
       167 -1.143750641E-02 -1.143750083E-02  6.562000141E-03  4.163394015E+00 
       168 -1.156250667E-02 -1.156250108E-02  6.562000141E-03  4.205400233E+00 
       169 -1.168750692E-02 -1.168750133E-02  6.562000141E-03  4.253257536E+00 
       170 -1.181250624E-02 -1.181250159E-02  6.562000141E-03  4.308233228E+00 
       171 -1.193750650E-02 -1.193750091E-02  6.562000141E-03  4.371108295E+00 
       172 -1.206250675E-02 -1.206250116E-02  6.562000141E-03  4.445718923E+00 
       173 -1.218750700E-02 -1.218750142E-02  6.562000141E-03  4.526629793E+00 
       174 -1.231250633E-02 -1.231250074E-02  6.562000141E-03  4.605369940E+00 
       175 -1.243750658E-02 -1.243750099E-02  6.562000141E-03  4.676159870E+00 
       176 -1.256250683E-02 -1.256250124E-02  6.562000141E-03  4.736972554E+00 
       177 -1.268750615E-02 -1.268750150E-02  6.562000141E-03  4.797747660E+00 
       178 -1.281250641E-02 -1.281250082E-02  6.562000141E-03  4.862172547E+00 
       179 -1.293750666E-02 -1.293750107E-02  6.562000141E-03  4.928603004E+00 
       180 -1.306250691E-02 -1.306250133E-02  6.562000141E-03  4.997789956E+00 
       181 -5.562506150E-03 -5.562501960E-03  6.562000141E-03  7.297107206E-01 
       182 -5.687505938E-03 -5.687501747E-03  6.562000141E-03  8.142333316E-01 
       183 -5.812505726E-03 -5.812501535E-03  6.562000141E-03  8.265340610E-01 
