cellnumber     x-coordinate     y-coordinate     z-coordinate velocity-magnitude 
         1 -2.830350772E-03 -2.830350772E-03  6.562000141E-03  1.041397555E+00 
         2 -2.835454186E-03 -2.835454186E-03  6.562000141E-03  1.031333670E+00 
         3 -2.841583686E-03 -2.841583686E-03  6.562000141E-03  1.018345062E+00 
         4 -2.848947188E-03 -2.848947188E-03  6.562000141E-03  1.001569912E+00 
         5 -2.857794985E-03 -2.857794985E-03  6.562000606E-03  9.799722046E-01 
         6 -2.868429292E-03 -2.868429292E-03  6.562000141E-03  9.524207200E-01 
         7 -2.881214023E-03 -2.881214023E-03  6.562000141E-03  9.179731921E-01 
         8 -2.896590624E-03 -2.896590624E-03  6.562000606E-03  8.765704388E-01 
         9 -7.812495343E-03 -7.812497672E-03  6.562000141E-03  2.623465062E+00 
        10 -7.937495597E-03 -7.937497459E-03  6.562000141E-03  2.715143004E+00 
        11 -8.062494919E-03 -8.062497713E-03  6.562000141E-03  2.798748375E+00 
        12 -8.187495172E-03 -8.187497966E-03  6.562000141E-03  2.875177662E+00 
        13 -8.312495425E-03 -8.312497288E-03  6.562000141E-03  2.945927410E+00 
        14 -8.437494747E-03 -8.437497541E-03  6.562000141E-03  3.011618916E+00 
        15 -8.562495001E-03 -8.562497795E-03  6.562000141E-03  3.072413932E+00 
        16 -8.687495254E-03 -8.687498048E-03  6.562000141E-03  3.128551513E+00 
        17 -8.812495507E-03 -8.812497370E-03  6.562000141E-03  3.180565494E+00 
        18 -8.937494829E-03 -8.937497623E-03  6.562000141E-03  3.229266789E+00 
        19 -9.062495083E-03 -9.062497877E-03  6.562000141E-03  3.275527896E+00 
        20 -9.187495336E-03 -9.187497199E-03  6.562000141E-03  3.320333281E+00 
        21 -9.312495589E-03 -9.312497452E-03  6.562000141E-03  3.364359061E+00 
        22 -9.437494911E-03 -9.437497705E-03  6.562000141E-03  3.408239009E+00 
        23 -9.562495165E-03 -9.562497959E-03  6.562000141E-03  3.452382379E+00 
        24 -9.687495418E-03 -9.687497281E-03  6.562000141E-03  3.497014820E+00 
        25 -9.812495671E-03 -9.812497534E-03  6.562000141E-03  3.542162588E+00 
        26 -9.937494993E-03 -9.937497787E-03  6.562000141E-03  3.587758892E+00 
        27 -1.006249525E-02 -1.006249711E-02  6.562000141E-03  3.633715219E+00 
        28 -1.018749550E-02 -1.018749736E-02  6.562000141E-03  3.679998734E+00 
        29 -1.031249482E-02 -1.031249762E-02  6.562000141E-03  3.726648515E+00 
        30 -1.043749508E-02 -1.043749787E-02  6.562000141E-03  3.773751125E+00 
        31 -1.056249533E-02 -1.056249719E-02  6.562000141E-03  3.821405506E+00 
        32 -1.068749558E-02 -1.068749744E-02  6.562000141E-03  3.869710823E+00 
        33 -1.081249490E-02 -1.081249770E-02  6.562000141E-03  3.918778541E+00 
        34 -1.093749516E-02 -1.093749795E-02  6.562000141E-03  3.968738827E+00 
        35 -1.106249541E-02 -1.106249727E-02  6.562000141E-03  4.019729286E+00 
        36 -1.118749566E-02 -1.118749753E-02  6.562000141E-03  4.071863607E+00 
        37 -1.131249499E-02 -1.131249778E-02  6.562000141E-03  4.125173303E+00 
        38 -1.143749524E-02 -1.143749710E-02  6.562000141E-03  4.179572765E+00 
        39 -1.156249549E-02 -1.156249736E-02  6.562000141E-03  4.234920379E+00 
        40 -1.168749575E-02 -1.168749761E-02  6.562000141E-03  4.291085658E+00 
        41 -1.181249507E-02 -1.181249786E-02  6.562000141E-03  4.348021962E+00 
        42 -1.193749532E-02 -1.193749718E-02  6.562000141E-03  4.405766940E+00 
        43 -1.206249557E-02 -1.206249744E-02  6.562000141E-03  4.464499705E+00 
        44 -1.218749490E-02 -1.218749769E-02  6.562000141E-03  4.524486920E+00 
        45 -1.231249515E-02 -1.231249701E-02  6.562000141E-03  4.585935596E+00 
        46 -1.243749540E-02 -1.243749727E-02  6.562000141E-03  4.648881482E+00 
        47 -1.256249566E-02 -1.256249752E-02  6.562000141E-03  4.713099255E+00 
        48 -1.268749498E-02 -1.268749777E-02  6.562000141E-03  4.777930123E+00 
        49 -1.281249523E-02 -1.281249709E-02  6.562000141E-03  4.841992475E+00 
        50 -1.293749548E-02 -1.293749735E-02  6.562000141E-03  4.904289949E+00 
        51 -1.306249574E-02 -1.306249760E-02  6.562000141E-03  4.964717718E+00 
        52 -1.318749506E-02 -1.318749785E-02  6.562000141E-03  5.023400745E+00 
        53 -1.331249531E-02 -1.331249718E-02  6.562000141E-03  5.080445350E+00 
        54 -1.343749557E-02 -1.343749743E-02  6.562000141E-03  5.135910173E+00 
        55 -1.356249582E-02 -1.356249768E-02  6.562000141E-03  5.189820443E+00 
        56 -1.368749514E-02 -1.368749700E-02  6.562000141E-03  5.242201254E+00 
        57 -1.381249540E-02 -1.381249726E-02  6.562000141E-03  5.293090265E+00 
        58 -1.393749565E-02 -1.393749751E-02  6.562000141E-03  5.342519457E+00 
        59 -1.406249497E-02 -1.406249776E-02  6.562000141E-03  5.390495028E+00 
        60 -1.418749522E-02 -1.418749709E-02  6.562000141E-03  5.437003050E+00 
        61 -1.431249548E-02 -1.431249734E-02  6.562000141E-03  5.482047128E+00 
        62 -1.443749573E-02 -1.443749759E-02  6.562000141E-03  5.525702115E+00 
        63 -1.456249505E-02 -1.456249692E-02  6.562000141E-03  5.568167074E+00 
        64 -1.468749531E-02 -1.468749717E-02  6.562000141E-03  5.609795530E+00 
        65 -1.481249556E-02 -1.481249742E-02  6.562000141E-03  5.651038765E+00 
        66 -1.493749581E-02 -1.493749768E-02  6.562000141E-03  5.692142868E+00 
        67 -1.506249513E-02 -1.506249700E-02  6.562000141E-03  5.732438912E+00 
        68 -1.518749539E-02 -1.518749725E-02  6.562000141E-03  5.769520617E+00 
        69 -1.531249564E-02 -1.531249750E-02  6.562000141E-03  5.799614077E+00 
        70 -1.543749589E-02 -1.543749776E-02  6.562000141E-03  5.819684531E+00 
        71 -1.556249522E-02 -1.556249708E-02  6.562000141E-03  5.828931268E+00 
        72 -1.568749547E-02 -1.568749733E-02  6.562000141E-03  5.827990640E+00 
        73 -1.581249572E-02 -1.581249759E-02  6.562000141E-03  5.817800779E+00 
        74 -1.593749598E-02 -1.593749784E-02  6.562000141E-03  5.798776479E+00 
        75 -1.606249437E-02 -1.606249623E-02  6.562000141E-03  5.767780941E+00 
        76 -1.895096339E-02 -1.895096339E-02  6.562000606E-03  4.981953840E+00 
        77 -1.890101843E-02 -1.890101843E-02  6.562000141E-03  5.020915859E+00 
        78 -1.880909875E-02 -1.880909875E-02  6.562000141E-03  5.080237557E+00 
        79 -1.868749596E-02 -1.868749782E-02  6.562000141E-03  5.169634342E+00 
        80 -1.856249571E-02 -1.856249757E-02  6.562000141E-03  5.249923639E+00 
        81 -1.843749546E-02 -1.843749732E-02  6.562000141E-03  5.316455075E+00 
        82 -1.831249520E-02 -1.831249706E-02  6.562000141E-03  5.355236417E+00 
        83 -1.818749495E-02 -1.818749681E-02  6.562000141E-03  5.357396375E+00 
        84 -1.806249470E-02 -1.806249656E-02  6.562000141E-03  5.336174288E+00 
        85 -1.793749444E-02 -1.793749630E-02  6.562000141E-03  5.304217154E+00 
        86 -1.781249605E-02 -1.781249605E-02  6.562000141E-03  5.264821162E+00 
        87 -1.768749580E-02 -1.768749766E-02  6.562000141E-03  5.224338534E+00 
        88 -1.756249554E-02 -1.756249741E-02  6.562000141E-03  5.195511013E+00 
        89 -1.743749529E-02 -1.743749715E-02  6.562000141E-03  5.188749796E+00 
        90 -1.731249504E-02 -1.731249690E-02  6.562000141E-03  5.208712770E+00 
        91 -1.718749478E-02 -1.718749665E-02  6.562000141E-03  5.253993319E+00 
        92 -1.706249453E-02 -1.706249639E-02  6.562000141E-03  5.318172394E+00 
        93 -1.693749614E-02 -1.693749614E-02  6.562000141E-03  5.392884926E+00 
        94 -1.681249589E-02 -1.681249775E-02  6.562000141E-03  5.472941241E+00 
        95 -1.668749563E-02 -1.668749750E-02  6.562000141E-03  5.545567535E+00 
        96 -1.656249538E-02 -1.656249724E-02  6.562000141E-03  5.601870301E+00 
        97 -1.643749513E-02 -1.643749699E-02  6.562000141E-03  5.646586240E+00 
        98 -1.631249487E-02 -1.631249674E-02  6.562000141E-03  5.687031280E+00 
        99 -1.618749462E-02 -1.618749648E-02  6.562000141E-03  5.727974962E+00 
       100 -2.915092744E-03 -2.915092744E-03  6.562000606E-03  8.304290312E-01 
       101 -2.937367884E-03 -2.937367884E-03  6.562000141E-03  7.854928570E-01 
       102 -2.973292954E-03 -2.973292954E-03  6.562000141E-03  7.405604979E-01 
       103 -3.061021678E-03 -3.061023075E-03  6.562000141E-03  7.021076231E-01 
       104 -3.187494818E-03 -3.187497612E-03  6.562000141E-03  6.813298822E-01 
       105 -3.312494839E-03 -3.312497633E-03  6.562000141E-03  6.612488008E-01 
       106 -3.437494859E-03 -3.437497653E-03  6.562000141E-03  6.372065482E-01 
       107 -3.562494880E-03 -3.562497674E-03  6.562000141E-03  6.112619370E-01 
       108 -3.687494900E-03 -3.687497694E-03  6.562000141E-03  5.850431769E-01 
       109 -3.812494921E-03 -3.812497715E-03  6.562000141E-03  5.598196357E-01 
       110 -3.937494941E-03 -3.937497735E-03  6.562000141E-03  5.358393814E-01 
       111 -4.062495194E-03 -4.062497988E-03  6.562000141E-03  5.129588344E-01 
       112 -4.187494982E-03 -4.187497776E-03  6.562000141E-03  4.912864119E-01 
       113 -4.312495235E-03 -4.312497564E-03  6.562000141E-03  4.715128511E-01 
       114 -4.437495023E-03 -4.437497817E-03  6.562000141E-03  4.555610697E-01 
       115 -4.562494811E-03 -4.562497605E-03  6.562000141E-03  4.470228069E-01 
       116 -4.687495064E-03 -4.687497858E-03  6.562000141E-03  4.518837801E-01 
       117 -4.812494852E-03 -4.812497646E-03  6.562000141E-03  4.754759072E-01 
       118 -4.937495105E-03 -4.937497899E-03  6.562000141E-03  5.149392842E-01 
       119 -5.062494893E-03 -5.062497687E-03  6.562000141E-03  5.524435433E-01 
       120 -5.187495146E-03 -5.187497940E-03  6.562000141E-03  5.605483970E-01 
       121 -5.312494934E-03 -5.312497728E-03  6.562000141E-03  5.444616853E-01 
       122 -5.437495187E-03 -5.437497515E-03  6.562000141E-03  5.854462032E-01 
       123 -5.562494975E-03 -5.562497769E-03  6.562000141E-03  7.399924925E-01 
       124 -5.687495228E-03 -5.687497556E-03  6.562000141E-03  9.447633581E-01 
       125 -5.812495016E-03 -5.812497810E-03  6.562000141E-03  1.139363000E+00 
       126 -5.937495269E-03 -5.937497597E-03  6.562000141E-03  1.310056766E+00 
       127 -6.062495057E-03 -6.062497851E-03  6.562000141E-03  1.465088821E+00 
       128 -6.187495310E-03 -6.187497638E-03  6.562000141E-03  1.608755555E+00 
       129 -6.312495098E-03 -6.312497891E-03  6.562000141E-03  1.743039743E+00 
       130 -6.437494885E-03 -6.437497679E-03  6.562000141E-03  1.868223110E+00 
       131 -6.562495138E-03 -6.562497467E-03  6.562000141E-03  1.984280608E+00 
       132 -6.687494926E-03 -6.687497720E-03  6.562000141E-03  2.090774568E+00 
       133 -6.812495179E-03 -6.812497508E-03  6.562000141E-03  2.185725221E+00 
       134 -6.937494967E-03 -6.937497761E-03  6.562000141E-03  2.264978595E+00 
       135 -7.062495220E-03 -7.062497549E-03  6.562000141E-03  2.323506745E+00 
       136 -7.187495008E-03 -7.187497802E-03  6.562000141E-03  2.359666190E+00 
       137 -7.312495261E-03 -7.312497590E-03  6.562000141E-03  2.380703441E+00 
       138 -7.437495049E-03 -7.437497843E-03  6.562000141E-03  2.404175219E+00 
       139 -7.562495302E-03 -7.562497631E-03  6.562000141E-03  2.451374857E+00 
       140 -7.687495090E-03 -7.687497418E-03  6.562000141E-03  2.529658414E+00 
       141 -1.898222044E-02 -1.898222044E-02  6.562000606E-03  4.967796429E+00 
       142 -1.904012822E-02 -1.904012822E-02  6.562000141E-03  4.933369876E+00 
       143 -1.912219450E-02 -1.912219450E-02  6.562000606E-03  4.885921692E+00 
       144 -1.916676387E-02 -1.916676387E-02  6.562000606E-03  4.846650191E+00 
       145 -1.923896931E-02 -1.923896931E-02  6.562000141E-03  4.803794682E+00 
       146 -1.931096986E-02 -1.931096986E-02  6.562000606E-03  4.743195783E+00 
       147 -1.938296854E-02 -1.938296854E-02  6.562000141E-03  4.673837019E+00 
       148 -1.945496909E-02 -1.945496909E-02  6.562000141E-03  4.579066346E+00 
       149 -1.952696778E-02 -1.952696778E-02  6.562000141E-03  4.467367363E+00 
       150 -1.959896833E-02 -1.959896833E-02  6.562000141E-03  4.341769871E+00 
       151 -1.967096888E-02 -1.967096888E-02  6.562000141E-03  4.210208096E+00 
       152 -1.974296942E-02 -1.974296942E-02  6.562000141E-03  4.104941456E+00 
       153 -1.981496811E-02 -1.981496811E-02  6.562000141E-03  4.023920517E+00 
       154 -1.988696866E-02 -1.988696866E-02  6.562000141E-03  3.998416927E+00 
       155 -1.995896734E-02 -1.995896734E-02  6.562000141E-03  4.014989831E+00 
       156 -2.003096975E-02 -2.003096975E-02  6.562000141E-03  4.079623564E+00 
       157 -2.010296844E-02 -2.010296844E-02  6.562000141E-03  4.176051661E+00 
       158 -2.017496899E-02 -2.017496899E-02  6.562000141E-03  4.281656492E+00 
       159 -2.024696954E-02 -2.024696954E-02  6.562000141E-03  4.384837661E+00 
       160 -2.031897008E-02 -2.031897008E-02  6.562000141E-03  4.468824852E+00 
       161 -2.039096877E-02 -2.039096877E-02  6.562000141E-03  4.534343728E+00 
       162 -2.046296932E-02 -2.046296932E-02  6.562000141E-03  4.582035008E+00 
       163 -2.053496800E-02 -2.053496800E-02  6.562000141E-03  4.612630598E+00 
       164 -2.060696855E-02 -2.060696855E-02  6.562000141E-03  4.631916380E+00 
       165 -2.067896910E-02 -2.067896910E-02  6.562000141E-03  4.630642502E+00 
       166 -2.075096965E-02 -2.075096965E-02  6.562000141E-03  4.614230786E+00 
       167 -2.082296833E-02 -2.082296833E-02  6.562000141E-03  4.562656469E+00 
       168 -2.089514025E-02 -2.089514025E-02  6.562000141E-03  4.468458671E+00 
       169 -2.095155232E-02 -2.095155232E-02  6.562000141E-03  4.324537678E+00 
       170 -2.100796066E-02 -2.100796066E-02  6.562000141E-03  4.199370137E+00 
       171 -2.102797665E-02 -2.102797665E-02  6.562000141E-03  4.164240928E+00 
       172 -2.106651478E-02 -2.106651478E-02  6.562000606E-03  3.947333587E+00 
       173 -2.110337466E-02 -2.110337466E-02  6.562000606E-03  3.609094866E+00 
       174 -2.112556621E-02 -2.112556621E-02  6.562000606E-03  3.275182389E+00 
       175 -2.114406601E-02 -2.114406601E-02  6.562000606E-03  2.882911895E+00 
       176 -2.115948685E-02 -2.115948685E-02  6.562000606E-03  2.438166218E+00 
       177 -2.117234282E-02 -2.117234282E-02  6.562000606E-03  1.959991781E+00 
       178 -2.118305862E-02 -2.118305862E-02  6.562000141E-03  1.486776221E+00 
       179 -2.119199000E-02 -2.119199000E-02  6.562000141E-03  1.058816644E+00 
       180 -2.119943500E-02 -2.119943500E-02  6.562000606E-03  6.924967541E-01 
       181 -2.120563947E-02 -2.120563947E-02  6.562000141E-03  3.849787035E-01 
       182 -2.121081017E-02 -2.121081017E-02  6.562000141E-03  1.278339343E-01 
