cellnumber     x-coordinate     y-coordinate     z-coordinate velocity-magnitude 
         1 -2.830350772E-03 -2.830350772E-03  6.562000141E-03  1.042428051E+00 
         2 -2.835453954E-03 -2.835453954E-03  6.562000141E-03  1.034644102E+00 
         3 -2.841583686E-03 -2.841583686E-03  6.562000141E-03  1.024623800E+00 
         4 -2.848947188E-03 -2.848947188E-03  6.562000141E-03  1.011706530E+00 
         5 -2.857794985E-03 -2.857794985E-03  6.562000606E-03  9.950751806E-01 
         6 -2.868429059E-03 -2.868429059E-03  6.562000141E-03  9.737550601E-01 
         7 -2.881213790E-03 -2.881213790E-03  6.562000141E-03  9.466835203E-01 
         8 -2.896590624E-03 -2.896590624E-03  6.562000606E-03  9.128725863E-01 
         9 -7.812495343E-03 -7.812497206E-03  6.562000141E-03  2.569365900E+00 
        10 -7.937495597E-03 -7.937497459E-03  6.562000141E-03  2.644204960E+00 
        11 -8.062495850E-03 -8.062497713E-03  6.562000141E-03  2.704914316E+00 
        12 -8.187495172E-03 -8.187497035E-03  6.562000141E-03  2.757946329E+00 
        13 -8.312495425E-03 -8.312497288E-03  6.562000141E-03  2.808271842E+00 
        14 -8.437495679E-03 -8.437497541E-03  6.562000141E-03  2.858917265E+00 
        15 -8.562495001E-03 -8.562497795E-03  6.562000141E-03  2.911174850E+00 
        16 -8.687495254E-03 -8.687497117E-03  6.562000141E-03  2.965229919E+00 
        17 -8.812495507E-03 -8.812497370E-03  6.562000141E-03  3.020521300E+00 
        18 -8.937495761E-03 -8.937497623E-03  6.562000141E-03  3.076360498E+00 
        19 -9.062495083E-03 -9.062496945E-03  6.562000141E-03  3.132320474E+00 
        20 -9.187495336E-03 -9.187497199E-03  6.562000141E-03  3.188480474E+00 
        21 -9.312495589E-03 -9.312497452E-03  6.562000141E-03  3.245341439E+00 
        22 -9.437495843E-03 -9.437497705E-03  6.562000141E-03  3.303347575E+00 
        23 -9.562495165E-03 -9.562497027E-03  6.562000141E-03  3.362570030E+00 
        24 -9.687495418E-03 -9.687497281E-03  6.562000141E-03  3.422508556E+00 
        25 -9.812495671E-03 -9.812497534E-03  6.562000141E-03  3.482218442E+00 
        26 -9.937495925E-03 -9.937496856E-03  6.562000141E-03  3.540714264E+00 
        27 -1.006249525E-02 -1.006249711E-02  6.562000141E-03  3.597396285E+00 
        28 -1.018749550E-02 -1.018749736E-02  6.562000141E-03  3.652179560E+00 
        29 -1.031249575E-02 -1.031249762E-02  6.562000141E-03  3.705365464E+00 
        30 -1.043749601E-02 -1.043749694E-02  6.562000141E-03  3.757455198E+00 
        31 -1.056249533E-02 -1.056249719E-02  6.562000141E-03  3.809020468E+00 
        32 -1.068749558E-02 -1.068749744E-02  6.562000141E-03  3.860578859E+00 
        33 -1.081249584E-02 -1.081249677E-02  6.562000141E-03  3.912596894E+00 
        34 -1.093749516E-02 -1.093749702E-02  6.562000141E-03  3.965421262E+00 
        35 -1.106249541E-02 -1.106249727E-02  6.562000141E-03  4.019251375E+00 
        36 -1.118749566E-02 -1.118749753E-02  6.562000141E-03  4.074113686E+00 
        37 -1.131249592E-02 -1.131249685E-02  6.562000141E-03  4.129856068E+00 
        38 -1.143749524E-02 -1.143749710E-02  6.562000141E-03  4.186160774E+00 
        39 -1.156249549E-02 -1.156249736E-02  6.562000141E-03  4.242593023E+00 
        40 -1.168749575E-02 -1.168749761E-02  6.562000141E-03  4.298687752E+00 
        41 -1.181249600E-02 -1.181249693E-02  6.562000141E-03  4.354058692E+00 
        42 -1.193749532E-02 -1.193749718E-02  6.562000141E-03  4.408496444E+00 
        43 -1.206249557E-02 -1.206249744E-02  6.562000141E-03  4.462021125E+00 
        44 -1.218749583E-02 -1.218749676E-02  6.562000141E-03  4.514865404E+00 
        45 -1.231249608E-02 -1.231249701E-02  6.562000141E-03  4.567400512E+00 
        46 -1.243749540E-02 -1.243749727E-02  6.562000141E-03  4.620037127E+00 
        47 -1.256249566E-02 -1.256249752E-02  6.562000141E-03  4.673139995E+00 
        48 -1.268749591E-02 -1.268749684E-02  6.562000141E-03  4.726976529E+00 
        49 -1.281249616E-02 -1.281249709E-02  6.562000141E-03  4.781688616E+00 
        50 -1.293749548E-02 -1.293749735E-02  6.562000141E-03  4.837266896E+00 
        51 -1.306249574E-02 -1.306249667E-02  6.562000141E-03  4.893558127E+00 
        52 -1.318749599E-02 -1.318749692E-02  6.562000141E-03  4.950325861E+00 
        53 -1.331249531E-02 -1.331249718E-02  6.562000141E-03  5.007290258E+00 
        54 -1.343749557E-02 -1.343749743E-02  6.562000141E-03  5.064176004E+00 
        55 -1.356249582E-02 -1.356249675E-02  6.562000141E-03  5.120891041E+00 
        56 -1.368749607E-02 -1.368749700E-02  6.562000141E-03  5.177880343E+00 
        57 -1.381249540E-02 -1.381249726E-02  6.562000141E-03  5.236826997E+00 
        58 -1.393749565E-02 -1.393749658E-02  6.562000141E-03  5.301332916E+00 
        59 -1.406249590E-02 -1.406249683E-02  6.562000141E-03  5.376392001E+00 
        60 -1.418749616E-02 -1.418749709E-02  6.562000141E-03  5.460756121E+00 
        61 -1.431249548E-02 -1.431249734E-02  6.562000141E-03  5.543733866E+00 
        62 -1.443749573E-02 -1.443749666E-02  6.562000141E-03  5.619708883E+00 
        63 -1.456249598E-02 -1.456249692E-02  6.562000141E-03  5.685545930E+00 
        64 -1.468749624E-02 -1.468749717E-02  6.562000141E-03  5.740084052E+00 
        65 -1.481249556E-02 -1.481249649E-02  6.562000141E-03  5.783891413E+00 
        66 -1.493749581E-02 -1.493749674E-02  6.562000141E-03  5.818636286E+00 
        67 -1.506249607E-02 -1.506249700E-02  6.562000141E-03  5.845711961E+00 
        68 -1.518749632E-02 -1.518749725E-02  6.562000141E-03  5.865874958E+00 
        69 -1.531249564E-02 -1.531249657E-02  6.562000141E-03  5.878672448E+00 
        70 -1.543749589E-02 -1.543749683E-02  6.562000141E-03  5.882526052E+00 
        71 -1.556249615E-02 -1.556249708E-02  6.562000141E-03  5.875433035E+00 
        72 -1.568749547E-02 -1.568749733E-02  6.562000141E-03  5.856379588E+00 
        73 -1.581249572E-02 -1.581249572E-02  6.562000141E-03  5.826341498E+00 
        74 -1.593749598E-02 -1.593749598E-02  6.562000141E-03  5.782439666E+00 
        75 -1.606249623E-02 -1.606249623E-02  6.562000141E-03  5.725247935E+00 
        76 -1.895096339E-02 -1.895096339E-02  6.562000606E-03  5.206018350E+00 
        77 -1.890101843E-02 -1.890101843E-02  6.562000606E-03  5.232467731E+00 
        78 -1.880909875E-02 -1.880909875E-02  6.562000141E-03  5.262174895E+00 
        79 -1.868749596E-02 -1.868749596E-02  6.562000141E-03  5.270910517E+00 
        80 -1.856249571E-02 -1.856249571E-02  6.562000141E-03  5.271705978E+00 
        81 -1.843749546E-02 -1.843749732E-02  6.562000141E-03  5.284278726E+00 
        82 -1.831249520E-02 -1.831249706E-02  6.562000141E-03  5.312904762E+00 
        83 -1.818749495E-02 -1.818749681E-02  6.562000141E-03  5.360420549E+00 
        84 -1.806249656E-02 -1.806249656E-02  6.562000141E-03  5.423164478E+00 
        85 -1.793749630E-02 -1.793749630E-02  6.562000141E-03  5.484515969E+00 
        86 -1.781249605E-02 -1.781249605E-02  6.562000141E-03  5.528985280E+00 
        87 -1.768749580E-02 -1.768749580E-02  6.562000141E-03  5.544400779E+00 
        88 -1.756249554E-02 -1.756249554E-02  6.562000141E-03  5.525869089E+00 
        89 -1.743749529E-02 -1.743749715E-02  6.562000141E-03  5.489746214E+00 
        90 -1.731249504E-02 -1.731249690E-02  6.562000141E-03  5.456159749E+00 
        91 -1.718749665E-02 -1.718749665E-02  6.562000141E-03  5.435624588E+00 
        92 -1.706249639E-02 -1.706249639E-02  6.562000141E-03  5.431857934E+00 
        93 -1.693749614E-02 -1.693749614E-02  6.562000141E-03  5.445206154E+00 
        94 -1.681249589E-02 -1.681249589E-02  6.562000141E-03  5.472015151E+00 
        95 -1.668749563E-02 -1.668749563E-02  6.562000141E-03  5.505356975E+00 
        96 -1.656249538E-02 -1.656249724E-02  6.562000141E-03  5.539728616E+00 
        97 -1.643749513E-02 -1.643749699E-02  6.562000141E-03  5.574742797E+00 
        98 -1.631249487E-02 -1.631249674E-02  6.562000141E-03  5.614176115E+00 
        99 -1.618749648E-02 -1.618749648E-02  6.562000141E-03  5.665511158E+00 
       100 -2.915092511E-03 -2.915092511E-03  6.562000606E-03  8.719438993E-01 
       101 -2.937367652E-03 -2.937367652E-03  6.562000141E-03  8.248932418E-01 
       102 -2.973292721E-03 -2.973292721E-03  6.562000141E-03  7.612133611E-01 
       103 -3.061021678E-03 -3.061023075E-03  6.562000141E-03  6.846792031E-01 
       104 -3.187495051E-03 -3.187497612E-03  6.562000141E-03  6.495909572E-01 
       105 -3.312494839E-03 -3.312497633E-03  6.562000141E-03  6.541525478E-01 
       106 -3.437494859E-03 -3.437497653E-03  6.562000141E-03  6.616385583E-01 
       107 -3.562494880E-03 -3.562497674E-03  6.562000141E-03  6.662457790E-01 
       108 -3.687494900E-03 -3.687497461E-03  6.562000141E-03  6.678579178E-01 
       109 -3.812494921E-03 -3.812497482E-03  6.562000141E-03  6.673274649E-01 
       110 -3.937494941E-03 -3.937497735E-03  6.562000141E-03  6.663578111E-01 
       111 -4.062495194E-03 -4.062497523E-03  6.562000141E-03  6.649770749E-01 
       112 -4.187494982E-03 -4.187497776E-03  6.562000141E-03  6.616875735E-01 
       113 -4.312495235E-03 -4.312497564E-03  6.562000141E-03  6.535692580E-01 
       114 -4.437495023E-03 -4.437497817E-03  6.562000141E-03  6.351125648E-01 
       115 -4.562495276E-03 -4.562497605E-03  6.562000141E-03  6.025580602E-01 
       116 -4.687495064E-03 -4.687497392E-03  6.562000141E-03  5.595908469E-01 
       117 -4.812495317E-03 -4.812497646E-03  6.562000141E-03  5.210100181E-01 
       118 -4.937495105E-03 -4.937497433E-03  6.562000141E-03  5.060245760E-01 
       119 -5.062495358E-03 -5.062497687E-03  6.562000141E-03  5.221083400E-01 
       120 -5.187495146E-03 -5.187497474E-03  6.562000141E-03  5.550870310E-01 
       121 -5.312495399E-03 -5.312497728E-03  6.562000141E-03  5.760882023E-01 
       122 -5.437495187E-03 -5.437497515E-03  6.562000141E-03  5.819420060E-01 
       123 -5.562495440E-03 -5.562497769E-03  6.562000141E-03  6.081477045E-01 
       124 -5.687495228E-03 -5.687497556E-03  6.562000141E-03  7.011565902E-01 
       125 -5.812495016E-03 -5.812497344E-03  6.562000141E-03  8.550626616E-01 
       126 -5.937495269E-03 -5.937497597E-03  6.562000141E-03  1.040031297E+00 
       127 -6.062495057E-03 -6.062497385E-03  6.562000141E-03  1.240833239E+00 
       128 -6.187495310E-03 -6.187497638E-03  6.562000141E-03  1.455364235E+00 
       129 -6.312495098E-03 -6.312497426E-03  6.562000141E-03  1.677638548E+00 
       130 -6.437495351E-03 -6.437497679E-03  6.562000141E-03  1.889014144E+00 
       131 -6.562495138E-03 -6.562497467E-03  6.562000141E-03  2.063386048E+00 
       132 -6.687495392E-03 -6.687497254E-03  6.562000141E-03  2.200847481E+00 
       133 -6.812495179E-03 -6.812497508E-03  6.562000141E-03  2.302391969E+00 
       134 -6.937495433E-03 -6.937497295E-03  6.562000141E-03  2.359186458E+00 
       135 -7.062495220E-03 -7.062497549E-03  6.562000141E-03  2.369993355E+00 
       136 -7.187495474E-03 -7.187497336E-03  6.562000141E-03  2.357520140E+00 
       137 -7.312495261E-03 -7.312497590E-03  6.562000141E-03  2.355587553E+00 
       138 -7.437495515E-03 -7.437497377E-03  6.562000141E-03  2.377341334E+00 
       139 -7.562495302E-03 -7.562497631E-03  6.562000141E-03  2.422289199E+00 
       140 -7.687495556E-03 -7.687497418E-03  6.562000141E-03  2.488443258E+00 
       141 -1.898222044E-02 -1.898222044E-02  6.562000606E-03  5.162127062E+00 
       142 -1.904012822E-02 -1.904012822E-02  6.562000141E-03  5.068361900E+00 
       143 -1.912219450E-02 -1.912219450E-02  6.562000606E-03  4.968315503E+00 
       144 -1.916676387E-02 -1.916676387E-02  6.562000606E-03  4.790855246E+00 
       145 -1.923896931E-02 -1.923896931E-02  6.562000141E-03  4.659001895E+00 
       146 -1.931096986E-02 -1.931096986E-02  6.562000606E-03  4.452604333E+00 
       147 -1.938296854E-02 -1.938296854E-02  6.562000141E-03  4.346946672E+00 
       148 -1.945496909E-02 -1.945496909E-02  6.562000141E-03  4.194632462E+00 
       149 -1.952696778E-02 -1.952696778E-02  6.562000141E-03  4.133862203E+00 
       150 -1.959896833E-02 -1.959896833E-02  6.562000141E-03  4.052353894E+00 
       151 -1.967096888E-02 -1.967096888E-02  6.562000141E-03  4.027640959E+00 
       152 -1.974296942E-02 -1.974296942E-02  6.562000141E-03  4.011038637E+00 
       153 -1.981496811E-02 -1.981496811E-02  6.562000141E-03  4.020694216E+00 
       154 -1.988696866E-02 -1.988696866E-02  6.562000141E-03  4.059986116E+00 
       155 -1.995896734E-02 -1.995896734E-02  6.562000141E-03  4.097746924E+00 
       156 -2.003096975E-02 -2.003096975E-02  6.562000141E-03  4.168103471E+00 
       157 -2.010296844E-02 -2.010296844E-02  6.562000141E-03  4.217058407E+00 
       158 -2.017496899E-02 -2.017496899E-02  6.562000141E-03  4.288260107E+00 
       159 -2.024696954E-02 -2.024696954E-02  6.562000141E-03  4.331518462E+00 
       160 -2.031897008E-02 -2.031897008E-02  6.562000141E-03  4.386510471E+00 
       161 -2.039096877E-02 -2.039096877E-02  6.562000141E-03  4.417279173E+00 
       162 -2.046296932E-02 -2.046296932E-02  6.562000141E-03  4.454800858E+00 
       163 -2.053496800E-02 -2.053496800E-02  6.562000141E-03  4.474256202E+00 
       164 -2.060696855E-02 -2.060696855E-02  6.562000141E-03  4.497152080E+00 
       165 -2.067896910E-02 -2.067896910E-02  6.562000141E-03  4.498962977E+00 
       166 -2.075096965E-02 -2.075096965E-02  6.562000141E-03  4.491275193E+00 
       167 -2.082296833E-02 -2.082296833E-02  6.562000141E-03  4.439767388E+00 
       168 -2.089514025E-02 -2.089514025E-02  6.562000141E-03  4.340131077E+00 
       169 -2.095155232E-02 -2.095155232E-02  6.562000141E-03  4.166073334E+00 
       170 -2.100796066E-02 -2.100796066E-02  6.562000141E-03  4.013149104E+00 
       171 -2.102797665E-02 -2.102797665E-02  6.562000141E-03  3.957070665E+00 
       172 -2.106651478E-02 -2.106651478E-02  6.562000606E-03  3.698252394E+00 
       173 -2.110337466E-02 -2.110337466E-02  6.562000606E-03  3.264164667E+00 
       174 -2.112556621E-02 -2.112556621E-02  6.562000606E-03  2.877353649E+00 
       175 -2.114406601E-02 -2.114406601E-02  6.562000606E-03  2.468299051E+00 
       176 -2.115948685E-02 -2.115948685E-02  6.562000606E-03  2.040412815E+00 
       177 -2.117234282E-02 -2.117234282E-02  6.562000606E-03  1.609709239E+00 
       178 -2.118305862E-02 -2.118305862E-02  6.562000141E-03  1.206583714E+00 
       179 -2.119199000E-02 -2.119199000E-02  6.562000141E-03  8.549021477E-01 
       180 -2.119943500E-02 -2.119943500E-02  6.562000606E-03  5.585193884E-01 
       181 -2.120563947E-02 -2.120563947E-02  6.562000141E-03  3.107297273E-01 
       182 -2.121081017E-02 -2.121081017E-02  6.562000141E-03  1.033793489E-01 
