cellnumber     x-coordinate     y-coordinate     z-coordinate velocity-magnitude 
         1 -2.937239828E-03 -2.937239828E-03  6.562000141E-03  8.745285366E-01 
         2 -2.974424278E-03 -2.974424278E-03  6.562000606E-03  8.149728851E-01 
         3 -3.062231001E-03 -3.062227042E-03  6.562000606E-03  7.365611265E-01 
         4 -3.187502502E-03 -3.187494585E-03  6.562000141E-03  6.865276569E-01 
         5 -3.312502289E-03 -3.312494373E-03  6.562000141E-03  6.579660871E-01 
         6 -3.437502310E-03 -3.437494393E-03  6.562000141E-03  6.236257271E-01 
         7 -3.562502330E-03 -3.562494414E-03  6.562000141E-03  5.812112321E-01 
         8 -3.687502351E-03 -3.687494434E-03  6.562000141E-03  5.325315949E-01 
         9 -3.812502371E-03 -3.812494455E-03  6.562000141E-03  4.809914136E-01 
        10 -3.937502392E-03 -3.937494475E-03  6.562000141E-03  4.328057066E-01 
        11 -1.368750352E-02 -1.368749421E-02  6.562000141E-03  5.184182112E+00 
        12 -1.381250285E-02 -1.381249353E-02  6.562000141E-03  5.234222803E+00 
        13 -1.393750310E-02 -1.393749379E-02  6.562000141E-03  5.283068602E+00 
        14 -4.062502645E-03 -4.062494729E-03  6.562000141E-03  3.980896317E-01 
        15 -4.187502433E-03 -4.187494516E-03  6.562000141E-03  3.887771619E-01 
        16 -4.312502686E-03 -4.312494304E-03  6.562000141E-03  4.096816268E-01 
        17 -4.437502474E-03 -4.437494557E-03  6.562000141E-03  4.505676487E-01 
        18 -4.562502727E-03 -4.562494345E-03  6.562000141E-03  4.945950218E-01 
        19 -4.687502515E-03 -4.687494598E-03  6.562000141E-03  5.315196144E-01 
        20 -4.812502768E-03 -4.812494386E-03  6.562000141E-03  5.588027988E-01 
        21 -4.937502556E-03 -4.937494639E-03  6.562000141E-03  5.764751777E-01 
        22 -5.062502809E-03 -5.062494427E-03  6.562000141E-03  5.841450942E-01 
        23 -5.187502597E-03 -5.187494680E-03  6.562000141E-03  5.810088603E-01 
        24 -5.312502850E-03 -5.312494468E-03  6.562000141E-03  5.734749148E-01 
        25 -5.437502638E-03 -5.437494256E-03  6.562000141E-03  5.866582794E-01 
        26 -5.562502891E-03 -5.562494509E-03  6.562000141E-03  6.483690670E-01 
        27 -5.687502678E-03 -5.687494297E-03  6.562000141E-03  7.541844547E-01 
        28 -5.812502466E-03 -5.812494550E-03  6.562000141E-03  8.831337525E-01 
        29 -5.937502719E-03 -5.937494338E-03  6.562000141E-03  1.021779874E+00 
        30 -6.062502507E-03 -6.062494591E-03  6.562000141E-03  1.166013430E+00 
        31 -6.187502760E-03 -6.187494379E-03  6.562000141E-03  1.315865416E+00 
        32 -6.312502548E-03 -6.312494166E-03  6.562000141E-03  1.469927373E+00 
        33 -6.437502801E-03 -6.437494420E-03  6.562000141E-03  1.624143664E+00 
        34 -6.562502589E-03 -6.562494207E-03  6.562000141E-03  1.773065740E+00 
        35 -6.687502842E-03 -6.687494460E-03  6.562000141E-03  1.910548424E+00 
        36 -6.812502630E-03 -6.812494248E-03  6.562000141E-03  2.028183080E+00 
        37 -6.937502883E-03 -6.937494501E-03  6.562000141E-03  2.122090189E+00 
        38 -7.062502671E-03 -7.062494289E-03  6.562000141E-03  2.193378744E+00 
        39 -7.187502924E-03 -7.187494077E-03  6.562000141E-03  2.250624150E+00 
        40 -7.312502712E-03 -7.312494330E-03  6.562000141E-03  2.308411234E+00 
        41 -7.437502965E-03 -7.437494118E-03  6.562000141E-03  2.380926505E+00 
        42 -7.562502753E-03 -7.562494371E-03  6.562000141E-03  2.470719602E+00 
        43 -7.687503006E-03 -7.687494159E-03  6.562000141E-03  2.565943877E+00 
        44 -7.812502794E-03 -7.812494412E-03  6.562000141E-03  2.650234696E+00 
        45 -7.937503047E-03 -7.937494665E-03  6.562000141E-03  2.715669620E+00 
        46 -8.062503301E-03 -8.062493987E-03  6.562000141E-03  2.764963930E+00 
        47 -8.187502623E-03 -8.187494241E-03  6.562000141E-03  2.804936606E+00 
        48 -8.312502876E-03 -8.312494494E-03  6.562000141E-03  2.841633009E+00 
        49 -8.437503129E-03 -8.437493816E-03  6.562000141E-03  2.878980286E+00 
        50 -8.562502451E-03 -8.562494069E-03  6.562000141E-03  2.918999956E+00 
        51 -8.687502705E-03 -8.687494323E-03  6.562000141E-03  2.962364796E+00 
        52 -8.812502958E-03 -8.812494576E-03  6.562000141E-03  3.008814501E+00 
        53 -8.937503211E-03 -8.937493898E-03  6.562000141E-03  3.057418030E+00 
        54 -9.062502533E-03 -9.062494151E-03  6.562000141E-03  3.106881906E+00 
        55 -9.187502787E-03 -9.187494405E-03  6.562000141E-03  3.156026528E+00 
        56 -9.312503040E-03 -9.312493727E-03  6.562000141E-03  3.204193778E+00 
        57 -9.437503293E-03 -9.437493980E-03  6.562000141E-03  3.251408274E+00 
        58 -9.562502615E-03 -9.562494233E-03  6.562000141E-03  3.298295760E+00 
        59 -9.687502868E-03 -9.687494487E-03  6.562000141E-03  3.345845444E+00 
        60 -9.812503122E-03 -9.812493809E-03  6.562000141E-03  3.395106311E+00 
        61 -9.937503375E-03 -9.937494062E-03  6.562000141E-03  3.446922105E+00 
        62 -1.356250327E-02 -1.356249396E-02  6.562000141E-03  5.132760737E+00 
        63 -1.343750302E-02 -1.343749370E-02  6.562000141E-03  5.080185033E+00 
        64 -1.331250370E-02 -1.331249345E-02  6.562000141E-03  5.026983908E+00 
        65 -1.318750344E-02 -1.318749413E-02  6.562000141E-03  4.973841683E+00 
        66 -1.306250319E-02 -1.306249388E-02  6.562000141E-03  4.921436734E+00 
        67 -1.293750294E-02 -1.293749362E-02  6.562000141E-03  4.870312416E+00 
        68 -1.281250361E-02 -1.281249430E-02  6.562000141E-03  4.820792033E+00 
        69 -1.268750336E-02 -1.268749405E-02  6.562000141E-03  4.772938790E+00 
        70 -1.256250311E-02 -1.256249379E-02  6.562000141E-03  4.726553919E+00 
        71 -1.243750285E-02 -1.243749354E-02  6.562000141E-03  4.681202152E+00 
        72 -1.231250353E-02 -1.231249422E-02  6.562000141E-03  4.636256642E+00 
        73 -1.218750328E-02 -1.218749397E-02  6.562000141E-03  4.590953886E+00 
        74 -1.206250302E-02 -1.206249371E-02  6.562000141E-03  4.544451826E+00 
        75 -1.193750277E-02 -1.193749439E-02  6.562000141E-03  4.495886837E+00 
        76 -1.181250345E-02 -1.181249414E-02  6.562000141E-03  4.444430702E+00 
        77 -1.168750320E-02 -1.168749388E-02  6.562000141E-03  4.389354469E+00 
        78 -1.156250294E-02 -1.156249363E-02  6.562000141E-03  4.330110166E+00 
        79 -1.143750269E-02 -1.143749431E-02  6.562000141E-03  4.266435784E+00 
        80 -1.131250337E-02 -1.131249405E-02  6.562000141E-03  4.198466346E+00 
        81 -1.118750311E-02 -1.118749380E-02  6.562000141E-03  4.126865465E+00 
        82 -1.106250286E-02 -1.106249448E-02  6.562000141E-03  4.052516772E+00 
        83 -1.093750261E-02 -1.093749423E-02  6.562000141E-03  3.976575506E+00 
        84 -1.081250329E-02 -1.081249397E-02  6.562000141E-03  3.901072590E+00 
        85 -1.068750303E-02 -1.068749372E-02  6.562000141E-03  3.827243999E+00 
        86 -1.056250278E-02 -1.056249440E-02  6.562000141E-03  3.755754775E+00 
        87 -1.043750346E-02 -1.043749414E-02  6.562000141E-03  3.687177104E+00 
        88 -1.031250320E-02 -1.031249389E-02  6.562000141E-03  3.621892148E+00 
        89 -1.018750295E-02 -1.018749457E-02  6.562000141E-03  3.560106456E+00 
        90 -1.006250270E-02 -1.006249432E-02  6.562000141E-03  3.501824422E+00 
        91 -1.806250401E-02 -1.806249283E-02  6.562000141E-03  5.129831447E+00 
        92 -1.793750376E-02 -1.793749258E-02  6.562000141E-03  5.131126544E+00 
        93 -1.781250350E-02 -1.781249419E-02  6.562000141E-03  5.136385405E+00 
        94 -1.768750325E-02 -1.768749394E-02  6.562000141E-03  5.147839216E+00 
        95 -1.756250300E-02 -1.756249368E-02  6.562000141E-03  5.168666316E+00 
        96 -1.743750274E-02 -1.743749343E-02  6.562000141E-03  5.200515121E+00 
        97 -1.731250249E-02 -1.731249318E-02  6.562000141E-03  5.240572360E+00 
        98 -1.718750410E-02 -1.718749292E-02  6.562000141E-03  5.280298916E+00 
        99 -1.706250384E-02 -1.706249267E-02  6.562000141E-03  5.310349675E+00 
       100 -1.693750359E-02 -1.693749428E-02  6.562000141E-03  5.327780826E+00 
       101 -1.681250334E-02 -1.681249402E-02  6.562000141E-03  5.336237429E+00 
       102 -1.668750308E-02 -1.668749377E-02  6.562000141E-03  5.344822876E+00 
       103 -1.656250283E-02 -1.656249352E-02  6.562000141E-03  5.361057203E+00 
       104 -1.643750258E-02 -1.643749326E-02  6.562000141E-03  5.381810913E+00 
       105 -1.631250232E-02 -1.631249301E-02  6.562000141E-03  5.404525536E+00 
       106 -1.618750393E-02 -1.618749276E-02  6.562000141E-03  5.433546245E+00 
       107 -1.606250368E-02 -1.606249437E-02  6.562000141E-03  5.472540868E+00 
       108 -1.593750343E-02 -1.593749411E-02  6.562000141E-03  5.519872929E+00 
       109 -1.581250317E-02 -1.581249386E-02  6.562000141E-03  5.569633190E+00 
       110 -1.568750292E-02 -1.568749361E-02  6.562000141E-03  5.614909974E+00 
       111 -1.556250360E-02 -1.556249335E-02  6.562000141E-03  5.651244940E+00 
       112 -1.543750335E-02 -1.543749403E-02  6.562000141E-03  5.676218908E+00 
       113 -1.531250309E-02 -1.531249378E-02  6.562000141E-03  5.689237129E+00 
       114 -1.518750377E-02 -1.518749353E-02  6.562000141E-03  5.692830985E+00 
       115 -1.506250352E-02 -1.506249420E-02  6.562000141E-03  5.685446430E+00 
       116 -1.493750326E-02 -1.493749395E-02  6.562000141E-03  5.665766952E+00 
       117 -1.481250301E-02 -1.481249370E-02  6.562000141E-03  5.633603527E+00 
       118 -1.468750369E-02 -1.468749344E-02  6.562000141E-03  5.589873281E+00 
       119 -1.456250343E-02 -1.456249412E-02  6.562000141E-03  5.538046095E+00 
       120 -1.443750318E-02 -1.443749387E-02  6.562000141E-03  5.483603232E+00 
       121 -1.431250293E-02 -1.431249361E-02  6.562000141E-03  5.430612807E+00 
       122 -1.418750361E-02 -1.418749429E-02  6.562000141E-03  5.380124225E+00 
       123 -1.406250335E-02 -1.406249404E-02  6.562000141E-03  5.331355020E+00 
       124 -1.895638742E-02 -1.895638742E-02  6.562000606E-03  4.950074026E+00 
       125 -1.889957115E-02 -1.889957115E-02  6.562000141E-03  4.875761701E+00 
       126 -1.880222373E-02 -1.880222000E-02  6.562000141E-03  4.938098301E+00 
       127 -1.868750341E-02 -1.868749410E-02  6.562000141E-03  4.990177728E+00 
       128 -1.856250316E-02 -1.856249385E-02  6.562000141E-03  5.056934718E+00 
       129 -1.843750291E-02 -1.843749359E-02  6.562000141E-03  5.105921784E+00 
       130 -1.831250265E-02 -1.831249334E-02  6.562000141E-03  5.128009560E+00 
       131 -1.818750426E-02 -1.818749309E-02  6.562000141E-03  5.131633843E+00 
       132 -1.898222044E-02 -1.898222044E-02  6.562000606E-03  4.823843310E+00 
       133 -1.904012822E-02 -1.904012822E-02  6.562000141E-03  4.861009818E+00 
       134 -1.912219450E-02 -1.912219450E-02  6.562000606E-03  4.973836119E+00 
       135 -1.916676387E-02 -1.916676387E-02  6.562000606E-03  4.954661214E+00 
       136 -1.923896931E-02 -1.923896931E-02  6.562000141E-03  4.988260678E+00 
       137 -1.931096986E-02 -1.931096986E-02  6.562000606E-03  4.974730366E+00 
       138 -1.938296854E-02 -1.938296854E-02  6.562000141E-03  5.001033710E+00 
       139 -1.945496909E-02 -1.945496909E-02  6.562000141E-03  4.991797467E+00 
       140 -1.952696778E-02 -1.952696778E-02  6.562000141E-03  5.007401858E+00 
       141 -1.959896833E-02 -1.959896833E-02  6.562000141E-03  5.002147241E+00 
       142 -1.967096888E-02 -1.967096888E-02  6.562000141E-03  5.001292916E+00 
       143 -1.974296942E-02 -1.974296942E-02  6.562000141E-03  4.996590901E+00 
       144 -1.981496811E-02 -1.981496811E-02  6.562000141E-03  4.974372283E+00 
       145 -1.988696866E-02 -1.988696866E-02  6.562000141E-03  4.967266610E+00 
       146 -1.995896734E-02 -1.995896734E-02  6.562000141E-03  4.926102841E+00 
       147 -2.003096975E-02 -2.003096975E-02  6.562000141E-03  4.916941482E+00 
       148 -2.010296844E-02 -2.010296844E-02  6.562000141E-03  4.866321379E+00 
       149 -2.017496899E-02 -2.017496899E-02  6.562000141E-03  4.855949007E+00 
       150 -2.024696954E-02 -2.024696954E-02  6.562000141E-03  4.805255687E+00 
       151 -2.031897008E-02 -2.031897008E-02  6.562000141E-03  4.794859821E+00 
       152 -2.039096877E-02 -2.039096877E-02  6.562000141E-03  4.754279252E+00 
       153 -2.046296932E-02 -2.046296932E-02  6.562000141E-03  4.746208823E+00 
       154 -2.053496800E-02 -2.053496800E-02  6.562000141E-03  4.722385119E+00 
       155 -2.060696855E-02 -2.060696855E-02  6.562000141E-03  4.720260775E+00 
       156 -2.067896910E-02 -2.067896910E-02  6.562000141E-03  4.708277126E+00 
       157 -2.075096965E-02 -2.075096965E-02  6.562000141E-03  4.686557497E+00 
       158 -2.082296833E-02 -2.082296833E-02  6.562000141E-03  4.621195068E+00 
       159 -2.089514025E-02 -2.089514025E-02  6.562000141E-03  4.480331684E+00 
       160 -2.095155232E-02 -2.095155232E-02  6.562000141E-03  4.238649312E+00 
       161 -2.100796066E-02 -2.100796066E-02  6.562000141E-03  4.045275765E+00 
       162 -2.102797665E-02 -2.102797665E-02  6.562000141E-03  3.964966332E+00 
       163 -2.106651478E-02 -2.106651478E-02  6.562000606E-03  3.640644506E+00 
       164 -2.110337466E-02 -2.110337466E-02  6.562000606E-03  3.149901644E+00 
       165 -2.112556621E-02 -2.112556621E-02  6.562000606E-03  2.734786621E+00 
       166 -2.114406601E-02 -2.114406601E-02  6.562000606E-03  2.314570361E+00 
       167 -2.115948685E-02 -2.115948685E-02  6.562000606E-03  1.894817349E+00 
       168 -2.117234282E-02 -2.117234282E-02  6.562000606E-03  1.489515429E+00 
       169 -2.118305862E-02 -2.118305862E-02  6.562000141E-03  1.119400303E+00 
       170 -2.119199000E-02 -2.119199000E-02  6.562000141E-03  7.976931335E-01 
       171 -2.119943500E-02 -2.119943500E-02  6.562000606E-03  5.241441826E-01 
       172 -2.120563947E-02 -2.120563947E-02  6.562000141E-03  2.929695804E-01 
       173 -2.121081017E-02 -2.121081017E-02  6.562000141E-03  9.786239265E-02 
       174 -2.830386860E-03 -2.830386860E-03  6.562000606E-03  1.045880932E+00 
       175 -2.835483057E-03 -2.835483057E-03  6.562001072E-03  1.044482420E+00 
       176 -2.841604175E-03 -2.841604175E-03  6.562000606E-03  1.041455117E+00 
       177 -2.848957200E-03 -2.848957200E-03  6.562000141E-03  1.035955549E+00 
       178 -2.857792191E-03 -2.857792191E-03  6.562000141E-03  1.026827375E+00 
       179 -2.868410433E-03 -2.868410433E-03  6.561999675E-03  1.012547791E+00 
       180 -2.881176071E-03 -2.881176071E-03  6.562000606E-03  9.912961243E-01 
       181 -2.896528924E-03 -2.896528924E-03  6.562000606E-03  9.612629777E-01 
       182 -2.915001474E-03 -2.915001474E-03  6.562000141E-03  9.217070711E-01 
