cellnumber     x-coordinate     y-coordinate     z-coordinate velocity-magnitude 
         1 -1.406250335E-02 -1.406249404E-02  6.562000141E-03  7.179814564E+00 
         2 -1.393750310E-02 -1.393749379E-02  6.562000141E-03  7.148661472E+00 
         3 -1.381250285E-02 -1.381249353E-02  6.562000141E-03  7.131986526E+00 
         4 -1.368750352E-02 -1.368749421E-02  6.562000141E-03  7.105414910E+00 
         5 -1.356250327E-02 -1.356249396E-02  6.562000141E-03  7.061648619E+00 
         6 -1.343750302E-02 -1.343749370E-02  6.562000141E-03  7.008420855E+00 
         7 -1.331250370E-02 -1.331249345E-02  6.562000141E-03  6.947659162E+00 
         8 -1.318750344E-02 -1.318749413E-02  6.562000141E-03  6.876159619E+00 
         9 -1.306250319E-02 -1.306249388E-02  6.562000141E-03  6.795335764E+00 
        10 -1.293750294E-02 -1.293749362E-02  6.562000141E-03  6.725253311E+00 
        11 -1.281250361E-02 -1.281249430E-02  6.562000141E-03  6.671548197E+00 
        12 -1.268750336E-02 -1.268749405E-02  6.562000141E-03  6.620251485E+00 
        13 -1.256250311E-02 -1.256249379E-02  6.562000141E-03  6.556857719E+00 
        14 -1.243750285E-02 -1.243749354E-02  6.562000141E-03  6.470209703E+00 
        15 -1.231250353E-02 -1.231249422E-02  6.562000141E-03  6.363958103E+00 
        16 -1.218750328E-02 -1.218749397E-02  6.562000141E-03  6.255110701E+00 
        17 -1.206250302E-02 -1.206249371E-02  6.562000141E-03  6.171085560E+00 
        18 -1.193750277E-02 -1.193749439E-02  6.562000141E-03  6.083184295E+00 
        19 -1.181250345E-02 -1.181249414E-02  6.562000141E-03  5.896778237E+00 
        20 -1.168750320E-02 -1.168749388E-02  6.562000141E-03  5.734425425E+00 
        21 -1.156250294E-02 -1.156249363E-02  6.562000141E-03  5.649008411E+00 
        22 -1.143750269E-02 -1.143749431E-02  6.562000141E-03  5.595596475E+00 
        23 -7.187502924E-03 -7.187494077E-03  6.562000141E-03  2.699148698E+00 
        24 -7.062502671E-03 -7.062494289E-03  6.562000141E-03  2.726960502E+00 
        25 -6.937502883E-03 -6.937494501E-03  6.562000141E-03  2.469093943E+00 
        26 -6.812502630E-03 -6.812494248E-03  6.562000141E-03  2.663789239E+00 
        27 -6.687502842E-03 -6.687494460E-03  6.562000141E-03  2.985963217E+00 
        28 -6.562502589E-03 -6.562494207E-03  6.562000141E-03  2.669132128E+00 
        29 -6.437502801E-03 -6.437494420E-03  6.562000141E-03  2.564789576E+00 
        30 -6.312502548E-03 -6.312494166E-03  6.562000141E-03  2.081025826E+00 
        31 -6.187502760E-03 -6.187494379E-03  6.562000141E-03  1.855838150E+00 
        32 -6.062502507E-03 -6.062494591E-03  6.562000141E-03  2.034361787E+00 
        33 -5.937502719E-03 -5.937494338E-03  6.562000141E-03  1.813209947E+00 
        34 -5.812502466E-03 -5.812494550E-03  6.562000141E-03  1.673273931E+00 
        35 -5.687502678E-03 -5.687494297E-03  6.562000141E-03  1.516890322E+00 
        36 -5.562502891E-03 -5.562494509E-03  6.562000141E-03  1.231480864E+00 
        37 -5.437502638E-03 -5.437494256E-03  6.562000141E-03  1.205716466E+00 
        38 -5.312502850E-03 -5.312494468E-03  6.562000141E-03  1.271367267E+00 
        39 -5.187502597E-03 -5.187494680E-03  6.562000141E-03  1.417702017E+00 
        40 -5.062502809E-03 -5.062494427E-03  6.562000141E-03  1.567540191E+00 
        41 -4.937502556E-03 -4.937494639E-03  6.562000141E-03  1.442837268E+00 
        42 -4.812502768E-03 -4.812494386E-03  6.562000141E-03  1.289695903E+00 
        43 -4.687502515E-03 -4.687494598E-03  6.562000141E-03  1.132902535E+00 
        44 -4.562502727E-03 -4.562494345E-03  6.562000141E-03  9.504435888E-01 
        45 -4.437502474E-03 -4.437494557E-03  6.562000141E-03  7.597929879E-01 
        46 -4.312502686E-03 -4.312494304E-03  6.562000141E-03  8.809993670E-01 
        47 -4.187502433E-03 -4.187494516E-03  6.562000141E-03  1.175646934E+00 
        48 -4.062502645E-03 -4.062494729E-03  6.562000141E-03  1.220801006E+00 
        49 -3.937502392E-03 -3.937494475E-03  6.562000141E-03  1.234834181E+00 
        50 -3.812502371E-03 -3.812494455E-03  6.562000141E-03  1.500111920E+00 
        51 -3.687502351E-03 -3.687494434E-03  6.562000141E-03  1.685434658E+00 
        52 -3.562502330E-03 -3.562494414E-03  6.562000141E-03  1.549925914E+00 
        53 -3.437502310E-03 -3.437494393E-03  6.562000141E-03  1.146948050E+00 
        54 -3.312502289E-03 -3.312494373E-03  6.562000141E-03  1.236172848E+00 
        55 -3.187502502E-03 -3.187494585E-03  6.562000141E-03  1.390035896E+00 
        56 -3.062231001E-03 -3.062227042E-03  6.562000606E-03  1.673891770E+00 
        57 -2.974424278E-03 -2.974424278E-03  6.562000606E-03  1.889996325E+00 
        58 -2.937239828E-03 -2.937239828E-03  6.562000141E-03  1.940130591E+00 
        59 -2.915001474E-03 -2.915001474E-03  6.562000141E-03  1.929625689E+00 
        60 -2.896528924E-03 -2.896528924E-03  6.562000606E-03  1.882007588E+00 
        61 -2.881176071E-03 -2.881176071E-03  6.562000606E-03  1.796959804E+00 
        62 -2.868410433E-03 -2.868410433E-03  6.561999675E-03  1.699849440E+00 
        63 -2.857792191E-03 -2.857792191E-03  6.562000141E-03  1.607305337E+00 
        64 -2.848957200E-03 -2.848957200E-03  6.562000141E-03  1.531981216E+00 
        65 -2.841604175E-03 -2.841604175E-03  6.562000606E-03  1.480383061E+00 
        66 -2.835483057E-03 -2.835483057E-03  6.562001072E-03  1.455061736E+00 
        67 -2.830386860E-03 -2.830386860E-03  6.562000606E-03  1.453861770E+00 
        68 -1.743750274E-02 -1.743749343E-02  6.562000141E-03  7.872346144E+00 
        69 -1.731250249E-02 -1.731249318E-02  6.562000141E-03  7.937343266E+00 
        70 -1.718750410E-02 -1.718749292E-02  6.562000141E-03  7.948748377E+00 
        71 -1.706250384E-02 -1.706249267E-02  6.562000141E-03  7.956072140E+00 
        72 -1.693750359E-02 -1.693749428E-02  6.562000141E-03  7.983846719E+00 
        73 -1.681250334E-02 -1.681249402E-02  6.562000141E-03  7.953836699E+00 
        74 -1.668750308E-02 -1.668749377E-02  6.562000141E-03  7.895849535E+00 
        75 -1.656250283E-02 -1.656249352E-02  6.562000141E-03  7.932519500E+00 
        76 -1.643750258E-02 -1.643749326E-02  6.562000141E-03  7.909572146E+00 
        77 -1.631250232E-02 -1.631249301E-02  6.562000141E-03  7.815703147E+00 
        78 -1.618750393E-02 -1.618749276E-02  6.562000141E-03  7.929208876E+00 
        79 -1.606250368E-02 -1.606249437E-02  6.562000141E-03  7.867516184E+00 
        80 -1.593750343E-02 -1.593749411E-02  6.562000141E-03  7.790386411E+00 
        81 -1.581250317E-02 -1.581249386E-02  6.562000141E-03  7.744805012E+00 
        82 -1.568750292E-02 -1.568749361E-02  6.562000141E-03  8.021509996E+00 
        83 -1.556250360E-02 -1.556249335E-02  6.562000141E-03  8.522170493E+00 
        84 -1.543750335E-02 -1.543749403E-02  6.562000141E-03  8.602962659E+00 
        85 -1.531250309E-02 -1.531249378E-02  6.562000141E-03  8.462520334E+00 
        86 -1.518750377E-02 -1.518749353E-02  6.562000141E-03  8.359698029E+00 
        87 -1.506250352E-02 -1.506249420E-02  6.562000141E-03  8.216847314E+00 
        88 -1.493750326E-02 -1.493749395E-02  6.562000141E-03  7.973668021E+00 
        89 -1.481250301E-02 -1.481249370E-02  6.562000141E-03  8.015309146E+00 
        90 -1.468750369E-02 -1.468749344E-02  6.562000141E-03  7.884012564E+00 
        91 -1.456250343E-02 -1.456249412E-02  6.562000141E-03  7.724864428E+00 
        92 -1.443750318E-02 -1.443749387E-02  6.562000141E-03  7.533439322E+00 
        93 -1.431250293E-02 -1.431249361E-02  6.562000141E-03  7.368693840E+00 
        94 -1.131250337E-02 -1.131249405E-02  6.562000141E-03  5.547732295E+00 
        95 -1.118750311E-02 -1.118749380E-02  6.562000141E-03  5.476460531E+00 
        96 -1.106250286E-02 -1.106249448E-02  6.562000141E-03  5.419597512E+00 
        97 -1.093750261E-02 -1.093749423E-02  6.562000141E-03  5.363202540E+00 
        98 -1.081250329E-02 -1.081249397E-02  6.562000141E-03  5.295496463E+00 
        99 -1.068750303E-02 -1.068749372E-02  6.562000141E-03  5.223361296E+00 
       100 -1.056250278E-02 -1.056249440E-02  6.562000141E-03  5.150327102E+00 
       101 -1.043750346E-02 -1.043749414E-02  6.562000141E-03  5.018987689E+00 
       102 -1.031250320E-02 -1.031249389E-02  6.562000141E-03  4.882339932E+00 
       103 -1.018750295E-02 -1.018749457E-02  6.562000141E-03  4.931157850E+00 
       104 -1.006250270E-02 -1.006249432E-02  6.562000141E-03  4.881645989E+00 
       105 -9.937503375E-03 -9.937494062E-03  6.562000141E-03  4.632061955E+00 
       106 -9.812503122E-03 -9.812493809E-03  6.562000141E-03  4.391160381E+00 
       107 -9.687502868E-03 -9.687494487E-03  6.562000141E-03  4.222952296E+00 
       108 -9.562502615E-03 -9.562494233E-03  6.562000141E-03  4.109795555E+00 
       109 -9.437503293E-03 -9.437493980E-03  6.562000141E-03  4.064965035E+00 
       110 -9.312503040E-03 -9.312493727E-03  6.562000141E-03  4.000201081E+00 
       111 -9.187502787E-03 -9.187494405E-03  6.562000141E-03  3.988043234E+00 
       112 -9.062502533E-03 -9.062494151E-03  6.562000141E-03  4.033769705E+00 
       113 -8.937503211E-03 -8.937493898E-03  6.562000141E-03  4.062905579E+00 
       114 -8.812502958E-03 -8.812494576E-03  6.562000141E-03  4.069968297E+00 
       115 -8.687502705E-03 -8.687494323E-03  6.562000141E-03  4.029178086E+00 
       116 -8.562502451E-03 -8.562494069E-03  6.562000141E-03  4.051734059E+00 
       117 -8.437503129E-03 -8.437493816E-03  6.562000141E-03  4.053075196E+00 
       118 -8.312502876E-03 -8.312494494E-03  6.562000141E-03  3.918505161E+00 
       119 -8.187502623E-03 -8.187494241E-03  6.562000141E-03  3.672936502E+00 
       120 -8.062503301E-03 -8.062493987E-03  6.562000141E-03  3.414506074E+00 
       121 -7.937503047E-03 -7.937494665E-03  6.562000141E-03  3.335919428E+00 
       122 -7.812502794E-03 -7.812494412E-03  6.562000141E-03  3.323621995E+00 
       123 -7.687503006E-03 -7.687494159E-03  6.562000141E-03  3.292606656E+00 
       124 -7.562502753E-03 -7.562494371E-03  6.562000141E-03  3.179039478E+00 
       125 -7.437502965E-03 -7.437494118E-03  6.562000141E-03  3.023085232E+00 
       126 -7.312502712E-03 -7.312494330E-03  6.562000141E-03  2.914303590E+00 
       127 -1.756250300E-02 -1.756249368E-02  6.562000141E-03  7.879652621E+00 
       128 -1.768750325E-02 -1.768749394E-02  6.562000141E-03  7.912572625E+00 
       129 -1.781250350E-02 -1.781249419E-02  6.562000141E-03  7.834887094E+00 
       130 -1.793750376E-02 -1.793749258E-02  6.562000141E-03  7.742154945E+00 
       131 -1.806250401E-02 -1.806249283E-02  6.562000141E-03  7.484859976E+00 
       132 -1.818750426E-02 -1.818749309E-02  6.562000141E-03  7.303235184E+00 
       133 -1.831250265E-02 -1.831249334E-02  6.562000141E-03  7.401325243E+00 
       134 -1.843750291E-02 -1.843749359E-02  6.562000141E-03  7.551295507E+00 
       135 -1.856250316E-02 -1.856249385E-02  6.562000141E-03  7.322337842E+00 
       136 -1.868750341E-02 -1.868749410E-02  6.562000141E-03  7.179040656E+00 
       137 -1.880222373E-02 -1.880222000E-02  6.562000141E-03  7.506908259E+00 
       138 -1.889957115E-02 -1.889957115E-02  6.562000141E-03  7.636412164E+00 
       139 -1.895638742E-02 -1.895638742E-02  6.562000606E-03  7.540898384E+00 
       140 -2.121081017E-02 -2.121081017E-02  6.562000141E-03  1.686302827E-01 
       141 -2.120563947E-02 -2.120563947E-02  6.562000141E-03  5.032686042E-01 
       142 -2.119943500E-02 -2.119943500E-02  6.562000606E-03  9.021922780E-01 
       143 -2.119199000E-02 -2.119199000E-02  6.562000141E-03  1.382199082E+00 
       144 -2.118305862E-02 -2.118305862E-02  6.562000141E-03  1.955885847E+00 
       145 -2.117234282E-02 -2.117234282E-02  6.562000606E-03  2.614144126E+00 
       146 -2.115948685E-02 -2.115948685E-02  6.562000606E-03  3.333343376E+00 
       147 -2.114406601E-02 -2.114406601E-02  6.562000606E-03  4.073149671E+00 
       148 -2.112556621E-02 -2.112556621E-02  6.562000606E-03  4.749185302E+00 
       149 -2.110337466E-02 -2.110337466E-02  6.562000606E-03  5.227940492E+00 
       150 -2.106651478E-02 -2.106651478E-02  6.562000606E-03  5.592514066E+00 
       151 -2.102797665E-02 -2.102797665E-02  6.562000141E-03  5.961527639E+00 
       152 -2.100796066E-02 -2.100796066E-02  6.562000141E-03  6.062396765E+00 
       153 -2.095155232E-02 -2.095155232E-02  6.562000141E-03  6.055995361E+00 
       154 -2.089514025E-02 -2.089514025E-02  6.562000141E-03  6.302776415E+00 
       155 -2.082297020E-02 -2.082297020E-02  6.562000606E-03  6.223879276E+00 
       156 -2.075096965E-02 -2.075096965E-02  6.562000606E-03  6.333738784E+00 
       157 -2.067896910E-02 -2.067896910E-02  6.562000606E-03  6.168953110E+00 
       158 -2.060697041E-02 -2.060697041E-02  6.562000606E-03  6.090228829E+00 
       159 -2.053496987E-02 -2.053496987E-02  6.562000141E-03  6.041097588E+00 
       160 -2.046296932E-02 -2.046296932E-02  6.562000141E-03  6.130279524E+00 
       161 -2.039097063E-02 -2.039097063E-02  6.562000606E-03  6.549483952E+00 
       162 -2.031897008E-02 -2.031897008E-02  6.562000606E-03  7.078166393E+00 
       163 -2.024696954E-02 -2.024696954E-02  6.562000606E-03  7.339506881E+00 
       164 -2.017497085E-02 -2.017497085E-02  6.562000606E-03  7.423502391E+00 
       165 -2.010297030E-02 -2.010297030E-02  6.562000606E-03  7.255647839E+00 
       166 -2.003096975E-02 -2.003096975E-02  6.562000606E-03  6.625978800E+00 
       167 -1.995896921E-02 -1.995896921E-02  6.562000606E-03  6.131290898E+00 
       168 -1.988697052E-02 -1.988697052E-02  6.562000606E-03  5.733010185E+00 
       169 -1.981496997E-02 -1.981496997E-02  6.562000606E-03  5.799712806E+00 
       170 -1.974296942E-02 -1.974296942E-02  6.562000606E-03  6.111007772E+00 
       171 -1.967096888E-02 -1.967096888E-02  6.562000606E-03  6.472213767E+00 
       172 -1.959897019E-02 -1.959897019E-02  6.562000606E-03  6.695871624E+00 
       173 -1.952696964E-02 -1.952696964E-02  6.562000606E-03  6.841804453E+00 
       174 -1.945497096E-02 -1.945497096E-02  6.562000606E-03  6.781094796E+00 
       175 -1.938297041E-02 -1.938297041E-02  6.562000606E-03  6.887106220E+00 
       176 -1.931096986E-02 -1.931096986E-02  6.562000606E-03  7.047970899E+00 
       177 -1.923896931E-02 -1.923896931E-02  6.562000141E-03  7.169925429E+00 
       178 -1.916676201E-02 -1.916676201E-02  6.562000141E-03  7.463991052E+00 
       179 -1.912219450E-02 -1.912219450E-02  6.562000606E-03  7.517951514E+00 
       180 -1.904013008E-02 -1.904013008E-02  6.562000606E-03  7.775175404E+00 
       181 -1.898222044E-02 -1.898222044E-02  6.562000606E-03  7.857344051E+00 
       182 -1.418750361E-02 -1.418749429E-02  6.562000141E-03  7.269948933E+00 
