cellnumber     x-coordinate     y-coordinate     z-coordinate velocity-magnitude 
         1 -1.895486377E-02 -1.895486377E-02  6.562000141E-03  7.080817882E+00 
         2 -1.889866963E-02 -1.889866963E-02  6.562000141E-03  7.220956990E+00 
         3 -1.880285144E-02 -1.880285516E-02  6.562000141E-03  6.974325458E+00 
         4 -1.868749782E-02 -1.868750341E-02  6.562000141E-03  6.426226843E+00 
         5 -2.121081017E-02 -2.121081017E-02  6.562000141E-03  2.721410601E-01 
         6 -2.120563947E-02 -2.120563947E-02  6.562000141E-03  8.315993920E-01 
         7 -2.119943500E-02 -2.119943500E-02  6.562000141E-03  1.515009612E+00 
         8 -2.119199000E-02 -2.119199000E-02  6.562000141E-03  2.324856820E+00 
         9 -2.118305862E-02 -2.118305862E-02  6.562000141E-03  3.207006340E+00 
        10 -2.117234282E-02 -2.117234282E-02  6.562000606E-03  4.053810169E+00 
        11 -2.115948685E-02 -2.115948685E-02  6.562000606E-03  4.757143194E+00 
        12 -2.114406601E-02 -2.114406601E-02  6.562000606E-03  5.281219099E+00 
        13 -2.112556621E-02 -2.112556621E-02  6.562000606E-03  5.676257661E+00 
        14 -2.110337466E-02 -2.110337466E-02  6.562000606E-03  5.994794293E+00 
        15 -2.106651478E-02 -2.106651478E-02  6.562000606E-03  6.317624411E+00 
        16 -2.102797665E-02 -2.102797665E-02  6.562000141E-03  6.446627454E+00 
        17 -2.100796066E-02 -2.100796066E-02  6.562000141E-03  6.605036304E+00 
        18 -2.095155232E-02 -2.095155232E-02  6.562000141E-03  6.784708753E+00 
        19 -2.089514025E-02 -2.089514025E-02  6.562000606E-03  6.917344798E+00 
        20 -2.082296833E-02 -2.082296833E-02  6.562000141E-03  6.851269781E+00 
        21 -2.075096965E-02 -2.075096965E-02  6.562000141E-03  6.552281476E+00 
        22 -2.067896910E-02 -2.067896910E-02  6.562000141E-03  6.118222388E+00 
        23 -2.060696855E-02 -2.060696855E-02  6.562000141E-03  5.972618370E+00 
        24 -2.053496800E-02 -2.053496800E-02  6.562000141E-03  5.904977792E+00 
        25 -2.046296932E-02 -2.046296932E-02  6.562000141E-03  5.883890096E+00 
        26 -2.039096877E-02 -2.039096877E-02  6.562000141E-03  5.849557883E+00 
        27 -2.031897008E-02 -2.031897008E-02  6.562000141E-03  5.796650311E+00 
        28 -2.024696954E-02 -2.024696954E-02  6.562000141E-03  5.732770084E+00 
        29 -2.017496899E-02 -2.017496899E-02  6.562000606E-03  5.679278001E+00 
        30 -2.010297030E-02 -2.010297030E-02  6.562000141E-03  5.674661312E+00 
        31 -2.003096975E-02 -2.003096975E-02  6.562000606E-03  5.630009954E+00 
        32 -1.995896921E-02 -1.995896921E-02  6.562000606E-03  5.667942597E+00 
        33 -1.988697052E-02 -1.988697052E-02  6.562000141E-03  5.598979338E+00 
        34 -1.981496811E-02 -1.981496811E-02  6.562000141E-03  5.676617838E+00 
        35 -1.974296942E-02 -1.974296942E-02  6.562000606E-03  5.713367996E+00 
        36 -1.967096888E-02 -1.967096888E-02  6.562000141E-03  5.806301320E+00 
        37 -1.959896833E-02 -1.959896833E-02  6.562000606E-03  5.821646488E+00 
        38 -1.952696964E-02 -1.952696964E-02  6.562000141E-03  5.734096298E+00 
        39 -1.945496909E-02 -1.945496909E-02  6.562000606E-03  5.735048995E+00 
        40 -1.938296854E-02 -1.938296854E-02  6.562000141E-03  5.879022242E+00 
        41 -1.931096986E-02 -1.931096986E-02  6.562000606E-03  6.136735303E+00 
        42 -1.923896931E-02 -1.923896931E-02  6.562000141E-03  6.264816765E+00 
        43 -1.916676387E-02 -1.916676387E-02  6.562000606E-03  6.237816120E+00 
        44 -1.912219450E-02 -1.912219450E-02  6.562000606E-03  6.430035562E+00 
        45 -1.904012822E-02 -1.904012822E-02  6.562000141E-03  6.344020298E+00 
        46 -1.898222044E-02 -1.898222044E-02  6.562000606E-03  6.349320081E+00 
        47 -2.830355195E-03 -2.830355195E-03  6.562000141E-03  1.451300367E+00 
        48 -2.835455118E-03 -2.835455118E-03  6.562000606E-03  1.429705102E+00 
        49 -2.841580659E-03 -2.841580659E-03  6.562000606E-03  1.411617670E+00 
        50 -2.848939039E-03 -2.848939039E-03  6.562000606E-03  1.398482556E+00 
        51 -2.857780783E-03 -2.857780783E-03  6.562000606E-03  1.390678420E+00 
        52 -2.868407406E-03 -2.868407406E-03  6.562000606E-03  1.386775243E+00 
        53 -2.881182823E-03 -2.881182823E-03  6.562000606E-03  1.382856453E+00 
        54 -2.896548016E-03 -2.896548016E-03  6.562000606E-03  1.377180207E+00 
        55 -2.915036166E-03 -2.915036166E-03  6.562000141E-03  1.366017419E+00 
        56 -2.937293379E-03 -2.937293379E-03  6.562000606E-03  1.351268031E+00 
        57 -2.975319512E-03 -2.975319512E-03  6.562000606E-03  1.314395309E+00 
        58 -1.581249945E-02 -1.581250504E-02  6.562000141E-03  8.019168751E+00 
        59 -1.593749784E-02 -1.593750343E-02  6.562000141E-03  8.011940204E+00 
        60 -1.606249809E-02 -1.606250368E-02  6.562000141E-03  8.153313858E+00 
        61 -1.618749835E-02 -1.618750393E-02  6.562000141E-03  8.199432371E+00 
        62 -1.631249860E-02 -1.631250419E-02  6.562000141E-03  8.190966280E+00 
        63 -1.643749885E-02 -1.643750444E-02  6.562000141E-03  8.285884272E+00 
        64 -1.656249911E-02 -1.656250469E-02  6.562000141E-03  8.447148442E+00 
        65 -1.668749936E-02 -1.668750495E-02  6.562000141E-03  8.440025733E+00 
        66 -1.681249775E-02 -1.681250334E-02  6.562000141E-03  8.437551059E+00 
        67 -1.693749800E-02 -1.693750359E-02  6.562000141E-03  8.504771435E+00 
        68 -1.706249826E-02 -1.706250384E-02  6.562000141E-03  7.917368238E+00 
        69 -1.718749851E-02 -1.718750410E-02  6.562000141E-03  7.639757895E+00 
        70 -1.731249876E-02 -1.731250435E-02  6.562000141E-03  7.527051520E+00 
        71 -1.743749902E-02 -1.743750460E-02  6.562000141E-03  7.403843892E+00 
        72 -1.756249927E-02 -1.756250486E-02  6.562000141E-03  7.291677850E+00 
        73 -1.768749952E-02 -1.768750511E-02  6.562000141E-03  7.159612650E+00 
        74 -1.781249791E-02 -1.781250350E-02  6.562000141E-03  7.001754726E+00 
        75 -1.793749817E-02 -1.793750376E-02  6.562000141E-03  6.707874409E+00 
        76 -1.806249842E-02 -1.806250401E-02  6.562000141E-03  6.588516463E+00 
        77 -1.818749867E-02 -1.818750426E-02  6.562000141E-03  6.521276717E+00 
        78 -1.831249893E-02 -1.831250452E-02  6.562000141E-03  6.414508112E+00 
        79 -1.843749918E-02 -1.843750477E-02  6.562000141E-03  6.401610308E+00 
        80 -1.856249943E-02 -1.856250502E-02  6.562000141E-03  6.465388144E+00 
        81 -1.568749920E-02 -1.568750478E-02  6.562000141E-03  8.080060062E+00 
        82 -1.556249894E-02 -1.556250453E-02  6.562000141E-03  8.046611216E+00 
        83 -1.543749869E-02 -1.543750428E-02  6.562000141E-03  7.901676949E+00 
        84 -1.531249844E-02 -1.531250495E-02  6.562000141E-03  7.785479854E+00 
        85 -1.518749911E-02 -1.518750470E-02  6.562000141E-03  7.746930841E+00 
        86 -1.506249886E-02 -1.506250445E-02  6.562000141E-03  7.703013123E+00 
        87 -1.493749861E-02 -1.493750419E-02  6.562000141E-03  7.669563176E+00 
        88 -1.481249835E-02 -1.481250487E-02  6.562000141E-03  7.656671490E+00 
        89 -1.468749903E-02 -1.468750462E-02  6.562000141E-03  7.634706084E+00 
        90 -1.456249878E-02 -1.456250437E-02  6.562000141E-03  7.599746216E+00 
        91 -1.443749852E-02 -1.443750504E-02  6.562000141E-03  7.552545637E+00 
        92 -1.431249827E-02 -1.431250479E-02  6.562000141E-03  7.480853781E+00 
        93 -1.418749895E-02 -1.418750454E-02  6.562000141E-03  7.417769962E+00 
        94 -1.406249870E-02 -1.406250428E-02  6.562000141E-03  7.338188355E+00 
        95 -1.393749844E-02 -1.393750496E-02  6.562000141E-03  7.230407526E+00 
        96 -1.381249912E-02 -1.381250471E-02  6.562000141E-03  7.145637530E+00 
        97 -1.368749887E-02 -1.368750446E-02  6.562000141E-03  7.095065771E+00 
        98 -1.356249861E-02 -1.356250513E-02  6.562000141E-03  7.041125329E+00 
        99 -1.343749836E-02 -1.343750488E-02  6.562000141E-03  6.923398249E+00 
       100 -1.331249904E-02 -1.331250463E-02  6.562000141E-03  6.724707931E+00 
       101 -1.318749879E-02 -1.318750437E-02  6.562000141E-03  6.500438246E+00 
       102 -1.306249853E-02 -1.306250505E-02  6.562000141E-03  6.383108157E+00 
       103 -1.293749828E-02 -1.293750480E-02  6.562000141E-03  6.330252611E+00 
       104 -1.281249896E-02 -1.281250454E-02  6.562000141E-03  6.303781503E+00 
       105 -1.056249812E-02 -1.056250464E-02  6.562000141E-03  5.302099099E+00 
       106 -1.043749880E-02 -1.043750439E-02  6.562000141E-03  5.193235696E+00 
       107 -1.031249855E-02 -1.031250507E-02  6.562000141E-03  5.118815860E+00 
       108 -1.018749829E-02 -1.018750481E-02  6.562000141E-03  5.092580210E+00 
       109 -1.006249804E-02 -1.006250456E-02  6.562000141E-03  5.233341084E+00 
       110 -9.937498719E-03 -9.937505238E-03  6.562000141E-03  5.383243959E+00 
       111 -9.812498465E-03 -9.812504984E-03  6.562000141E-03  5.358779226E+00 
       112 -9.687498212E-03 -9.687504731E-03  6.562000141E-03  5.247770385E+00 
       113 -9.562498890E-03 -9.562504478E-03  6.562000141E-03  5.064547240E+00 
       114 -9.437498637E-03 -9.437505156E-03  6.562000141E-03  4.891007366E+00 
       115 -9.312498383E-03 -9.312504902E-03  6.562000141E-03  4.815527569E+00 
       116 -9.187498130E-03 -9.187504649E-03  6.562000141E-03  4.794503717E+00 
       117 -9.062498808E-03 -9.062505327E-03  6.562000141E-03  4.829673287E+00 
       118 -8.937498555E-03 -8.937505074E-03  6.562000141E-03  4.802773273E+00 
       119 -8.812498301E-03 -8.812504821E-03  6.562000141E-03  4.733218614E+00 
       120 -8.687498048E-03 -8.687504567E-03  6.562000141E-03  4.617951115E+00 
       121 -8.562498726E-03 -8.562505245E-03  6.562000141E-03  4.555962341E+00 
       122 -8.437498473E-03 -8.437504992E-03  6.562000141E-03  4.518744192E+00 
       123 -8.312498219E-03 -8.312504739E-03  6.562000141E-03  4.435465488E+00 
       124 -8.187497966E-03 -8.187505417E-03  6.562000141E-03  4.820223678E+00 
       125 -8.062498644E-03 -8.062505163E-03  6.562000141E-03  4.913366233E+00 
       126 -7.937498391E-03 -7.937504910E-03  6.562000141E-03  3.896345480E+00 
       127 -7.812498137E-03 -7.812504657E-03  6.562000141E-03  3.286195758E+00 
       128 -7.687498350E-03 -7.687504869E-03  6.562000141E-03  2.746431341E+00 
       129 -7.562498562E-03 -7.562505081E-03  6.562000141E-03  2.285790573E+00 
       130 -7.437498309E-03 -7.437504828E-03  6.562000141E-03  2.243853258E+00 
       131 -7.312498521E-03 -7.312505040E-03  6.562000141E-03  2.498368410E+00 
       132 -7.187498268E-03 -7.187504787E-03  6.562000141E-03  3.287519018E+00 
       133 -7.062498480E-03 -7.062504999E-03  6.562000141E-03  3.327184528E+00 
       134 -6.937498227E-03 -6.937505212E-03  6.562000141E-03  3.219644394E+00 
       135 -6.812498439E-03 -6.812504958E-03  6.562000141E-03  3.026704883E+00 
       136 -6.687498186E-03 -6.687505171E-03  6.562000141E-03  2.844881570E+00 
       137 -6.562498398E-03 -6.562504917E-03  6.562000141E-03  2.572277398E+00 
       138 -6.437498145E-03 -6.437505130E-03  6.562000141E-03  2.230955734E+00 
       139 -6.312498357E-03 -6.312504876E-03  6.562000141E-03  2.094406921E+00 
       140 -6.187498104E-03 -6.187505089E-03  6.562000141E-03  1.841358364E+00 
       141 -6.062498316E-03 -6.062504835E-03  6.562000141E-03  1.559530802E+00 
       142 -5.937498063E-03 -5.937505048E-03  6.562000141E-03  1.300478870E+00 
       143 -5.812498275E-03 -5.812505260E-03  6.562000141E-03  1.222386549E+00 
       144 -5.687498022E-03 -5.687505007E-03  6.562000141E-03  1.280220753E+00 
       145 -5.562498234E-03 -5.562505219E-03  6.562000141E-03  1.181533643E+00 
       146 -5.437498447E-03 -5.437504966E-03  6.562000141E-03  1.067402939E+00 
       147 -5.312498193E-03 -5.312505178E-03  6.562000141E-03  1.395371108E+00 
       148 -5.187498406E-03 -5.187504925E-03  6.562000141E-03  1.377242434E+00 
       149 -5.062498152E-03 -5.062505137E-03  6.562000141E-03  1.323213332E+00 
       150 -4.937498365E-03 -4.937504884E-03  6.562000141E-03  1.336059784E+00 
       151 -1.268749870E-02 -1.268750429E-02  6.562000141E-03  6.351199420E+00 
       152 -1.256249845E-02 -1.256250497E-02  6.562000141E-03  6.321891868E+00 
       153 -1.243749820E-02 -1.243750472E-02  6.562000141E-03  6.224108099E+00 
       154 -1.231249887E-02 -1.231250446E-02  6.562000141E-03  6.076375783E+00 
       155 -1.218749862E-02 -1.218750514E-02  6.562000141E-03  5.903934216E+00 
       156 -1.206249837E-02 -1.206250489E-02  6.562000141E-03  5.675793688E+00 
       157 -1.193749905E-02 -1.193750463E-02  6.562000141E-03  5.591264023E+00 
       158 -1.181249879E-02 -1.181250438E-02  6.562000141E-03  5.626349402E+00 
       159 -1.168749854E-02 -1.168750506E-02  6.562000141E-03  5.608122248E+00 
       160 -1.156249829E-02 -1.156250481E-02  6.562000141E-03  5.569905812E+00 
       161 -1.143749896E-02 -1.143750455E-02  6.562000141E-03  5.533373712E+00 
       162 -1.131249871E-02 -1.131250523E-02  6.562000141E-03  5.481085905E+00 
       163 -1.118749846E-02 -1.118750498E-02  6.562000141E-03  5.438194063E+00 
       164 -1.106249820E-02 -1.106250472E-02  6.562000141E-03  5.408774947E+00 
       165 -1.093749888E-02 -1.093750447E-02  6.562000141E-03  5.417394358E+00 
       166 -1.081249863E-02 -1.081250515E-02  6.562000141E-03  5.424009182E+00 
       167 -1.068749838E-02 -1.068750490E-02  6.562000141E-03  5.451075335E+00 
       168 -3.059382550E-03 -3.059382550E-03  6.562000141E-03  1.212425360E+00 
       169 -3.123705974E-03 -3.123705974E-03  6.562000606E-03  1.177815566E+00 
       170 -3.189915558E-03 -3.189919051E-03  6.562000141E-03  1.116830086E+00 
       171 -3.312498098E-03 -3.312505083E-03  6.562000141E-03  1.135012114E+00 
       172 -3.437498119E-03 -3.437505104E-03  6.562000141E-03  1.172556446E+00 
       173 -3.562497906E-03 -3.562505124E-03  6.562000141E-03  1.237280022E+00 
       174 -3.687497927E-03 -3.687505145E-03  6.562000141E-03  1.078527122E+00 
       175 -3.812497947E-03 -3.812505165E-03  6.562000141E-03  9.739903710E-01 
       176 -3.937498201E-03 -3.937505186E-03  6.562000141E-03  1.016944550E+00 
       177 -4.062497988E-03 -4.062504973E-03  6.562000141E-03  1.043948291E+00 
       178 -4.187498242E-03 -4.187505227E-03  6.562000141E-03  6.832398396E-01 
       179 -4.312498029E-03 -4.312505014E-03  6.562000141E-03  5.561725718E-01 
       180 -4.437498283E-03 -4.437505268E-03  6.562000141E-03  7.580711225E-01 
       181 -4.562498070E-03 -4.562505055E-03  6.562000141E-03  1.072345174E+00 
       182 -4.687498324E-03 -4.687505309E-03  6.562000141E-03  1.171139434E+00 
       183 -4.812498111E-03 -4.812505096E-03  6.562000141E-03  1.264648674E+00 
