cellnumber     x-coordinate     y-coordinate     z-coordinate velocity-magnitude 
         1 -1.895662397E-02 -1.895662397E-02  6.562000141E-03  7.172089963E+00 
         2 -1.890108548E-02 -1.890108548E-02  6.562000141E-03  7.256320121E+00 
         3 -1.880351454E-02 -1.880351081E-02  6.562000141E-03  7.385841580E+00 
         4 -1.868750714E-02 -1.868749969E-02  6.562000141E-03  6.950884404E+00 
         5 -1.856250688E-02 -1.856250130E-02  6.562000141E-03  6.775762240E+00 
         6 -1.843750663E-02 -1.843750104E-02  6.562000141E-03  7.150942825E+00 
         7 -1.831250638E-02 -1.831250079E-02  6.562000141E-03  7.261984085E+00 
         8 -2.017496899E-02 -2.017496899E-02  6.562000606E-03  5.078442983E+00 
         9 -2.010297030E-02 -2.010297030E-02  6.562000606E-03  4.942647407E+00 
        10 -2.003096975E-02 -2.003096975E-02  6.562000606E-03  4.835224271E+00 
        11 -1.995896921E-02 -1.995896921E-02  6.562000606E-03  4.788638486E+00 
        12 -1.988697052E-02 -1.988697052E-02  6.562000606E-03  4.792159446E+00 
        13 -1.981496997E-02 -1.981496997E-02  6.562000606E-03  4.810964382E+00 
        14 -1.974296942E-02 -1.974296942E-02  6.562000606E-03  4.859133358E+00 
        15 -1.967096888E-02 -1.967096888E-02  6.562000141E-03  4.807701892E+00 
        16 -1.959897019E-02 -1.959897019E-02  6.562000606E-03  4.877036966E+00 
        17 -1.952696964E-02 -1.952696964E-02  6.562000141E-03  4.899977427E+00 
        18 -1.945496909E-02 -1.945496909E-02  6.562000606E-03  5.015843561E+00 
        19 -1.938296854E-02 -1.938296854E-02  6.562000141E-03  5.599388497E+00 
        20 -1.931096800E-02 -1.931096800E-02  6.562000141E-03  5.978272632E+00 
        21 -1.923896931E-02 -1.923896931E-02  6.562000141E-03  6.419637278E+00 
        22 -1.916676201E-02 -1.916676201E-02  6.562000141E-03  6.183513152E+00 
        23 -1.912219450E-02 -1.912219450E-02  6.562000606E-03  6.419394834E+00 
        24 -1.904012822E-02 -1.904012822E-02  6.562000141E-03  6.308915945E+00 
        25 -1.898222044E-02 -1.898222044E-02  6.562000606E-03  6.520555775E+00 
        26 -1.406250708E-02 -1.406250149E-02  6.562000141E-03  7.654823382E+00 
        27 -1.418750640E-02 -1.418750081E-02  6.562000141E-03  7.791362099E+00 
        28 -1.431250665E-02 -1.431250107E-02  6.562000141E-03  7.921750301E+00 
        29 -1.443750691E-02 -1.443750132E-02  6.562000141E-03  8.411228711E+00 
        30 -1.456250623E-02 -1.456250064E-02  6.562000141E-03  8.444021052E+00 
        31 -1.468750648E-02 -1.468750089E-02  6.562000141E-03  8.294413318E+00 
        32 -1.481250674E-02 -1.481250115E-02  6.562000141E-03  8.020268575E+00 
        33 -1.493750699E-02 -1.493750140E-02  6.562000141E-03  7.609408338E+00 
        34 -1.506250631E-02 -1.506250072E-02  6.562000141E-03  7.836583283E+00 
        35 -1.518750656E-02 -1.518750098E-02  6.562000141E-03  8.129862446E+00 
        36 -1.531250682E-02 -1.531250123E-02  6.562000141E-03  8.092972862E+00 
        37 -1.543750707E-02 -1.543750055E-02  6.562000141E-03  7.991841903E+00 
        38 -1.556250639E-02 -1.556250080E-02  6.562000141E-03  7.687628513E+00 
        39 -1.568750665E-02 -1.568750106E-02  6.562000141E-03  7.717644598E+00 
        40 -1.581250690E-02 -1.581250131E-02  6.562000141E-03  7.777233851E+00 
        41 -1.593750715E-02 -1.593749970E-02  6.562000141E-03  7.836957371E+00 
        42 -1.606250741E-02 -1.606249996E-02  6.562000141E-03  7.802090607E+00 
        43 -1.618750580E-02 -1.618750021E-02  6.562000141E-03  7.820062859E+00 
        44 -1.631250605E-02 -1.631250046E-02  6.562000141E-03  7.460851173E+00 
        45 -1.093750633E-02 -1.093750168E-02  6.562000141E-03  5.681719112E+00 
        46 -1.106250659E-02 -1.106250100E-02  6.562000141E-03  5.778197333E+00 
        47 -1.118750684E-02 -1.118750125E-02  6.562000141E-03  5.887751376E+00 
        48 -1.131250616E-02 -1.131250151E-02  6.562000141E-03  6.002335376E+00 
        49 -1.143750641E-02 -1.143750083E-02  6.562000141E-03  6.101360709E+00 
        50 -1.156250667E-02 -1.156250108E-02  6.562000141E-03  6.204625818E+00 
        51 -1.168750599E-02 -1.168750133E-02  6.562000141E-03  6.283593278E+00 
        52 -1.181250624E-02 -1.181250159E-02  6.562000141E-03  6.339738232E+00 
        53 -1.193750650E-02 -1.193750091E-02  6.562000141E-03  6.386063111E+00 
        54 -1.206250675E-02 -1.206250116E-02  6.562000141E-03  6.390909014E+00 
        55 -1.218750607E-02 -1.218750142E-02  6.562000141E-03  6.362649798E+00 
        56 -1.231250633E-02 -1.231250167E-02  6.562000141E-03  6.369718572E+00 
        57 -1.243750658E-02 -1.243750099E-02  6.562000141E-03  6.407494191E+00 
        58 -1.256250683E-02 -1.256250124E-02  6.562000141E-03  6.487385893E+00 
        59 -1.268750615E-02 -1.268750150E-02  6.562000141E-03  6.571863807E+00 
        60 -1.281250641E-02 -1.281250082E-02  6.562000141E-03  6.659523584E+00 
        61 -1.293750666E-02 -1.293750107E-02  6.562000141E-03  6.785299158E+00 
        62 -1.306250691E-02 -1.306250133E-02  6.562000141E-03  6.911068579E+00 
        63 -1.318750624E-02 -1.318750158E-02  6.562000141E-03  7.058302750E+00 
        64 -1.331250649E-02 -1.331250090E-02  6.562000141E-03  7.174611199E+00 
        65 -1.343750674E-02 -1.343750115E-02  6.562000141E-03  7.210437976E+00 
        66 -1.356250700E-02 -1.356250141E-02  6.562000141E-03  7.269060234E+00 
        67 -1.368750632E-02 -1.368750073E-02  6.562000141E-03  7.378906354E+00 
        68 -1.381250657E-02 -1.381250098E-02  6.562000141E-03  7.498053222E+00 
        69 -1.393750682E-02 -1.393750124E-02  6.562000141E-03  7.584404463E+00 
        70 -1.081250608E-02 -1.081250142E-02  6.562000141E-03  5.569267012E+00 
        71 -1.068750676E-02 -1.068750117E-02  6.562000141E-03  5.561643658E+00 
        72 -1.056250650E-02 -1.056250092E-02  6.562000141E-03  5.557049292E+00 
        73 -1.043750625E-02 -1.043750159E-02  6.562000141E-03  5.388501812E+00 
        74 -1.031250600E-02 -1.031250134E-02  6.562000141E-03  4.983529672E+00 
        75 -1.018750668E-02 -1.018750109E-02  6.562000141E-03  4.750134682E+00 
        76 -1.006250642E-02 -1.006250177E-02  6.562000141E-03  4.712207961E+00 
        77 -9.937506169E-03 -9.937501512E-03  6.562000141E-03  4.855117401E+00 
        78 -9.812505916E-03 -9.812501259E-03  6.562000141E-03  4.787850036E+00 
        79 -9.687506594E-03 -9.687501006E-03  6.562000141E-03  4.608063681E+00 
        80 -9.562506340E-03 -9.562501684E-03  6.562000141E-03  4.570433899E+00 
        81 -9.437506087E-03 -9.437501431E-03  6.562000141E-03  4.622922203E+00 
        82 -9.312505834E-03 -9.312501177E-03  6.562000141E-03  4.699312276E+00 
        83 -9.187506512E-03 -9.187501855E-03  6.562000141E-03  4.502635073E+00 
        84 -9.062506258E-03 -9.062501602E-03  6.562000141E-03  4.375970252E+00 
        85 -8.937506005E-03 -8.937501349E-03  6.562000141E-03  4.145759177E+00 
        86 -8.812505752E-03 -8.812501095E-03  6.562000141E-03  4.109416345E+00 
        87 -8.687506430E-03 -8.687501773E-03  6.562000141E-03  4.311696980E+00 
        88 -8.562506177E-03 -8.562501520E-03  6.562000141E-03  4.589507356E+00 
        89 -8.437505923E-03 -8.437501267E-03  6.562000141E-03  4.532656758E+00 
        90 -8.312505670E-03 -8.312501945E-03  6.562000141E-03  4.394701064E+00 
        91 -8.187506348E-03 -8.187501691E-03  6.562000141E-03  4.215257042E+00 
        92 -8.062506095E-03 -8.062501438E-03  6.562000141E-03  4.011099482E+00 
        93 -7.937505841E-03 -7.937501185E-03  6.562000141E-03  3.650022660E+00 
        94 -7.812505588E-03 -7.812500931E-03  6.562000141E-03  3.349382932E+00 
        95 -7.687506266E-03 -7.687501609E-03  6.562000141E-03  3.092434474E+00 
        96 -7.562506013E-03 -7.562501822E-03  6.562000141E-03  3.171678064E+00 
        97 -7.437506225E-03 -7.437501568E-03  6.562000141E-03  2.469476747E+00 
        98 -7.312505972E-03 -7.312501781E-03  6.562000141E-03  2.240900810E+00 
        99 -7.187506184E-03 -7.187501527E-03  6.562000141E-03  2.870691252E+00 
       100 -7.062505931E-03 -7.062501740E-03  6.562000141E-03  3.160815454E+00 
       101 -6.937506143E-03 -6.937501486E-03  6.562000141E-03  3.333402138E+00 
       102 -6.812505890E-03 -6.812501699E-03  6.562000141E-03  3.491300496E+00 
       103 -6.687506102E-03 -6.687501445E-03  6.562000141E-03  3.400707266E+00 
       104 -6.562505849E-03 -6.562501658E-03  6.562000141E-03  3.098746924E+00 
       105 -6.437506061E-03 -6.437501870E-03  6.562000141E-03  2.790019313E+00 
       106 -6.312505808E-03 -6.312501617E-03  6.562000141E-03  2.348805965E+00 
       107 -2.024696954E-02 -2.024696954E-02  6.562000141E-03  5.163105771E+00 
       108 -2.031897008E-02 -2.031897008E-02  6.562000606E-03  5.282139977E+00 
       109 -2.039096877E-02 -2.039096877E-02  6.562000141E-03  5.304935078E+00 
       110 -2.046296932E-02 -2.046296932E-02  6.562000141E-03  5.407063422E+00 
       111 -2.053496987E-02 -2.053496987E-02  6.562000141E-03  5.484400022E+00 
       112 -2.060697041E-02 -2.060697041E-02  6.562000606E-03  5.630741727E+00 
       113 -2.067896910E-02 -2.067896910E-02  6.562000141E-03  5.852272449E+00 
       114 -2.075096965E-02 -2.075096965E-02  6.562000606E-03  6.036883960E+00 
       115 -2.082296833E-02 -2.082296833E-02  6.562000141E-03  6.346125329E+00 
       116 -2.089514025E-02 -2.089514025E-02  6.562000141E-03  6.466615566E+00 
       117 -2.095155232E-02 -2.095155232E-02  6.562000141E-03  6.588855461E+00 
       118 -2.100796066E-02 -2.100796066E-02  6.562000141E-03  6.508113847E+00 
       119 -2.102797665E-02 -2.102797665E-02  6.562000141E-03  6.404352636E+00 
       120 -2.106651478E-02 -2.106651478E-02  6.562000606E-03  6.164125148E+00 
       121 -2.110337466E-02 -2.110337466E-02  6.562000606E-03  5.132299089E+00 
       122 -2.112556621E-02 -2.112556621E-02  6.562000606E-03  4.397178088E+00 
       123 -2.114406601E-02 -2.114406601E-02  6.562000606E-03  3.704100930E+00 
       124 -2.115948685E-02 -2.115948685E-02  6.562000606E-03  3.033233819E+00 
       125 -2.117234282E-02 -2.117234282E-02  6.562000606E-03  2.390959593E+00 
       126 -2.118305862E-02 -2.118305862E-02  6.562000141E-03  1.791877905E+00 
       127 -2.119199000E-02 -2.119199000E-02  6.562000141E-03  1.262739392E+00 
       128 -2.119943500E-02 -2.119943500E-02  6.562000606E-03  8.182613444E-01 
       129 -2.120563947E-02 -2.120563947E-02  6.562000141E-03  4.520321269E-01 
       130 -2.121081017E-02 -2.121081017E-02  6.562000141E-03  1.497986693E-01 
       131 -1.818750612E-02 -1.818750054E-02  6.562000141E-03  7.233664716E+00 
       132 -1.806250587E-02 -1.806250028E-02  6.562000141E-03  7.208588324E+00 
       133 -1.793750748E-02 -1.793750003E-02  6.562000141E-03  7.278816997E+00 
       134 -1.781250723E-02 -1.781249978E-02  6.562000141E-03  7.363372082E+00 
       135 -1.768750697E-02 -1.768750139E-02  6.562000141E-03  7.301244434E+00 
       136 -1.756250672E-02 -1.756250113E-02  6.562000141E-03  7.115181565E+00 
       137 -1.743750647E-02 -1.743750088E-02  6.562000141E-03  6.880218060E+00 
       138 -1.731250621E-02 -1.731250063E-02  6.562000141E-03  6.728538476E+00 
       139 -1.718750596E-02 -1.718750037E-02  6.562000141E-03  6.656641419E+00 
       140 -1.706250757E-02 -1.706250012E-02  6.562000141E-03  6.775350635E+00 
       141 -1.693750732E-02 -1.693749987E-02  6.562000141E-03  6.990896480E+00 
       142 -1.681250706E-02 -1.681250148E-02  6.562000141E-03  7.163988918E+00 
       143 -1.668750681E-02 -1.668750122E-02  6.562000141E-03  7.284127446E+00 
       144 -1.656250656E-02 -1.656250097E-02  6.562000141E-03  7.274100042E+00 
       145 -1.643750630E-02 -1.643750072E-02  6.562000141E-03  7.234914332E+00 
       146 -2.830280224E-03 -2.830280224E-03  6.562000141E-03  1.441868178E+00 
       147 -2.835373627E-03 -2.835373627E-03  6.562000141E-03  1.407735713E+00 
       148 -2.841493115E-03 -2.841493115E-03  6.562000141E-03  1.383703961E+00 
       149 -2.848849166E-03 -2.848849166E-03  6.562000141E-03  1.373234814E+00 
       150 -2.857688349E-03 -2.857688349E-03  6.562000141E-03  1.377124171E+00 
       151 -2.868303098E-03 -2.868303098E-03  6.562000141E-03  1.391441185E+00 
       152 -2.881055698E-03 -2.881055698E-03  6.562000141E-03  1.408338135E+00 
       153 -2.896386897E-03 -2.896386897E-03  6.562000606E-03  1.415838834E+00 
       154 -2.914825454E-03 -2.914825454E-03  6.562000606E-03  1.404597703E+00 
       155 -2.937011421E-03 -2.937011421E-03  6.562000606E-03  1.372442580E+00 
       156 -2.967901761E-03 -2.967901761E-03  6.562000606E-03  1.309511721E+00 
       157 -3.022594377E-03 -3.022594377E-03  6.562000141E-03  1.242082301E+00 
       158 -3.099788679E-03 -3.099788679E-03  6.562000141E-03  1.144878459E+00 
       159 -3.195534460E-03 -3.195532598E-03  6.562000606E-03  1.100478573E+00 
       160 -3.312505549E-03 -3.312501824E-03  6.562000141E-03  1.151899965E+00 
       161 -3.437505569E-03 -3.437501844E-03  6.562000141E-03  1.166851798E+00 
       162 -3.562505590E-03 -3.562501865E-03  6.562000141E-03  1.079677146E+00 
       163 -3.687505610E-03 -3.687501885E-03  6.562000141E-03  1.095937432E+00 
       164 -3.812505631E-03 -3.812501905E-03  6.562000141E-03  1.376827787E+00 
       165 -3.937505651E-03 -3.937501926E-03  6.562000141E-03  1.427158189E+00 
       166 -4.062505905E-03 -4.062501714E-03  6.562000141E-03  1.018370195E+00 
       167 -4.187505692E-03 -4.187501967E-03  6.562000141E-03  5.078305014E-01 
       168 -4.312505946E-03 -4.312501755E-03  6.562000141E-03  5.894234940E-01 
       169 -4.437505733E-03 -4.437502008E-03  6.562000141E-03  9.715205835E-01 
       170 -4.562505987E-03 -4.562501796E-03  6.562000141E-03  1.192761870E+00 
       171 -4.687505774E-03 -4.687502049E-03  6.562000141E-03  1.344441771E+00 
       172 -4.812506028E-03 -4.812501837E-03  6.562000141E-03  1.486926002E+00 
       173 -4.937505815E-03 -4.937501624E-03  6.562000141E-03  1.567212290E+00 
       174 -5.062505603E-03 -5.062501878E-03  6.562000141E-03  1.320464643E+00 
       175 -5.187505856E-03 -5.187501665E-03  6.562000141E-03  8.379587582E-01 
       176 -5.312505644E-03 -5.312501919E-03  6.562000141E-03  8.189382301E-01 
       177 -5.437505897E-03 -5.437501706E-03  6.562000141E-03  1.157868176E+00 
       178 -5.562505685E-03 -5.562501960E-03  6.562000141E-03  1.463094356E+00 
       179 -5.687505938E-03 -5.687501747E-03  6.562000141E-03  1.669225082E+00 
       180 -5.812505726E-03 -5.812501535E-03  6.562000141E-03  1.825554831E+00 
       181 -5.937505979E-03 -5.937501788E-03  6.562000141E-03  1.834164120E+00 
       182 -6.062505767E-03 -6.062501576E-03  6.562000141E-03  1.934854346E+00 
       183 -6.187506020E-03 -6.187501829E-03  6.562000141E-03  2.103137816E+00 
