cellnumber     x-coordinate     y-coordinate     z-coordinate velocity-magnitude 
         1 -7.687503006E-03 -7.687497418E-03  6.562000141E-03  3.194691088E+00 
         2 -7.562503219E-03 -7.562497165E-03  6.562000141E-03  3.009093619E+00 
         3 -1.006250363E-02 -1.006249711E-02  6.562000606E-03  5.020575812E+00 
         4 -9.937503375E-03 -9.937496856E-03  6.562000141E-03  5.021903954E+00 
         5 -9.812503122E-03 -9.812497534E-03  6.562000141E-03  5.155378685E+00 
         6 -9.687502868E-03 -9.687497281E-03  6.562000606E-03  5.127963255E+00 
         7 -9.562503546E-03 -9.562497027E-03  6.562000606E-03  4.984102155E+00 
         8 -9.437503293E-03 -9.437496774E-03  6.562000141E-03  5.074773779E+00 
         9 -9.312503040E-03 -9.312497452E-03  6.562000606E-03  5.011207103E+00 
        10 -9.187503718E-03 -9.187497199E-03  6.562000606E-03  4.752042460E+00 
        11 -9.062503465E-03 -9.062496945E-03  6.562000141E-03  4.381856378E+00 
        12 -8.937503211E-03 -8.937497623E-03  6.562000141E-03  3.910014069E+00 
        13 -8.812502958E-03 -8.812497370E-03  6.562000141E-03  3.405519570E+00 
        14 -8.687502705E-03 -8.687497117E-03  6.562000141E-03  3.256618725E+00 
        15 -8.562503383E-03 -8.562496863E-03  6.562000141E-03  3.178344428E+00 
        16 -8.437503129E-03 -8.437497541E-03  6.562000606E-03  2.972089888E+00 
        17 -8.312502876E-03 -8.312497288E-03  6.562000141E-03  2.929279595E+00 
        18 -8.187503554E-03 -8.187497035E-03  6.562000606E-03  2.970905357E+00 
        19 -8.062503301E-03 -8.062497713E-03  6.562000141E-03  3.196363066E+00 
        20 -7.937503047E-03 -7.937497459E-03  6.562000606E-03  3.495881532E+00 
        21 -7.812502794E-03 -7.812497206E-03  6.562000141E-03  3.529037852E+00 
        22 -7.437502965E-03 -7.437497377E-03  6.562000141E-03  3.059099240E+00 
        23 -7.312503178E-03 -7.312497124E-03  6.562000141E-03  3.011972717E+00 
        24 -7.187502924E-03 -7.187497336E-03  6.562000141E-03  3.031225814E+00 
        25 -7.062503137E-03 -7.062497083E-03  6.562000141E-03  2.755791472E+00 
        26 -6.937502883E-03 -6.937497295E-03  6.562000141E-03  2.301404161E+00 
        27 -6.812503096E-03 -6.812497508E-03  6.562000141E-03  1.941995359E+00 
        28 -6.687503308E-03 -6.687497254E-03  6.562000141E-03  1.570257081E+00 
        29 -6.562503055E-03 -6.562497467E-03  6.562000141E-03  1.349025581E+00 
        30 -6.437503267E-03 -6.437497213E-03  6.562000141E-03  1.229500401E+00 
        31 -6.312503014E-03 -6.312497426E-03  6.562000141E-03  1.165723319E+00 
        32 -6.187503226E-03 -6.187497173E-03  6.562000141E-03  1.065772186E+00 
        33 -6.062502973E-03 -6.062497385E-03  6.562000141E-03  8.854331125E-01 
        34 -5.937503185E-03 -5.937497132E-03  6.562000141E-03  8.390108924E-01 
        35 -5.812502932E-03 -5.812497344E-03  6.562000141E-03  7.818444568E-01 
        36 -5.687503144E-03 -5.687497091E-03  6.562000141E-03  7.295844503E-01 
        37 -5.562502891E-03 -5.562497303E-03  6.562000141E-03  7.626960152E-01 
        38 -5.437503103E-03 -5.437497515E-03  6.562000141E-03  8.312057162E-01 
        39 -5.312503316E-03 -5.312497262E-03  6.562000141E-03  8.998771242E-01 
        40 -5.187503062E-03 -5.187497474E-03  6.562000141E-03  9.965437417E-01 
        41 -5.062503275E-03 -5.062497221E-03  6.562000141E-03  1.124626200E+00 
        42 -4.937503021E-03 -4.937497433E-03  6.562000141E-03  1.256553453E+00 
        43 -4.812503234E-03 -4.812497180E-03  6.562000141E-03  1.397211531E+00 
        44 -4.687502980E-03 -4.687497392E-03  6.562000141E-03  1.558639208E+00 
        45 -4.562503193E-03 -4.562497139E-03  6.562000141E-03  1.676436593E+00 
        46 -4.437502939E-03 -4.437497351E-03  6.562000141E-03  1.593956003E+00 
        47 -4.312503152E-03 -4.312497564E-03  6.562000141E-03  1.233256550E+00 
        48 -4.187502898E-03 -4.187497310E-03  6.562000141E-03  1.146063965E+00 
        49 -4.062503111E-03 -4.062497523E-03  6.562000141E-03  1.443185879E+00 
        50 -3.937502857E-03 -3.937497269E-03  6.562000141E-03  1.503532772E+00 
        51 -3.812503070E-03 -3.812497249E-03  6.562000141E-03  1.461312893E+00 
        52 -3.687503049E-03 -3.687497228E-03  6.562000141E-03  1.300075134E+00 
        53 -3.562503029E-03 -3.562497208E-03  6.562000141E-03  1.048882727E+00 
        54 -3.437503008E-03 -3.437497187E-03  6.562000141E-03  8.775908924E-01 
        55 -3.312502988E-03 -3.312497400E-03  6.562000141E-03  8.054048132E-01 
        56 -3.188213799E-03 -3.188211005E-03  6.562000606E-03  7.903617762E-01 
        57 -3.109663492E-03 -3.109663492E-03  6.562000141E-03  8.284521167E-01 
        58 -3.059180221E-03 -3.059180221E-03  6.562000141E-03  8.162322359E-01 
        59 -3.000119468E-03 -3.000119468E-03  6.562000141E-03  8.505738976E-01 
        60 -2.960044192E-03 -2.960044192E-03  6.562000141E-03  8.371280395E-01 
        61 -1.493750326E-02 -1.493749674E-02  6.562000141E-03  6.920824815E+00 
        62 -1.506250352E-02 -1.506249700E-02  6.562000606E-03  7.322886088E+00 
        63 -1.518750377E-02 -1.518749725E-02  6.562000606E-03  7.916481835E+00 
        64 -1.531250309E-02 -1.531249750E-02  6.562000606E-03  8.224452749E+00 
        65 -1.543750335E-02 -1.543749776E-02  6.562000606E-03  7.750569189E+00 
        66 -1.556250267E-02 -1.556249708E-02  6.562000606E-03  7.903409349E+00 
        67 -1.018750295E-02 -1.018749736E-02  6.562000141E-03  4.967848769E+00 
        68 -1.031250320E-02 -1.031249762E-02  6.562000141E-03  4.983758176E+00 
        69 -1.043750346E-02 -1.043749694E-02  6.562000141E-03  4.929763130E+00 
        70 -1.056250278E-02 -1.056249719E-02  6.562000141E-03  4.781162635E+00 
        71 -1.068750303E-02 -1.068749744E-02  6.562000141E-03  4.925844987E+00 
        72 -1.081250329E-02 -1.081249677E-02  6.562000141E-03  5.100515345E+00 
        73 -1.093750261E-02 -1.093749702E-02  6.562000141E-03  5.192330941E+00 
        74 -1.106250286E-02 -1.106249727E-02  6.562000141E-03  5.237450048E+00 
        75 -1.118750311E-02 -1.118749753E-02  6.562000141E-03  5.174885719E+00 
        76 -1.131250337E-02 -1.131249685E-02  6.562000141E-03  5.172000281E+00 
        77 -1.143750269E-02 -1.143749710E-02  6.562000141E-03  5.399810478E+00 
        78 -1.156250294E-02 -1.156249736E-02  6.562000141E-03  5.584897747E+00 
        79 -1.168750320E-02 -1.168749761E-02  6.562000606E-03  5.879894998E+00 
        80 -1.181250345E-02 -1.181249693E-02  6.562000141E-03  5.520422726E+00 
        81 -1.193750277E-02 -1.193749718E-02  6.562000141E-03  5.113885159E+00 
        82 -1.206250302E-02 -1.206249744E-02  6.562000141E-03  5.610518310E+00 
        83 -1.218750328E-02 -1.218749769E-02  6.562000606E-03  6.072120814E+00 
        84 -1.231250353E-02 -1.231249701E-02  6.562000606E-03  5.853972267E+00 
        85 -1.243750378E-02 -1.243749727E-02  6.562000606E-03  5.828527413E+00 
        86 -1.256250311E-02 -1.256249752E-02  6.562000606E-03  5.935556831E+00 
        87 -1.268750336E-02 -1.268749777E-02  6.562000606E-03  6.137563607E+00 
        88 -1.281250361E-02 -1.281249709E-02  6.562000606E-03  6.117284958E+00 
        89 -1.293750294E-02 -1.293749735E-02  6.562000606E-03  5.775021645E+00 
        90 -1.306250319E-02 -1.306249760E-02  6.562000606E-03  5.752520406E+00 
        91 -1.318750344E-02 -1.318749785E-02  6.562000606E-03  5.683309844E+00 
        92 -1.331250370E-02 -1.331249718E-02  6.562000606E-03  5.539089365E+00 
        93 -1.343750302E-02 -1.343749743E-02  6.562000606E-03  5.753496218E+00 
        94 -1.356250327E-02 -1.356249768E-02  6.562000606E-03  6.000749771E+00 
        95 -1.368750352E-02 -1.368749700E-02  6.562000606E-03  6.594655689E+00 
        96 -1.381250378E-02 -1.381249726E-02  6.562000606E-03  6.826116236E+00 
        97 -1.393750310E-02 -1.393749751E-02  6.562000606E-03  6.707247067E+00 
        98 -1.406250335E-02 -1.406249776E-02  6.562000606E-03  6.925766111E+00 
        99 -1.418750361E-02 -1.418749709E-02  6.562000606E-03  7.667858734E+00 
       100 -1.431250293E-02 -1.431249734E-02  6.562000606E-03  8.448467518E+00 
       101 -1.443750318E-02 -1.443749759E-02  6.562000606E-03  8.775203942E+00 
       102 -1.456250343E-02 -1.456249785E-02  6.562000606E-03  8.640587401E+00 
       103 -1.468750369E-02 -1.468749717E-02  6.562000606E-03  8.146252074E+00 
       104 -1.481250301E-02 -1.481249742E-02  6.562000606E-03  7.317114059E+00 
       105 -1.568750292E-02 -1.568749733E-02  6.562000606E-03  7.825116201E+00 
       106 -1.581250317E-02 -1.581249759E-02  6.562000606E-03  7.547168259E+00 
       107 -1.593750343E-02 -1.593749784E-02  6.562000606E-03  7.753991942E+00 
       108 -1.606250368E-02 -1.606249809E-02  6.562000606E-03  8.059445138E+00 
       109 -1.618750393E-02 -1.618749648E-02  6.562000606E-03  8.114545197E+00 
       110 -1.631250232E-02 -1.631249674E-02  6.562000606E-03  8.078702266E+00 
       111 -1.643750258E-02 -1.643749699E-02  6.562000606E-03  8.035873735E+00 
       112 -1.656250283E-02 -1.656249724E-02  6.562000606E-03  7.787485043E+00 
       113 -1.977995597E-02 -1.977995597E-02  6.562000606E-03  6.121230365E+00 
       114 -1.973373257E-02 -1.973373257E-02  6.562000606E-03  6.100223369E+00 
       115 -1.970408484E-02 -1.970408484E-02  6.562000141E-03  6.098092679E+00 
       116 -1.966859587E-02 -1.966859587E-02  6.562000141E-03  6.128331997E+00 
       117 -1.962787099E-02 -1.962787099E-02  6.562000141E-03  6.044426084E+00 
       118 -1.956013031E-02 -1.956012659E-02  6.562000141E-03  6.037071711E+00 
       119 -1.943750307E-02 -1.943749748E-02  6.562000141E-03  5.983680675E+00 
       120 -1.931250282E-02 -1.931249723E-02  6.562000141E-03  6.127020110E+00 
       121 -1.918750256E-02 -1.918749698E-02  6.562000141E-03  6.077684527E+00 
       122 -1.906250231E-02 -1.906249672E-02  6.562000141E-03  5.475250820E+00 
       123 -1.893750206E-02 -1.893749647E-02  6.562000141E-03  5.086414916E+00 
       124 -1.881250180E-02 -1.881249622E-02  6.562000141E-03  5.093449930E+00 
       125 -1.868750341E-02 -1.868749596E-02  6.562000141E-03  4.863528265E+00 
       126 -1.856250316E-02 -1.856249571E-02  6.562000141E-03  4.842018972E+00 
       127 -1.843750291E-02 -1.843749732E-02  6.562000141E-03  5.793917698E+00 
       128 -1.831250265E-02 -1.831249706E-02  6.562000141E-03  7.881805557E+00 
       129 -1.818750240E-02 -1.818749681E-02  6.562000141E-03  9.210818387E+00 
       130 -1.806250215E-02 -1.806249656E-02  6.562000141E-03  8.699246543E+00 
       131 -1.793750189E-02 -1.793749630E-02  6.562000141E-03  8.198710846E+00 
       132 -1.781250350E-02 -1.781249605E-02  6.562000141E-03  7.625760738E+00 
       133 -1.768750325E-02 -1.768749580E-02  6.562000141E-03  7.613520991E+00 
       134 -1.756250300E-02 -1.756249741E-02  6.562000141E-03  7.770941021E+00 
       135 -1.743750274E-02 -1.743749715E-02  6.562000606E-03  7.944764275E+00 
       136 -1.731250249E-02 -1.731249690E-02  6.562000141E-03  7.895584891E+00 
       137 -1.718750224E-02 -1.718749665E-02  6.562000606E-03  7.953723110E+00 
       138 -1.706250384E-02 -1.706249639E-02  6.562000141E-03  7.601895227E+00 
       139 -1.693750173E-02 -1.693749614E-02  6.562000606E-03  7.211095623E+00 
       140 -1.681250334E-02 -1.681249775E-02  6.562000141E-03  7.259943078E+00 
       141 -1.668750308E-02 -1.668749750E-02  6.562000606E-03  7.508504422E+00 
       142 -2.933079144E-03 -2.933079144E-03  6.562000141E-03  7.808967205E-01 
       143 -2.910697367E-03 -2.910697367E-03  6.562000606E-03  6.959620686E-01 
       144 -2.892107237E-03 -2.892107237E-03  6.562000141E-03  6.507517159E-01 
       145 -2.876657993E-03 -2.876657993E-03  6.562000141E-03  6.817259821E-01 
       146 -2.863813192E-03 -2.863813192E-03  6.562000606E-03  7.849191016E-01 
       147 -2.853129292E-03 -2.853129292E-03  6.562000606E-03  9.310738772E-01 
       148 -2.844240051E-03 -2.844240051E-03  6.562000141E-03  1.093348779E+00 
       149 -2.836842323E-03 -2.836842323E-03  6.562000606E-03  1.251248581E+00 
       150 -2.830684418E-03 -2.830684418E-03  6.562000141E-03  1.392794232E+00 
       151 -2.121077664E-02 -2.121077664E-02  6.562000141E-03  1.972092854E-01 
       152 -2.120556869E-02 -2.120556869E-02  6.562000141E-03  5.958247996E-01 
       153 -2.119931951E-02 -2.119931951E-02  6.562000606E-03  1.064808767E+00 
       154 -2.119182236E-02 -2.119182236E-02  6.562000141E-03  1.597509957E+00 
       155 -2.118282765E-02 -2.118282765E-02  6.562000141E-03  2.169271057E+00 
       156 -2.117203362E-02 -2.117203362E-02  6.562000141E-03  2.737397030E+00 
       157 -2.115908638E-02 -2.115908638E-02  6.562000141E-03  3.268808158E+00 
       158 -2.114355564E-02 -2.114355564E-02  6.562000141E-03  3.765649202E+00 
       159 -2.112492360E-02 -2.112492360E-02  6.562000606E-03  4.231500507E+00 
       160 -2.110258304E-02 -2.110258304E-02  6.562000141E-03  4.644014164E+00 
       161 -2.106202766E-02 -2.106202766E-02  6.562000141E-03  5.067375641E+00 
       162 -2.096829936E-02 -2.096829936E-02  6.562000141E-03  5.583955294E+00 
       163 -2.089297399E-02 -2.089297399E-02  6.562000141E-03  5.762796830E+00 
       164 -2.082096413E-02 -2.082096413E-02  6.562000141E-03  6.069281582E+00 
       165 -2.074896358E-02 -2.074896358E-02  6.562000141E-03  6.264407768E+00 
       166 -2.067696489E-02 -2.067696489E-02  6.562000141E-03  6.468771580E+00 
       167 -2.060496435E-02 -2.060496435E-02  6.562000141E-03  6.678601105E+00 
       168 -2.053296566E-02 -2.053296566E-02  6.562000141E-03  6.705492676E+00 
       169 -2.046096511E-02 -2.046096511E-02  6.562000141E-03  6.833584505E+00 
       170 -2.038896456E-02 -2.038896456E-02  6.562000141E-03  6.633868186E+00 
       171 -2.031696402E-02 -2.031696402E-02  6.562000141E-03  6.664907289E+00 
       172 -2.024496533E-02 -2.024496533E-02  6.562000141E-03  6.404235686E+00 
       173 -2.017296478E-02 -2.017296478E-02  6.562000141E-03  6.463048518E+00 
       174 -2.010096423E-02 -2.010096423E-02  6.562000141E-03  6.311406132E+00 
       175 -2.002892271E-02 -2.002892271E-02  6.562000141E-03  6.385993281E+00 
       176 -1.996895671E-02 -1.996895671E-02  6.562000141E-03  6.079329703E+00 
       177 -1.987537183E-02 -1.987537183E-02  6.562000141E-03  5.934893781E+00 
       178 -1.981534250E-02 -1.981534250E-02  6.562000141E-03  5.726537336E+00 
