cellnumber     x-coordinate     y-coordinate     z-coordinate velocity-magnitude 
         1 -2.121081017E-02 -2.121081017E-02  6.562000141E-03  2.427715691E-01 
         2 -2.120563947E-02 -2.120563947E-02  6.562000141E-03  7.183192315E-01 
         3 -2.119943500E-02 -2.119943500E-02  6.562000141E-03  1.262905880E+00 
         4 -2.119199000E-02 -2.119199000E-02  6.562000141E-03  1.875853650E+00 
         5 -2.118305862E-02 -2.118305862E-02  6.562000141E-03  2.554957332E+00 
         6 -2.117234282E-02 -2.117234282E-02  6.562000141E-03  3.287412181E+00 
         7 -2.115948685E-02 -2.115948685E-02  6.562000606E-03  4.063131258E+00 
         8 -2.114406601E-02 -2.114406601E-02  6.562000606E-03  4.883280872E+00 
         9 -2.112556621E-02 -2.112556621E-02  6.562000606E-03  5.673906746E+00 
        10 -2.110337466E-02 -2.110337466E-02  6.562000606E-03  6.295185940E+00 
        11 -2.106651478E-02 -2.106651478E-02  6.562000606E-03  6.661756971E+00 
        12 -2.102797665E-02 -2.102797665E-02  6.562000141E-03  6.721547736E+00 
        13 -2.100796066E-02 -2.100796066E-02  6.562000141E-03  6.612529026E+00 
        14 -2.095155232E-02 -2.095155232E-02  6.562000141E-03  6.631474231E+00 
        15 -2.089514025E-02 -2.089514025E-02  6.562000141E-03  6.283162253E+00 
        16 -2.082296833E-02 -2.082296833E-02  6.562000141E-03  6.071771151E+00 
        17 -2.075096965E-02 -2.075096965E-02  6.562000606E-03  6.035664787E+00 
        18 -2.067896910E-02 -2.067896910E-02  6.562000141E-03  6.031476665E+00 
        19 -2.060696855E-02 -2.060696855E-02  6.562000606E-03  6.136214933E+00 
        20 -2.053496987E-02 -2.053496987E-02  6.562000141E-03  6.180545463E+00 
        21 -2.046296932E-02 -2.046296932E-02  6.562000606E-03  6.386140325E+00 
        22 -2.039096877E-02 -2.039096877E-02  6.562000141E-03  6.407115867E+00 
        23 -2.031897008E-02 -2.031897008E-02  6.562000141E-03  6.469942368E+00 
        24 -2.024696954E-02 -2.024696954E-02  6.562000141E-03  6.453327700E+00 
        25 -2.017496899E-02 -2.017496899E-02  6.562000606E-03  6.400088149E+00 
        26 -2.010297030E-02 -2.010297030E-02  6.562000141E-03  6.381918572E+00 
        27 -2.003096975E-02 -2.003096975E-02  6.562000606E-03  6.246326696E+00 
        28 -1.995896921E-02 -1.995896921E-02  6.562000141E-03  6.248852237E+00 
        29 -1.988696866E-02 -1.988696866E-02  6.562000606E-03  6.112086645E+00 
        30 -1.981496997E-02 -1.981496997E-02  6.562000141E-03  6.146521664E+00 
        31 -1.043750625E-02 -1.043750159E-02  6.562000141E-03  4.996965819E+00 
        32 -1.056250650E-02 -1.056250092E-02  6.562000141E-03  5.020092388E+00 
        33 -1.068750676E-02 -1.068750117E-02  6.562000141E-03  5.074014291E+00 
        34 -1.081250608E-02 -1.081250142E-02  6.562000141E-03  5.196977110E+00 
        35 -1.093750633E-02 -1.093750168E-02  6.562000141E-03  5.359015078E+00 
        36 -1.106250659E-02 -1.106250100E-02  6.562000141E-03  5.491266951E+00 
        37 -1.118750684E-02 -1.118750125E-02  6.562000141E-03  5.632188378E+00 
        38 -1.131250616E-02 -1.131250151E-02  6.562000141E-03  5.784603017E+00 
        39 -1.143750641E-02 -1.143750083E-02  6.562000141E-03  5.915112880E+00 
        40 -1.156250667E-02 -1.156250108E-02  6.562000141E-03  6.035278037E+00 
        41 -1.168750692E-02 -1.168750133E-02  6.562000141E-03  6.128429820E+00 
        42 -1.181250624E-02 -1.181250159E-02  6.562000141E-03  6.199673479E+00 
        43 -1.193750650E-02 -1.193750091E-02  6.562000141E-03  6.266729962E+00 
        44 -1.206250675E-02 -1.206250116E-02  6.562000141E-03  6.368307819E+00 
        45 -1.218750700E-02 -1.218750142E-02  6.562000141E-03  6.471758854E+00 
        46 -1.231250633E-02 -1.231250074E-02  6.562000141E-03  6.483670460E+00 
        47 -1.243750658E-02 -1.243750099E-02  6.562000141E-03  6.459720245E+00 
        48 -1.256250683E-02 -1.256250124E-02  6.562000141E-03  6.512915012E+00 
        49 -1.268750615E-02 -1.268750150E-02  6.562000141E-03  6.612803728E+00 
        50 -1.281250641E-02 -1.281250082E-02  6.562000141E-03  6.741320745E+00 
        51 -1.293750666E-02 -1.293750107E-02  6.562000141E-03  6.866161141E+00 
        52 -1.306250691E-02 -1.306250133E-02  6.562000141E-03  6.955244812E+00 
        53 -1.318750624E-02 -1.318750065E-02  6.562000141E-03  7.084396791E+00 
        54 -1.518750656E-02 -1.518750098E-02  6.562000141E-03  7.962018436E+00 
        55 -1.506250724E-02 -1.506250072E-02  6.562000141E-03  8.159479676E+00 
        56 -1.493750699E-02 -1.493750047E-02  6.562000141E-03  8.062114578E+00 
        57 -1.481250674E-02 -1.481250115E-02  6.562000141E-03  7.787797086E+00 
        58 -1.468750648E-02 -1.468750089E-02  6.562000141E-03  7.644501275E+00 
        59 -1.456250716E-02 -1.456250064E-02  6.562000141E-03  7.615172838E+00 
        60 -1.443750691E-02 -1.443750132E-02  6.562000141E-03  7.639262538E+00 
        61 -1.431250665E-02 -1.431250107E-02  6.562000141E-03  7.761313805E+00 
        62 -1.418750640E-02 -1.418750081E-02  6.562000141E-03  7.935012586E+00 
        63 -1.406250708E-02 -1.406250056E-02  6.562000141E-03  8.019154301E+00 
        64 -1.393750682E-02 -1.393750124E-02  6.562000141E-03  7.837822656E+00 
        65 -1.381250657E-02 -1.381250098E-02  6.562000141E-03  7.527589603E+00 
        66 -1.368750632E-02 -1.368750073E-02  6.562000141E-03  7.347393283E+00 
        67 -1.356250700E-02 -1.356250141E-02  6.562000141E-03  7.320717801E+00 
        68 -1.343750674E-02 -1.343750115E-02  6.562000141E-03  7.306760328E+00 
        69 -1.331250649E-02 -1.331250090E-02  6.562000141E-03  7.211627558E+00 
        70 -1.731250621E-02 -1.731250063E-02  6.562000141E-03  7.514041095E+00 
        71 -1.718750596E-02 -1.718750037E-02  6.562000141E-03  7.634265914E+00 
        72 -1.706250757E-02 -1.706250012E-02  6.562000141E-03  7.894769191E+00 
        73 -1.693750732E-02 -1.693749987E-02  6.562000141E-03  7.753328856E+00 
        74 -1.681250706E-02 -1.681249961E-02  6.562000141E-03  7.718399134E+00 
        75 -1.668750681E-02 -1.668750122E-02  6.562000141E-03  7.974406070E+00 
        76 -1.656250656E-02 -1.656250097E-02  6.562000141E-03  8.447823572E+00 
        77 -1.643750630E-02 -1.643750072E-02  6.562000141E-03  8.676758342E+00 
        78 -1.631250605E-02 -1.631250046E-02  6.562000141E-03  8.613333515E+00 
        79 -1.618750580E-02 -1.618750021E-02  6.562000141E-03  8.307157600E+00 
        80 -1.606250741E-02 -1.606249996E-02  6.562000141E-03  8.055952945E+00 
        81 -1.593750715E-02 -1.593749970E-02  6.562000141E-03  7.880210870E+00 
        82 -1.581250690E-02 -1.581250131E-02  6.562000141E-03  7.845427476E+00 
        83 -1.568750665E-02 -1.568750106E-02  6.562000141E-03  7.757741820E+00 
        84 -1.556250732E-02 -1.556250080E-02  6.562000141E-03  7.690508815E+00 
        85 -1.543750707E-02 -1.543750055E-02  6.562000141E-03  7.650652919E+00 
        86 -1.531250682E-02 -1.531250123E-02  6.562000141E-03  7.692441204E+00 
        87 -6.562505849E-03 -6.562501658E-03  6.562000141E-03  2.764278466E+00 
        88 -6.687506102E-03 -6.687501445E-03  6.562000141E-03  2.927512422E+00 
        89 -6.812505890E-03 -6.812501699E-03  6.562000141E-03  3.101457310E+00 
        90 -6.937506143E-03 -6.937501486E-03  6.562000141E-03  3.152911558E+00 
        91 -7.062505931E-03 -7.062501740E-03  6.562000141E-03  3.110829471E+00 
        92 -7.187506184E-03 -7.187501527E-03  6.562000141E-03  3.132207836E+00 
        93 -7.312505972E-03 -7.312501781E-03  6.562000141E-03  3.283894898E+00 
        94 -7.437506225E-03 -7.437501568E-03  6.562000141E-03  3.367892041E+00 
        95 -7.562506013E-03 -7.562501356E-03  6.562000141E-03  3.162705085E+00 
        96 -7.687506266E-03 -7.687501609E-03  6.562000141E-03  2.932285820E+00 
        97 -7.812505588E-03 -7.812500931E-03  6.562000141E-03  3.144090429E+00 
        98 -7.937505841E-03 -7.937501185E-03  6.562000141E-03  3.543445300E+00 
        99 -8.062506095E-03 -8.062501438E-03  6.562000141E-03  4.006631821E+00 
       100 -8.187506348E-03 -8.187501691E-03  6.562000141E-03  4.232235929E+00 
       101 -8.312506601E-03 -8.312501945E-03  6.562000141E-03  4.271496801E+00 
       102 -8.437505923E-03 -8.437501267E-03  6.562000141E-03  4.142953732E+00 
       103 -8.562506177E-03 -8.562501520E-03  6.562000141E-03  3.886219114E+00 
       104 -8.687506430E-03 -8.687501773E-03  6.562000141E-03  3.744454429E+00 
       105 -8.812506683E-03 -8.812501095E-03  6.562000141E-03  3.783748705E+00 
       106 -8.937506005E-03 -8.937501349E-03  6.562000141E-03  4.052527587E+00 
       107 -9.062506258E-03 -9.062501602E-03  6.562000141E-03  4.639786916E+00 
       108 -9.187506512E-03 -9.187501855E-03  6.562000141E-03  4.636891054E+00 
       109 -9.312505834E-03 -9.312501177E-03  6.562000141E-03  4.572084564E+00 
       110 -9.437506087E-03 -9.437501431E-03  6.562000141E-03  4.525255847E+00 
       111 -9.562506340E-03 -9.562501684E-03  6.562000141E-03  4.757891466E+00 
       112 -9.687506594E-03 -9.687501006E-03  6.562000141E-03  5.022295372E+00 
       113 -9.812505916E-03 -9.812501259E-03  6.562000141E-03  5.028673500E+00 
       114 -9.937506169E-03 -9.937501512E-03  6.562000141E-03  4.977640970E+00 
       115 -1.006250642E-02 -1.006250177E-02  6.562000141E-03  4.928566268E+00 
       116 -1.018750668E-02 -1.018750109E-02  6.562000141E-03  4.935732414E+00 
       117 -1.031250600E-02 -1.031250134E-02  6.562000141E-03  4.982833073E+00 
       118 -5.312506109E-03 -5.312501919E-03  6.562000141E-03  1.961311487E+00 
       119 -5.187505856E-03 -5.187501665E-03  6.562000141E-03  2.052800633E+00 
       120 -5.062506068E-03 -5.062501878E-03  6.562000141E-03  2.047389690E+00 
       121 -4.937505815E-03 -4.937501624E-03  6.562000141E-03  1.906195162E+00 
       122 -4.812506028E-03 -4.812501837E-03  6.562000141E-03  1.759844639E+00 
       123 -4.687505774E-03 -4.687502049E-03  6.562000141E-03  1.369699630E+00 
       124 -4.562505987E-03 -4.562501796E-03  6.562000141E-03  1.305337600E+00 
       125 -4.437505733E-03 -4.437502008E-03  6.562000141E-03  1.458572703E+00 
       126 -4.312505946E-03 -4.312501755E-03  6.562000141E-03  1.685829381E+00 
       127 -4.187505692E-03 -4.187501967E-03  6.562000141E-03  1.911574618E+00 
       128 -4.062505905E-03 -4.062501714E-03  6.562000141E-03  2.040933879E+00 
       129 -3.937505651E-03 -3.937501926E-03  6.562000141E-03  1.957383241E+00 
       130 -3.812505631E-03 -3.812501673E-03  6.562000141E-03  1.624957820E+00 
       131 -3.687505610E-03 -3.687501885E-03  6.562000141E-03  1.269582948E+00 
       132 -3.562505590E-03 -3.562501865E-03  6.562000141E-03  9.844400422E-01 
       133 -3.437505569E-03 -3.437501844E-03  6.562000141E-03  8.097573013E-01 
       134 -3.312505549E-03 -3.312501824E-03  6.562000141E-03  7.878168275E-01 
       135 -3.195534460E-03 -3.195532598E-03  6.562000606E-03  4.767191774E-01 
       136 -3.099788679E-03 -3.099788679E-03  6.562000141E-03  7.823643493E-01 
       137 -3.022594377E-03 -3.022594377E-03  6.562000141E-03  1.305055033E+00 
       138 -2.967901761E-03 -2.967901761E-03  6.562000606E-03  1.475131985E+00 
       139 -2.937011421E-03 -2.937011421E-03  6.562000606E-03  1.595046068E+00 
       140 -2.914825454E-03 -2.914825454E-03  6.562000606E-03  1.654867542E+00 
       141 -2.896386664E-03 -2.896386664E-03  6.562000606E-03  1.683760403E+00 
       142 -2.881055698E-03 -2.881055698E-03  6.562000606E-03  1.694176732E+00 
       143 -2.868303098E-03 -2.868303098E-03  6.562000141E-03  1.681099618E+00 
       144 -2.857688349E-03 -2.857688349E-03  6.562000141E-03  1.650704755E+00 
       145 -2.848849166E-03 -2.848849166E-03  6.562000141E-03  1.609842527E+00 
       146 -2.841493115E-03 -2.841493115E-03  6.562000606E-03  1.565076654E+00 
       147 -2.835373627E-03 -2.835373627E-03  6.562000606E-03  1.522166449E+00 
       148 -2.830280224E-03 -2.830280224E-03  6.562000606E-03  1.483920795E+00 
       149 -6.437506061E-03 -6.437501870E-03  6.562000141E-03  2.314910332E+00 
       150 -6.312505808E-03 -6.312501617E-03  6.562000141E-03  1.846550715E+00 
       151 -6.187506020E-03 -6.187501829E-03  6.562000141E-03  1.646911355E+00 
       152 -6.062505767E-03 -6.062501576E-03  6.562000141E-03  1.930688280E+00 
       153 -5.937505979E-03 -5.937501788E-03  6.562000141E-03  1.951494788E+00 
       154 -5.812505726E-03 -5.812501535E-03  6.562000141E-03  1.898561918E+00 
       155 -5.687505938E-03 -5.687501747E-03  6.562000141E-03  1.910302986E+00 
       156 -5.562506150E-03 -5.562501960E-03  6.562000141E-03  1.856350731E+00 
       157 -5.437505897E-03 -5.437501706E-03  6.562000141E-03  1.826873878E+00 
       158 -1.895662583E-02 -1.895662583E-02  6.562000141E-03  5.880870691E+00 
       159 -1.890108548E-02 -1.890108548E-02  6.562000141E-03  5.912292450E+00 
       160 -1.880351454E-02 -1.880351081E-02  6.562000141E-03  5.983827334E+00 
       161 -1.868750714E-02 -1.868749969E-02  6.562000141E-03  6.406924334E+00 
       162 -1.856250688E-02 -1.856249943E-02  6.562000141E-03  7.579428578E+00 
       163 -1.843750663E-02 -1.843750104E-02  6.562000141E-03  7.809789720E+00 
       164 -1.831250638E-02 -1.831250079E-02  6.562000141E-03  7.599261487E+00 
       165 -1.818750612E-02 -1.818750054E-02  6.562000141E-03  7.372950818E+00 
       166 -1.806250773E-02 -1.806250028E-02  6.562000141E-03  7.023961105E+00 
       167 -1.793750748E-02 -1.793750003E-02  6.562000141E-03  7.175032228E+00 
       168 -1.781250723E-02 -1.781249978E-02  6.562000141E-03  7.611851954E+00 
       169 -1.768750697E-02 -1.768749952E-02  6.562000141E-03  7.487966167E+00 
       170 -1.756250672E-02 -1.756250113E-02  6.562000141E-03  7.438806618E+00 
       171 -1.743750647E-02 -1.743750088E-02  6.562000141E-03  7.528737974E+00 
       172 -1.974296942E-02 -1.974296942E-02  6.562000606E-03  6.115448807E+00 
       173 -1.967096888E-02 -1.967096888E-02  6.562000141E-03  6.132390316E+00 
       174 -1.959896833E-02 -1.959896833E-02  6.562000606E-03  6.095896027E+00 
       175 -1.952696964E-02 -1.952696964E-02  6.562000141E-03  5.989082198E+00 
       176 -1.945496909E-02 -1.945496909E-02  6.562000606E-03  5.814606988E+00 
       177 -1.938296854E-02 -1.938296854E-02  6.562000141E-03  5.651565184E+00 
       178 -1.931096986E-02 -1.931096986E-02  6.562000606E-03  5.501064864E+00 
       179 -1.923896931E-02 -1.923896931E-02  6.562000141E-03  5.479916503E+00 
       180 -1.916676387E-02 -1.916676387E-02  6.562000606E-03  5.448561843E+00 
       181 -1.912219636E-02 -1.912219636E-02  6.562000606E-03  5.584322456E+00 
       182 -1.904013008E-02 -1.904013008E-02  6.562000606E-03  5.762627268E+00 
       183 -1.898222044E-02 -1.898222044E-02  6.562000606E-03  5.974235998E+00 
