cellnumber     x-coordinate     y-coordinate     z-coordinate velocity-magnitude 
         1 -2.830386627E-03 -2.830386627E-03  6.562000606E-03  1.451669453E+00 
         2 -2.835483057E-03 -2.835483057E-03  6.562000606E-03  1.436345917E+00 
         3 -2.841604175E-03 -2.841604175E-03  6.562000606E-03  1.432963576E+00 
         4 -2.848957200E-03 -2.848957200E-03  6.562000141E-03  1.442721796E+00 
         5 -2.857792191E-03 -2.857792191E-03  6.562000141E-03  1.463572703E+00 
         6 -2.868410433E-03 -2.868410433E-03  6.562000141E-03  1.489819877E+00 
         7 -2.881176071E-03 -2.881176071E-03  6.562000606E-03  1.514374402E+00 
         8 -2.896528924E-03 -2.896528924E-03  6.562000141E-03  1.531542489E+00 
         9 -2.915001474E-03 -2.915001474E-03  6.562000141E-03  1.542631358E+00 
        10 -2.937239828E-03 -2.937239828E-03  6.562000606E-03  1.546785076E+00 
        11 -2.974424278E-03 -2.974424278E-03  6.562000141E-03  1.546863895E+00 
        12 -3.062231001E-03 -3.062227042E-03  6.562000141E-03  1.526943346E+00 
        13 -3.187502502E-03 -3.187494352E-03  6.562000141E-03  1.385906546E+00 
        14 -3.312502522E-03 -3.312494373E-03  6.562000141E-03  1.287243879E+00 
        15 -3.437502543E-03 -3.437494393E-03  6.562000141E-03  1.209173569E+00 
        16 -3.562502563E-03 -3.562494414E-03  6.562000141E-03  1.107123542E+00 
        17 -3.687502583E-03 -3.687494202E-03  6.562000141E-03  9.634331751E-01 
        18 -3.812502604E-03 -3.812494222E-03  6.562000141E-03  8.640304054E-01 
        19 -3.937502392E-03 -3.937494475E-03  6.562000141E-03  9.082298152E-01 
        20 -4.062502645E-03 -4.062494263E-03  6.562000141E-03  1.010454412E+00 
        21 -4.187502898E-03 -4.187494516E-03  6.562000141E-03  1.104139998E+00 
        22 -4.312502686E-03 -4.312494304E-03  6.562000141E-03  1.205127159E+00 
        23 -4.437502939E-03 -4.437494557E-03  6.562000141E-03  1.246702512E+00 
        24 -4.562502727E-03 -4.562494345E-03  6.562000141E-03  1.270445226E+00 
        25 -4.687502980E-03 -4.687494133E-03  6.562000141E-03  1.259175352E+00 
        26 -4.812502768E-03 -4.812494386E-03  6.562000141E-03  1.265156152E+00 
        27 -4.937503021E-03 -4.937494174E-03  6.562000141E-03  1.371987797E+00 
        28 -5.062502809E-03 -5.062494427E-03  6.562000141E-03  1.473873814E+00 
        29 -5.187503062E-03 -5.187494215E-03  6.562000141E-03  1.510872980E+00 
        30 -5.312502850E-03 -5.312494468E-03  6.562000141E-03  1.526235928E+00 
        31 -5.437502638E-03 -5.437494256E-03  6.562000141E-03  1.539704885E+00 
        32 -5.562502891E-03 -5.562494043E-03  6.562000141E-03  1.541729706E+00 
        33 -5.687502678E-03 -5.687494297E-03  6.562000141E-03  1.521180631E+00 
        34 -5.812502932E-03 -5.812494084E-03  6.562000141E-03  1.550009985E+00 
        35 -2.053496800E-02 -2.053496800E-02  6.562000141E-03  5.964582602E+00 
        36 -2.046296932E-02 -2.046296932E-02  6.562000141E-03  6.035447830E+00 
        37 -2.039096877E-02 -2.039096877E-02  6.562000141E-03  6.031966815E+00 
        38 -2.031897008E-02 -2.031897008E-02  6.562000141E-03  6.024762843E+00 
        39 -2.024696954E-02 -2.024696954E-02  6.562000141E-03  6.147153105E+00 
        40 -2.017496899E-02 -2.017496899E-02  6.562000141E-03  6.056419464E+00 
        41 -2.010296844E-02 -2.010296844E-02  6.562000141E-03  6.248841554E+00 
        42 -2.003096975E-02 -2.003096975E-02  6.562000141E-03  6.102433712E+00 
        43 -1.995896921E-02 -1.995896921E-02  6.562000141E-03  6.224080116E+00 
        44 -1.988696866E-02 -1.988696866E-02  6.562000606E-03  6.005160230E+00 
        45 -1.981496997E-02 -1.981496997E-02  6.562000141E-03  6.150907861E+00 
        46 -1.974296942E-02 -1.974296942E-02  6.562000606E-03  6.073868466E+00 
        47 -1.967096888E-02 -1.967096888E-02  6.562000141E-03  6.384491167E+00 
        48 -1.959896833E-02 -1.959896833E-02  6.562000606E-03  6.371741689E+00 
        49 -1.952696964E-02 -1.952696964E-02  6.562000141E-03  6.562559891E+00 
        50 -1.945496909E-02 -1.945496909E-02  6.562000606E-03  6.550144490E+00 
        51 -1.938296854E-02 -1.938296854E-02  6.562000141E-03  6.361822817E+00 
        52 -1.931096986E-02 -1.931096986E-02  6.562000141E-03  6.227312726E+00 
        53 -2.060696855E-02 -2.060696855E-02  6.562000141E-03  6.049270409E+00 
        54 -2.067896910E-02 -2.067896910E-02  6.562000141E-03  5.894330662E+00 
        55 -2.075096965E-02 -2.075096965E-02  6.562000141E-03  6.060049388E+00 
        56 -2.082296833E-02 -2.082296833E-02  6.562000141E-03  5.839564073E+00 
        57 -2.089514025E-02 -2.089514025E-02  6.562000606E-03  5.942378919E+00 
        58 -2.095155232E-02 -2.095155232E-02  6.562000141E-03  5.537472412E+00 
        59 -2.100796066E-02 -2.100796066E-02  6.562000141E-03  5.471859381E+00 
        60 -2.102797665E-02 -2.102797665E-02  6.562000141E-03  5.220849502E+00 
        61 -2.106651478E-02 -2.106651478E-02  6.562000606E-03  4.769195892E+00 
        62 -2.110337466E-02 -2.110337466E-02  6.562000606E-03  4.067986651E+00 
        63 -2.112556621E-02 -2.112556621E-02  6.562000606E-03  3.506804567E+00 
        64 -2.114406601E-02 -2.114406601E-02  6.562000606E-03  2.958034839E+00 
        65 -2.115948685E-02 -2.115948685E-02  6.562000606E-03  2.427657044E+00 
        66 -2.117234282E-02 -2.117234282E-02  6.562000606E-03  1.928502596E+00 
        67 -2.118305862E-02 -2.118305862E-02  6.562000141E-03  1.468322654E+00 
        68 -2.119199000E-02 -2.119199000E-02  6.562000141E-03  1.059763244E+00 
        69 -2.119943500E-02 -2.119943500E-02  6.562000606E-03  7.046377098E-01 
        70 -2.120563947E-02 -2.120563947E-02  6.562000141E-03  3.984619585E-01 
        71 -2.121081017E-02 -2.121081017E-02  6.562000141E-03  1.348886526E-01 
        72 -1.406250335E-02 -1.406249311E-02  6.562000141E-03  7.192684078E+00 
        73 -1.418750361E-02 -1.418749336E-02  6.562000141E-03  7.244647025E+00 
        74 -1.431250386E-02 -1.431249361E-02  6.562000141E-03  7.287909553E+00 
        75 -1.443750411E-02 -1.443749294E-02  6.562000141E-03  7.325023140E+00 
        76 -1.456250343E-02 -1.456249319E-02  6.562000141E-03  7.356697725E+00 
        77 -1.468750369E-02 -1.468749344E-02  6.562000141E-03  7.361801807E+00 
        78 -1.481250394E-02 -1.481249370E-02  6.562000141E-03  7.365081084E+00 
        79 -1.493750419E-02 -1.493749302E-02  6.562000141E-03  7.411248180E+00 
        80 -1.506250352E-02 -1.506249327E-02  6.562000141E-03  7.455749951E+00 
        81 -1.518750377E-02 -1.518749353E-02  6.562000141E-03  7.487768485E+00 
        82 -1.531250402E-02 -1.531249285E-02  6.562000141E-03  7.777201796E+00 
        83 -1.543750428E-02 -1.543749310E-02  6.562000141E-03  8.059929038E+00 
        84 -1.556250360E-02 -1.556249335E-02  6.562000141E-03  8.258229119E+00 
        85 -1.568750292E-02 -1.568749361E-02  6.562000141E-03  8.461543704E+00 
        86 -1.581250317E-02 -1.581249200E-02  6.562000141E-03  8.363305977E+00 
        87 -1.631250419E-02 -1.631249301E-02  6.562000141E-03  8.209565372E+00 
        88 -8.312502876E-03 -8.312493563E-03  6.562000141E-03  3.595675494E+00 
        89 -8.187503554E-03 -8.187494241E-03  6.562000141E-03  3.741347594E+00 
        90 -8.062503301E-03 -8.062493987E-03  6.562000141E-03  3.999916869E+00 
        91 -7.937503047E-03 -7.937493734E-03  6.562000141E-03  4.237015678E+00 
        92 -7.812502794E-03 -7.812493946E-03  6.562000141E-03  4.400857109E+00 
        93 -7.687503006E-03 -7.687494159E-03  6.562000141E-03  4.345194301E+00 
        94 -7.562503219E-03 -7.562493905E-03  6.562000141E-03  3.925837179E+00 
        95 -7.437502965E-03 -7.437494118E-03  6.562000141E-03  3.541539267E+00 
        96 -7.312503178E-03 -7.312493864E-03  6.562000141E-03  3.175892663E+00 
        97 -7.187502924E-03 -7.187494077E-03  6.562000141E-03  2.711830215E+00 
        98 -7.062503137E-03 -7.062494289E-03  6.562000141E-03  2.680641809E+00 
        99 -6.937502883E-03 -6.937494036E-03  6.562000141E-03  2.489981111E+00 
       100 -6.812503096E-03 -6.812494248E-03  6.562000141E-03  2.901806428E+00 
       101 -6.687502842E-03 -6.687493995E-03  6.562000141E-03  2.720228535E+00 
       102 -6.562503055E-03 -6.562494207E-03  6.562000141E-03  2.237037116E+00 
       103 -6.437502801E-03 -6.437493954E-03  6.562000141E-03  2.257520059E+00 
       104 -6.312503014E-03 -6.312494166E-03  6.562000141E-03  2.436724202E+00 
       105 -6.187502760E-03 -6.187494379E-03  6.562000141E-03  2.498807649E+00 
       106 -6.062502973E-03 -6.062494125E-03  6.562000141E-03  2.290924326E+00 
       107 -5.937502719E-03 -5.937494338E-03  6.562000141E-03  1.855113527E+00 
       108 -1.143750362E-02 -1.143749338E-02  6.562000141E-03  5.651156488E+00 
       109 -1.131250337E-02 -1.131249405E-02  6.562000141E-03  5.641784804E+00 
       110 -1.118750311E-02 -1.118749380E-02  6.562000141E-03  5.624351534E+00 
       111 -1.106250379E-02 -1.106249355E-02  6.562000141E-03  5.559927518E+00 
       112 -1.093750354E-02 -1.093749329E-02  6.562000141E-03  5.514804097E+00 
       113 -1.081250329E-02 -1.081249397E-02  6.562000141E-03  5.380693747E+00 
       114 -1.068750303E-02 -1.068749372E-02  6.562000141E-03  5.318182199E+00 
       115 -1.056250371E-02 -1.056249347E-02  6.562000141E-03  5.291768695E+00 
       116 -1.043750346E-02 -1.043749414E-02  6.562000141E-03  5.154716695E+00 
       117 -1.031250320E-02 -1.031249389E-02  6.562000141E-03  5.006191963E+00 
       118 -1.018750295E-02 -1.018749364E-02  6.562000141E-03  4.860872380E+00 
       119 -1.006250363E-02 -1.006249338E-02  6.562000141E-03  4.758226630E+00 
       120 -9.937503375E-03 -9.937494062E-03  6.562000141E-03  4.701251897E+00 
       121 -9.812503122E-03 -9.812493809E-03  6.562000141E-03  4.652078964E+00 
       122 -9.687502868E-03 -9.687493555E-03  6.562000141E-03  4.574400353E+00 
       123 -9.562503546E-03 -9.562494233E-03  6.562000141E-03  4.489218449E+00 
       124 -9.437503293E-03 -9.437493980E-03  6.562000141E-03  4.468991030E+00 
       125 -9.312503040E-03 -9.312493727E-03  6.562000141E-03  4.563611960E+00 
       126 -9.187503718E-03 -9.187493473E-03  6.562000141E-03  4.690067918E+00 
       127 -9.062503465E-03 -9.062494151E-03  6.562000141E-03  4.721327340E+00 
       128 -8.937503211E-03 -8.937493898E-03  6.562000141E-03  4.655731455E+00 
       129 -8.812502958E-03 -8.812493645E-03  6.562000141E-03  4.579416307E+00 
       130 -8.687503636E-03 -8.687494323E-03  6.562000141E-03  4.580209616E+00 
       131 -8.562503383E-03 -8.562494069E-03  6.562000141E-03  4.445506651E+00 
       132 -8.437503129E-03 -8.437493816E-03  6.562000141E-03  3.999169413E+00 
       133 -1.593750343E-02 -1.593749225E-02  6.562000141E-03  7.929713932E+00 
       134 -1.606250368E-02 -1.606249250E-02  6.562000141E-03  7.843508305E+00 
       135 -1.618750393E-02 -1.618749276E-02  6.562000141E-03  8.078303510E+00 
       136 -1.156250387E-02 -1.156249363E-02  6.562000141E-03  5.694663486E+00 
       137 -1.168750320E-02 -1.168749388E-02  6.562000141E-03  5.816080659E+00 
       138 -1.181250345E-02 -1.181249321E-02  6.562000141E-03  5.992798735E+00 
       139 -1.193750370E-02 -1.193749346E-02  6.562000141E-03  6.110479280E+00 
       140 -1.206250396E-02 -1.206249371E-02  6.562000141E-03  6.048835383E+00 
       141 -1.218750328E-02 -1.218749397E-02  6.562000141E-03  6.034998914E+00 
       142 -1.231250353E-02 -1.231249329E-02  6.562000141E-03  6.095644072E+00 
       143 -1.243750378E-02 -1.243749354E-02  6.562000141E-03  6.199307096E+00 
       144 -1.256250404E-02 -1.256249379E-02  6.562000141E-03  6.315962699E+00 
       145 -1.268750336E-02 -1.268749312E-02  6.562000141E-03  6.425671392E+00 
       146 -1.281250361E-02 -1.281249337E-02  6.562000141E-03  6.510399797E+00 
       147 -1.293750387E-02 -1.293749362E-02  6.562000141E-03  6.580911243E+00 
       148 -1.306250412E-02 -1.306249388E-02  6.562000141E-03  6.646470375E+00 
       149 -1.318750344E-02 -1.318749320E-02  6.562000141E-03  6.712177086E+00 
       150 -1.331250370E-02 -1.331249345E-02  6.562000141E-03  6.780628116E+00 
       151 -1.343750395E-02 -1.343749370E-02  6.562000141E-03  6.853556287E+00 
       152 -1.356250420E-02 -1.356249303E-02  6.562000141E-03  6.924794983E+00 
       153 -1.368750352E-02 -1.368749328E-02  6.562000141E-03  6.993978870E+00 
       154 -1.381250378E-02 -1.381249353E-02  6.562000141E-03  7.060864763E+00 
       155 -1.393750403E-02 -1.393749379E-02  6.562000141E-03  7.127687466E+00 
       156 -1.643750444E-02 -1.643749326E-02  6.562000141E-03  8.114764465E+00 
       157 -1.656250469E-02 -1.656249352E-02  6.562000141E-03  8.547276232E+00 
       158 -1.668750308E-02 -1.668749191E-02  6.562000141E-03  8.545837135E+00 
       159 -1.681250334E-02 -1.681249216E-02  6.562000141E-03  8.532860798E+00 
       160 -1.693750359E-02 -1.693749242E-02  6.562000141E-03  8.388058176E+00 
       161 -1.706250384E-02 -1.706249267E-02  6.562000141E-03  8.291732225E+00 
       162 -1.718750410E-02 -1.718749292E-02  6.562000141E-03  8.186883303E+00 
       163 -1.731250435E-02 -1.731249318E-02  6.562000141E-03  8.207185783E+00 
       164 -1.743750460E-02 -1.743749343E-02  6.562000141E-03  8.058450422E+00 
       165 -1.756250486E-02 -1.756249182E-02  6.562000141E-03  8.065104495E+00 
       166 -1.768750325E-02 -1.768749207E-02  6.562000141E-03  8.086149305E+00 
       167 -1.781250350E-02 -1.781249233E-02  6.562000141E-03  7.952524733E+00 
       168 -1.793750376E-02 -1.793749258E-02  6.562000141E-03  7.688164125E+00 
       169 -1.806250401E-02 -1.806249283E-02  6.562000141E-03  7.034789104E+00 
       170 -1.818750426E-02 -1.818749309E-02  6.562000141E-03  6.802020375E+00 
       171 -1.831250452E-02 -1.831249334E-02  6.562000141E-03  7.169496515E+00 
       172 -1.843750477E-02 -1.843749173E-02  6.562000141E-03  7.061525367E+00 
       173 -1.856250316E-02 -1.856249198E-02  6.562000141E-03  7.213456773E+00 
       174 -1.868750341E-02 -1.868749224E-02  6.562000141E-03  7.223238892E+00 
       175 -1.880222559E-02 -1.880222000E-02  6.562000141E-03  6.767413571E+00 
       176 -1.889957115E-02 -1.889957115E-02  6.562000141E-03  6.462254979E+00 
       177 -1.895638742E-02 -1.895638742E-02  6.561999675E-03  6.392663991E+00 
       178 -1.898222044E-02 -1.898222044E-02  6.562000606E-03  6.488199596E+00 
       179 -1.904012822E-02 -1.904012822E-02  6.562000141E-03  6.339485183E+00 
       180 -1.912219450E-02 -1.912219450E-02  6.562000606E-03  6.191874303E+00 
       181 -1.916676387E-02 -1.916676387E-02  6.562000606E-03  6.158838635E+00 
       182 -1.923896931E-02 -1.923896931E-02  6.562000141E-03  6.090177628E+00 
