cellnumber     x-coordinate     y-coordinate     z-coordinate velocity-magnitude 
         1 -2.868429059E-03 -2.868429059E-03  6.562000141E-03  1.507411306E+00 
         2 -2.857794985E-03 -2.857794985E-03  6.562000606E-03  1.503891182E+00 
         3 -2.848947421E-03 -2.848947421E-03  6.562000606E-03  1.493713434E+00 
         4 -2.841583686E-03 -2.841583686E-03  6.562000606E-03  1.482675596E+00 
         5 -2.835454186E-03 -2.835454186E-03  6.562000606E-03  1.473427862E+00 
         6 -2.830350772E-03 -2.830350772E-03  6.562000141E-03  1.467110123E+00 
         7 -6.562495604E-03 -6.562497467E-03  6.562000141E-03  2.885730396E+00 
         8 -6.687495392E-03 -6.687497254E-03  6.562000141E-03  2.923281506E+00 
         9 -6.812495645E-03 -6.812497508E-03  6.562000141E-03  2.552258025E+00 
        10 -6.937495433E-03 -6.937497295E-03  6.562000141E-03  2.170426638E+00 
        11 -7.062495686E-03 -7.062497083E-03  6.562000141E-03  2.543713088E+00 
        12 -7.187495474E-03 -7.187497336E-03  6.562000141E-03  2.728778362E+00 
        13 -7.312495727E-03 -7.312497124E-03  6.562000141E-03  2.680491119E+00 
        14 -7.437495515E-03 -7.437497377E-03  6.562000141E-03  2.712079418E+00 
        15 -7.562495302E-03 -7.562497165E-03  6.562000141E-03  2.972319100E+00 
        16 -7.687495556E-03 -7.687497418E-03  6.562000141E-03  3.238266263E+00 
        17 -7.812495343E-03 -7.812497206E-03  6.562000141E-03  3.256165806E+00 
        18 -7.937495597E-03 -7.937497459E-03  6.562000141E-03  3.060708137E+00 
        19 -8.062495850E-03 -8.062496781E-03  6.562000141E-03  3.278998773E+00 
        20 -8.187495172E-03 -8.187497035E-03  6.562000141E-03  3.509808239E+00 
        21 -8.312495425E-03 -8.312497288E-03  6.562000141E-03  3.768577948E+00 
        22 -8.437495679E-03 -8.437497541E-03  6.562000141E-03  3.956338457E+00 
        23 -8.562495932E-03 -8.562496863E-03  6.562000141E-03  4.170290665E+00 
        24 -8.687495254E-03 -8.687497117E-03  6.562000141E-03  4.224066887E+00 
        25 -8.812495507E-03 -8.812497370E-03  6.562000141E-03  4.196895502E+00 
        26 -8.937495761E-03 -8.937496692E-03  6.562000141E-03  4.330214926E+00 
        27 -9.062496014E-03 -9.062496945E-03  6.562000141E-03  4.573620626E+00 
        28 -9.187495336E-03 -9.187497199E-03  6.562000141E-03  4.654514209E+00 
        29 -9.312495589E-03 -9.312497452E-03  6.562000141E-03  4.699670212E+00 
        30 -9.437495843E-03 -9.437496774E-03  6.562000141E-03  4.767217443E+00 
        31 -9.562496096E-03 -9.562497027E-03  6.562000141E-03  4.706264692E+00 
        32 -9.687495418E-03 -9.687497281E-03  6.562000141E-03  4.674330855E+00 
        33 -9.812495671E-03 -9.812497534E-03  6.562000141E-03  4.770765118E+00 
        34 -9.937495925E-03 -9.937496856E-03  6.562000141E-03  4.923166028E+00 
        35 -1.006249618E-02 -1.006249711E-02  6.562000141E-03  5.022687020E+00 
        36 -1.018749550E-02 -1.018749736E-02  6.562000141E-03  5.066753697E+00 
        37 -1.031249575E-02 -1.031249668E-02  6.562000141E-03  5.117149466E+00 
        38 -1.043749601E-02 -1.043749694E-02  6.562000141E-03  5.201808355E+00 
        39 -1.056249626E-02 -1.056249719E-02  6.562000141E-03  5.316824777E+00 
        40 -1.068749558E-02 -1.068749744E-02  6.562000141E-03  5.457143719E+00 
        41 -1.081249584E-02 -1.081249677E-02  6.562000141E-03  5.602044295E+00 
        42 -1.093749609E-02 -1.093749702E-02  6.562000141E-03  5.730874644E+00 
        43 -1.106249541E-02 -1.106249727E-02  6.562000141E-03  5.841720434E+00 
        44 -1.118749566E-02 -1.118749660E-02  6.562000141E-03  5.936804840E+00 
        45 -1.131249592E-02 -1.131249685E-02  6.562000141E-03  6.013354860E+00 
        46 -1.143749617E-02 -1.143749710E-02  6.562000141E-03  6.066518875E+00 
        47 -1.156249549E-02 -1.156249736E-02  6.562000141E-03  6.103402675E+00 
        48 -1.168749575E-02 -1.168749668E-02  6.562000141E-03  6.133751563E+00 
        49 -1.181249600E-02 -1.181249693E-02  6.562000141E-03  6.174748241E+00 
        50 -1.193749625E-02 -1.193749718E-02  6.562000141E-03  6.226168572E+00 
        51 -1.206249557E-02 -1.206249651E-02  6.562000141E-03  6.271539165E+00 
        52 -1.218749583E-02 -1.218749676E-02  6.562000141E-03  6.309389756E+00 
        53 -1.231249608E-02 -1.231249701E-02  6.562000141E-03  6.344500092E+00 
        54 -1.243749633E-02 -1.243749727E-02  6.562000141E-03  6.374730497E+00 
        55 -1.256249566E-02 -1.256249659E-02  6.562000141E-03  6.422551358E+00 
        56 -1.268749591E-02 -1.268749684E-02  6.562000141E-03  6.503082214E+00 
        57 -1.281249616E-02 -1.281249709E-02  6.562000141E-03  6.621158160E+00 
        58 -1.293749642E-02 -1.293749642E-02  6.562000141E-03  6.791589088E+00 
        59 -1.306249574E-02 -1.306249667E-02  6.562000141E-03  7.050544151E+00 
        60 -1.318749599E-02 -1.318749692E-02  6.562000141E-03  7.307668059E+00 
        61 -1.331249624E-02 -1.331249718E-02  6.562000141E-03  7.374102187E+00 
        62 -1.343749650E-02 -1.343749650E-02  6.562000141E-03  7.238985438E+00 
        63 -1.356249582E-02 -1.356249675E-02  6.562000141E-03  7.263908312E+00 
        64 -1.368749607E-02 -1.368749700E-02  6.562000141E-03  7.569629028E+00 
        65 -1.381249633E-02 -1.381249633E-02  6.562000141E-03  7.637559124E+00 
        66 -1.393749658E-02 -1.393749658E-02  6.562000141E-03  7.661672649E+00 
        67 -1.406249590E-02 -1.406249683E-02  6.562000141E-03  7.745433812E+00 
        68 -1.418749616E-02 -1.418749709E-02  6.562000141E-03  7.839150579E+00 
        69 -1.431249641E-02 -1.431249641E-02  6.562000141E-03  7.870841916E+00 
        70 -1.443749573E-02 -1.443749666E-02  6.562000141E-03  7.838293002E+00 
        71 -1.456249598E-02 -1.456249692E-02  6.562000141E-03  7.735606908E+00 
        72 -1.468749624E-02 -1.468749624E-02  6.562000141E-03  7.646915681E+00 
        73 -1.481249649E-02 -1.481249649E-02  6.562000141E-03  7.557509567E+00 
        74 -1.493749581E-02 -1.493749674E-02  6.562000141E-03  7.398171023E+00 
        75 -1.506249607E-02 -1.506249700E-02  6.562000141E-03  7.367456946E+00 
        76 -1.518749632E-02 -1.518749632E-02  6.562000141E-03  7.441818979E+00 
        77 -1.531249657E-02 -1.531249657E-02  6.562000141E-03  7.364407587E+00 
        78 -1.543749589E-02 -1.543749683E-02  6.562000141E-03  7.687518078E+00 
        79 -1.556249615E-02 -1.556249615E-02  6.562000141E-03  8.106067514E+00 
        80 -1.568749547E-02 -1.568749547E-02  6.562000141E-03  8.411770477E+00 
        81 -1.581249572E-02 -1.581249572E-02  6.562000141E-03  8.037087332E+00 
        82 -1.593749598E-02 -1.593749598E-02  6.562000141E-03  7.743959020E+00 
        83 -1.606249623E-02 -1.606249623E-02  6.562000141E-03  7.750708851E+00 
        84 -1.618749648E-02 -1.618749648E-02  6.562000141E-03  7.674270401E+00 
        85 -1.631249674E-02 -1.631249674E-02  6.562000141E-03  7.708981930E+00 
        86 -1.643749699E-02 -1.643749699E-02  6.562000141E-03  7.567546694E+00 
        87 -1.656249538E-02 -1.656249538E-02  6.562000141E-03  7.181852032E+00 
        88 -1.668749563E-02 -1.668749563E-02  6.562000141E-03  7.011741679E+00 
        89 -1.681249589E-02 -1.681249589E-02  6.562000141E-03  7.276002262E+00 
        90 -1.693749614E-02 -1.693749614E-02  6.562000141E-03  7.934044187E+00 
        91 -1.706249639E-02 -1.706249639E-02  6.562000141E-03  7.735686303E+00 
        92 -1.718749665E-02 -1.718749665E-02  6.562000141E-03  7.468632030E+00 
        93 -1.731249690E-02 -1.731249690E-02  6.562000141E-03  8.168264388E+00 
        94 -1.743749529E-02 -1.743749529E-02  6.562000141E-03  7.904631524E+00 
        95 -1.756249554E-02 -1.756249554E-02  6.562000141E-03  6.838325418E+00 
        96 -1.768749580E-02 -1.768749580E-02  6.562000141E-03  7.228708303E+00 
        97 -1.781249605E-02 -1.781249605E-02  6.562000141E-03  7.895817550E+00 
        98 -1.793749630E-02 -1.793749630E-02  6.562000141E-03  7.881519858E+00 
        99 -1.806249656E-02 -1.806249656E-02  6.562000141E-03  7.585244609E+00 
       100 -5.312495399E-03 -5.312497262E-03  6.562000141E-03  1.113807293E+00 
       101 -5.187495146E-03 -5.187497474E-03  6.562000141E-03  1.003259336E+00 
       102 -5.062495358E-03 -5.062497687E-03  6.562000141E-03  1.093315482E+00 
       103 -4.937495105E-03 -4.937497433E-03  6.562000141E-03  1.155998279E+00 
       104 -4.812495317E-03 -4.812497646E-03  6.562000141E-03  1.218108462E+00 
       105 -4.687495064E-03 -4.687497392E-03  6.562000141E-03  1.281779780E+00 
       106 -4.562495276E-03 -4.562497605E-03  6.562000141E-03  1.242650454E+00 
       107 -4.437495023E-03 -4.437497351E-03  6.562000141E-03  1.351162029E+00 
       108 -4.312495235E-03 -4.312497564E-03  6.562000141E-03  1.510757635E+00 
       109 -4.187495448E-03 -4.187497776E-03  6.562000141E-03  1.483889636E+00 
       110 -4.062495194E-03 -4.062497523E-03  6.562000141E-03  1.507293775E+00 
       111 -3.937494941E-03 -3.937497269E-03  6.562000141E-03  1.604049616E+00 
       112 -3.812495153E-03 -3.812497482E-03  6.562000141E-03  1.641258559E+00 
       113 -3.687495133E-03 -3.687497461E-03  6.562000141E-03  1.422531068E+00 
       114 -3.562495112E-03 -3.562497441E-03  6.562000141E-03  1.177738471E+00 
       115 -3.437495092E-03 -3.437497420E-03  6.562000141E-03  1.367846061E+00 
       116 -3.312495071E-03 -3.312497633E-03  6.562000141E-03  1.796431866E+00 
       117 -3.187495051E-03 -3.187497612E-03  6.562000141E-03  1.686376389E+00 
       118 -3.061021678E-03 -3.061023075E-03  6.562000606E-03  1.172980683E+00 
       119 -2.973292954E-03 -2.973292954E-03  6.562000606E-03  1.039723601E+00 
       120 -2.937367652E-03 -2.937367652E-03  6.562000141E-03  1.240040765E+00 
       121 -2.915092511E-03 -2.915092511E-03  6.562000606E-03  1.370034716E+00 
       122 -2.896590624E-03 -2.896590624E-03  6.562000606E-03  1.453385198E+00 
       123 -2.881214023E-03 -2.881214023E-03  6.562000141E-03  1.494843068E+00 
       124 -6.437495351E-03 -6.437497213E-03  6.562000141E-03  2.681372325E+00 
       125 -6.312495563E-03 -6.312497426E-03  6.562000141E-03  2.469638554E+00 
       126 -6.187495310E-03 -6.187497173E-03  6.562000141E-03  2.306660669E+00 
       127 -6.062495522E-03 -6.062497385E-03  6.562000141E-03  2.048210575E+00 
       128 -5.937495269E-03 -5.937497597E-03  6.562000141E-03  1.771761270E+00 
       129 -5.812495481E-03 -5.812497344E-03  6.562000141E-03  1.236996411E+00 
       130 -5.687495228E-03 -5.687497556E-03  6.562000141E-03  1.014441519E+00 
       131 -5.562495440E-03 -5.562497303E-03  6.562000141E-03  1.444487881E+00 
       132 -5.437495187E-03 -5.437497515E-03  6.562000141E-03  1.379842698E+00 
       133 -1.895096339E-02 -1.895096339E-02  6.562000141E-03  7.891525353E+00 
       134 -1.890101843E-02 -1.890101843E-02  6.562000141E-03  7.924128905E+00 
       135 -1.880909875E-02 -1.880909875E-02  6.562000141E-03  7.922467805E+00 
       136 -1.868749596E-02 -1.868749596E-02  6.562000141E-03  7.778627309E+00 
       137 -1.856249571E-02 -1.856249571E-02  6.562000141E-03  7.592107807E+00 
       138 -1.843749546E-02 -1.843749546E-02  6.562000141E-03  7.421325496E+00 
       139 -1.831249706E-02 -1.831249520E-02  6.562000141E-03  7.016741568E+00 
       140 -1.818749681E-02 -1.818749681E-02  6.562000141E-03  7.133691229E+00 
       141 -1.898222044E-02 -1.898222044E-02  6.562000606E-03  7.820273709E+00 
       142 -1.904012822E-02 -1.904012822E-02  6.562000141E-03  6.870750197E+00 
       143 -1.912219450E-02 -1.912219450E-02  6.562000606E-03  6.193724367E+00 
       144 -1.916676387E-02 -1.916676387E-02  6.562000606E-03  5.895286488E+00 
       145 -1.923896931E-02 -1.923896931E-02  6.562000141E-03  5.716414126E+00 
       146 -1.931096986E-02 -1.931096986E-02  6.562000141E-03  5.759399621E+00 
       147 -1.938296854E-02 -1.938296854E-02  6.562000141E-03  5.745400743E+00 
       148 -1.945496909E-02 -1.945496909E-02  6.562000141E-03  5.865295232E+00 
       149 -1.952696778E-02 -1.952696778E-02  6.562000141E-03  5.900324544E+00 
       150 -1.959896833E-02 -1.959896833E-02  6.562000141E-03  5.919774565E+00 
       151 -1.967096888E-02 -1.967096888E-02  6.562000141E-03  5.854991363E+00 
       152 -1.974296942E-02 -1.974296942E-02  6.562000606E-03  5.617710720E+00 
       153 -1.981496997E-02 -1.981496997E-02  6.562000141E-03  5.442535033E+00 
       154 -1.988696866E-02 -1.988696866E-02  6.562000606E-03  5.250272251E+00 
       155 -1.995896921E-02 -1.995896921E-02  6.562000141E-03  5.222999217E+00 
       156 -2.003096975E-02 -2.003096975E-02  6.562000606E-03  5.178015450E+00 
       157 -2.010297030E-02 -2.010297030E-02  6.562000141E-03  5.198939913E+00 
       158 -2.017496899E-02 -2.017496899E-02  6.562000141E-03  5.292637193E+00 
       159 -2.024696767E-02 -2.024696767E-02  6.562000141E-03  5.324516431E+00 
       160 -2.031897008E-02 -2.031897008E-02  6.562000141E-03  5.434634668E+00 
       161 -2.039096877E-02 -2.039096877E-02  6.562000141E-03  5.529479271E+00 
       162 -2.046296932E-02 -2.046296932E-02  6.562000141E-03  5.668570919E+00 
       163 -2.053496987E-02 -2.053496987E-02  6.562000141E-03  5.693948782E+00 
       164 -2.060697041E-02 -2.060697041E-02  6.562000606E-03  5.660015167E+00 
       165 -2.067896910E-02 -2.067896910E-02  6.562000606E-03  5.570881698E+00 
       166 -2.075096965E-02 -2.075096965E-02  6.562000606E-03  5.466563285E+00 
       167 -2.082296833E-02 -2.082296833E-02  6.562000141E-03  5.410249665E+00 
       168 -2.089514025E-02 -2.089514025E-02  6.562000141E-03  5.369926140E+00 
       169 -2.095155232E-02 -2.095155232E-02  6.562000141E-03  5.328374949E+00 
       170 -2.100796066E-02 -2.100796066E-02  6.562000141E-03  5.257825476E+00 
       171 -2.102797665E-02 -2.102797665E-02  6.562000141E-03  5.275092306E+00 
       172 -2.106651478E-02 -2.106651478E-02  6.562000606E-03  5.166873573E+00 
       173 -2.110337466E-02 -2.110337466E-02  6.562000606E-03  4.908891803E+00 
       174 -2.112556621E-02 -2.112556621E-02  6.562000606E-03  4.568275112E+00 
       175 -2.114406601E-02 -2.114406601E-02  6.562000606E-03  4.084959361E+00 
       176 -2.115948685E-02 -2.115948685E-02  6.562000606E-03  3.490556328E+00 
       177 -2.117234282E-02 -2.117234282E-02  6.562000606E-03  2.840233207E+00 
       178 -2.118305862E-02 -2.118305862E-02  6.562000141E-03  2.190183722E+00 
       179 -2.119199000E-02 -2.119199000E-02  6.562000141E-03  1.584453898E+00 
       180 -2.119943500E-02 -2.119943500E-02  6.562000141E-03  1.047490598E+00 
       181 -2.120563947E-02 -2.120563947E-02  6.562000141E-03  5.856451883E-01 
       182 -2.121081017E-02 -2.121081017E-02  6.562000141E-03  1.948507550E-01 
