cellnumber     x-coordinate     y-coordinate     z-coordinate velocity-magnitude 
         1 -1.068749744E-02 -1.068750210E-02  6.562000141E-03  4.691699383E+00 
         2 -1.056249719E-02 -1.056250185E-02  6.562000141E-03  4.765128420E+00 
         3 -1.043749694E-02 -1.043750253E-02  6.562000141E-03  4.856882236E+00 
         4 -1.031249668E-02 -1.031250227E-02  6.562000141E-03  4.934289338E+00 
         5 -1.018749736E-02 -1.018750202E-02  6.562000141E-03  4.994522625E+00 
         6 -1.006249711E-02 -1.006250270E-02  6.562000606E-03  4.980815222E+00 
         7 -9.937496856E-03 -9.937502444E-03  6.562000606E-03  4.888164033E+00 
         8 -9.812497534E-03 -9.812502190E-03  6.562000606E-03  4.804550449E+00 
         9 -9.687497281E-03 -9.687502868E-03  6.562000606E-03  4.469009316E+00 
        10 -9.562497027E-03 -9.562502615E-03  6.562000606E-03  4.147142458E+00 
        11 -9.437497705E-03 -9.437502362E-03  6.562000606E-03  4.210090856E+00 
        12 -9.312497452E-03 -9.312502109E-03  6.562000606E-03  4.328530660E+00 
        13 -9.187497199E-03 -9.187502787E-03  6.562000606E-03  4.246720487E+00 
        14 -9.062496945E-03 -9.062502533E-03  6.562000606E-03  4.283059908E+00 
        15 -8.937497623E-03 -8.937502280E-03  6.562000606E-03  4.228450700E+00 
        16 -8.812497370E-03 -8.812502027E-03  6.562000606E-03  3.858971870E+00 
        17 -8.687497117E-03 -8.687502705E-03  6.562000606E-03  3.694564515E+00 
        18 -8.562496863E-03 -8.562502451E-03  6.562000606E-03  3.804635051E+00 
        19 -8.437497541E-03 -8.437502198E-03  6.562000606E-03  3.984142488E+00 
        20 -8.312497288E-03 -8.312502876E-03  6.562000606E-03  3.660395438E+00 
        21 -8.187497035E-03 -8.187502623E-03  6.562000606E-03  2.927470946E+00 
        22 -8.062496781E-03 -8.062502369E-03  6.562000606E-03  2.378667432E+00 
        23 -7.937497459E-03 -7.937502116E-03  6.562000606E-03  2.443546393E+00 
        24 -7.812497206E-03 -7.812501863E-03  6.562000606E-03  2.655563338E+00 
        25 -7.687497418E-03 -7.687502541E-03  6.562000606E-03  2.779643030E+00 
        26 -7.562497165E-03 -7.562502287E-03  6.562000606E-03  2.725714531E+00 
        27 -7.437497377E-03 -7.437502500E-03  6.562000606E-03  2.621754185E+00 
        28 -7.312497124E-03 -7.312502246E-03  6.562000606E-03  2.556344410E+00 
        29 -7.187497336E-03 -7.187502459E-03  6.562000606E-03  2.414421384E+00 
        30 -2.830741694E-03 -2.830741694E-03  6.562000141E-03  1.474398120E+00 
        31 -2.836863743E-03 -2.836863743E-03  6.562000606E-03  1.496433356E+00 
        32 -2.844217932E-03 -2.844217932E-03  6.562000606E-03  1.525117835E+00 
        33 -2.853054553E-03 -2.853054553E-03  6.562000141E-03  1.560756604E+00 
        34 -2.863674890E-03 -2.863674890E-03  6.562000606E-03  1.603398608E+00 
        35 -2.876443323E-03 -2.876443323E-03  6.562000141E-03  1.651881257E+00 
        36 -2.891799901E-03 -2.891799901E-03  6.562000141E-03  1.703818209E+00 
        37 -2.910277573E-03 -2.910277573E-03  6.562000141E-03  1.755007659E+00 
        38 -2.932523144E-03 -2.932523144E-03  6.562000141E-03  1.791338293E+00 
        39 -2.959322650E-03 -2.959322650E-03  6.562000606E-03  1.801083252E+00 
        40 -2.995960880E-03 -2.995960880E-03  6.562000141E-03  1.777610187E+00 
        41 -3.060909221E-03 -3.060909221E-03  6.562000141E-03  1.630306090E+00 
        42 -3.119298257E-03 -3.119298257E-03  6.562000141E-03  1.574492799E+00 
        43 -3.192364005E-03 -3.192366799E-03  6.562000141E-03  1.185745705E+00 
        44 -3.312496934E-03 -3.312502289E-03  6.562000141E-03  6.391930303E-01 
        45 -3.437496955E-03 -3.437502310E-03  6.562000141E-03  4.290310302E-01 
        46 -3.562496975E-03 -3.562502330E-03  6.562000141E-03  4.124266881E-01 
        47 -3.687496763E-03 -3.687502351E-03  6.562000141E-03  5.669974477E-01 
        48 -3.812496783E-03 -3.812502371E-03  6.562000141E-03  9.857852372E-01 
        49 -3.937496804E-03 -3.937502392E-03  6.562000141E-03  1.148966239E+00 
        50 -4.062497057E-03 -4.062502645E-03  6.562000141E-03  1.139554385E+00 
        51 -4.187496845E-03 -4.187502433E-03  6.562000141E-03  1.037978714E+00 
        52 -4.312497098E-03 -4.312502220E-03  6.562000141E-03  9.097358848E-01 
        53 -4.437496886E-03 -4.437502474E-03  6.562000141E-03  8.576506570E-01 
        54 -4.562497139E-03 -4.562502261E-03  6.562000141E-03  1.087491945E+00 
        55 -4.687496927E-03 -4.687502515E-03  6.562000141E-03  1.234515361E+00 
        56 -4.812497180E-03 -4.812502302E-03  6.562000141E-03  1.084224895E+00 
        57 -4.937496968E-03 -4.937502556E-03  6.562000141E-03  9.988675191E-01 
        58 -5.062496755E-03 -5.062502343E-03  6.562000141E-03  1.059320408E+00 
        59 -5.187497009E-03 -5.187502597E-03  6.562000141E-03  1.202754791E+00 
        60 -5.312496796E-03 -5.312502384E-03  6.562000141E-03  1.231393460E+00 
        61 -5.437497050E-03 -5.437502172E-03  6.562000141E-03  1.299243543E+00 
        62 -5.562496837E-03 -5.562502425E-03  6.562000141E-03  1.245046671E+00 
        63 -5.687497091E-03 -5.687502213E-03  6.562000141E-03  1.181012800E+00 
        64 -5.812496878E-03 -5.812502466E-03  6.562000141E-03  1.183208555E+00 
        65 -5.937497132E-03 -5.937502254E-03  6.562000141E-03  1.205358896E+00 
        66 -6.062496919E-03 -6.062502507E-03  6.562000141E-03  1.038854519E+00 
        67 -6.187497173E-03 -6.187502295E-03  6.562000606E-03  9.615252231E-01 
        68 -6.312496960E-03 -6.312502082E-03  6.562000606E-03  1.001448429E+00 
        69 -6.437496748E-03 -6.437502336E-03  6.562000141E-03  1.268868624E+00 
        70 -6.562497001E-03 -6.562502123E-03  6.562000141E-03  1.487626009E+00 
        71 -6.687496789E-03 -6.687502377E-03  6.562000141E-03  1.869398956E+00 
        72 -6.812497042E-03 -6.812502164E-03  6.562000141E-03  2.294786185E+00 
        73 -6.937496830E-03 -6.937502418E-03  6.562000141E-03  2.424543820E+00 
        74 -7.062497083E-03 -7.062502205E-03  6.562000141E-03  2.287891628E+00 
        75 -2.121077664E-02 -2.121077664E-02  6.562000141E-03  1.426448038E-01 
        76 -2.120556869E-02 -2.120556869E-02  6.562000141E-03  4.326066663E-01 
        77 -2.119931951E-02 -2.119931951E-02  6.562000606E-03  7.802678126E-01 
        78 -2.119182236E-02 -2.119182236E-02  6.562000141E-03  1.192728227E+00 
        79 -2.118282765E-02 -2.118282765E-02  6.562000141E-03  1.674461520E+00 
        80 -2.117203362E-02 -2.117203362E-02  6.562000141E-03  2.222790197E+00 
        81 -2.115908638E-02 -2.115908638E-02  6.562000141E-03  2.828693038E+00 
        82 -2.114355564E-02 -2.114355564E-02  6.562000141E-03  3.471291575E+00 
        83 -2.112492360E-02 -2.112492360E-02  6.562000606E-03  4.125703689E+00 
        84 -2.110258304E-02 -2.110258304E-02  6.562000141E-03  4.729333051E+00 
        85 -2.106202766E-02 -2.106202766E-02  6.562000141E-03  5.322824825E+00 
        86 -2.096829936E-02 -2.096829936E-02  6.562000141E-03  5.728185957E+00 
        87 -2.089297399E-02 -2.089297399E-02  6.562000141E-03  5.745669781E+00 
        88 -2.082096413E-02 -2.082096413E-02  6.562000141E-03  5.711238408E+00 
        89 -2.074896358E-02 -2.074896358E-02  6.562000141E-03  5.711361721E+00 
        90 -2.067696489E-02 -2.067696489E-02  6.562000141E-03  5.765714178E+00 
        91 -2.060496435E-02 -2.060496435E-02  6.562000141E-03  5.745726210E+00 
        92 -2.053296566E-02 -2.053296566E-02  6.562000141E-03  5.788845295E+00 
        93 -2.046096511E-02 -2.046096511E-02  6.562000141E-03  5.781260105E+00 
        94 -2.038896456E-02 -2.038896456E-02  6.562000141E-03  5.819077507E+00 
        95 -2.031696402E-02 -2.031696402E-02  6.562000141E-03  6.012101373E+00 
        96 -2.024496533E-02 -2.024496533E-02  6.562000141E-03  6.111108972E+00 
        97 -2.017296478E-02 -2.017296478E-02  6.562000141E-03  6.454973498E+00 
        98 -2.010096423E-02 -2.010096423E-02  6.562000141E-03  6.495018045E+00 
        99 -2.002892271E-02 -2.002892271E-02  6.562000141E-03  6.806601091E+00 
       100 -1.996895671E-02 -1.996895671E-02  6.562000141E-03  6.720124276E+00 
       101 -1.987537183E-02 -1.987537183E-02  6.562000141E-03  6.755460704E+00 
       102 -1.981534250E-02 -1.981534250E-02  6.562000141E-03  6.692500018E+00 
       103 -1.581249759E-02 -1.581250131E-02  6.562000141E-03  8.404484068E+00 
       104 -1.593749598E-02 -1.593750156E-02  6.562000141E-03  7.950030025E+00 
       105 -1.606249623E-02 -1.606250182E-02  6.562000141E-03  7.635495070E+00 
       106 -1.618749648E-02 -1.618750207E-02  6.562000141E-03  7.468985351E+00 
       107 -1.631249674E-02 -1.631250232E-02  6.562000141E-03  7.426670358E+00 
       108 -1.643749699E-02 -1.643750072E-02  6.562000141E-03  7.564307909E+00 
       109 -1.656249724E-02 -1.656250097E-02  6.562000141E-03  7.495217089E+00 
       110 -1.668749750E-02 -1.668750122E-02  6.562000141E-03  7.295708689E+00 
       111 -1.681249589E-02 -1.681250148E-02  6.562000141E-03  7.024589319E+00 
       112 -1.693749614E-02 -1.693750173E-02  6.562000141E-03  8.236019961E+00 
       113 -1.331249718E-02 -1.331250183E-02  6.562000141E-03  5.745500458E+00 
       114 -1.343749743E-02 -1.343750209E-02  6.562000141E-03  5.996204478E+00 
       115 -1.356249675E-02 -1.356250234E-02  6.562000141E-03  6.757365928E+00 
       116 -1.368749700E-02 -1.368750166E-02  6.562000141E-03  6.685766272E+00 
       117 -1.381249726E-02 -1.381250191E-02  6.562000141E-03  6.621568430E+00 
       118 -1.393749658E-02 -1.393750217E-02  6.562000141E-03  6.577191624E+00 
       119 -1.406249683E-02 -1.406250149E-02  6.562000141E-03  6.534492603E+00 
       120 -1.418749709E-02 -1.418750174E-02  6.562000141E-03  6.345762455E+00 
       121 -1.431249734E-02 -1.431250200E-02  6.562000141E-03  6.257874281E+00 
       122 -1.443749666E-02 -1.443750225E-02  6.562000141E-03  6.429425602E+00 
       123 -1.456249692E-02 -1.456250157E-02  6.562000141E-03  6.785723950E+00 
       124 -1.468749717E-02 -1.468750183E-02  6.562000141E-03  6.632807087E+00 
       125 -1.481249742E-02 -1.481250208E-02  6.562000141E-03  6.718372182E+00 
       126 -1.493749674E-02 -1.493750140E-02  6.562000141E-03  7.171062691E+00 
       127 -1.506249700E-02 -1.506250165E-02  6.562000141E-03  7.574145835E+00 
       128 -1.518749725E-02 -1.518750191E-02  6.562000141E-03  7.815389934E+00 
       129 -1.531249657E-02 -1.531250216E-02  6.562000141E-03  8.042972728E+00 
       130 -1.543749683E-02 -1.543750148E-02  6.562000141E-03  8.269577545E+00 
       131 -1.556249708E-02 -1.556250174E-02  6.562000141E-03  8.613568183E+00 
       132 -1.568749733E-02 -1.568750106E-02  6.562000141E-03  8.708272872E+00 
       133 -1.318749692E-02 -1.318750251E-02  6.562000606E-03  5.606108733E+00 
       134 -1.306249760E-02 -1.306250226E-02  6.562000606E-03  5.464468903E+00 
       135 -1.293749735E-02 -1.293750200E-02  6.562000606E-03  5.426714852E+00 
       136 -1.281249709E-02 -1.281250268E-02  6.562000606E-03  5.443711764E+00 
       137 -1.268749777E-02 -1.268750243E-02  6.562000606E-03  5.539929167E+00 
       138 -1.256249752E-02 -1.256250218E-02  6.562000606E-03  5.612580766E+00 
       139 -1.243749727E-02 -1.243750192E-02  6.562000606E-03  5.652037206E+00 
       140 -1.231249701E-02 -1.231250260E-02  6.562000606E-03  5.803734947E+00 
       141 -1.218749769E-02 -1.218750235E-02  6.562000606E-03  5.571523247E+00 
       142 -1.206249744E-02 -1.206250209E-02  6.562000606E-03  5.339183757E+00 
       143 -1.193749718E-02 -1.193750277E-02  6.562000606E-03  5.155113444E+00 
       144 -1.181249693E-02 -1.181250252E-02  6.562000606E-03  5.106813874E+00 
       145 -1.168749761E-02 -1.168750226E-02  6.562000606E-03  5.156541193E+00 
       146 -1.156249736E-02 -1.156250201E-02  6.562000606E-03  5.184560494E+00 
       147 -1.143749710E-02 -1.143750269E-02  6.562000606E-03  5.104572873E+00 
       148 -1.131249778E-02 -1.131250244E-02  6.562000606E-03  5.082468139E+00 
       149 -1.118749753E-02 -1.118750218E-02  6.562000606E-03  5.182984737E+00 
       150 -1.106249727E-02 -1.106250193E-02  6.562000606E-03  5.339175611E+00 
       151 -1.093749702E-02 -1.093750261E-02  6.562000606E-03  5.057814752E+00 
       152 -1.081249770E-02 -1.081250235E-02  6.562000606E-03  4.803023933E+00 
       153 -1.706249639E-02 -1.706250198E-02  6.562000606E-03  9.213344561E+00 
       154 -1.718749665E-02 -1.718750224E-02  6.562000606E-03  8.768440017E+00 
       155 -1.731249690E-02 -1.731250249E-02  6.562000606E-03  8.723423770E+00 
       156 -1.743749715E-02 -1.743750274E-02  6.562000606E-03  8.466020894E+00 
       157 -1.756249741E-02 -1.756250113E-02  6.562000606E-03  8.249344110E+00 
       158 -1.768749766E-02 -1.768750139E-02  6.562000606E-03  8.244315511E+00 
       159 -1.781249791E-02 -1.781250164E-02  6.562000606E-03  8.303023848E+00 
       160 -1.793749817E-02 -1.793750189E-02  6.562000606E-03  8.384787950E+00 
       161 -1.806249656E-02 -1.806250215E-02  6.562000606E-03  8.293151351E+00 
       162 -1.818749681E-02 -1.818750054E-02  6.562000141E-03  7.915304367E+00 
       163 -1.831249706E-02 -1.831250265E-02  6.562000141E-03  7.047220698E+00 
       164 -1.843749732E-02 -1.843750104E-02  6.562000606E-03  5.884721201E+00 
       165 -1.856249757E-02 -1.856250130E-02  6.562000141E-03  5.850925287E+00 
       166 -1.868749596E-02 -1.868750155E-02  6.562000141E-03  5.787869816E+00 
       167 -1.881249622E-02 -1.881250180E-02  6.562000141E-03  5.998903890E+00 
       168 -1.893749647E-02 -1.893750206E-02  6.562000141E-03  6.492517252E+00 
       169 -1.906249672E-02 -1.906250045E-02  6.562000141E-03  6.552066773E+00 
       170 -1.918749698E-02 -1.918750070E-02  6.562000141E-03  6.516755546E+00 
       171 -1.931249723E-02 -1.931250095E-02  6.562000141E-03  6.467066426E+00 
       172 -1.977629215E-02 -1.977629215E-02  6.562000141E-03  6.884031827E+00 
       173 -1.973045059E-02 -1.973045059E-02  6.562000141E-03  6.760913476E+00 
       174 -1.966741681E-02 -1.966741681E-02  6.562000606E-03  6.746130583E+00 
       175 -1.962243021E-02 -1.962243021E-02  6.562000606E-03  6.670892991E+00 
       176 -1.955863275E-02 -1.955863647E-02  6.562000606E-03  6.574254434E+00 
       177 -1.943749748E-02 -1.943750121E-02  6.562000606E-03  6.472487697E+00 
