cellnumber     x-coordinate     y-coordinate     z-coordinate velocity-magnitude 
         1  2.999999933E-02 -2.401195839E-02  6.562000606E-03  5.675327831E-01 
         2  2.999999933E-02 -2.404091880E-02  6.562000141E-03  5.831011539E-01 
         3  2.999999933E-02 -2.412424795E-02  6.562000141E-03  5.742742175E-01 
         4  2.999999933E-02 -2.420346625E-02  6.562000141E-03  6.383759332E-01 
         5  2.999999933E-02 -2.429169975E-02  6.562000141E-03  6.592946303E-01 
         6  2.999999933E-02 -2.442904375E-02  6.562000141E-03  6.954493394E-01 
         7  2.999999933E-02 -2.457304299E-02  6.562000141E-03  6.256950872E-01 
         8  2.999999933E-02 -2.471704409E-02  6.562000141E-03  6.460176549E-01 
         9  2.999999933E-02 -2.486104332E-02  6.562000141E-03  5.038892803E-01 
        10  2.999999933E-02 -2.500504255E-02  6.562000141E-03  6.593355998E-01 
        11  2.999999933E-02 -2.514904365E-02  6.562000141E-03  2.535237864E+00 
        12  2.999999933E-02 -2.529304288E-02  6.562000141E-03  2.864772248E+00 
        13  2.999999933E-02 -2.543704398E-02  6.562000141E-03  2.658198285E+00 
        14  2.999999933E-02 -2.558104321E-02  6.562000141E-03  2.599954209E+00 
        15  2.999999933E-02 -2.572504245E-02  6.562000141E-03  2.597973797E+00 
        16  2.999999933E-02 -2.586904354E-02  6.562000141E-03  2.746230326E+00 
        17  2.999999933E-02 -2.601304278E-02  6.562000141E-03  2.686138134E+00 
        18  2.999999933E-02 -2.615704387E-02  6.562000141E-03  2.466644630E+00 
        19  2.999999933E-02 -2.630104311E-02  6.562000141E-03  2.063869548E+00 
        20  2.999999933E-02 -2.644504420E-02  6.562000141E-03  2.038440293E+00 
        21  2.999999933E-02 -2.658904344E-02  6.562000141E-03  2.005278849E+00 
        22  2.999999933E-02 -2.673304267E-02  6.562000141E-03  1.885038978E+00 
        23  2.999999933E-02 -2.687704377E-02  6.562000141E-03  1.571922295E+00 
        24  2.999999933E-02 -2.702104300E-02  6.562000141E-03  1.445421269E+00 
        25  2.999999933E-02 -2.716504410E-02  6.562000141E-03  1.573210939E+00 
        26  2.999999933E-02 -2.730904333E-02  6.562000141E-03  1.785605278E+00 
        27  2.999999933E-02 -2.745304257E-02  6.562000141E-03  1.880789923E+00 
        28  2.999999933E-02 -2.759704366E-02  6.562000141E-03  1.938743393E+00 
        29  2.999999933E-02 -2.774104290E-02  6.562000141E-03  2.005538973E+00 
        30  2.999999933E-02 -2.788504399E-02  6.562000141E-03  2.160344109E+00 
        31  2.999999933E-02 -2.802904323E-02  6.562000141E-03  2.545957260E+00 
        32  2.999999933E-02 -2.817304432E-02  6.562000141E-03  2.927476947E+00 
        33  2.999999933E-02 -2.831704356E-02  6.562000141E-03  2.997639720E+00 
        34  2.999999933E-02 -2.846104279E-02  6.562000141E-03  2.933212130E+00 
        35  2.999999933E-02 -2.860504389E-02  6.562000141E-03  2.843352816E+00 
        36  2.999999933E-02 -2.874904312E-02  6.562000141E-03  2.579657092E+00 
        37  2.999999933E-02 -2.889304422E-02  6.562000141E-03  2.523799958E+00 
        38  2.999999933E-02 -2.903704345E-02  6.562000141E-03  2.220065876E+00 
        39  2.999999933E-02 -2.918104269E-02  6.562000141E-03  1.892368084E+00 
        40  2.999999933E-02 -2.932504378E-02  6.562000141E-03  1.518775206E+00 
        41  2.999999933E-02 -2.946904302E-02  6.562000141E-03  7.634959232E-01 
        42  2.999999933E-02 -2.961304411E-02  6.562000141E-03  5.387501123E-01 
        43  2.999999933E-02 -2.975704335E-02  6.562000141E-03  6.281423896E-01 
        44  2.999999933E-02 -2.990104258E-02  6.562000141E-03  8.893532346E-01 
        45  2.999999933E-02 -3.004504368E-02  6.562000141E-03  1.078402787E+00 
        46  2.999999933E-02 -3.018904291E-02  6.562000141E-03  1.135862001E+00 
        47  2.999999933E-02 -3.033304401E-02  6.562000141E-03  1.244213996E+00 
        48  2.999999933E-02 -3.047704324E-02  6.562000141E-03  1.290484260E+00 
        49  2.999999933E-02 -3.062104434E-02  6.562000141E-03  1.273513194E+00 
        50  2.999999933E-02 -3.076504357E-02  6.562000141E-03  1.366748051E+00 
        51  2.999999933E-02 -3.090904281E-02  6.562000141E-03  1.337912545E+00 
        52  2.999999933E-02 -3.105304390E-02  6.562000141E-03  1.141621031E+00 
        53  2.999999933E-02 -3.119704314E-02  6.562000141E-03  1.114448620E+00 
        54  2.999999933E-02 -3.133584931E-02  6.562000141E-03  1.149066159E+00 
        55  2.999999933E-02 -3.145632520E-02  6.562000141E-03  1.249753839E+00 
