cellnumber     x-coordinate     y-coordinate     z-coordinate velocity-magnitude 
         1  2.999999933E-02 -2.673304267E-02  6.562000141E-03  2.719833862E+00 
         2  2.999999933E-02 -2.658904344E-02  6.562000141E-03  2.725083632E+00 
         3  2.999999933E-02 -2.644504420E-02  6.562000141E-03  2.674478734E+00 
         4  2.999999933E-02 -2.630104311E-02  6.562000141E-03  2.518982380E+00 
         5  2.999999933E-02 -2.615704387E-02  6.562000141E-03  2.275309214E+00 
         6  2.999999933E-02 -2.601304278E-02  6.562000141E-03  1.708341675E+00 
         7  2.999999933E-02 -2.586904354E-02  6.562000141E-03  1.435993546E+00 
         8  2.999999933E-02 -2.572504245E-02  6.562000141E-03  1.424093491E+00 
         9  2.999999933E-02 -2.558104321E-02  6.562000141E-03  1.472869163E+00 
        10  2.999999933E-02 -2.543704398E-02  6.562000141E-03  1.435200576E+00 
        11  2.999999933E-02 -2.529304288E-02  6.562000141E-03  1.261714850E+00 
        12  2.999999933E-02 -2.514904365E-02  6.562000141E-03  1.227059657E+00 
        13  2.999999933E-02 -2.500504255E-02  6.562000141E-03  1.306412405E+00 
        14  2.999999933E-02 -2.486104332E-02  6.562000141E-03  1.145226084E+00 
        15  2.999999933E-02 -2.471704409E-02  6.562000141E-03  1.001002849E+00 
        16  2.999999933E-02 -2.457304299E-02  6.562000141E-03  9.153611763E-01 
        17  2.999999933E-02 -2.442904375E-02  6.562000141E-03  8.006161598E-01 
        18  2.999999933E-02 -2.429169975E-02  6.562000141E-03  7.256009933E-01 
        19  2.999999933E-02 -2.420346625E-02  6.562000141E-03  7.097950876E-01 
        20  2.999999933E-02 -2.412424795E-02  6.562000141E-03  7.887306187E-01 
        21  2.999999933E-02 -2.404091880E-02  6.562000141E-03  7.736248171E-01 
        22  2.999999933E-02 -2.401195839E-02  6.562000606E-03  7.553411092E-01 
        23  2.999999933E-02 -2.687704377E-02  6.562000141E-03  2.616299431E+00 
        24  2.999999933E-02 -2.702104300E-02  6.562000141E-03  2.475417095E+00 
        25  2.999999933E-02 -2.716504410E-02  6.562000141E-03  2.344737664E+00 
        26  2.999999933E-02 -2.730904333E-02  6.562000141E-03  2.255239676E+00 
        27  2.999999933E-02 -2.745304257E-02  6.562000141E-03  2.301195073E+00 
        28  2.999999933E-02 -2.759704366E-02  6.562000141E-03  2.435213169E+00 
        29  2.999999933E-02 -2.774104290E-02  6.562000141E-03  2.511463361E+00 
        30  2.999999933E-02 -3.145632520E-02  6.562000141E-03  9.760867361E-01 
        31  2.999999933E-02 -3.133584931E-02  6.562000141E-03  1.060932260E+00 
        32  2.999999933E-02 -3.119704314E-02  6.562000141E-03  1.022209521E+00 
        33  2.999999933E-02 -3.105304390E-02  6.562000141E-03  9.936193890E-01 
        34  2.999999933E-02 -3.090904281E-02  6.562000141E-03  1.106372347E+00 
        35  2.999999933E-02 -3.076504357E-02  6.562000141E-03  1.126125128E+00 
        36  2.999999933E-02 -3.062104248E-02  6.562000141E-03  9.745588563E-01 
        37  2.999999933E-02 -3.047704324E-02  6.562000141E-03  7.430159621E-01 
        38  2.999999933E-02 -3.033304401E-02  6.562000141E-03  7.529223906E-01 
        39  2.999999933E-02 -3.018904291E-02  6.562000141E-03  8.076826244E-01 
        40  2.999999933E-02 -3.004504368E-02  6.562000141E-03  8.971297274E-01 
        41  2.999999933E-02 -2.990104258E-02  6.562000141E-03  9.415767234E-01 
        42  2.999999933E-02 -2.975704335E-02  6.562000141E-03  1.071798457E+00 
        43  2.999999933E-02 -2.961304411E-02  6.562000141E-03  1.244157847E+00 
        44  2.999999933E-02 -2.946904302E-02  6.562000141E-03  1.675401968E+00 
        45  2.999999933E-02 -2.932504378E-02  6.562000141E-03  2.201407554E+00 
        46  2.999999933E-02 -2.918104269E-02  6.562000141E-03  2.254768231E+00 
        47  2.999999933E-02 -2.903704345E-02  6.562000141E-03  2.180357121E+00 
        48  2.999999933E-02 -2.889304422E-02  6.562000141E-03  2.081895264E+00 
        49  2.999999933E-02 -2.874904312E-02  6.562000141E-03  2.129613837E+00 
        50  2.999999933E-02 -2.860504389E-02  6.562000141E-03  2.214422118E+00 
        51  2.999999933E-02 -2.846104279E-02  6.562000141E-03  2.334162468E+00 
        52  2.999999933E-02 -2.831704356E-02  6.562000141E-03  2.406165233E+00 
        53  2.999999933E-02 -2.817304246E-02  6.562000141E-03  2.495083243E+00 
        54  2.999999933E-02 -2.802904323E-02  6.562000141E-03  2.592698172E+00 
        55  2.999999933E-02 -2.788504399E-02  6.562000141E-03  2.573093157E+00 
