cellnumber     x-coordinate     y-coordinate     z-coordinate velocity-magnitude 
         1  2.999999933E-02 -2.687704377E-02  6.562000141E-03  1.659511885E+00 
         2  2.999999933E-02 -2.702104300E-02  6.562000141E-03  1.773127390E+00 
         3  2.999999933E-02 -2.716504410E-02  6.562000141E-03  1.916605349E+00 
         4  2.999999933E-02 -2.730904333E-02  6.562000141E-03  2.318888923E+00 
         5  2.999999933E-02 -2.745304257E-02  6.562000141E-03  2.585389477E+00 
         6  2.999999933E-02 -2.759704366E-02  6.562000141E-03  2.558855288E+00 
         7  2.999999933E-02 -2.774104290E-02  6.562000141E-03  2.754784583E+00 
         8  2.999999933E-02 -2.788504399E-02  6.562000141E-03  2.777205824E+00 
         9  2.999999933E-02 -2.802904323E-02  6.562000141E-03  2.593583484E+00 
        10  2.999999933E-02 -2.817304432E-02  6.562000141E-03  2.528995134E+00 
        11  2.999999933E-02 -2.831704356E-02  6.562000141E-03  2.659847729E+00 
        12  2.999999933E-02 -2.846104279E-02  6.562000141E-03  2.508378716E+00 
        13  2.999999933E-02 -2.860504389E-02  6.562000141E-03  2.331619971E+00 
        14  2.999999933E-02 -2.874904312E-02  6.562000141E-03  2.242628462E+00 
        15  2.999999933E-02 -2.889304422E-02  6.562000141E-03  2.101763635E+00 
        16  2.999999933E-02 -2.903704345E-02  6.562000141E-03  1.949516624E+00 
        17  2.999999933E-02 -2.918104269E-02  6.562000141E-03  1.922915946E+00 
        18  2.999999933E-02 -2.932504378E-02  6.562000141E-03  1.464091592E+00 
        19  2.999999933E-02 -2.946904302E-02  6.562000141E-03  9.653403841E-01 
        20  2.999999933E-02 -2.961304411E-02  6.562000141E-03  8.806264813E-01 
        21  2.999999933E-02 -2.975704335E-02  6.562000141E-03  1.099768610E+00 
        22  2.999999933E-02 -2.990104258E-02  6.562000141E-03  1.074182977E+00 
        23  2.999999933E-02 -3.004504368E-02  6.562000141E-03  1.131687341E+00 
        24  2.999999933E-02 -3.018904291E-02  6.562000141E-03  1.200354508E+00 
        25  2.999999933E-02 -3.033304401E-02  6.562000141E-03  1.287048703E+00 
        26  2.999999933E-02 -3.047704324E-02  6.562000141E-03  1.275960145E+00 
        27  2.999999933E-02 -3.062104434E-02  6.562000141E-03  1.133666651E+00 
        28  2.999999933E-02 -3.076504357E-02  6.562000141E-03  1.092503652E+00 
        29  2.999999933E-02 -3.090904281E-02  6.562000141E-03  1.095745900E+00 
        30  2.999999933E-02 -3.105304390E-02  6.562000141E-03  1.077761491E+00 
        31  2.999999933E-02 -3.119704314E-02  6.562000141E-03  8.964309167E-01 
        32  2.999999933E-02 -3.133584931E-02  6.562000141E-03  5.768280603E-01 
        33  2.999999933E-02 -3.145632520E-02  6.562000141E-03  3.114851831E-01 
        34  2.999999933E-02 -2.401195839E-02  6.562000606E-03  4.173449160E-01 
        35  2.999999933E-02 -2.404091880E-02  6.562000141E-03  5.696433838E-01 
        36  2.999999933E-02 -2.412424795E-02  6.562000141E-03  6.812878229E-01 
        37  2.999999933E-02 -2.420346625E-02  6.562000141E-03  6.749784170E-01 
        38  2.999999933E-02 -2.429169975E-02  6.562000141E-03  7.499566925E-01 
        39  2.999999933E-02 -2.442904375E-02  6.562000141E-03  7.037756595E-01 
        40  2.999999933E-02 -2.457304299E-02  6.562000141E-03  5.516797346E-01 
        41  2.999999933E-02 -2.471704409E-02  6.562000141E-03  5.022466863E-01 
        42  2.999999933E-02 -2.486104332E-02  6.562000141E-03  4.289817558E-01 
        43  2.999999933E-02 -2.500504255E-02  6.562000141E-03  5.196013746E-01 
        44  2.999999933E-02 -2.514904365E-02  6.562000141E-03  8.013706645E-01 
        45  2.999999933E-02 -2.529304288E-02  6.562000141E-03  9.796669273E-01 
        46  2.999999933E-02 -2.543704398E-02  6.562000141E-03  1.460170798E+00 
        47  2.999999933E-02 -2.558104321E-02  6.562000141E-03  1.830933614E+00 
        48  2.999999933E-02 -2.572504245E-02  6.562000141E-03  1.954653180E+00 
        49  2.999999933E-02 -2.586904354E-02  6.562000141E-03  1.083283939E+00 
        50  2.999999933E-02 -2.601304278E-02  6.562000141E-03  8.288903359E-01 
        51  2.999999933E-02 -2.615704387E-02  6.562000141E-03  8.445074292E-01 
        52  2.999999933E-02 -2.630104311E-02  6.562000141E-03  9.565727440E-01 
        53  2.999999933E-02 -2.644504420E-02  6.562000141E-03  1.131620947E+00 
        54  2.999999933E-02 -2.658904344E-02  6.562000141E-03  1.342176227E+00 
        55  2.999999933E-02 -2.673304267E-02  6.562000141E-03  1.554835097E+00 
