cellnumber     x-coordinate     y-coordinate     z-coordinate velocity-magnitude 
         1  2.999999933E-02 -2.687704377E-02  6.562000141E-03  2.424309614E+00 
         2  2.999999933E-02 -2.702104300E-02  6.562000141E-03  2.505561103E+00 
         3  2.999999933E-02 -2.716504410E-02  6.562000141E-03  2.481541268E+00 
         4  2.999999933E-02 -2.730904333E-02  6.562000141E-03  2.561673357E+00 
         5  2.999999933E-02 -2.745304257E-02  6.562000141E-03  2.682053905E+00 
         6  2.999999933E-02 -2.759704366E-02  6.562000141E-03  2.732049149E+00 
         7  2.999999933E-02 -2.774104290E-02  6.562000141E-03  2.793628069E+00 
         8  2.999999933E-02 -2.788504399E-02  6.562000141E-03  2.789108779E+00 
         9  2.999999933E-02 -2.802904323E-02  6.562000141E-03  2.770409899E+00 
        10  2.999999933E-02 -2.817304432E-02  6.562000141E-03  2.636537624E+00 
        11  2.999999933E-02 -2.831704356E-02  6.562000141E-03  2.280264542E+00 
        12  2.999999933E-02 -2.846104279E-02  6.562000141E-03  2.009277639E+00 
        13  2.999999933E-02 -2.860504389E-02  6.562000141E-03  1.944216400E+00 
        14  2.999999933E-02 -2.874904312E-02  6.562000141E-03  1.989606169E+00 
        15  2.999999933E-02 -2.889304422E-02  6.562000141E-03  2.123065948E+00 
        16  2.999999933E-02 -2.903704345E-02  6.562000141E-03  2.337874196E+00 
        17  2.999999933E-02 -2.918104269E-02  6.562000141E-03  2.366553320E+00 
        18  2.999999933E-02 -2.932504378E-02  6.562000141E-03  2.336815240E+00 
        19  2.999999933E-02 -2.946904302E-02  6.562000141E-03  2.278753867E+00 
        20  2.999999933E-02 -2.961304411E-02  6.562000141E-03  2.077554332E+00 
        21  2.999999933E-02 -2.975704335E-02  6.562000141E-03  1.855288120E+00 
        22  2.999999933E-02 -2.990104258E-02  6.562000141E-03  1.282466893E+00 
        23  2.999999933E-02 -3.004504368E-02  6.562000141E-03  1.269495512E+00 
        24  2.999999933E-02 -3.018904291E-02  6.562000141E-03  1.351873189E+00 
        25  2.999999933E-02 -3.033304401E-02  6.562000141E-03  1.274524534E+00 
        26  2.999999933E-02 -3.047704324E-02  6.562000141E-03  1.094151850E+00 
        27  2.999999933E-02 -3.062104434E-02  6.562000141E-03  1.081332727E+00 
        28  2.999999933E-02 -3.076504357E-02  6.562000141E-03  1.201507258E+00 
        29  2.999999933E-02 -3.090904281E-02  6.562000141E-03  1.389456890E+00 
        30  2.999999933E-02 -3.105304390E-02  6.562000141E-03  1.278379416E+00 
        31  2.999999933E-02 -3.119704314E-02  6.562000141E-03  8.190790518E-01 
        32  2.999999933E-02 -3.133584931E-02  6.562000141E-03  6.690522502E-01 
        33  2.999999933E-02 -3.145632520E-02  6.562000141E-03  7.390528613E-01 
        34  2.999999933E-02 -2.401195839E-02  6.562000606E-03  5.942536186E-01 
        35  2.999999933E-02 -2.404091880E-02  6.562000141E-03  7.235409790E-01 
        36  2.999999933E-02 -2.412424795E-02  6.562000141E-03  7.359076597E-01 
        37  2.999999933E-02 -2.420346625E-02  6.562000141E-03  7.164660275E-01 
        38  2.999999933E-02 -2.429169975E-02  6.562000141E-03  6.084479189E-01 
        39  2.999999933E-02 -2.442904375E-02  6.562000141E-03  4.502485485E-01 
        40  2.999999933E-02 -2.457304299E-02  6.562000141E-03  3.267696117E-01 
        41  2.999999933E-02 -2.471704409E-02  6.562000141E-03  3.150623345E-01 
        42  2.999999933E-02 -2.486104332E-02  6.562000141E-03  7.793704183E-01 
        43  2.999999933E-02 -2.500504255E-02  6.562000141E-03  1.180984444E+00 
        44  2.999999933E-02 -2.514904365E-02  6.562000141E-03  1.474071561E+00 
        45  2.999999933E-02 -2.529304288E-02  6.562000141E-03  1.621446430E+00 
        46  2.999999933E-02 -2.543704398E-02  6.562000141E-03  1.298474002E+00 
        47  2.999999933E-02 -2.558104321E-02  6.562000141E-03  1.243927067E+00 
        48  2.999999933E-02 -2.572504245E-02  6.562000141E-03  1.478510777E+00 
        49  2.999999933E-02 -2.586904354E-02  6.562000141E-03  1.481475936E+00 
        50  2.999999933E-02 -2.601304278E-02  6.562000141E-03  1.391099782E+00 
        51  2.999999933E-02 -2.615704387E-02  6.562000141E-03  1.195160841E+00 
        52  2.999999933E-02 -2.630104311E-02  6.562000141E-03  1.108631166E+00 
        53  2.999999933E-02 -2.644504420E-02  6.562000141E-03  1.459184903E+00 
        54  2.999999933E-02 -2.658904344E-02  6.562000141E-03  1.648104411E+00 
        55  2.999999933E-02 -2.673304267E-02  6.562000141E-03  2.054604566E+00 
