cellnumber     x-coordinate     y-coordinate     z-coordinate velocity-magnitude 
         1  2.999999933E-02 -2.401195839E-02  6.562000606E-03  5.866274468E-01 
         2  2.999999933E-02 -2.404091880E-02  6.562000141E-03  7.007060332E-01 
         3  2.999999933E-02 -2.412424982E-02  6.562000606E-03  8.314382042E-01 
         4  2.999999933E-02 -2.420346625E-02  6.562000606E-03  8.970194915E-01 
         5  2.999999933E-02 -2.429169975E-02  6.562000141E-03  1.063596527E+00 
         6  2.999999933E-02 -2.442904375E-02  6.562000141E-03  1.238319415E+00 
         7  2.999999933E-02 -2.457304299E-02  6.562000141E-03  1.387327685E+00 
         8  2.999999933E-02 -2.471704409E-02  6.562000141E-03  1.438215926E+00 
         9  2.999999933E-02 -2.486104332E-02  6.562000141E-03  1.218289867E+00 
        10  2.999999933E-02 -2.500504255E-02  6.562000141E-03  1.609390961E+00 
        11  2.999999933E-02 -2.514904365E-02  6.562000141E-03  2.088071863E+00 
        12  2.999999933E-02 -2.529304288E-02  6.562000141E-03  2.017913189E+00 
        13  2.999999933E-02 -2.543704398E-02  6.562000141E-03  1.762079842E+00 
        14  2.999999933E-02 -2.558104321E-02  6.562000141E-03  1.956041453E+00 
        15  2.999999933E-02 -2.572504431E-02  6.562000141E-03  2.249782294E+00 
        16  2.999999933E-02 -2.586904354E-02  6.562000141E-03  2.564213264E+00 
        17  2.999999933E-02 -2.601304278E-02  6.562000141E-03  2.746196356E+00 
        18  2.999999933E-02 -2.615704387E-02  6.562000141E-03  2.776993034E+00 
        19  2.999999933E-02 -2.630104311E-02  6.562000141E-03  2.761461208E+00 
        20  2.999999933E-02 -2.644504420E-02  6.562000141E-03  2.646394181E+00 
        21  2.999999933E-02 -2.658904344E-02  6.562000141E-03  2.705348917E+00 
        22  2.999999933E-02 -2.673304267E-02  6.562000141E-03  2.746713844E+00 
        23  2.999999933E-02 -3.145632520E-02  6.562000141E-03  2.528612840E-01 
        24  2.999999933E-02 -3.133584931E-02  6.562000141E-03  3.801174507E-01 
        25  2.999999933E-02 -3.119704314E-02  6.562000141E-03  4.333168608E-01 
        26  2.999999933E-02 -3.105304390E-02  6.562000141E-03  4.920568140E-01 
        27  2.999999933E-02 -3.090904281E-02  6.562000141E-03  5.907814934E-01 
        28  2.999999933E-02 -3.076504357E-02  6.562000141E-03  6.309236066E-01 
        29  2.999999933E-02 -3.062104248E-02  6.562000141E-03  5.969526036E-01 
        30  2.999999933E-02 -3.047704324E-02  6.562000141E-03  4.816873321E-01 
        31  2.999999933E-02 -3.033304401E-02  6.562000141E-03  3.272399259E-01 
        32  2.999999933E-02 -3.018904291E-02  6.562000141E-03  3.384986674E-01 
        33  2.999999933E-02 -3.004504368E-02  6.562000141E-03  6.692369773E-01 
        34  2.999999933E-02 -2.990104258E-02  6.562000141E-03  1.080733172E+00 
        35  2.999999933E-02 -2.975704335E-02  6.562000141E-03  1.213040714E+00 
        36  2.999999933E-02 -2.961304411E-02  6.562000141E-03  1.021274846E+00 
        37  2.999999933E-02 -2.946904302E-02  6.562000141E-03  8.647396542E-01 
        38  2.999999933E-02 -2.932504378E-02  6.562000141E-03  8.827415745E-01 
        39  2.999999933E-02 -2.918104269E-02  6.562000141E-03  1.232799694E+00 
        40  2.999999933E-02 -2.903704345E-02  6.562000141E-03  1.879982797E+00 
        41  2.999999933E-02 -2.889304422E-02  6.562000141E-03  1.939112631E+00 
        42  2.999999933E-02 -2.874904312E-02  6.562000141E-03  2.022401578E+00 
        43  2.999999933E-02 -2.860504389E-02  6.562000141E-03  2.119010773E+00 
        44  2.999999933E-02 -2.846104279E-02  6.562000141E-03  2.040383022E+00 
        45  2.999999933E-02 -2.831704356E-02  6.562000141E-03  1.941348153E+00 
        46  2.999999933E-02 -2.817304432E-02  6.562000141E-03  1.913012577E+00 
        47  2.999999933E-02 -2.802904323E-02  6.562000141E-03  1.994682789E+00 
        48  2.999999933E-02 -2.788504399E-02  6.562000141E-03  2.201801849E+00 
        49  2.999999933E-02 -2.774104290E-02  6.562000141E-03  2.458264601E+00 
        50  2.999999933E-02 -2.759704366E-02  6.562000141E-03  2.760038186E+00 
        51  2.999999933E-02 -2.745304257E-02  6.562000141E-03  3.024056256E+00 
        52  2.999999933E-02 -2.730904333E-02  6.562000141E-03  3.136012780E+00 
        53  2.999999933E-02 -2.716504410E-02  6.562000141E-03  3.029870926E+00 
        54  2.999999933E-02 -2.702104300E-02  6.562000141E-03  2.796011544E+00 
        55  2.999999933E-02 -2.687704377E-02  6.562000141E-03  2.724122737E+00 
