cellnumber     x-coordinate     y-coordinate     z-coordinate velocity-magnitude 
         1  2.999999933E-02 -2.687704377E-02  6.562000141E-03  1.289525938E+00 
         2  2.999999933E-02 -2.702104300E-02  6.562000141E-03  1.559485164E+00 
         3  2.999999933E-02 -2.716504410E-02  6.562000141E-03  1.596868840E+00 
         4  2.999999933E-02 -2.730904333E-02  6.562000141E-03  2.017970897E+00 
         5  2.999999933E-02 -2.745304257E-02  6.562000141E-03  2.405562069E+00 
         6  2.999999933E-02 -2.759704366E-02  6.562000141E-03  2.763833493E+00 
         7  2.999999933E-02 -2.774104290E-02  6.562000141E-03  2.765315767E+00 
         8  2.999999933E-02 -2.788504399E-02  6.562000141E-03  2.726763153E+00 
         9  2.999999933E-02 -2.802904323E-02  6.562000141E-03  2.757318315E+00 
        10  2.999999933E-02 -2.817304432E-02  6.562000141E-03  2.920103234E+00 
        11  2.999999933E-02 -2.831704356E-02  6.562000141E-03  3.115498068E+00 
        12  2.999999933E-02 -2.846104279E-02  6.562000141E-03  2.984729944E+00 
        13  2.999999933E-02 -2.860504389E-02  6.562000141E-03  2.296933319E+00 
        14  2.999999933E-02 -2.874904312E-02  6.562000141E-03  1.958546567E+00 
        15  2.999999933E-02 -2.889304422E-02  6.562000141E-03  1.633696782E+00 
        16  2.999999933E-02 -2.903704345E-02  6.562000141E-03  1.660296623E+00 
        17  2.999999933E-02 -2.918104269E-02  6.562000141E-03  1.870920514E+00 
        18  2.999999933E-02 -2.932504378E-02  6.562000141E-03  1.613879192E+00 
        19  2.999999933E-02 -2.946904302E-02  6.562000141E-03  1.235837846E+00 
        20  2.999999933E-02 -2.961304411E-02  6.562000141E-03  9.573380586E-01 
        21  2.999999933E-02 -2.975704335E-02  6.562000141E-03  8.190592749E-01 
        22  2.999999933E-02 -2.990104258E-02  6.562000141E-03  7.709116517E-01 
        23  2.999999933E-02 -3.004504368E-02  6.562000141E-03  7.337307748E-01 
        24  2.999999933E-02 -3.018904291E-02  6.562000141E-03  6.794571372E-01 
        25  2.999999933E-02 -3.033304401E-02  6.562000141E-03  5.917198766E-01 
        26  2.999999933E-02 -3.047704324E-02  6.562000141E-03  5.639140581E-01 
        27  2.999999933E-02 -3.062104434E-02  6.562000141E-03  1.074794927E+00 
        28  2.999999933E-02 -3.076504357E-02  6.562000141E-03  8.250484063E-01 
        29  2.999999933E-02 -3.090904281E-02  6.562000141E-03  1.928610076E-01 
        30  2.999999933E-02 -3.105304390E-02  6.562000141E-03  1.093219337E+00 
        31  2.999999933E-02 -3.119704314E-02  6.562000141E-03  1.315948663E+00 
        32  2.999999933E-02 -3.133584931E-02  6.562000141E-03  1.250053797E+00 
        33  2.999999933E-02 -3.145632520E-02  6.562000141E-03  1.139921475E+00 
        34  2.999999933E-02 -2.401195839E-02  6.562000606E-03  3.531570376E-01 
        35  2.999999933E-02 -2.404091880E-02  6.562000141E-03  3.684050239E-01 
        36  2.999999933E-02 -2.412424795E-02  6.562000141E-03  4.367186170E-01 
        37  2.999999933E-02 -2.420346625E-02  6.562000141E-03  3.962744401E-01 
        38  2.999999933E-02 -2.429169975E-02  6.562000141E-03  5.046866404E-01 
        39  2.999999933E-02 -2.442904375E-02  6.562000141E-03  4.808331826E-01 
        40  2.999999933E-02 -2.457304299E-02  6.562000141E-03  4.191494329E-01 
        41  2.999999933E-02 -2.471704409E-02  6.562000141E-03  4.294844335E-01 
        42  2.999999933E-02 -2.486104332E-02  6.562000141E-03  3.567882099E-01 
        43  2.999999933E-02 -2.500504255E-02  6.562000141E-03  3.902004998E-01 
        44  2.999999933E-02 -2.514904365E-02  6.562000141E-03  5.399497700E-01 
        45  2.999999933E-02 -2.529304288E-02  6.562000141E-03  7.352632896E-01 
        46  2.999999933E-02 -2.543704398E-02  6.562000141E-03  8.546448372E-01 
        47  2.999999933E-02 -2.558104321E-02  6.562000141E-03  9.026667467E-01 
        48  2.999999933E-02 -2.572504245E-02  6.562000141E-03  9.072872424E-01 
        49  2.999999933E-02 -2.586904354E-02  6.562000141E-03  9.088785872E-01 
        50  2.999999933E-02 -2.601304278E-02  6.562000141E-03  7.943221614E-01 
        51  2.999999933E-02 -2.615704387E-02  6.562000141E-03  6.439105689E-01 
        52  2.999999933E-02 -2.630104311E-02  6.562000141E-03  6.866701290E-01 
        53  2.999999933E-02 -2.644504420E-02  6.562000141E-03  7.691810211E-01 
        54  2.999999933E-02 -2.658904344E-02  6.562000141E-03  8.250629186E-01 
        55  2.999999933E-02 -2.673304267E-02  6.562000141E-03  8.940267287E-01 
