cellnumber     x-coordinate     y-coordinate     z-coordinate velocity-magnitude 
         1  2.999999933E-02 -2.687704377E-02  6.562000141E-03  2.555985754E+00 
         2  2.999999933E-02 -2.702104300E-02  6.562000141E-03  2.621576227E+00 
         3  2.999999933E-02 -2.716504410E-02  6.562000141E-03  2.784856753E+00 
         4  2.999999933E-02 -2.730904333E-02  6.562000141E-03  2.897286869E+00 
         5  2.999999933E-02 -2.745304257E-02  6.562000141E-03  3.143868158E+00 
         6  2.999999933E-02 -2.759704366E-02  6.562000141E-03  3.299337324E+00 
         7  2.999999933E-02 -2.774104290E-02  6.562000141E-03  3.332242577E+00 
         8  2.999999933E-02 -2.788504399E-02  6.562000141E-03  3.322894417E+00 
         9  2.999999933E-02 -2.802904323E-02  6.562000141E-03  3.228016872E+00 
        10  2.999999933E-02 -2.817304432E-02  6.562000141E-03  2.949159231E+00 
        11  2.999999933E-02 -2.831704356E-02  6.562000141E-03  2.729870111E+00 
        12  2.999999933E-02 -2.846104279E-02  6.562000141E-03  2.704879901E+00 
        13  2.999999933E-02 -2.860504389E-02  6.562000141E-03  2.756678880E+00 
        14  2.999999933E-02 -2.874904312E-02  6.562000141E-03  2.740705239E+00 
        15  2.999999933E-02 -2.889304422E-02  6.562000141E-03  2.476041531E+00 
        16  2.999999933E-02 -2.903704345E-02  6.562000141E-03  2.421753177E+00 
        17  2.999999933E-02 -2.918104269E-02  6.562000141E-03  2.330790638E+00 
        18  2.999999933E-02 -2.932504378E-02  6.562000141E-03  1.945028293E+00 
        19  2.999999933E-02 -2.946904302E-02  6.562000141E-03  1.782718200E+00 
        20  2.999999933E-02 -2.961304411E-02  6.562000141E-03  1.791289306E+00 
        21  2.999999933E-02 -2.975704335E-02  6.562000141E-03  1.269920831E+00 
        22  2.999999933E-02 -2.990104258E-02  6.562000141E-03  6.905015182E-01 
        23  2.999999933E-02 -3.004504368E-02  6.562000141E-03  6.337405858E-01 
        24  2.999999933E-02 -3.018904291E-02  6.562000141E-03  6.455254555E-01 
        25  2.999999933E-02 -3.033304401E-02  6.562000141E-03  8.995068615E-01 
        26  2.999999933E-02 -3.047704324E-02  6.562000141E-03  7.944407284E-01 
        27  2.999999933E-02 -3.062104434E-02  6.562000141E-03  5.219246172E-01 
        28  2.999999933E-02 -3.076504357E-02  6.562000141E-03  5.866390545E-01 
        29  2.999999933E-02 -3.090904281E-02  6.562000141E-03  5.598171207E-01 
        30  2.999999933E-02 -3.105304390E-02  6.562000141E-03  5.568756308E-01 
        31  2.999999933E-02 -3.119704314E-02  6.562000141E-03  6.221063628E-01 
        32  2.999999933E-02 -3.133584931E-02  6.562000141E-03  5.961165983E-01 
        33  2.999999933E-02 -3.145632520E-02  6.562000141E-03  5.696839195E-01 
        34  2.999999933E-02 -2.401195839E-02  6.562000606E-03  3.225271306E-01 
        35  2.999999933E-02 -2.404091880E-02  6.562000141E-03  4.183301603E-01 
        36  2.999999933E-02 -2.412424795E-02  6.562000141E-03  6.464512119E-01 
        37  2.999999933E-02 -2.420346625E-02  6.562000141E-03  7.010201112E-01 
        38  2.999999933E-02 -2.429169975E-02  6.562000141E-03  6.510651360E-01 
        39  2.999999933E-02 -2.442904375E-02  6.562000141E-03  7.858215187E-01 
        40  2.999999933E-02 -2.457304299E-02  6.562000141E-03  8.065032379E-01 
        41  2.999999933E-02 -2.471704409E-02  6.562000141E-03  8.455404302E-01 
        42  2.999999933E-02 -2.486104332E-02  6.562000141E-03  9.315314423E-01 
        43  2.999999933E-02 -2.500504255E-02  6.562000141E-03  1.345948853E+00 
        44  2.999999933E-02 -2.514904365E-02  6.562000141E-03  2.009663751E+00 
        45  2.999999933E-02 -2.529304288E-02  6.562000141E-03  2.404628578E+00 
        46  2.999999933E-02 -2.543704398E-02  6.562000141E-03  2.464015583E+00 
        47  2.999999933E-02 -2.558104321E-02  6.562000141E-03  2.534496665E+00 
        48  2.999999933E-02 -2.572504245E-02  6.562000141E-03  2.717396993E+00 
        49  2.999999933E-02 -2.586904354E-02  6.562000141E-03  2.844857782E+00 
        50  2.999999933E-02 -2.601304278E-02  6.562000141E-03  2.641916113E+00 
        51  2.999999933E-02 -2.615704387E-02  6.562000141E-03  2.533140362E+00 
        52  2.999999933E-02 -2.630104311E-02  6.562000141E-03  2.609011058E+00 
        53  2.999999933E-02 -2.644504420E-02  6.562000141E-03  2.850132544E+00 
        54  2.999999933E-02 -2.658904344E-02  6.562000141E-03  2.872213505E+00 
        55  2.999999933E-02 -2.673304267E-02  6.562000141E-03  2.671358046E+00 
