cellnumber     x-coordinate     y-coordinate     z-coordinate velocity-magnitude 
         1  2.999999933E-02 -3.145632520E-02  6.562000141E-03  7.670222818E-01 
         2  2.999999933E-02 -3.133584931E-02  6.562000141E-03  7.030796126E-01 
         3  2.999999933E-02 -3.119704314E-02  6.562000141E-03  7.158563075E-01 
         4  2.999999933E-02 -2.860504389E-02  6.562000141E-03  2.246901279E+00 
         5  2.999999933E-02 -2.846104279E-02  6.562000141E-03  2.535040772E+00 
         6  2.999999933E-02 -2.831704356E-02  6.562000141E-03  2.506090132E+00 
         7  2.999999933E-02 -2.817304246E-02  6.562000141E-03  2.130994184E+00 
         8  2.999999933E-02 -2.802904323E-02  6.562000141E-03  2.216232746E+00 
         9  2.999999933E-02 -2.788504399E-02  6.562000141E-03  2.493984685E+00 
        10  2.999999933E-02 -2.774104290E-02  6.562000141E-03  2.768541509E+00 
        11  2.999999933E-02 -2.759704366E-02  6.562000141E-03  2.902788055E+00 
        12  2.999999933E-02 -2.745304257E-02  6.562000141E-03  2.923751833E+00 
        13  2.999999933E-02 -2.730904333E-02  6.562000141E-03  2.922496973E+00 
        14  2.999999933E-02 -2.716504410E-02  6.562000141E-03  2.956598064E+00 
        15  2.999999933E-02 -2.702104300E-02  6.562000141E-03  3.027200611E+00 
        16  2.999999933E-02 -2.687704377E-02  6.562000141E-03  3.014682591E+00 
        17  2.999999933E-02 -2.673304267E-02  6.562000141E-03  2.970665258E+00 
        18  2.999999933E-02 -2.658904344E-02  6.562000141E-03  2.978026772E+00 
        19  2.999999933E-02 -2.644504420E-02  6.562000141E-03  2.949751212E+00 
        20  2.999999933E-02 -2.630104311E-02  6.562000141E-03  2.906897331E+00 
        21  2.999999933E-02 -2.615704387E-02  6.562000141E-03  2.861153741E+00 
        22  2.999999933E-02 -2.601304278E-02  6.562000141E-03  2.863544479E+00 
        23  2.999999933E-02 -2.586904354E-02  6.562000141E-03  2.879981942E+00 
        24  2.999999933E-02 -2.572504245E-02  6.562000141E-03  2.869934934E+00 
        25  2.999999933E-02 -2.558104321E-02  6.562000141E-03  2.884757108E+00 
        26  2.999999933E-02 -2.543704398E-02  6.562000141E-03  2.983344651E+00 
        27  2.999999933E-02 -2.529304288E-02  6.562000141E-03  2.969318585E+00 
        28  2.999999933E-02 -2.514904365E-02  6.562000141E-03  2.264181381E+00 
        29  2.999999933E-02 -2.500504255E-02  6.562000141E-03  1.480785122E+00 
        30  2.999999933E-02 -2.486104332E-02  6.562000141E-03  1.240376854E+00 
        31  2.999999933E-02 -2.471704409E-02  6.562000141E-03  9.738898730E-01 
        32  2.999999933E-02 -2.457304299E-02  6.562000141E-03  6.880824990E-01 
        33  2.999999933E-02 -2.442904375E-02  6.562000141E-03  6.109652214E-01 
        34  2.999999933E-02 -2.429169975E-02  6.562000141E-03  4.289417521E-01 
        35  2.999999933E-02 -2.420346625E-02  6.562000606E-03  4.340865974E-01 
        36  3.000000119E-02 -2.412424982E-02  6.562000606E-03  4.318508779E-01 
        37  2.999999933E-02 -2.404091880E-02  6.562000141E-03  4.125534046E-01 
        38  2.999999933E-02 -2.401195839E-02  6.562000606E-03  4.201825615E-01 
        39  2.999999933E-02 -3.105304390E-02  6.562000141E-03  6.917519164E-01 
        40  2.999999933E-02 -3.090904281E-02  6.562000141E-03  5.038066269E-01 
        41  2.999999933E-02 -3.076504357E-02  6.562000141E-03  4.442786171E-01 
        42  2.999999933E-02 -3.062104248E-02  6.562000141E-03  5.977274430E-01 
        43  2.999999933E-02 -3.047704324E-02  6.562000141E-03  7.058676801E-01 
        44  2.999999933E-02 -3.033304401E-02  6.562000141E-03  6.857401586E-01 
        45  2.999999933E-02 -3.018904291E-02  6.562000141E-03  5.921127412E-01 
        46  2.999999933E-02 -3.004504368E-02  6.562000141E-03  4.758191087E-01 
        47  2.999999933E-02 -2.990104258E-02  6.562000141E-03  4.935248331E-01 
        48  2.999999933E-02 -2.975704335E-02  6.562000141E-03  6.393769193E-01 
        49  2.999999933E-02 -2.961304411E-02  6.562000141E-03  9.243722917E-01 
        50  2.999999933E-02 -2.946904302E-02  6.562000141E-03  1.112080977E+00 
        51  2.999999933E-02 -2.932504378E-02  6.562000141E-03  1.317133024E+00 
        52  2.999999933E-02 -2.918104269E-02  6.562000141E-03  1.554986082E+00 
        53  2.999999933E-02 -2.903704345E-02  6.562000141E-03  1.669206842E+00 
        54  2.999999933E-02 -2.889304422E-02  6.562000141E-03  1.716854147E+00 
        55  2.999999933E-02 -2.874904312E-02  6.562000141E-03  1.845795079E+00 
