cellnumber     x-coordinate     y-coordinate     z-coordinate velocity-magnitude 
         1  2.999999933E-02 -2.658904344E-02  6.562000141E-03  2.022948456E+00 
         2  2.999999933E-02 -2.644504420E-02  6.562000141E-03  2.007003949E+00 
         3  2.999999933E-02 -2.630104311E-02  6.562000141E-03  1.777148661E+00 
         4  2.999999933E-02 -2.615704387E-02  6.562000141E-03  1.577739748E+00 
         5  2.999999933E-02 -2.601304278E-02  6.562000141E-03  1.585534858E+00 
         6  2.999999933E-02 -2.586904354E-02  6.562000141E-03  1.651783060E+00 
         7  2.999999933E-02 -2.572504245E-02  6.562000141E-03  1.556522423E+00 
         8  2.999999933E-02 -2.558104321E-02  6.562000141E-03  1.376303763E+00 
         9  2.999999933E-02 -2.543704398E-02  6.562000141E-03  1.168876314E+00 
        10  2.999999933E-02 -2.529304288E-02  6.562000141E-03  1.093651141E+00 
        11  2.999999933E-02 -2.514904365E-02  6.562000141E-03  1.120438029E+00 
        12  2.999999933E-02 -2.500504255E-02  6.562000141E-03  1.127235412E+00 
        13  2.999999933E-02 -2.486104332E-02  6.562000141E-03  1.137015218E+00 
        14  2.999999933E-02 -2.471704409E-02  6.562000141E-03  1.140018050E+00 
        15  2.999999933E-02 -2.457304299E-02  6.562000141E-03  1.240048801E+00 
        16  2.999999933E-02 -2.442904375E-02  6.562000141E-03  1.494874346E+00 
        17  2.999999933E-02 -2.429169975E-02  6.562000141E-03  1.784452893E+00 
        18  2.999999933E-02 -2.420346625E-02  6.562000141E-03  1.730429748E+00 
        19  2.999999933E-02 -2.412424795E-02  6.562000141E-03  1.670365976E+00 
        20  2.999999933E-02 -2.404091880E-02  6.562000141E-03  1.072105791E+00 
        21  2.999999933E-02 -2.401195839E-02  6.562000606E-03  6.630122507E-01 
        22  2.999999933E-02 -2.730904333E-02  6.562000141E-03  2.026206158E+00 
        23  2.999999933E-02 -2.716504410E-02  6.562000141E-03  1.933999264E+00 
        24  2.999999933E-02 -2.702104300E-02  6.562000141E-03  1.819947281E+00 
        25  2.999999933E-02 -2.687704377E-02  6.562000141E-03  1.839840385E+00 
        26  2.999999933E-02 -2.673304267E-02  6.562000141E-03  1.924148464E+00 
        27  2.999999933E-02 -3.145632520E-02  6.562000141E-03  1.501689861E+00 
        28  2.999999933E-02 -3.133584931E-02  6.562000141E-03  1.107994607E+00 
        29  2.999999933E-02 -3.119704314E-02  6.562000141E-03  9.930951256E-01 
        30  2.999999933E-02 -3.105304390E-02  6.562000141E-03  8.733025089E-01 
        31  2.999999933E-02 -3.090904281E-02  6.562000141E-03  8.109140491E-01 
        32  2.999999933E-02 -3.076504357E-02  6.562000141E-03  9.000643997E-01 
        33  2.999999933E-02 -3.062104248E-02  6.562000141E-03  9.589311209E-01 
        34  2.999999933E-02 -3.047704324E-02  6.562000141E-03  9.757116999E-01 
        35  2.999999933E-02 -3.033304401E-02  6.562000141E-03  1.042908627E+00 
        36  2.999999933E-02 -3.018904291E-02  6.562000141E-03  1.255162548E+00 
        37  2.999999933E-02 -3.004504368E-02  6.562000141E-03  1.481611101E+00 
        38  2.999999933E-02 -2.990104258E-02  6.562000141E-03  1.663557192E+00 
        39  2.999999933E-02 -2.975704335E-02  6.562000141E-03  1.746212128E+00 
        40  2.999999933E-02 -2.961304411E-02  6.562000141E-03  1.850906766E+00 
        41  2.999999933E-02 -2.946904302E-02  6.562000141E-03  1.999624868E+00 
        42  2.999999933E-02 -2.932504378E-02  6.562000141E-03  2.103151265E+00 
        43  2.999999933E-02 -2.918104269E-02  6.562000141E-03  2.130172365E+00 
        44  2.999999933E-02 -2.903704345E-02  6.562000141E-03  2.089078722E+00 
        45  2.999999933E-02 -2.889304422E-02  6.562000141E-03  2.004522236E+00 
        46  2.999999933E-02 -2.874904312E-02  6.562000141E-03  1.944571421E+00 
        47  2.999999933E-02 -2.860504389E-02  6.562000141E-03  1.910727163E+00 
        48  2.999999933E-02 -2.846104279E-02  6.562000141E-03  1.735665211E+00 
        49  2.999999933E-02 -2.831704356E-02  6.562000141E-03  1.485340605E+00 
        50  2.999999933E-02 -2.817304246E-02  6.562000141E-03  1.367139771E+00 
        51  2.999999933E-02 -2.802904323E-02  6.562000141E-03  1.559043867E+00 
        52  2.999999933E-02 -2.788504399E-02  6.562000141E-03  1.797317304E+00 
        53  2.999999933E-02 -2.774104290E-02  6.562000141E-03  1.920794902E+00 
        54  2.999999933E-02 -2.759704366E-02  6.562000141E-03  1.980806323E+00 
        55  2.999999933E-02 -2.745304257E-02  6.562000141E-03  2.028564097E+00 
