cellnumber     x-coordinate     y-coordinate     z-coordinate velocity-magnitude 
         1  2.999999933E-02 -2.401195839E-02  6.562000141E-03  1.723952319E+00 
         2  2.999999933E-02 -2.404091880E-02  6.562000141E-03  1.601830108E+00 
         3  2.999999933E-02 -2.412424795E-02  6.562000141E-03  1.353829278E+00 
         4  2.999999933E-02 -2.420346625E-02  6.562000141E-03  1.304248368E+00 
         5  2.999999933E-02 -2.429169975E-02  6.562000141E-03  1.332863448E+00 
         6  2.999999933E-02 -2.442904375E-02  6.562000141E-03  1.489748831E+00 
         7  2.999999933E-02 -2.457304299E-02  6.562000141E-03  1.839919122E+00 
         8  2.999999933E-02 -2.471704409E-02  6.562000141E-03  2.444033219E+00 
         9  2.999999933E-02 -2.486104332E-02  6.562000141E-03  2.758390667E+00 
        10  2.999999933E-02 -2.500504255E-02  6.562000141E-03  2.685847820E+00 
        11  2.999999933E-02 -2.514904365E-02  6.562000141E-03  2.618875234E+00 
        12  2.999999933E-02 -2.529304288E-02  6.562000141E-03  2.591312057E+00 
        13  2.999999933E-02 -2.543704398E-02  6.562000141E-03  2.500193707E+00 
        14  2.999999933E-02 -2.558104321E-02  6.562000141E-03  2.315225258E+00 
        15  2.999999933E-02 -2.572504431E-02  6.562000141E-03  2.139163958E+00 
        16  2.999999933E-02 -2.586904354E-02  6.562000141E-03  2.014486251E+00 
        17  2.999999933E-02 -2.601304278E-02  6.562000141E-03  1.958287707E+00 
        18  2.999999933E-02 -2.615704387E-02  6.562000141E-03  1.866883851E+00 
        19  2.999999933E-02 -2.630104311E-02  6.562000141E-03  1.743951972E+00 
        20  2.999999933E-02 -3.145632520E-02  6.562000141E-03  5.658260868E-01 
        21  2.999999933E-02 -3.133584931E-02  6.562000141E-03  6.324343515E-01 
        22  2.999999933E-02 -3.119704314E-02  6.562000141E-03  6.719703055E-01 
        23  2.999999933E-02 -3.105304390E-02  6.562000141E-03  7.231528103E-01 
        24  2.999999933E-02 -3.090904281E-02  6.562000141E-03  7.974375083E-01 
        25  2.999999933E-02 -3.076504357E-02  6.562000141E-03  8.905258121E-01 
        26  2.999999933E-02 -3.062104248E-02  6.562000141E-03  1.015483016E+00 
        27  2.999999933E-02 -3.047704324E-02  6.562000141E-03  1.150872399E+00 
        28  2.999999933E-02 -3.033304401E-02  6.562000141E-03  1.297525628E+00 
        29  2.999999933E-02 -3.018904291E-02  6.562000141E-03  1.409973140E+00 
        30  2.999999933E-02 -3.004504368E-02  6.562000141E-03  1.441547313E+00 
        31  2.999999933E-02 -2.990104258E-02  6.562000141E-03  1.714697154E+00 
        32  2.999999933E-02 -2.975704335E-02  6.562000141E-03  2.044798687E+00 
        33  2.999999933E-02 -2.961304411E-02  6.562000141E-03  1.949171770E+00 
        34  2.999999933E-02 -2.946904302E-02  6.562000141E-03  1.629474654E+00 
        35  2.999999933E-02 -2.932504378E-02  6.562000141E-03  1.681257320E+00 
        36  2.999999933E-02 -2.918104269E-02  6.562000141E-03  1.898884251E+00 
        37  2.999999933E-02 -2.903704345E-02  6.562000141E-03  2.014226951E+00 
        38  2.999999933E-02 -2.889304422E-02  6.562000141E-03  1.819875435E+00 
        39  2.999999933E-02 -2.874904312E-02  6.562000141E-03  1.498886875E+00 
        40  2.999999933E-02 -2.860504389E-02  6.562000141E-03  1.299942033E+00 
        41  2.999999933E-02 -2.846104279E-02  6.562000141E-03  1.282676389E+00 
        42  2.999999933E-02 -2.831704356E-02  6.562000141E-03  1.284343219E+00 
        43  2.999999933E-02 -2.644504420E-02  6.562000141E-03  1.653653781E+00 
        44  2.999999933E-02 -2.658904344E-02  6.562000141E-03  1.595746477E+00 
        45  2.999999933E-02 -2.673304267E-02  6.562000141E-03  1.565406481E+00 
        46  2.999999933E-02 -2.687704377E-02  6.562000141E-03  1.544669416E+00 
        47  2.999999933E-02 -2.702104300E-02  6.562000141E-03  1.529500466E+00 
        48  2.999999933E-02 -2.716504410E-02  6.562000141E-03  1.546027443E+00 
        49  2.999999933E-02 -2.730904333E-02  6.562000141E-03  1.533740243E+00 
        50  2.999999933E-02 -2.745304257E-02  6.562000141E-03  1.501364809E+00 
        51  2.999999933E-02 -2.759704366E-02  6.562000141E-03  1.451712860E+00 
        52  2.999999933E-02 -2.774104290E-02  6.562000141E-03  1.412583065E+00 
        53  2.999999933E-02 -2.788504399E-02  6.562000141E-03  1.390462616E+00 
        54  2.999999933E-02 -2.802904323E-02  6.562000141E-03  1.335394620E+00 
        55  2.999999933E-02 -2.817304432E-02  6.562000141E-03  1.286856188E+00 
