cellnumber     x-coordinate     y-coordinate     z-coordinate velocity-magnitude 
         1  2.999999933E-02 -2.401195839E-02  6.562000606E-03  6.102927203E-01 
         2  2.999999933E-02 -2.404091880E-02  6.562000141E-03  4.238568475E-01 
         3  3.000000119E-02 -2.412424982E-02  6.562000606E-03  3.715748247E-01 
         4  2.999999933E-02 -2.420346625E-02  6.562000606E-03  6.469953271E-01 
         5  2.999999933E-02 -2.429169975E-02  6.562000141E-03  1.590406468E+00 
         6  2.999999933E-02 -2.442904375E-02  6.562000141E-03  2.002301311E+00 
         7  2.999999933E-02 -2.457304299E-02  6.562000141E-03  1.958001080E+00 
         8  2.999999933E-02 -2.471704409E-02  6.562000141E-03  1.846402426E+00 
         9  2.999999933E-02 -2.486104332E-02  6.562000141E-03  1.849868890E+00 
        10  2.999999933E-02 -2.500504255E-02  6.562000141E-03  1.852742933E+00 
        11  2.999999933E-02 -2.514904365E-02  6.562000141E-03  1.902986310E+00 
        12  2.999999933E-02 -2.529304288E-02  6.562000141E-03  1.958742303E+00 
        13  2.999999933E-02 -2.543704398E-02  6.562000141E-03  1.989233271E+00 
        14  2.999999933E-02 -2.558104321E-02  6.562000141E-03  1.977565829E+00 
        15  2.999999933E-02 -2.572504245E-02  6.562000141E-03  1.571880351E+00 
        16  2.999999933E-02 -2.586904354E-02  6.562000141E-03  1.925208212E+00 
        17  2.999999933E-02 -2.601304278E-02  6.562000141E-03  2.737934356E+00 
        18  2.999999933E-02 -2.615704387E-02  6.562000141E-03  2.561515738E+00 
        19  2.999999933E-02 -2.630104311E-02  6.562000141E-03  2.567633300E+00 
        20  2.999999933E-02 -2.644504420E-02  6.562000141E-03  2.652483202E+00 
        21  2.999999933E-02 -2.658904344E-02  6.562000141E-03  2.620895578E+00 
        22  2.999999933E-02 -2.673304267E-02  6.562000141E-03  2.876375716E+00 
        23  2.999999933E-02 -2.687704377E-02  6.562000141E-03  3.156185185E+00 
        24  2.999999933E-02 -2.702104300E-02  6.562000141E-03  3.274173584E+00 
        25  2.999999933E-02 -2.716504410E-02  6.562000141E-03  3.318269245E+00 
        26  2.999999933E-02 -2.730904333E-02  6.562000141E-03  3.277199375E+00 
        27  2.999999933E-02 -2.745304257E-02  6.562000141E-03  3.229205088E+00 
        28  2.999999933E-02 -2.759704366E-02  6.562000141E-03  3.207150046E+00 
        29  2.999999933E-02 -2.774104290E-02  6.562000141E-03  3.218730208E+00 
        30  3.000000119E-02 -3.145632893E-02  6.562000141E-03  1.613877477E+00 
        31  2.999999933E-02 -3.133584931E-02  6.562000141E-03  1.880104947E+00 
        32  2.999999933E-02 -3.119704314E-02  6.562000141E-03  1.898000616E+00 
        33  2.999999933E-02 -3.105304390E-02  6.562000141E-03  1.648508206E+00 
        34  2.999999933E-02 -3.090904281E-02  6.562000141E-03  1.450761471E+00 
        35  2.999999933E-02 -3.076504357E-02  6.562000141E-03  1.379400226E+00 
        36  2.999999933E-02 -3.062104248E-02  6.562000141E-03  1.291443062E+00 
        37  2.999999933E-02 -3.047704324E-02  6.562000141E-03  1.368247523E+00 
        38  2.999999933E-02 -3.033304401E-02  6.562000141E-03  1.623852661E+00 
        39  2.999999933E-02 -3.018904291E-02  6.562000141E-03  1.586793274E+00 
        40  2.999999933E-02 -3.004504368E-02  6.562000141E-03  1.625024668E+00 
        41  2.999999933E-02 -2.990104258E-02  6.562000141E-03  1.700847665E+00 
        42  2.999999933E-02 -2.975704335E-02  6.562000141E-03  1.689152843E+00 
        43  2.999999933E-02 -2.961304411E-02  6.562000141E-03  1.701518794E+00 
        44  2.999999933E-02 -2.946904302E-02  6.562000141E-03  1.814746177E+00 
        45  2.999999933E-02 -2.932504378E-02  6.562000141E-03  1.913330547E+00 
        46  2.999999933E-02 -2.918104269E-02  6.562000141E-03  1.966930381E+00 
        47  2.999999933E-02 -2.903704345E-02  6.562000141E-03  2.086539540E+00 
        48  2.999999933E-02 -2.889304422E-02  6.562000141E-03  2.342461816E+00 
        49  2.999999933E-02 -2.874904312E-02  6.562000141E-03  2.502536566E+00 
        50  2.999999933E-02 -2.860504389E-02  6.562000141E-03  2.497285479E+00 
        51  2.999999933E-02 -2.846104279E-02  6.562000141E-03  2.717604033E+00 
        52  2.999999933E-02 -2.831704356E-02  6.562000141E-03  2.994153224E+00 
        53  2.999999933E-02 -2.817304246E-02  6.562000141E-03  3.115936860E+00 
        54  2.999999933E-02 -2.802904323E-02  6.562000141E-03  3.032870997E+00 
        55  2.999999933E-02 -2.788504399E-02  6.562000141E-03  3.081821381E+00 
