cellnumber     x-coordinate     y-coordinate     z-coordinate velocity-magnitude 
         1  2.999999933E-02 -2.687704377E-02  6.562000141E-03  2.351015226E+00 
         2  2.999999933E-02 -2.702104300E-02  6.562000141E-03  2.262040700E+00 
         3  2.999999933E-02 -2.716504410E-02  6.562000141E-03  2.207487599E+00 
         4  2.999999933E-02 -2.730904333E-02  6.562000141E-03  2.204242373E+00 
         5  2.999999933E-02 -2.745304257E-02  6.562000141E-03  2.133963218E+00 
         6  2.999999933E-02 -2.759704366E-02  6.562000141E-03  2.102310379E+00 
         7  2.999999933E-02 -2.774104290E-02  6.562000141E-03  2.201285226E+00 
         8  2.999999933E-02 -2.788504399E-02  6.562000141E-03  2.277432014E+00 
         9  2.999999933E-02 -2.802904323E-02  6.562000141E-03  2.329471449E+00 
        10  2.999999933E-02 -2.817304432E-02  6.562000141E-03  2.391960763E+00 
        11  2.999999933E-02 -2.831704356E-02  6.562000141E-03  2.391830862E+00 
        12  2.999999933E-02 -2.846104279E-02  6.562000141E-03  2.323499487E+00 
        13  2.999999933E-02 -2.860504389E-02  6.562000141E-03  1.809062627E+00 
        14  2.999999933E-02 -2.874904312E-02  6.562000141E-03  7.099379673E-01 
        15  2.999999933E-02 -2.889304422E-02  6.562000141E-03  1.012541529E+00 
        16  2.999999933E-02 -2.903704345E-02  6.562000141E-03  1.070618477E+00 
        17  2.999999933E-02 -2.918104269E-02  6.562000141E-03  1.023308330E+00 
        18  2.999999933E-02 -2.932504378E-02  6.562000141E-03  1.103418153E+00 
        19  2.999999933E-02 -2.946904302E-02  6.562000141E-03  9.094612095E-01 
        20  2.999999933E-02 -2.961304411E-02  6.562000141E-03  7.863826514E-01 
        21  2.999999933E-02 -2.975704335E-02  6.562000141E-03  7.098082589E-01 
        22  2.999999933E-02 -2.990104258E-02  6.562000141E-03  6.083297807E-01 
        23  2.999999933E-02 -3.004504368E-02  6.562000141E-03  5.775077285E-01 
        24  2.999999933E-02 -3.018904291E-02  6.562000141E-03  5.783904295E-01 
        25  2.999999933E-02 -3.033304401E-02  6.562000141E-03  5.092649811E-01 
        26  2.999999933E-02 -3.047704324E-02  6.562000141E-03  5.195384119E-01 
        27  2.999999933E-02 -3.062104434E-02  6.562000141E-03  5.147629479E-01 
        28  2.999999933E-02 -3.076504357E-02  6.562000141E-03  5.198729786E-01 
        29  2.999999933E-02 -3.090904281E-02  6.562000141E-03  4.669407652E-01 
        30  2.999999933E-02 -3.105304390E-02  6.562000141E-03  3.549215102E-01 
        31  2.999999933E-02 -3.119704314E-02  6.562000141E-03  2.894850043E-01 
        32  2.999999933E-02 -3.133584931E-02  6.562000141E-03  2.388784950E-01 
        33  2.999999933E-02 -3.145632520E-02  6.562000141E-03  1.276286787E-01 
        34  2.999999933E-02 -2.401195839E-02  6.562000606E-03  2.231697349E+00 
        35  2.999999933E-02 -2.404091880E-02  6.562000141E-03  2.238739848E+00 
        36  2.999999933E-02 -2.412424795E-02  6.562000141E-03  2.157009953E+00 
        37  2.999999933E-02 -2.420346625E-02  6.562000141E-03  1.988790439E+00 
        38  2.999999933E-02 -2.429169975E-02  6.562000141E-03  1.848126362E+00 
        39  2.999999933E-02 -2.442904375E-02  6.562000141E-03  1.653377516E+00 
        40  2.999999933E-02 -2.457304299E-02  6.562000141E-03  1.743159969E+00 
        41  2.999999933E-02 -2.471704409E-02  6.562000141E-03  1.928350349E+00 
        42  2.999999933E-02 -2.486104332E-02  6.562000141E-03  2.188191740E+00 
        43  2.999999933E-02 -2.500504255E-02  6.562000141E-03  2.369309141E+00 
        44  2.999999933E-02 -2.514904365E-02  6.562000141E-03  2.477936892E+00 
        45  2.999999933E-02 -2.529304288E-02  6.562000141E-03  2.547672294E+00 
        46  2.999999933E-02 -2.543704398E-02  6.562000141E-03  2.603229215E+00 
        47  2.999999933E-02 -2.558104321E-02  6.562000141E-03  2.606649131E+00 
        48  2.999999933E-02 -2.572504245E-02  6.562000141E-03  2.552125755E+00 
        49  2.999999933E-02 -2.586904354E-02  6.562000141E-03  2.491309636E+00 
        50  2.999999933E-02 -2.601304278E-02  6.562000141E-03  2.395568483E+00 
        51  2.999999933E-02 -2.615704387E-02  6.562000141E-03  2.256697915E+00 
        52  2.999999933E-02 -2.630104311E-02  6.562000141E-03  2.190014668E+00 
        53  2.999999933E-02 -2.644504420E-02  6.562000141E-03  2.352015634E+00 
        54  2.999999933E-02 -2.658904344E-02  6.562000141E-03  2.417228836E+00 
        55  2.999999933E-02 -2.673304267E-02  6.562000141E-03  2.454581539E+00 
