cellnumber     x-coordinate     y-coordinate     z-coordinate velocity-magnitude 
         1  2.999999933E-02 -2.401195839E-02  6.562000606E-03  6.224816952E-01 
         2  2.999999933E-02 -2.404091880E-02  6.562000141E-03  7.700468430E-01 
         3  2.999999933E-02 -2.412424795E-02  6.562000141E-03  8.074142257E-01 
         4  2.999999933E-02 -2.420346625E-02  6.562000141E-03  9.147335835E-01 
         5  2.999999933E-02 -2.429169975E-02  6.562000141E-03  1.372046165E+00 
         6  2.999999933E-02 -2.442904375E-02  6.562000141E-03  1.415092611E+00 
         7  2.999999933E-02 -2.457304299E-02  6.562000141E-03  1.349748887E+00 
         8  2.999999933E-02 -2.471704409E-02  6.562000141E-03  1.419869069E+00 
         9  2.999999933E-02 -2.486104332E-02  6.562000141E-03  1.509905338E+00 
        10  2.999999933E-02 -2.500504255E-02  6.562000141E-03  1.526705303E+00 
        11  2.999999933E-02 -2.514904365E-02  6.562000141E-03  1.524422432E+00 
        12  2.999999933E-02 -2.529304288E-02  6.562000141E-03  1.512797566E+00 
        13  2.999999933E-02 -2.543704398E-02  6.562000141E-03  1.525889745E+00 
        14  2.999999933E-02 -2.558104321E-02  6.562000141E-03  1.577865064E+00 
        15  2.999999933E-02 -2.572504245E-02  6.562000141E-03  1.574899242E+00 
        16  2.999999933E-02 -2.586904354E-02  6.562000141E-03  1.598250883E+00 
        17  2.999999933E-02 -2.601304278E-02  6.562000141E-03  1.551564187E+00 
        18  2.999999933E-02 -2.615704387E-02  6.562000141E-03  1.454453930E+00 
        19  2.999999933E-02 -2.630104311E-02  6.562000141E-03  1.639240868E+00 
        20  2.999999933E-02 -2.644504420E-02  6.562000141E-03  2.068429808E+00 
        21  2.999999933E-02 -2.658904344E-02  6.562000141E-03  2.392521685E+00 
        22  2.999999933E-02 -2.673304267E-02  6.562000141E-03  2.505975361E+00 
        23  2.999999933E-02 -2.687704377E-02  6.562000141E-03  3.036500427E+00 
        24  2.999999933E-02 -2.702104300E-02  6.562000141E-03  3.562934475E+00 
        25  2.999999933E-02 -3.145632520E-02  6.562000141E-03  9.455563922E-01 
        26  2.999999933E-02 -3.133584931E-02  6.562000141E-03  7.049418176E-01 
        27  2.999999933E-02 -3.119704314E-02  6.562000141E-03  9.331035411E-01 
        28  2.999999933E-02 -3.105304390E-02  6.562000141E-03  1.083586327E+00 
        29  2.999999933E-02 -3.090904281E-02  6.562000141E-03  1.181121564E+00 
        30  2.999999933E-02 -3.076504357E-02  6.562000141E-03  1.145668592E+00 
        31  2.999999933E-02 -3.062104248E-02  6.562000141E-03  1.045531532E+00 
        32  2.999999933E-02 -3.047704324E-02  6.562000141E-03  9.893216615E-01 
        33  2.999999933E-02 -3.033304401E-02  6.562000141E-03  1.103866625E+00 
        34  2.999999933E-02 -3.018904291E-02  6.562000141E-03  1.155021506E+00 
        35  2.999999933E-02 -3.004504368E-02  6.562000141E-03  1.277576475E+00 
        36  2.999999933E-02 -2.990104258E-02  6.562000141E-03  1.328433044E+00 
        37  2.999999933E-02 -2.975704335E-02  6.562000141E-03  1.480448280E+00 
        38  2.999999933E-02 -2.961304411E-02  6.562000141E-03  1.733283976E+00 
        39  2.999999933E-02 -2.946904302E-02  6.562000141E-03  2.173643657E+00 
        40  2.999999933E-02 -2.932504378E-02  6.562000141E-03  2.700280715E+00 
        41  2.999999933E-02 -2.918104269E-02  6.562000141E-03  2.704936848E+00 
        42  2.999999933E-02 -2.903704345E-02  6.562000141E-03  2.912763641E+00 
        43  2.999999933E-02 -2.889304422E-02  6.562000141E-03  2.975965766E+00 
        44  2.999999933E-02 -2.874904312E-02  6.562000141E-03  2.953764010E+00 
        45  2.999999933E-02 -2.860504389E-02  6.562000141E-03  2.940723743E+00 
        46  2.999999933E-02 -2.846104279E-02  6.562000141E-03  2.930588543E+00 
        47  2.999999933E-02 -2.831704356E-02  6.562000141E-03  2.952818895E+00 
        48  2.999999933E-02 -2.817304246E-02  6.562000141E-03  3.009002326E+00 
        49  2.999999933E-02 -2.802904323E-02  6.562000141E-03  3.119700224E+00 
        50  2.999999933E-02 -2.788504399E-02  6.562000141E-03  3.257756863E+00 
        51  2.999999933E-02 -2.774104290E-02  6.562000141E-03  3.269102320E+00 
        52  2.999999933E-02 -2.759704366E-02  6.562000141E-03  3.325079175E+00 
        53  2.999999933E-02 -2.745304257E-02  6.562000141E-03  3.413673871E+00 
        54  2.999999933E-02 -2.730904333E-02  6.562000141E-03  3.443766250E+00 
        55  2.999999933E-02 -2.716504410E-02  6.562000141E-03  3.593193879E+00 
