cellnumber     x-coordinate     y-coordinate     z-coordinate velocity-magnitude 
         1  1.999996044E-02 -2.592459694E-02  6.562000141E-03  2.887512174E+00 
         2  1.999999955E-02 -2.716504410E-02  6.562000141E-03  3.210283946E+00 
         3  1.999999955E-02 -2.730904333E-02  6.562000141E-03  3.230837932E+00 
         4  1.999999955E-02 -2.745304257E-02  6.562000141E-03  3.256366062E+00 
         5  1.999999955E-02 -2.759704366E-02  6.562000141E-03  3.297497808E+00 
         6  1.999999955E-02 -2.774104290E-02  6.562000141E-03  3.297164801E+00 
         7  1.999999955E-02 -2.788504399E-02  6.562000141E-03  3.199066502E+00 
         8  1.999999955E-02 -2.802904323E-02  6.562000141E-03  3.100681876E+00 
         9  1.999999955E-02 -2.817304432E-02  6.562000141E-03  3.057037892E+00 
        10  1.999999955E-02 -2.831704356E-02  6.562000141E-03  3.052960459E+00 
        11  1.999999955E-02 -2.846104279E-02  6.562000141E-03  3.082703724E+00 
        12  1.999999955E-02 -2.860504389E-02  6.562000141E-03  3.168737334E+00 
        13  1.999999955E-02 -2.874904312E-02  6.562000141E-03  3.260331747E+00 
        14  1.999999955E-02 -2.889304236E-02  6.562000141E-03  3.365781056E+00 
        15  1.999999955E-02 -2.903704345E-02  6.562000141E-03  3.488966724E+00 
        16  1.999999955E-02 -2.918104269E-02  6.562000141E-03  3.532566468E+00 
        17  1.999999955E-02 -2.932504192E-02  6.562000141E-03  3.188267198E+00 
        18  1.999999955E-02 -2.946904302E-02  6.562000141E-03  2.341980658E+00 
        19  1.999999955E-02 -2.959104441E-02  6.562000141E-03  1.986135795E+00 
        20  1.999999955E-02 -2.971169166E-02  6.562000141E-03  1.653493491E+00 
        21  1.999999955E-02 -2.980891429E-02  6.562000141E-03  1.300380438E+00 
        22  1.999999955E-02 -2.984774485E-02  6.562000141E-03  1.083136415E+00 
        23  1.999994740E-02 -2.602700889E-02  6.562000141E-03  2.897458101E+00 
        24  1.999998651E-02 -2.607314475E-02  6.562000141E-03  2.916146049E+00 
        25  1.999999955E-02 -2.615704387E-02  6.562000141E-03  3.088658767E+00 
        26  1.999999955E-02 -2.630104311E-02  6.562000141E-03  3.238730668E+00 
        27  1.999999955E-02 -2.644504420E-02  6.562000141E-03  3.345979959E+00 
        28  1.999999955E-02 -2.658904344E-02  6.562000141E-03  3.394053115E+00 
        29  1.999999955E-02 -2.673304267E-02  6.562000141E-03  3.381867315E+00 
        30  1.999999955E-02 -2.687704377E-02  6.562000141E-03  3.340946673E+00 
        31  1.999999955E-02 -2.702104300E-02  6.562000141E-03  3.239978390E+00 
        32  1.999999955E-02 -2.583321184E-02  6.561999675E-03  2.812773451E+00 
