cellnumber     x-coordinate     y-coordinate     z-coordinate velocity-magnitude 
         1  2.999999933E-02 -2.946904302E-02  6.562000141E-03  3.498746172E+00 
         2  2.999999933E-02 -2.932504378E-02  6.562000141E-03  4.194565021E+00 
         3  2.999999933E-02 -2.918104269E-02  6.562000141E-03  4.977954402E+00 
         4  2.999999933E-02 -2.903704345E-02  6.562000141E-03  5.933874182E+00 
         5  2.999999933E-02 -2.889304422E-02  6.562000141E-03  6.833018861E+00 
         6  2.999999933E-02 -2.874904312E-02  6.562000141E-03  7.464847701E+00 
         7  2.999999933E-02 -2.860504389E-02  6.562000141E-03  7.525458393E+00 
         8  2.999999933E-02 -2.846104279E-02  6.562000141E-03  7.177466816E+00 
         9  2.999999933E-02 -2.831704356E-02  6.562000141E-03  6.851776827E+00 
        10  2.999999933E-02 -2.817304246E-02  6.562000141E-03  6.550188712E+00 
        11  2.999999933E-02 -2.802904323E-02  6.562000141E-03  6.283517313E+00 
        12  2.999999933E-02 -2.788504399E-02  6.562000141E-03  6.080549094E+00 
        13  2.999999933E-02 -2.774104290E-02  6.562000141E-03  5.986093254E+00 
        14  2.999999933E-02 -2.759704366E-02  6.562000141E-03  5.945073777E+00 
        15  2.999999933E-02 -2.745304257E-02  6.562000141E-03  5.944336175E+00 
        16  2.999999933E-02 -2.730904333E-02  6.562000141E-03  6.015457748E+00 
        17  2.999999933E-02 -2.716504410E-02  6.562000141E-03  6.054086450E+00 
        18  2.999999933E-02 -2.702104300E-02  6.562000141E-03  5.814443735E+00 
        19  2.999999933E-02 -2.687704377E-02  6.562000141E-03  5.777446937E+00 
        20  2.999999933E-02 -2.673304267E-02  6.562000141E-03  5.514969950E+00 
        21  2.999999933E-02 -2.658904344E-02  6.562000141E-03  5.024026024E+00 
        22  2.999999933E-02 -2.644504420E-02  6.562000141E-03  4.911492510E+00 
        23  2.999999933E-02 -2.630104311E-02  6.562000141E-03  4.963062815E+00 
        24  2.999999933E-02 -2.615704387E-02  6.562000141E-03  4.664761454E+00 
        25  2.999999933E-02 -2.601304278E-02  6.562000141E-03  4.088729409E+00 
        26  2.999999933E-02 -2.586904354E-02  6.562000141E-03  3.928459458E+00 
        27  2.999999933E-02 -2.572504245E-02  6.562000141E-03  3.321031412E+00 
        28  2.999999933E-02 -2.558104321E-02  6.562000141E-03  2.752143296E+00 
        29  2.999999933E-02 -2.543704398E-02  6.562000141E-03  2.560295285E+00 
        30  2.999999933E-02 -2.529304288E-02  6.562000141E-03  2.641929592E+00 
        31  2.999999933E-02 -2.514904365E-02  6.562000141E-03  2.576483524E+00 
        32  2.999999933E-02 -2.500504255E-02  6.562000141E-03  2.433271215E+00 
        33  2.999999933E-02 -2.486104332E-02  6.562000141E-03  2.217557525E+00 
        34  2.999999933E-02 -2.471704409E-02  6.562000141E-03  1.935981658E+00 
        35  2.999999933E-02 -2.457304299E-02  6.562000141E-03  1.519671395E+00 
        36  2.999999933E-02 -2.442904375E-02  6.562000141E-03  1.737775739E+00 
        37  3.000000119E-02 -3.145632893E-02  6.562000141E-03  8.816592180E-01 
        38  2.999999933E-02 -3.133584931E-02  6.562000141E-03  8.882450534E-01 
        39  2.999999933E-02 -3.119704314E-02  6.562000141E-03  1.120835597E+00 
        40  2.999999933E-02 -3.105304390E-02  6.562000141E-03  1.678454710E+00 
        41  2.999999933E-02 -3.090904281E-02  6.562000141E-03  2.012490703E+00 
        42  2.999999933E-02 -3.076504357E-02  6.562000141E-03  2.295138008E+00 
        43  2.999999933E-02 -3.062104248E-02  6.562000141E-03  2.545580928E+00 
        44  2.999999933E-02 -3.047704324E-02  6.562000141E-03  2.758998775E+00 
        45  2.999999933E-02 -3.033304401E-02  6.562000141E-03  2.398890675E+00 
        46  2.999999933E-02 -3.018904291E-02  6.562000141E-03  2.990877745E+00 
        47  2.999999933E-02 -3.004504368E-02  6.562000141E-03  3.925182460E+00 
        48  2.999999933E-02 -2.990104258E-02  6.562000141E-03  3.643882114E+00 
        49  2.999999933E-02 -2.975704335E-02  6.562000141E-03  3.117669741E+00 
        50  2.999999933E-02 -2.961304411E-02  6.562000141E-03  2.998391543E+00 
        51  2.999999933E-02 -2.429169975E-02  6.562000141E-03  1.617743423E+00 
        52  2.999999933E-02 -2.420346625E-02  6.562000606E-03  1.392182970E+00 
        53  3.000000119E-02 -2.412424982E-02  6.562000606E-03  5.318181197E-01 
        54  2.999999933E-02 -2.404091880E-02  6.562000141E-03  1.992907403E-01 
        55  2.999999933E-02 -2.401195839E-02  6.562000606E-03  1.161327249E-01 
