cellnumber     x-coordinate     y-coordinate     z-coordinate velocity-magnitude 
         1  2.999999933E-02 -2.946904302E-02  6.562000141E-03  4.443602291E+00 
         2  2.999999933E-02 -2.932504378E-02  6.562000141E-03  4.379611838E+00 
         3  2.999999933E-02 -2.918104269E-02  6.562000141E-03  4.486719870E+00 
         4  2.999999933E-02 -2.903704345E-02  6.562000141E-03  4.447620789E+00 
         5  2.999999933E-02 -2.889304422E-02  6.562000141E-03  4.476414444E+00 
         6  2.999999933E-02 -2.874904312E-02  6.562000141E-03  4.570880386E+00 
         7  2.999999933E-02 -2.860504389E-02  6.562000141E-03  4.744302103E+00 
         8  2.999999933E-02 -2.846104279E-02  6.562000141E-03  4.795595273E+00 
         9  2.999999933E-02 -2.831704356E-02  6.562000141E-03  4.936089373E+00 
        10  2.999999933E-02 -2.817304246E-02  6.562000141E-03  5.359081773E+00 
        11  2.999999933E-02 -2.802904323E-02  6.562000141E-03  5.761371675E+00 
        12  2.999999933E-02 -2.788504399E-02  6.562000141E-03  5.987906098E+00 
        13  2.999999933E-02 -2.774104290E-02  6.562000141E-03  6.024291857E+00 
        14  2.999999933E-02 -2.759704366E-02  6.562000141E-03  5.870067833E+00 
        15  2.999999933E-02 -2.745304257E-02  6.562000141E-03  5.465553709E+00 
        16  2.999999933E-02 -2.730904333E-02  6.562000141E-03  5.129699655E+00 
        17  2.999999933E-02 -2.716504410E-02  6.562000141E-03  4.874936907E+00 
        18  2.999999933E-02 -2.702104300E-02  6.562000141E-03  4.507603369E+00 
        19  2.999999933E-02 -2.687704377E-02  6.562000141E-03  4.206608363E+00 
        20  2.999999933E-02 -2.673304267E-02  6.562000141E-03  4.211786950E+00 
        21  2.999999933E-02 -2.658904344E-02  6.562000141E-03  4.386872794E+00 
        22  2.999999933E-02 -2.644504420E-02  6.562000141E-03  4.804166994E+00 
        23  2.999999933E-02 -2.630104311E-02  6.562000141E-03  4.946924259E+00 
        24  2.999999933E-02 -2.615704387E-02  6.562000141E-03  4.550445500E+00 
        25  2.999999933E-02 -2.601304278E-02  6.562000141E-03  3.367755518E+00 
        26  2.999999933E-02 -2.586904354E-02  6.562000141E-03  2.451782073E+00 
        27  2.999999933E-02 -2.572504245E-02  6.562000141E-03  2.142333832E+00 
        28  2.999999933E-02 -2.558104321E-02  6.562000141E-03  1.767061283E+00 
        29  2.999999933E-02 -2.543704398E-02  6.562000141E-03  1.480587342E+00 
        30  2.999999933E-02 -2.529304288E-02  6.562000141E-03  1.999961698E+00 
        31  2.999999933E-02 -2.514904365E-02  6.562000141E-03  2.395987476E+00 
        32  2.999999933E-02 -2.500504255E-02  6.562000141E-03  2.011864904E+00 
        33  2.999999933E-02 -2.486104332E-02  6.562000141E-03  2.298694202E+00 
        34  2.999999933E-02 -2.471704409E-02  6.562000141E-03  2.741935602E+00 
        35  2.999999933E-02 -2.457304299E-02  6.562000141E-03  2.795965359E+00 
        36  2.999999933E-02 -2.442904375E-02  6.562000141E-03  2.700104765E+00 
        37  3.000000119E-02 -3.145632893E-02  6.562000141E-03  4.212779292E+00 
        38  2.999999933E-02 -3.133584931E-02  6.562000141E-03  3.841891440E+00 
        39  2.999999933E-02 -3.119704314E-02  6.562000141E-03  3.381465214E+00 
        40  2.999999933E-02 -3.105304390E-02  6.562000141E-03  3.202504190E+00 
        41  2.999999933E-02 -3.090904281E-02  6.562000141E-03  3.274487179E+00 
        42  2.999999933E-02 -3.076504357E-02  6.562000141E-03  3.317749446E+00 
        43  2.999999933E-02 -3.062104248E-02  6.562000141E-03  3.172583376E+00 
        44  2.999999933E-02 -3.047704324E-02  6.562000141E-03  3.084391482E+00 
        45  2.999999933E-02 -3.033304401E-02  6.562000141E-03  3.195339612E+00 
        46  2.999999933E-02 -3.018904291E-02  6.562000141E-03  3.444216802E+00 
        47  2.999999933E-02 -3.004504368E-02  6.562000141E-03  3.777277187E+00 
        48  2.999999933E-02 -2.990104258E-02  6.562000141E-03  4.207492035E+00 
        49  2.999999933E-02 -2.975704335E-02  6.562000141E-03  4.537468810E+00 
        50  2.999999933E-02 -2.961304411E-02  6.562000141E-03  4.658370616E+00 
        51  2.999999933E-02 -2.429169975E-02  6.562000141E-03  2.382118086E+00 
        52  2.999999933E-02 -2.420346625E-02  6.562000606E-03  1.671919418E+00 
        53  3.000000119E-02 -2.412424982E-02  6.562000606E-03  1.596683161E+00 
        54  2.999999933E-02 -2.404091880E-02  6.562000141E-03  7.416357112E-01 
        55  2.999999933E-02 -2.401195839E-02  6.562000606E-03  5.597223656E-01 
