cellnumber     x-coordinate     y-coordinate     z-coordinate velocity-magnitude 
         1  2.999999933E-02 -2.946904302E-02  6.562000141E-03  6.466049109E+00 
         2  2.999999933E-02 -2.932504378E-02  6.562000141E-03  6.804045351E+00 
         3  2.999999933E-02 -2.918104269E-02  6.562000141E-03  7.078632411E+00 
         4  2.999999933E-02 -2.903704345E-02  6.562000141E-03  6.904036634E+00 
         5  2.999999933E-02 -2.889304422E-02  6.562000141E-03  5.269988211E+00 
         6  2.999999933E-02 -2.874904312E-02  6.562000141E-03  3.880102901E+00 
         7  2.999999933E-02 -2.860504389E-02  6.562000141E-03  4.424225776E+00 
         8  2.999999933E-02 -2.846104279E-02  6.562000141E-03  4.547562454E+00 
         9  2.999999933E-02 -2.831704356E-02  6.562000141E-03  3.757093058E+00 
        10  2.999999933E-02 -2.817304246E-02  6.562000141E-03  3.534773238E+00 
        11  2.999999933E-02 -2.802904323E-02  6.562000141E-03  4.072468740E+00 
        12  2.999999933E-02 -2.788504399E-02  6.562000141E-03  5.519100103E+00 
        13  2.999999933E-02 -2.774104290E-02  6.562000141E-03  6.153709204E+00 
        14  2.999999933E-02 -2.759704366E-02  6.562000141E-03  6.285276452E+00 
        15  2.999999933E-02 -2.745304257E-02  6.562000141E-03  6.077694970E+00 
        16  2.999999933E-02 -2.730904333E-02  6.562000141E-03  5.350693941E+00 
        17  2.999999933E-02 -2.716504410E-02  6.562000141E-03  5.368227289E+00 
        18  2.999999933E-02 -2.702104300E-02  6.562000141E-03  5.922619623E+00 
        19  2.999999933E-02 -2.687704377E-02  6.562000141E-03  6.836525190E+00 
        20  2.999999933E-02 -2.673304267E-02  6.562000141E-03  7.158848456E+00 
        21  2.999999933E-02 -2.658904344E-02  6.562000141E-03  7.146464058E+00 
        22  2.999999933E-02 -2.644504420E-02  6.562000141E-03  6.933326524E+00 
        23  2.999999933E-02 -2.630104311E-02  6.562000141E-03  6.792489201E+00 
        24  2.999999933E-02 -2.615704387E-02  6.562000141E-03  6.529299625E+00 
        25  2.999999933E-02 -2.601304278E-02  6.562000141E-03  5.548807550E+00 
        26  2.999999933E-02 -2.586904354E-02  6.562000141E-03  3.849935026E+00 
        27  2.999999933E-02 -2.572504245E-02  6.562000141E-03  1.850818625E+00 
        28  2.999999933E-02 -2.558104321E-02  6.562000141E-03  1.464234883E+00 
        29  2.999999933E-02 -2.543704398E-02  6.562000141E-03  1.013879808E+00 
        30  2.999999933E-02 -2.529304288E-02  6.562000141E-03  7.356485553E-01 
        31  2.999999933E-02 -2.514904365E-02  6.562000141E-03  7.451368020E-01 
        32  2.999999933E-02 -2.500504255E-02  6.562000141E-03  8.904982656E-01 
        33  2.999999933E-02 -2.486104332E-02  6.562000141E-03  9.563546978E-01 
        34  2.999999933E-02 -2.471704409E-02  6.562000141E-03  9.705168901E-01 
        35  2.999999933E-02 -2.457304299E-02  6.562000141E-03  1.016026210E+00 
        36  2.999999933E-02 -2.442904375E-02  6.562000141E-03  9.511450521E-01 
        37  3.000000119E-02 -3.145632893E-02  6.562000141E-03  1.605406555E+00 
        38  2.999999933E-02 -3.133584931E-02  6.562000141E-03  1.245847110E+00 
        39  2.999999933E-02 -3.119704314E-02  6.562000141E-03  1.036957380E+00 
        40  2.999999933E-02 -3.105304390E-02  6.562000141E-03  1.228977274E+00 
        41  2.999999933E-02 -3.090904281E-02  6.562000141E-03  1.930640288E+00 
        42  2.999999933E-02 -3.076504357E-02  6.562000141E-03  3.148459194E+00 
        43  2.999999933E-02 -3.062104248E-02  6.562000141E-03  4.122481352E+00 
        44  2.999999933E-02 -3.047704324E-02  6.562000141E-03  4.193378876E+00 
        45  2.999999933E-02 -3.033304401E-02  6.562000141E-03  4.070951623E+00 
        46  2.999999933E-02 -3.018904291E-02  6.562000141E-03  4.385854390E+00 
        47  2.999999933E-02 -3.004504368E-02  6.562000141E-03  5.115503200E+00 
        48  2.999999933E-02 -2.990104258E-02  6.562000141E-03  5.706871499E+00 
        49  2.999999933E-02 -2.975704335E-02  6.562000141E-03  6.067158928E+00 
        50  2.999999933E-02 -2.961304411E-02  6.562000141E-03  6.318431678E+00 
        51  2.999999933E-02 -2.429169975E-02  6.562000141E-03  8.413753292E-01 
        52  2.999999933E-02 -2.420346625E-02  6.562000606E-03  6.964169395E-01 
        53  3.000000119E-02 -2.412424982E-02  6.562000606E-03  5.109112311E-01 
        54  2.999999933E-02 -2.404091880E-02  6.562000141E-03  3.459649750E-01 
        55  2.999999933E-02 -2.401195839E-02  6.562000606E-03  2.406077427E-01 
