cellnumber     x-coordinate     y-coordinate     z-coordinate velocity-magnitude 
         1  2.999999933E-02 -2.946904302E-02  6.562000141E-03  5.242878245E+00 
         2  2.999999933E-02 -2.932504378E-02  6.562000141E-03  4.832041585E+00 
         3  2.999999933E-02 -2.918104269E-02  6.562000141E-03  4.578697750E+00 
         4  2.999999933E-02 -2.903704345E-02  6.562000141E-03  4.518214440E+00 
         5  2.999999933E-02 -2.889304422E-02  6.562000141E-03  4.403612509E+00 
         6  2.999999933E-02 -2.874904312E-02  6.562000141E-03  4.307056054E+00 
         7  2.999999933E-02 -2.860504389E-02  6.562000141E-03  4.410311831E+00 
         8  2.999999933E-02 -2.846104279E-02  6.562000141E-03  4.581435867E+00 
         9  2.999999933E-02 -2.831704356E-02  6.562000141E-03  4.525591341E+00 
        10  2.999999933E-02 -2.817304246E-02  6.562000141E-03  4.397856128E+00 
        11  2.999999933E-02 -2.802904323E-02  6.562000141E-03  4.356884707E+00 
        12  2.999999933E-02 -2.788504399E-02  6.562000141E-03  4.200190106E+00 
        13  2.999999933E-02 -2.774104290E-02  6.562000141E-03  4.210031931E+00 
        14  2.999999933E-02 -2.759704366E-02  6.562000141E-03  4.111088170E+00 
        15  2.999999933E-02 -2.745304257E-02  6.562000141E-03  4.048665158E+00 
        16  2.999999933E-02 -2.730904333E-02  6.562000141E-03  4.126958921E+00 
        17  2.999999933E-02 -2.716504410E-02  6.562000141E-03  4.150491238E+00 
        18  2.999999933E-02 -2.702104300E-02  6.562000141E-03  4.049669125E+00 
        19  2.999999933E-02 -2.687704377E-02  6.562000141E-03  3.892338490E+00 
        20  2.999999933E-02 -2.673304267E-02  6.562000141E-03  3.892978815E+00 
        21  2.999999933E-02 -2.658904344E-02  6.562000141E-03  3.945579598E+00 
        22  2.999999933E-02 -2.644504420E-02  6.562000141E-03  4.047505222E+00 
        23  2.999999933E-02 -2.630104311E-02  6.562000141E-03  3.829418657E+00 
        24  2.999999933E-02 -2.615704387E-02  6.562000141E-03  3.598995255E+00 
        25  2.999999933E-02 -2.601304278E-02  6.562000141E-03  3.296178506E+00 
        26  2.999999933E-02 -2.586904354E-02  6.562000141E-03  2.946506994E+00 
        27  2.999999933E-02 -2.572504245E-02  6.562000141E-03  2.936526123E+00 
        28  2.999999933E-02 -2.558104321E-02  6.562000141E-03  2.858932250E+00 
        29  2.999999933E-02 -2.543704398E-02  6.562000141E-03  2.691568609E+00 
        30  2.999999933E-02 -2.529304288E-02  6.562000141E-03  2.516056196E+00 
        31  2.999999933E-02 -2.514904365E-02  6.562000141E-03  2.679330321E+00 
        32  2.999999933E-02 -2.500504255E-02  6.562000141E-03  2.322263125E+00 
        33  2.999999933E-02 -2.486104332E-02  6.562000141E-03  1.619703017E+00 
        34  2.999999933E-02 -2.471704409E-02  6.562000141E-03  9.733539927E-01 
        35  2.999999933E-02 -2.457304299E-02  6.562000141E-03  1.576672669E+00 
        36  2.999999933E-02 -2.442904375E-02  6.562000141E-03  1.255091300E+00 
        37  3.000000119E-02 -3.145632893E-02  6.562000141E-03  4.607548744E+00 
        38  2.999999933E-02 -3.133584931E-02  6.562000141E-03  4.804239788E+00 
        39  2.999999933E-02 -3.119704314E-02  6.562000141E-03  5.199141204E+00 
        40  2.999999933E-02 -3.105304390E-02  6.562000141E-03  5.601730535E+00 
        41  2.999999933E-02 -3.090904281E-02  6.562000141E-03  6.079190948E+00 
        42  2.999999933E-02 -3.076504357E-02  6.562000141E-03  5.920735420E+00 
        43  2.999999933E-02 -3.062104248E-02  6.562000141E-03  5.627486186E+00 
        44  2.999999933E-02 -3.047704324E-02  6.562000141E-03  6.089539691E+00 
        45  2.999999933E-02 -3.033304401E-02  6.562000141E-03  6.650403602E+00 
        46  2.999999933E-02 -3.018904291E-02  6.562000141E-03  6.722774016E+00 
        47  2.999999933E-02 -3.004504368E-02  6.562000141E-03  6.717912416E+00 
        48  2.999999933E-02 -2.990104258E-02  6.562000141E-03  6.620245954E+00 
        49  2.999999933E-02 -2.975704335E-02  6.562000141E-03  6.277272302E+00 
        50  2.999999933E-02 -2.961304411E-02  6.562000141E-03  5.697680503E+00 
        51  2.999999933E-02 -2.429169975E-02  6.562000141E-03  8.451857691E-01 
        52  2.999999933E-02 -2.420346625E-02  6.562000606E-03  8.798894698E-01 
        53  3.000000119E-02 -2.412424982E-02  6.562000606E-03  7.192253312E-01 
        54  2.999999933E-02 -2.404091880E-02  6.562000141E-03  6.060855396E-01 
        55  2.999999933E-02 -2.401195839E-02  6.562000606E-03  5.724639062E-01 
