cellnumber     x-coordinate     y-coordinate     z-coordinate velocity-magnitude 
         1  2.999999933E-02 -2.946904302E-02  6.562000141E-03  4.975437858E+00 
         2  2.999999933E-02 -2.932504378E-02  6.562000141E-03  5.261153004E+00 
         3  2.999999933E-02 -2.918104269E-02  6.562000141E-03  5.678024424E+00 
         4  2.999999933E-02 -2.903704345E-02  6.562000141E-03  6.223688720E+00 
         5  2.999999933E-02 -2.889304422E-02  6.562000141E-03  6.139157105E+00 
         6  2.999999933E-02 -2.874904312E-02  6.562000141E-03  5.399618513E+00 
         7  2.999999933E-02 -2.860504389E-02  6.562000141E-03  4.911145793E+00 
         8  2.999999933E-02 -2.846104279E-02  6.562000141E-03  5.357310802E+00 
         9  2.999999933E-02 -2.831704356E-02  6.562000141E-03  5.396193677E+00 
        10  2.999999933E-02 -2.817304246E-02  6.562000141E-03  4.727972862E+00 
        11  2.999999933E-02 -2.802904323E-02  6.562000141E-03  3.952117351E+00 
        12  2.999999933E-02 -2.788504399E-02  6.562000141E-03  3.370646708E+00 
        13  2.999999933E-02 -2.774104290E-02  6.562000141E-03  3.514308277E+00 
        14  2.999999933E-02 -2.759704366E-02  6.562000141E-03  4.762312787E+00 
        15  2.999999933E-02 -2.745304257E-02  6.562000141E-03  5.937921340E+00 
        16  2.999999933E-02 -2.730904333E-02  6.562000141E-03  6.779866325E+00 
        17  2.999999933E-02 -2.716504410E-02  6.562000141E-03  7.066802644E+00 
        18  2.999999933E-02 -2.702104300E-02  6.562000141E-03  6.812044434E+00 
        19  2.999999933E-02 -2.687704377E-02  6.562000141E-03  6.292381855E+00 
        20  2.999999933E-02 -2.673304267E-02  6.562000141E-03  5.858542522E+00 
        21  2.999999933E-02 -2.658904344E-02  6.562000141E-03  5.524135522E+00 
        22  2.999999933E-02 -2.644504420E-02  6.562000141E-03  5.308417884E+00 
        23  2.999999933E-02 -2.630104311E-02  6.562000141E-03  5.090302579E+00 
        24  2.999999933E-02 -2.615704387E-02  6.562000141E-03  5.004444485E+00 
        25  2.999999933E-02 -2.601304278E-02  6.562000141E-03  5.063237845E+00 
        26  2.999999933E-02 -2.586904354E-02  6.562000141E-03  5.135190307E+00 
        27  2.999999933E-02 -2.572504245E-02  6.562000141E-03  4.932755906E+00 
        28  2.999999933E-02 -2.558104321E-02  6.562000141E-03  4.436058268E+00 
        29  2.999999933E-02 -2.543704398E-02  6.562000141E-03  4.988391355E+00 
        30  2.999999933E-02 -2.529304288E-02  6.562000141E-03  5.222082081E+00 
        31  2.999999933E-02 -2.514904365E-02  6.562000141E-03  4.302002848E+00 
        32  2.999999933E-02 -2.500504255E-02  6.562000141E-03  3.913249409E+00 
        33  2.999999933E-02 -2.486104332E-02  6.562000141E-03  4.035089256E+00 
        34  2.999999933E-02 -2.471704409E-02  6.562000141E-03  4.262031537E+00 
        35  2.999999933E-02 -2.457304299E-02  6.562000141E-03  3.427342830E+00 
        36  2.999999933E-02 -2.442904375E-02  6.562000141E-03  1.179267653E+00 
        37  3.000000119E-02 -3.145632893E-02  6.562000141E-03  4.991847410E-01 
        38  2.999999933E-02 -3.133584931E-02  6.562000141E-03  5.932363479E-01 
        39  2.999999933E-02 -3.119704314E-02  6.562000141E-03  5.465609142E-01 
        40  2.999999933E-02 -3.105304390E-02  6.562000141E-03  6.238680798E-01 
        41  2.999999933E-02 -3.090904281E-02  6.562000141E-03  9.044734722E-01 
        42  2.999999933E-02 -3.076504357E-02  6.562000141E-03  9.721194462E-01 
        43  2.999999933E-02 -3.062104248E-02  6.562000141E-03  2.013282314E+00 
        44  2.999999933E-02 -3.047704324E-02  6.562000141E-03  2.962335928E+00 
        45  2.999999933E-02 -3.033304401E-02  6.562000141E-03  3.989886425E+00 
        46  2.999999933E-02 -3.018904291E-02  6.562000141E-03  4.445208890E+00 
        47  2.999999933E-02 -3.004504368E-02  6.562000141E-03  4.231821500E+00 
        48  2.999999933E-02 -2.990104258E-02  6.562000141E-03  4.264074892E+00 
        49  2.999999933E-02 -2.975704335E-02  6.562000141E-03  4.393750659E+00 
        50  2.999999933E-02 -2.961304411E-02  6.562000141E-03  4.603841422E+00 
        51  2.999999933E-02 -2.429169975E-02  6.562000141E-03  2.045385546E+00 
        52  2.999999933E-02 -2.420346625E-02  6.562000606E-03  2.275678660E+00 
        53  3.000000119E-02 -2.412424982E-02  6.562000606E-03  1.846159593E+00 
        54  2.999999933E-02 -2.404091880E-02  6.562000141E-03  1.750128333E+00 
        55  2.999999933E-02 -2.401195839E-02  6.562000606E-03  1.488550177E+00 
