cellnumber     x-coordinate     y-coordinate     z-coordinate velocity-magnitude 
         1  2.999999933E-02 -2.946904302E-02  6.562000141E-03  1.597936360E+00 
         2  2.999999933E-02 -2.932504378E-02  6.562000141E-03  2.949344857E+00 
         3  2.999999933E-02 -2.918104269E-02  6.562000141E-03  4.058400616E+00 
         4  2.999999933E-02 -2.903704345E-02  6.562000141E-03  3.966647055E+00 
         5  2.999999933E-02 -2.889304422E-02  6.562000141E-03  4.302545542E+00 
         6  2.999999933E-02 -2.874904312E-02  6.562000141E-03  4.420775258E+00 
         7  2.999999933E-02 -2.860504389E-02  6.562000141E-03  4.143445566E+00 
         8  2.999999933E-02 -2.846104279E-02  6.562000141E-03  4.683673875E+00 
         9  2.999999933E-02 -2.831704356E-02  6.562000141E-03  5.359542341E+00 
        10  2.999999933E-02 -2.817304246E-02  6.562000141E-03  5.316228482E+00 
        11  2.999999933E-02 -2.802904323E-02  6.562000141E-03  4.961170708E+00 
        12  2.999999933E-02 -2.788504399E-02  6.562000141E-03  4.761011013E+00 
        13  2.999999933E-02 -2.774104290E-02  6.562000141E-03  4.914069121E+00 
        14  2.999999933E-02 -2.759704366E-02  6.562000141E-03  5.250157332E+00 
        15  2.999999933E-02 -2.745304257E-02  6.562000141E-03  5.972254969E+00 
        16  2.999999933E-02 -2.730904333E-02  6.562000141E-03  6.483908945E+00 
        17  2.999999933E-02 -2.716504410E-02  6.562000141E-03  6.602397527E+00 
        18  2.999999933E-02 -2.702104300E-02  6.562000141E-03  6.510807114E+00 
        19  2.999999933E-02 -2.687704377E-02  6.562000141E-03  6.327192395E+00 
        20  2.999999933E-02 -2.673304267E-02  6.562000141E-03  6.069979162E+00 
        21  2.999999933E-02 -2.658904344E-02  6.562000141E-03  6.261705169E+00 
        22  2.999999933E-02 -2.644504420E-02  6.562000141E-03  6.757954546E+00 
        23  2.999999933E-02 -2.630104311E-02  6.562000141E-03  7.138783113E+00 
        24  2.999999933E-02 -2.615704387E-02  6.562000141E-03  6.519420283E+00 
        25  2.999999933E-02 -2.601304278E-02  6.562000141E-03  4.387199207E+00 
        26  2.999999933E-02 -2.586904354E-02  6.562000141E-03  2.942841153E+00 
        27  2.999999933E-02 -2.572504245E-02  6.562000141E-03  2.097931703E+00 
        28  2.999999933E-02 -2.558104321E-02  6.562000141E-03  1.821436431E+00 
        29  2.999999933E-02 -2.543704398E-02  6.562000141E-03  1.865299910E+00 
        30  2.999999933E-02 -2.529304288E-02  6.562000141E-03  1.505875563E+00 
        31  2.999999933E-02 -2.514904365E-02  6.562000141E-03  1.541824267E+00 
        32  2.999999933E-02 -2.500504255E-02  6.562000141E-03  1.940194738E+00 
        33  2.999999933E-02 -2.486104332E-02  6.562000141E-03  1.823449540E+00 
        34  2.999999933E-02 -2.471704409E-02  6.562000141E-03  1.873679166E+00 
        35  2.999999933E-02 -2.457304299E-02  6.562000141E-03  2.414089983E+00 
        36  2.999999933E-02 -2.442904375E-02  6.562000141E-03  2.549430518E+00 
        37  3.000000119E-02 -3.145632893E-02  6.562000141E-03  1.896152094E+00 
        38  2.999999933E-02 -3.133584931E-02  6.562000141E-03  2.071931491E+00 
        39  2.999999933E-02 -3.119704314E-02  6.562000141E-03  1.952297479E+00 
        40  2.999999933E-02 -3.105304390E-02  6.562000141E-03  1.885470849E+00 
        41  2.999999933E-02 -3.090904281E-02  6.562000141E-03  1.740400899E+00 
        42  2.999999933E-02 -3.076504357E-02  6.562000141E-03  1.445813739E+00 
        43  2.999999933E-02 -3.062104248E-02  6.562000141E-03  1.193253424E+00 
        44  2.999999933E-02 -3.047704324E-02  6.562000141E-03  9.878503427E-01 
        45  2.999999933E-02 -3.033304401E-02  6.562000141E-03  9.169872212E-01 
        46  2.999999933E-02 -3.018904291E-02  6.562000141E-03  9.592205243E-01 
        47  2.999999933E-02 -3.004504368E-02  6.562000141E-03  1.154872824E+00 
        48  2.999999933E-02 -2.990104258E-02  6.562000141E-03  1.596053703E+00 
        49  2.999999933E-02 -2.975704335E-02  6.562000141E-03  1.549432848E+00 
        50  2.999999933E-02 -2.961304411E-02  6.562000141E-03  1.178647358E+00 
        51  2.999999933E-02 -2.429169975E-02  6.562000141E-03  2.727530629E+00 
        52  2.999999933E-02 -2.420346625E-02  6.562000606E-03  2.835901490E+00 
        53  3.000000119E-02 -2.412424982E-02  6.562000606E-03  2.271213341E+00 
        54  2.999999933E-02 -2.404091880E-02  6.562000141E-03  2.526803972E+00 
        55  2.999999933E-02 -2.401195839E-02  6.562000606E-03  2.294118516E+00 
