cellnumber     x-coordinate     y-coordinate     z-coordinate velocity-magnitude 
         1  2.999999933E-02 -2.946904302E-02  6.562000141E-03  5.620678422E+00 
         2  2.999999933E-02 -2.932504378E-02  6.562000141E-03  5.663107204E+00 
         3  2.999999933E-02 -2.918104269E-02  6.562000141E-03  5.654411462E+00 
         4  2.999999933E-02 -2.903704345E-02  6.562000141E-03  5.533067170E+00 
         5  2.999999933E-02 -2.889304422E-02  6.562000141E-03  5.371941005E+00 
         6  2.999999933E-02 -2.874904312E-02  6.562000141E-03  5.217808057E+00 
         7  2.999999933E-02 -2.860504389E-02  6.562000141E-03  5.146701750E+00 
         8  2.999999933E-02 -2.846104279E-02  6.562000141E-03  5.058957765E+00 
         9  2.999999933E-02 -2.831704356E-02  6.562000141E-03  5.028341006E+00 
        10  2.999999933E-02 -2.817304246E-02  6.562000141E-03  4.955298441E+00 
        11  2.999999933E-02 -2.802904323E-02  6.562000141E-03  4.824824056E+00 
        12  2.999999933E-02 -2.788504399E-02  6.562000141E-03  4.638752000E+00 
        13  2.999999933E-02 -2.774104290E-02  6.562000141E-03  4.663571077E+00 
        14  2.999999933E-02 -2.759704366E-02  6.562000141E-03  4.940216671E+00 
        15  2.999999933E-02 -2.745304257E-02  6.562000141E-03  5.249641669E+00 
        16  2.999999933E-02 -2.730904333E-02  6.562000141E-03  5.399597562E+00 
        17  2.999999933E-02 -2.716504410E-02  6.562000141E-03  5.513889882E+00 
        18  2.999999933E-02 -2.702104300E-02  6.562000141E-03  5.566237865E+00 
        19  2.999999933E-02 -2.687704377E-02  6.562000141E-03  5.477599182E+00 
        20  2.999999933E-02 -2.673304267E-02  6.562000141E-03  5.488659268E+00 
        21  2.999999933E-02 -2.658904344E-02  6.562000141E-03  5.500780521E+00 
        22  2.999999933E-02 -2.644504420E-02  6.562000141E-03  5.584029942E+00 
        23  2.999999933E-02 -2.630104311E-02  6.562000141E-03  5.514854463E+00 
        24  2.999999933E-02 -2.615704387E-02  6.562000141E-03  5.257886803E+00 
        25  2.999999933E-02 -2.601304278E-02  6.562000141E-03  4.864819789E+00 
        26  2.999999933E-02 -2.586904354E-02  6.562000141E-03  4.362774409E+00 
        27  2.999999933E-02 -2.572504245E-02  6.562000141E-03  3.971216489E+00 
        28  2.999999933E-02 -2.558104321E-02  6.562000141E-03  3.808716357E+00 
        29  2.999999933E-02 -2.543704398E-02  6.562000141E-03  3.414649007E+00 
        30  2.999999933E-02 -2.529304288E-02  6.562000141E-03  2.916178141E+00 
        31  2.999999933E-02 -2.514904365E-02  6.562000141E-03  2.230958545E+00 
        32  2.999999933E-02 -2.500504255E-02  6.562000141E-03  1.933670233E+00 
        33  2.999999933E-02 -2.486104332E-02  6.562000141E-03  1.720044776E+00 
        34  2.999999933E-02 -2.471704409E-02  6.562000141E-03  1.529532492E+00 
        35  2.999999933E-02 -2.457304299E-02  6.562000141E-03  1.324168581E+00 
        36  2.999999933E-02 -2.442904375E-02  6.562000141E-03  7.542315482E-01 
        37  3.000000119E-02 -3.145632893E-02  6.562000141E-03  6.748110204E-01 
        38  2.999999933E-02 -3.133584931E-02  6.562000141E-03  1.284444379E+00 
        39  2.999999933E-02 -3.119704314E-02  6.562000141E-03  1.576760185E+00 
        40  2.999999933E-02 -3.105304390E-02  6.562000141E-03  2.021121339E+00 
        41  2.999999933E-02 -3.090904281E-02  6.562000141E-03  2.300267152E+00 
        42  2.999999933E-02 -3.076504357E-02  6.562000141E-03  2.217143298E+00 
        43  2.999999933E-02 -3.062104248E-02  6.562000141E-03  2.195930601E+00 
        44  2.999999933E-02 -3.047704324E-02  6.562000141E-03  2.775504488E+00 
        45  2.999999933E-02 -3.033304401E-02  6.562000141E-03  3.141337239E+00 
        46  2.999999933E-02 -3.018904291E-02  6.562000141E-03  3.886224585E+00 
        47  2.999999933E-02 -3.004504368E-02  6.562000141E-03  4.324045535E+00 
        48  2.999999933E-02 -2.990104258E-02  6.562000141E-03  4.611488531E+00 
        49  2.999999933E-02 -2.975704335E-02  6.562000141E-03  5.061609564E+00 
        50  2.999999933E-02 -2.961304411E-02  6.562000141E-03  5.365694226E+00 
        51  2.999999933E-02 -2.429169975E-02  6.562000141E-03  6.847366827E-01 
        52  2.999999933E-02 -2.420346625E-02  6.562000606E-03  6.151884507E-01 
        53  3.000000119E-02 -2.412424982E-02  6.562000606E-03  8.520449847E-01 
        54  2.999999933E-02 -2.404091880E-02  6.562000141E-03  6.416342390E-01 
        55  2.999999933E-02 -2.401195839E-02  6.562000606E-03  5.827374042E-01 
