cellnumber     x-coordinate     y-coordinate     z-coordinate velocity-magnitude 
         1  2.999999933E-02 -2.946904302E-02  6.562000141E-03  3.479319785E+00 
         2  2.999999933E-02 -2.932504378E-02  6.562000141E-03  3.842730807E+00 
         3  2.999999933E-02 -2.918104269E-02  6.562000141E-03  4.241628734E+00 
         4  2.999999933E-02 -2.903704345E-02  6.562000141E-03  4.588941630E+00 
         5  2.999999933E-02 -2.889304422E-02  6.562000141E-03  4.972905162E+00 
         6  2.999999933E-02 -2.874904312E-02  6.562000141E-03  5.301936753E+00 
         7  2.999999933E-02 -2.860504389E-02  6.562000141E-03  5.492588139E+00 
         8  2.999999933E-02 -2.846104279E-02  6.562000141E-03  5.557490686E+00 
         9  2.999999933E-02 -2.831704356E-02  6.562000141E-03  5.635492923E+00 
        10  2.999999933E-02 -2.817304246E-02  6.562000141E-03  5.691923940E+00 
        11  2.999999933E-02 -2.802904323E-02  6.562000141E-03  5.756288270E+00 
        12  2.999999933E-02 -2.788504399E-02  6.562000141E-03  5.879102453E+00 
        13  2.999999933E-02 -2.774104290E-02  6.562000141E-03  6.050204621E+00 
        14  2.999999933E-02 -2.759704366E-02  6.562000141E-03  6.100631115E+00 
        15  2.999999933E-02 -2.745304257E-02  6.562000141E-03  6.069947926E+00 
        16  2.999999933E-02 -2.730904333E-02  6.562000141E-03  6.079955042E+00 
        17  2.999999933E-02 -2.716504410E-02  6.562000141E-03  6.055199067E+00 
        18  2.999999933E-02 -2.702104300E-02  6.562000141E-03  6.218122034E+00 
        19  2.999999933E-02 -2.687704377E-02  6.562000141E-03  6.396097514E+00 
        20  2.999999933E-02 -2.673304267E-02  6.562000141E-03  6.283046215E+00 
        21  2.999999933E-02 -2.658904344E-02  6.562000141E-03  5.599632594E+00 
        22  2.999999933E-02 -2.644504420E-02  6.562000141E-03  4.592006854E+00 
        23  2.999999933E-02 -2.630104311E-02  6.562000141E-03  4.366082414E+00 
        24  2.999999933E-02 -2.615704387E-02  6.562000141E-03  3.992148840E+00 
        25  2.999999933E-02 -2.601304278E-02  6.562000141E-03  4.355054884E+00 
        26  2.999999933E-02 -2.586904354E-02  6.562000141E-03  4.955573287E+00 
        27  2.999999933E-02 -2.572504245E-02  6.562000141E-03  5.339787455E+00 
        28  2.999999933E-02 -2.558104321E-02  6.562000141E-03  5.437650819E+00 
        29  2.999999933E-02 -2.543704398E-02  6.562000141E-03  5.373233022E+00 
        30  2.999999933E-02 -2.529304288E-02  6.562000141E-03  5.186453090E+00 
        31  2.999999933E-02 -2.514904365E-02  6.562000141E-03  4.404782199E+00 
        32  2.999999933E-02 -2.500504255E-02  6.562000141E-03  3.891961385E+00 
        33  2.999999933E-02 -2.486104332E-02  6.562000141E-03  3.793627439E+00 
        34  2.999999933E-02 -2.471704409E-02  6.562000141E-03  3.596024816E+00 
        35  2.999999933E-02 -2.457304299E-02  6.562000141E-03  3.565119954E+00 
        36  2.999999933E-02 -2.442904375E-02  6.562000141E-03  3.504355477E+00 
        37  3.000000119E-02 -3.145632893E-02  6.562000141E-03  1.215669280E+00 
        38  2.999999933E-02 -3.133584931E-02  6.562000141E-03  7.395016508E-01 
        39  2.999999933E-02 -3.119704314E-02  6.562000141E-03  9.015888543E-01 
        40  2.999999933E-02 -3.105304390E-02  6.562000141E-03  1.688522239E+00 
        41  2.999999933E-02 -3.090904281E-02  6.562000141E-03  3.127467232E+00 
        42  2.999999933E-02 -3.076504357E-02  6.562000141E-03  3.278608372E+00 
        43  2.999999933E-02 -3.062104248E-02  6.562000141E-03  2.733767605E+00 
        44  2.999999933E-02 -3.047704324E-02  6.562000141E-03  1.418914990E+00 
        45  2.999999933E-02 -3.033304401E-02  6.562000141E-03  1.626537956E+00 
        46  2.999999933E-02 -3.018904291E-02  6.562000141E-03  2.403281442E+00 
        47  2.999999933E-02 -3.004504368E-02  6.562000141E-03  1.612238886E+00 
        48  2.999999933E-02 -2.990104258E-02  6.562000141E-03  1.535089731E+00 
        49  2.999999933E-02 -2.975704335E-02  6.562000141E-03  1.401064638E+00 
        50  2.999999933E-02 -2.961304411E-02  6.562000141E-03  2.565299631E+00 
        51  2.999999933E-02 -2.429169975E-02  6.562000141E-03  2.646896110E+00 
        52  2.999999933E-02 -2.420346625E-02  6.562000606E-03  2.288466809E+00 
        53  3.000000119E-02 -2.412424982E-02  6.562000606E-03  2.051653478E+00 
        54  2.999999933E-02 -2.404091880E-02  6.562000141E-03  2.132777136E+00 
        55  2.999999933E-02 -2.401195839E-02  6.562000606E-03  2.226548756E+00 
