cellnumber     x-coordinate     y-coordinate     z-coordinate velocity-magnitude 
         1  2.999999933E-02 -2.946904302E-02  6.562000141E-03  3.006750474E+00 
         2  2.999999933E-02 -2.932504378E-02  6.562000141E-03  3.453173417E+00 
         3  2.999999933E-02 -2.918104269E-02  6.562000141E-03  3.483017607E+00 
         4  2.999999933E-02 -2.903704345E-02  6.562000141E-03  3.249080931E+00 
         5  2.999999933E-02 -2.889304422E-02  6.562000141E-03  3.271695195E+00 
         6  2.999999933E-02 -2.874904312E-02  6.562000141E-03  3.614493976E+00 
         7  2.999999933E-02 -2.860504389E-02  6.562000141E-03  3.893861201E+00 
         8  2.999999933E-02 -2.846104279E-02  6.562000141E-03  3.877751127E+00 
         9  2.999999933E-02 -2.831704356E-02  6.562000141E-03  3.770146981E+00 
        10  2.999999933E-02 -2.817304246E-02  6.562000141E-03  3.782817461E+00 
        11  2.999999933E-02 -2.802904323E-02  6.562000141E-03  3.809742390E+00 
        12  2.999999933E-02 -2.788504399E-02  6.562000141E-03  3.918613950E+00 
        13  2.999999933E-02 -2.774104290E-02  6.562000141E-03  4.159318123E+00 
        14  2.999999933E-02 -2.759704366E-02  6.562000141E-03  4.304255895E+00 
        15  2.999999933E-02 -2.745304257E-02  6.562000141E-03  4.461340064E+00 
        16  2.999999933E-02 -2.730904333E-02  6.562000141E-03  4.691214094E+00 
        17  2.999999933E-02 -2.716504410E-02  6.562000141E-03  4.784486370E+00 
        18  2.999999933E-02 -2.702104300E-02  6.562000141E-03  4.674918951E+00 
        19  2.999999933E-02 -2.687704377E-02  6.562000141E-03  4.558593787E+00 
        20  2.999999933E-02 -2.673304267E-02  6.562000141E-03  4.527375302E+00 
        21  2.999999933E-02 -2.658904344E-02  6.562000141E-03  4.564846262E+00 
        22  2.999999933E-02 -2.644504420E-02  6.562000141E-03  4.617612565E+00 
        23  2.999999933E-02 -2.630104311E-02  6.562000141E-03  4.543715297E+00 
        24  2.999999933E-02 -2.615704387E-02  6.562000141E-03  4.035025055E+00 
        25  2.999999933E-02 -2.601304278E-02  6.562000141E-03  3.619874085E+00 
        26  2.999999933E-02 -2.586904354E-02  6.562000141E-03  3.159899359E+00 
        27  2.999999933E-02 -2.572504245E-02  6.562000141E-03  1.781931571E+00 
        28  2.999999933E-02 -2.558104321E-02  6.562000141E-03  1.087333686E+00 
        29  2.999999933E-02 -2.543704398E-02  6.562000141E-03  1.118079164E+00 
        30  2.999999933E-02 -2.529304288E-02  6.562000141E-03  1.576488898E+00 
        31  2.999999933E-02 -2.514904365E-02  6.562000141E-03  1.843364369E+00 
        32  2.999999933E-02 -2.500504255E-02  6.562000141E-03  1.832021080E+00 
        33  2.999999933E-02 -2.486104332E-02  6.562000141E-03  1.340756247E+00 
        34  2.999999933E-02 -2.471704409E-02  6.562000141E-03  6.737889796E-01 
        35  2.999999933E-02 -2.457304299E-02  6.562000141E-03  1.341180246E+00 
        36  2.999999933E-02 -2.442904375E-02  6.562000141E-03  1.716860994E+00 
        37  3.000000119E-02 -3.145632893E-02  6.562000141E-03  4.861633157E-01 
        38  2.999999933E-02 -3.133584931E-02  6.562000141E-03  6.526299432E-01 
        39  2.999999933E-02 -3.119704314E-02  6.562000141E-03  1.266192050E+00 
        40  2.999999933E-02 -3.105304390E-02  6.562000141E-03  2.103774547E+00 
        41  2.999999933E-02 -3.090904281E-02  6.562000141E-03  2.180818299E+00 
        42  2.999999933E-02 -3.076504357E-02  6.562000141E-03  2.307122889E+00 
        43  2.999999933E-02 -3.062104248E-02  6.562000141E-03  3.013910004E+00 
        44  2.999999933E-02 -3.047704324E-02  6.562000141E-03  3.177915875E+00 
        45  2.999999933E-02 -3.033304401E-02  6.562000141E-03  2.960735464E+00 
        46  2.999999933E-02 -3.018904291E-02  6.562000141E-03  3.351842807E+00 
        47  2.999999933E-02 -3.004504368E-02  6.562000141E-03  3.441902407E+00 
        48  2.999999933E-02 -2.990104258E-02  6.562000141E-03  2.279579579E+00 
        49  2.999999933E-02 -2.975704335E-02  6.562000141E-03  1.996225076E+00 
        50  2.999999933E-02 -2.961304411E-02  6.562000141E-03  2.531306461E+00 
        51  2.999999933E-02 -2.429169975E-02  6.562000141E-03  1.765623157E+00 
        52  2.999999933E-02 -2.420346625E-02  6.562000606E-03  2.153646589E+00 
        53  3.000000119E-02 -2.412424982E-02  6.562000606E-03  1.616543905E+00 
        54  2.999999933E-02 -2.404091880E-02  6.562000141E-03  1.283691685E+00 
        55  2.999999933E-02 -2.401195839E-02  6.562000606E-03  1.036018816E+00 
