cellnumber     x-coordinate     y-coordinate     z-coordinate velocity-magnitude 
         1  2.999999933E-02 -2.401195839E-02  6.562000606E-03  2.188336593E-01 
         2  2.999999933E-02 -2.404091880E-02  6.562000141E-03  3.544870160E-01 
         3  2.999999933E-02 -2.412424982E-02  6.562000606E-03  5.915415250E-01 
         4  2.999999933E-02 -2.420346625E-02  6.562000606E-03  5.788164291E-01 
         5  2.999999933E-02 -2.429169975E-02  6.562000141E-03  6.548023665E-01 
         6  2.999999933E-02 -2.442904375E-02  6.562000141E-03  6.813663997E-01 
         7  2.999999933E-02 -2.457304299E-02  6.562000141E-03  6.376590507E-01 
         8  2.999999933E-02 -2.471704409E-02  6.562000141E-03  5.859010311E-01 
         9  2.999999933E-02 -2.486104332E-02  6.562000141E-03  5.730601088E-01 
        10  2.999999933E-02 -2.500504255E-02  6.562000141E-03  5.928016433E-01 
        11  2.999999933E-02 -2.514904365E-02  6.562000141E-03  5.742503537E-01 
        12  2.999999933E-02 -2.529304288E-02  6.562000141E-03  5.703169398E-01 
        13  2.999999933E-02 -2.543704398E-02  6.562000141E-03  6.477587916E-01 
        14  2.999999933E-02 -2.558104321E-02  6.562000141E-03  8.101388920E-01 
        15  2.999999933E-02 -2.572504245E-02  6.562000141E-03  1.077012739E+00 
        16  2.999999933E-02 -2.586904354E-02  6.562000141E-03  1.130639636E+00 
        17  2.999999933E-02 -2.601304278E-02  6.562000141E-03  1.130971836E+00 
        18  2.999999933E-02 -2.615704387E-02  6.562000141E-03  1.275397938E+00 
        19  2.999999933E-02 -2.630104311E-02  6.562000141E-03  1.724306260E+00 
        20  2.999999933E-02 -2.644504420E-02  6.562000141E-03  1.990809771E+00 
        21  2.999999933E-02 -2.658904344E-02  6.562000141E-03  1.830826381E+00 
        22  2.999999933E-02 -2.673304267E-02  6.562000141E-03  1.708343357E+00 
        23  2.999999933E-02 -2.687704377E-02  6.562000141E-03  1.869910314E+00 
        24  2.999999933E-02 -2.702104300E-02  6.562000141E-03  2.036387563E+00 
        25  2.999999933E-02 -2.716504410E-02  6.562000141E-03  2.185855958E+00 
        26  2.999999933E-02 -2.730904333E-02  6.562000141E-03  2.548214089E+00 
        27  2.999999933E-02 -2.745304257E-02  6.562000141E-03  2.808142861E+00 
        28  2.999999933E-02 -2.759704366E-02  6.562000141E-03  2.862628446E+00 
        29  2.999999933E-02 -2.774104290E-02  6.562000141E-03  2.786697751E+00 
        30  2.999999933E-02 -2.788504399E-02  6.562000141E-03  2.647240573E+00 
        31  2.999999933E-02 -3.145632893E-02  6.562000141E-03  1.892848592E-01 
        32  2.999999933E-02 -3.133584931E-02  6.562000141E-03  1.917892868E-01 
        33  2.999999933E-02 -3.119704314E-02  6.562000141E-03  4.186577226E-01 
        34  2.999999933E-02 -3.105304390E-02  6.562000141E-03  5.038745548E-01 
        35  2.999999933E-02 -3.090904281E-02  6.562000141E-03  8.159426939E-01 
        36  2.999999933E-02 -3.076504357E-02  6.562000141E-03  1.242808054E+00 
        37  2.999999933E-02 -3.062104248E-02  6.562000141E-03  1.314993475E+00 
        38  2.999999933E-02 -3.047704324E-02  6.562000141E-03  1.372821683E+00 
        39  2.999999933E-02 -3.033304401E-02  6.562000141E-03  1.447058378E+00 
        40  2.999999933E-02 -3.018904291E-02  6.562000141E-03  1.189136520E+00 
        41  2.999999933E-02 -3.004504368E-02  6.562000141E-03  7.980316273E-01 
        42  2.999999933E-02 -2.990104258E-02  6.562000141E-03  1.173190152E+00 
        43  2.999999933E-02 -2.975704335E-02  6.562000141E-03  1.406081749E+00 
        44  2.999999933E-02 -2.961304411E-02  6.562000141E-03  1.428874363E+00 
        45  2.999999933E-02 -2.946904302E-02  6.562000141E-03  1.550708626E+00 
        46  2.999999933E-02 -2.932504378E-02  6.562000141E-03  1.685968040E+00 
        47  2.999999933E-02 -2.918104269E-02  6.562000141E-03  1.834450801E+00 
        48  2.999999933E-02 -2.903704345E-02  6.562000141E-03  1.951949275E+00 
        49  2.999999933E-02 -2.889304422E-02  6.562000141E-03  2.231135282E+00 
        50  2.999999933E-02 -2.874904312E-02  6.562000141E-03  2.436357801E+00 
        51  2.999999933E-02 -2.860504389E-02  6.562000141E-03  2.442774498E+00 
        52  2.999999933E-02 -2.846104279E-02  6.562000141E-03  2.442233039E+00 
        53  2.999999933E-02 -2.831704356E-02  6.562000141E-03  2.443952470E+00 
        54  2.999999933E-02 -2.817304246E-02  6.562000141E-03  2.473717019E+00 
        55  2.999999933E-02 -2.802904323E-02  6.562000141E-03  2.538112027E+00 
