cellnumber     x-coordinate     y-coordinate     z-coordinate velocity-magnitude 
         1  2.999999933E-02 -2.401195839E-02  6.562000606E-03  9.147078045E-01 
         2  2.999999933E-02 -2.404091880E-02  6.562000141E-03  8.881110493E-01 
         3  2.999999933E-02 -2.412424982E-02  6.562000606E-03  9.553995381E-01 
         4  2.999999933E-02 -2.420346625E-02  6.562000606E-03  9.574621322E-01 
         5  2.999999933E-02 -2.429169975E-02  6.562000141E-03  9.673295630E-01 
         6  2.999999933E-02 -2.442904375E-02  6.562000141E-03  9.783312762E-01 
         7  2.999999933E-02 -2.457304299E-02  6.562000141E-03  9.311993533E-01 
         8  2.999999933E-02 -2.471704409E-02  6.562000141E-03  8.201900329E-01 
         9  2.999999933E-02 -2.486104332E-02  6.562000141E-03  7.038176006E-01 
        10  2.999999933E-02 -2.500504255E-02  6.562000141E-03  5.806853454E-01 
        11  2.999999933E-02 -2.514904365E-02  6.562000141E-03  4.907490274E-01 
        12  2.999999933E-02 -2.529304288E-02  6.562000141E-03  4.716507592E-01 
        13  2.999999933E-02 -2.543704398E-02  6.562000141E-03  5.745167018E-01 
        14  2.999999933E-02 -2.558104321E-02  6.562000141E-03  7.454779801E-01 
        15  2.999999933E-02 -2.572504245E-02  6.562000141E-03  9.465210267E-01 
        16  2.999999933E-02 -2.586904354E-02  6.562000141E-03  1.290747622E+00 
        17  2.999999933E-02 -2.601304278E-02  6.562000141E-03  1.543388427E+00 
        18  2.999999933E-02 -2.615704387E-02  6.562000141E-03  1.608066693E+00 
        19  2.999999933E-02 -2.630104311E-02  6.562000141E-03  1.616204111E+00 
        20  2.999999933E-02 -2.644504420E-02  6.562000141E-03  1.516104321E+00 
        21  2.999999933E-02 -2.658904344E-02  6.562000141E-03  1.516265301E+00 
        22  2.999999933E-02 -2.673304267E-02  6.562000141E-03  1.728878575E+00 
        23  2.999999933E-02 -2.687704377E-02  6.562000141E-03  2.042418211E+00 
        24  2.999999933E-02 -2.702104300E-02  6.562000141E-03  2.443741271E+00 
        25  2.999999933E-02 -2.716504410E-02  6.562000141E-03  2.722183385E+00 
        26  2.999999933E-02 -2.730904333E-02  6.562000141E-03  2.806364385E+00 
        27  2.999999933E-02 -2.745304257E-02  6.562000141E-03  2.918736405E+00 
        28  2.999999933E-02 -2.759704366E-02  6.562000141E-03  3.004696843E+00 
        29  2.999999933E-02 -2.774104290E-02  6.562000141E-03  3.058223872E+00 
        30  2.999999933E-02 -2.788504399E-02  6.562000141E-03  3.080318535E+00 
        31  2.999999933E-02 -3.145632893E-02  6.562000141E-03  1.355802127E+00 
        32  2.999999933E-02 -3.133584931E-02  6.562000141E-03  1.418789712E+00 
        33  2.999999933E-02 -3.119704314E-02  6.562000141E-03  1.328969949E+00 
        34  2.999999933E-02 -3.105304390E-02  6.562000141E-03  9.631337646E-01 
        35  2.999999933E-02 -3.090904281E-02  6.562000141E-03  8.482011396E-01 
        36  2.999999933E-02 -3.076504357E-02  6.562000141E-03  6.484830686E-01 
        37  2.999999933E-02 -3.062104248E-02  6.562000141E-03  4.707984450E-01 
        38  2.999999933E-02 -3.047704324E-02  6.562000141E-03  4.608894212E-01 
        39  2.999999933E-02 -3.033304401E-02  6.562000141E-03  4.080306017E-01 
        40  2.999999933E-02 -3.018904291E-02  6.562000141E-03  4.185889079E-01 
        41  2.999999933E-02 -3.004504368E-02  6.562000141E-03  8.934211433E-01 
        42  2.999999933E-02 -2.990104258E-02  6.562000141E-03  1.678213454E+00 
        43  2.999999933E-02 -2.975704335E-02  6.562000141E-03  2.480445284E+00 
        44  2.999999933E-02 -2.961304411E-02  6.562000141E-03  3.183726777E+00 
        45  2.999999933E-02 -2.946904302E-02  6.562000141E-03  3.314413191E+00 
        46  2.999999933E-02 -2.932504378E-02  6.562000141E-03  2.985446059E+00 
        47  2.999999933E-02 -2.918104269E-02  6.562000141E-03  2.845340037E+00 
        48  2.999999933E-02 -2.903704345E-02  6.562000141E-03  2.885922253E+00 
        49  2.999999933E-02 -2.889304422E-02  6.562000141E-03  2.972924217E+00 
        50  2.999999933E-02 -2.874904312E-02  6.562000141E-03  3.013621908E+00 
        51  2.999999933E-02 -2.860504389E-02  6.562000141E-03  3.030336399E+00 
        52  2.999999933E-02 -2.846104279E-02  6.562000141E-03  3.012170868E+00 
        53  2.999999933E-02 -2.831704356E-02  6.562000141E-03  2.960028310E+00 
        54  2.999999933E-02 -2.817304246E-02  6.562000141E-03  2.973902795E+00 
        55  2.999999933E-02 -2.802904323E-02  6.562000141E-03  3.019643191E+00 
