cellnumber     x-coordinate     y-coordinate     z-coordinate velocity-magnitude 
         1  2.999999933E-02 -2.401195839E-02  6.562000606E-03  1.791655074E-01 
         2  2.999999933E-02 -2.404091880E-02  6.562000141E-03  2.871098898E-01 
         3  2.999999933E-02 -2.412424982E-02  6.562000606E-03  5.531681954E-01 
         4  2.999999933E-02 -2.420346625E-02  6.562000606E-03  5.267072133E-01 
         5  2.999999933E-02 -2.429169975E-02  6.562000141E-03  7.731357068E-01 
         6  2.999999933E-02 -2.442904375E-02  6.562000141E-03  8.262111202E-01 
         7  2.999999933E-02 -2.457304299E-02  6.562000141E-03  7.575335586E-01 
         8  2.999999933E-02 -2.471704409E-02  6.562000141E-03  5.892223590E-01 
         9  2.999999933E-02 -2.486104332E-02  6.562000141E-03  4.086899609E-01 
        10  2.999999933E-02 -2.500504255E-02  6.562000141E-03  4.920553564E-01 
        11  2.999999933E-02 -2.514904365E-02  6.562000141E-03  9.599752115E-01 
        12  2.999999933E-02 -2.529304288E-02  6.562000141E-03  1.128245322E+00 
        13  2.999999933E-02 -2.543704398E-02  6.562000141E-03  1.197498251E+00 
        14  2.999999933E-02 -2.558104321E-02  6.562000141E-03  1.301062116E+00 
        15  2.999999933E-02 -2.572504245E-02  6.562000141E-03  1.436625256E+00 
        16  2.999999933E-02 -2.586904354E-02  6.562000141E-03  1.602238358E+00 
        17  2.999999933E-02 -2.601304278E-02  6.562000141E-03  1.654040660E+00 
        18  2.999999933E-02 -2.615704387E-02  6.562000141E-03  1.651444939E+00 
        19  2.999999933E-02 -2.630104311E-02  6.562000141E-03  1.764428104E+00 
        20  2.999999933E-02 -2.644504420E-02  6.562000141E-03  1.797144283E+00 
        21  2.999999933E-02 -2.658904344E-02  6.562000141E-03  1.876240525E+00 
        22  2.999999933E-02 -2.673304267E-02  6.562000141E-03  2.308781516E+00 
        23  2.999999933E-02 -2.687704377E-02  6.562000141E-03  2.922435027E+00 
        24  2.999999933E-02 -2.702104300E-02  6.562000141E-03  3.220741978E+00 
        25  2.999999933E-02 -2.716504410E-02  6.562000141E-03  3.188621947E+00 
        26  2.999999933E-02 -2.730904333E-02  6.562000141E-03  2.991022698E+00 
        27  2.999999933E-02 -2.745304257E-02  6.562000141E-03  2.871977063E+00 
        28  2.999999933E-02 -2.759704366E-02  6.562000141E-03  2.843553425E+00 
        29  2.999999933E-02 -2.774104290E-02  6.562000141E-03  2.897450782E+00 
        30  2.999999933E-02 -2.788504399E-02  6.562000141E-03  3.004048081E+00 
        31  2.999999933E-02 -3.145632893E-02  6.562000141E-03  2.379851454E-01 
        32  2.999999933E-02 -3.133584931E-02  6.562000141E-03  3.347382110E-01 
        33  2.999999933E-02 -3.119704314E-02  6.562000141E-03  4.722426915E-01 
        34  2.999999933E-02 -3.105304390E-02  6.562000141E-03  5.437866583E-01 
        35  2.999999933E-02 -3.090904281E-02  6.562000141E-03  7.866928872E-01 
        36  2.999999933E-02 -3.076504357E-02  6.562000141E-03  1.066350388E+00 
        37  2.999999933E-02 -3.062104248E-02  6.562000141E-03  1.213184246E+00 
        38  2.999999933E-02 -3.047704324E-02  6.562000141E-03  1.393454092E+00 
        39  2.999999933E-02 -3.033304401E-02  6.562000141E-03  1.423559806E+00 
        40  2.999999933E-02 -3.018904291E-02  6.562000141E-03  1.295269027E+00 
        41  2.999999933E-02 -3.004504368E-02  6.562000141E-03  1.367697664E+00 
        42  2.999999933E-02 -2.990104258E-02  6.562000141E-03  1.658027798E+00 
        43  2.999999933E-02 -2.975704335E-02  6.562000141E-03  1.856015948E+00 
        44  2.999999933E-02 -2.961304411E-02  6.562000141E-03  1.986185250E+00 
        45  2.999999933E-02 -2.946904302E-02  6.562000141E-03  2.050002735E+00 
        46  2.999999933E-02 -2.932504378E-02  6.562000141E-03  2.167928764E+00 
        47  2.999999933E-02 -2.918104269E-02  6.562000141E-03  2.331962525E+00 
        48  2.999999933E-02 -2.903704345E-02  6.562000141E-03  2.416998673E+00 
        49  2.999999933E-02 -2.889304422E-02  6.562000141E-03  2.416635933E+00 
        50  2.999999933E-02 -2.874904312E-02  6.562000141E-03  2.394365583E+00 
        51  2.999999933E-02 -2.860504389E-02  6.562000141E-03  2.419978471E+00 
        52  2.999999933E-02 -2.846104279E-02  6.562000141E-03  2.589767140E+00 
        53  2.999999933E-02 -2.831704356E-02  6.562000141E-03  2.860289787E+00 
        54  2.999999933E-02 -2.817304246E-02  6.562000141E-03  3.040286349E+00 
        55  2.999999933E-02 -2.802904323E-02  6.562000141E-03  3.063712145E+00 
