cellnumber     x-coordinate     y-coordinate     z-coordinate velocity-magnitude 
         1  2.999999933E-02 -2.401195839E-02  6.562000606E-03  2.763116607E-01 
         2  2.999999933E-02 -2.404091880E-02  6.562000141E-03  2.118548717E-01 
         3  2.999999933E-02 -2.412424982E-02  6.562000606E-03  2.021865349E-01 
         4  2.999999933E-02 -2.420346625E-02  6.562000606E-03  3.290236810E-01 
         5  2.999999933E-02 -2.429169975E-02  6.562000141E-03  6.298382880E-01 
         6  2.999999933E-02 -2.442904375E-02  6.562000141E-03  1.107008646E+00 
         7  2.999999933E-02 -2.457304299E-02  6.562000141E-03  1.306565175E+00 
         8  2.999999933E-02 -2.471704409E-02  6.562000141E-03  1.381021865E+00 
         9  2.999999933E-02 -2.486104332E-02  6.562000141E-03  1.367714349E+00 
        10  2.999999933E-02 -2.500504255E-02  6.562000141E-03  1.291716661E+00 
        11  2.999999933E-02 -2.514904365E-02  6.562000141E-03  1.258212576E+00 
        12  2.999999933E-02 -2.529304288E-02  6.562000141E-03  1.279788350E+00 
        13  2.999999933E-02 -2.543704398E-02  6.562000141E-03  1.288318513E+00 
        14  2.999999933E-02 -2.558104321E-02  6.562000141E-03  1.244886895E+00 
        15  2.999999933E-02 -2.572504245E-02  6.562000141E-03  1.177571144E+00 
        16  2.999999933E-02 -2.586904354E-02  6.562000141E-03  1.129938095E+00 
        17  2.999999933E-02 -2.601304278E-02  6.562000141E-03  1.007307426E+00 
        18  2.999999933E-02 -2.615704387E-02  6.562000141E-03  8.978341562E-01 
        19  2.999999933E-02 -2.630104311E-02  6.562000141E-03  8.807884697E-01 
        20  2.999999933E-02 -2.644504420E-02  6.562000141E-03  8.994308798E-01 
        21  2.999999933E-02 -2.658904344E-02  6.562000141E-03  9.398895181E-01 
        22  2.999999933E-02 -2.673304267E-02  6.562000141E-03  9.773093577E-01 
        23  2.999999933E-02 -2.687704377E-02  6.562000141E-03  9.950928124E-01 
        24  2.999999933E-02 -2.702104300E-02  6.562000141E-03  1.080942087E+00 
        25  2.999999933E-02 -2.716504410E-02  6.562000141E-03  1.133366971E+00 
        26  2.999999933E-02 -2.730904333E-02  6.562000141E-03  1.148710644E+00 
        27  2.999999933E-02 -2.745304257E-02  6.562000141E-03  1.087760826E+00 
        28  2.999999933E-02 -2.759704366E-02  6.562000141E-03  9.768538177E-01 
        29  2.999999933E-02 -2.774104290E-02  6.562000141E-03  9.423723682E-01 
        30  2.999999933E-02 -2.788504399E-02  6.562000141E-03  1.119643493E+00 
        31  2.999999933E-02 -3.145632893E-02  6.562000141E-03  2.432582805E-01 
        32  2.999999933E-02 -3.133584931E-02  6.562000141E-03  1.707940079E-01 
        33  2.999999933E-02 -3.119704314E-02  6.562000141E-03  3.182709113E-01 
        34  2.999999933E-02 -3.105304390E-02  6.562000141E-03  4.173943914E-01 
        35  2.999999933E-02 -3.090904281E-02  6.562000141E-03  3.776823775E-01 
        36  2.999999933E-02 -3.076504357E-02  6.562000141E-03  3.242110409E-01 
        37  2.999999933E-02 -3.062104248E-02  6.562000141E-03  4.258733165E-01 
        38  2.999999933E-02 -3.047704324E-02  6.562000141E-03  6.957254440E-01 
        39  2.999999933E-02 -3.033304401E-02  6.562000141E-03  1.217945377E+00 
        40  2.999999933E-02 -3.018904291E-02  6.562000141E-03  1.583695278E+00 
        41  2.999999933E-02 -3.004504368E-02  6.562000141E-03  1.862965750E+00 
        42  2.999999933E-02 -2.990104258E-02  6.562000141E-03  2.002040403E+00 
        43  2.999999933E-02 -2.975704335E-02  6.562000141E-03  2.038633052E+00 
        44  2.999999933E-02 -2.961304411E-02  6.562000141E-03  2.225332237E+00 
        45  2.999999933E-02 -2.946904302E-02  6.562000141E-03  2.454823176E+00 
        46  2.999999933E-02 -2.932504378E-02  6.562000141E-03  2.560394965E+00 
        47  2.999999933E-02 -2.918104269E-02  6.562000141E-03  2.493290359E+00 
        48  2.999999933E-02 -2.903704345E-02  6.562000141E-03  2.339950010E+00 
        49  2.999999933E-02 -2.889304422E-02  6.562000141E-03  2.174334176E+00 
        50  2.999999933E-02 -2.874904312E-02  6.562000141E-03  2.158597822E+00 
        51  2.999999933E-02 -2.860504389E-02  6.562000141E-03  2.169247768E+00 
        52  2.999999933E-02 -2.846104279E-02  6.562000141E-03  2.107508907E+00 
        53  2.999999933E-02 -2.831704356E-02  6.562000141E-03  1.839350353E+00 
        54  2.999999933E-02 -2.817304246E-02  6.562000141E-03  1.513336954E+00 
        55  2.999999933E-02 -2.802904323E-02  6.562000141E-03  1.331968101E+00 
