cellnumber     x-coordinate     y-coordinate     z-coordinate velocity-magnitude 
         1  2.999999933E-02 -2.401195839E-02  6.562000606E-03  3.935947166E-01 
         2  2.999999933E-02 -2.404091880E-02  6.562000141E-03  4.253773089E-01 
         3  2.999999933E-02 -2.412424795E-02  6.562000141E-03  4.637003420E-01 
         4  2.999999933E-02 -2.420346625E-02  6.562000141E-03  4.791403136E-01 
         5  2.999999933E-02 -2.429169975E-02  6.562000141E-03  5.294216498E-01 
         6  2.999999933E-02 -2.442904375E-02  6.562000141E-03  6.356519325E-01 
         7  2.999999933E-02 -2.457304299E-02  6.562000141E-03  7.809769666E-01 
         8  2.999999933E-02 -2.471704409E-02  6.562000141E-03  9.637160439E-01 
         9  2.999999933E-02 -2.486104332E-02  6.562000141E-03  1.398330483E+00 
        10  2.999999933E-02 -2.500504255E-02  6.562000141E-03  1.135368707E+00 
        11  2.999999933E-02 -2.514904365E-02  6.562000141E-03  8.962904501E-01 
        12  2.999999933E-02 -2.529304288E-02  6.562000141E-03  9.394133864E-01 
        13  2.999999933E-02 -2.543704398E-02  6.562000141E-03  1.063794457E+00 
        14  2.999999933E-02 -2.558104321E-02  6.562000141E-03  1.486316279E+00 
        15  2.999999933E-02 -2.572504245E-02  6.562000141E-03  1.710268482E+00 
        16  2.999999933E-02 -2.586904354E-02  6.562000141E-03  1.648364052E+00 
        17  2.999999933E-02 -2.601304278E-02  6.562000141E-03  1.735698170E+00 
        18  2.999999933E-02 -2.615704387E-02  6.562000141E-03  2.383213288E+00 
        19  2.999999933E-02 -2.630104311E-02  6.562000141E-03  2.694831588E+00 
        20  2.999999933E-02 -2.644504420E-02  6.562000141E-03  2.782771579E+00 
        21  2.999999933E-02 -2.658904344E-02  6.562000141E-03  2.803147610E+00 
        22  2.999999933E-02 -2.673304267E-02  6.562000141E-03  2.840229306E+00 
        23  2.999999933E-02 -2.687704377E-02  6.562000141E-03  2.919785578E+00 
        24  2.999999933E-02 -2.702104300E-02  6.562000141E-03  2.946312582E+00 
        25  2.999999933E-02 -2.716504410E-02  6.562000141E-03  2.873754792E+00 
        26  2.999999933E-02 -2.730904333E-02  6.562000141E-03  2.822242317E+00 
        27  2.999999933E-02 -2.745304257E-02  6.562000141E-03  2.890201667E+00 
        28  2.999999933E-02 -2.759704366E-02  6.562000141E-03  2.944608472E+00 
        29  2.999999933E-02 -2.774104290E-02  6.562000141E-03  2.879814457E+00 
        30  2.999999933E-02 -2.788504399E-02  6.562000141E-03  2.732646739E+00 
        31  2.999999933E-02 -2.802904323E-02  6.562000141E-03  2.605332933E+00 
        32  2.999999933E-02 -2.817304432E-02  6.562000141E-03  2.546548458E+00 
        33  2.999999933E-02 -2.831704356E-02  6.562000141E-03  2.446585859E+00 
        34  2.999999933E-02 -2.846104279E-02  6.562000141E-03  2.259074489E+00 
        35  2.999999933E-02 -2.860504389E-02  6.562000141E-03  2.113952252E+00 
        36  2.999999933E-02 -2.874904312E-02  6.562000141E-03  2.005834175E+00 
        37  2.999999933E-02 -2.889304422E-02  6.562000141E-03  1.967867172E+00 
        38  2.999999933E-02 -2.903704345E-02  6.562000141E-03  1.978579632E+00 
        39  2.999999933E-02 -2.918104269E-02  6.562000141E-03  1.774864786E+00 
        40  2.999999933E-02 -2.932504378E-02  6.562000141E-03  1.125943573E+00 
        41  2.999999933E-02 -2.946904302E-02  6.562000141E-03  8.346425738E-01 
        42  2.999999933E-02 -2.961304411E-02  6.562000141E-03  7.974284639E-01 
        43  2.999999933E-02 -2.975704335E-02  6.562000141E-03  8.441276896E-01 
        44  2.999999933E-02 -2.990104258E-02  6.562000141E-03  8.086929044E-01 
        45  2.999999933E-02 -3.004504368E-02  6.562000141E-03  4.314233032E-01 
        46  2.999999933E-02 -3.018904291E-02  6.562000141E-03  1.299186517E-01 
        47  2.999999933E-02 -3.033304401E-02  6.562000141E-03  3.180770815E-01 
        48  2.999999933E-02 -3.047704324E-02  6.562000141E-03  4.178214696E-01 
        49  2.999999933E-02 -3.062104248E-02  6.562000141E-03  4.910512292E-01 
        50  2.999999933E-02 -3.076504357E-02  6.562000141E-03  5.676678970E-01 
        51  2.999999933E-02 -3.090904281E-02  6.562000141E-03  6.957879009E-01 
        52  2.999999933E-02 -3.105304390E-02  6.562000141E-03  8.103050839E-01 
        53  2.999999933E-02 -3.119704314E-02  6.562000141E-03  8.157334023E-01 
        54  2.999999933E-02 -3.133584931E-02  6.562000141E-03  7.898534546E-01 
        55  2.999999933E-02 -3.145632893E-02  6.562000141E-03  7.207418540E-01 
