cellnumber     x-coordinate     y-coordinate     z-coordinate velocity-magnitude 
         1  2.999999933E-02 -2.401195839E-02  6.562000606E-03  3.999346449E-01 
         2  2.999999933E-02 -2.404091880E-02  6.562000141E-03  5.415009562E-01 
         3  2.999999933E-02 -2.412424982E-02  6.562000606E-03  6.378732182E-01 
         4  2.999999933E-02 -2.420346625E-02  6.562000606E-03  6.111516469E-01 
         5  2.999999933E-02 -2.429169975E-02  6.562000141E-03  7.372553852E-01 
         6  2.999999933E-02 -2.442904375E-02  6.562000141E-03  6.787664855E-01 
         7  2.999999933E-02 -2.457304299E-02  6.562000141E-03  5.620842291E-01 
         8  2.999999933E-02 -2.471704409E-02  6.562000141E-03  3.976387452E-01 
         9  2.999999933E-02 -2.486104332E-02  6.562000141E-03  3.276570122E-01 
        10  2.999999933E-02 -2.500504255E-02  6.562000141E-03  4.636435085E-01 
        11  2.999999933E-02 -2.514904365E-02  6.562000141E-03  8.004846195E-01 
        12  2.999999933E-02 -2.529304288E-02  6.562000141E-03  9.883655303E-01 
        13  2.999999933E-02 -2.543704398E-02  6.562000141E-03  1.008850434E+00 
        14  2.999999933E-02 -2.558104321E-02  6.562000141E-03  1.090666484E+00 
        15  2.999999933E-02 -2.572504245E-02  6.562000141E-03  1.280781492E+00 
        16  2.999999933E-02 -2.586904354E-02  6.562000141E-03  1.730762170E+00 
        17  2.999999933E-02 -2.601304278E-02  6.562000141E-03  2.413831126E+00 
        18  2.999999933E-02 -2.615704387E-02  6.562000141E-03  2.673245603E+00 
        19  2.999999933E-02 -2.630104311E-02  6.562000141E-03  2.575576210E+00 
        20  2.999999933E-02 -2.644504420E-02  6.562000141E-03  2.414355643E+00 
        21  2.999999933E-02 -2.658904344E-02  6.562000141E-03  2.277632236E+00 
        22  2.999999933E-02 -2.673304267E-02  6.562000141E-03  2.191343790E+00 
        23  2.999999933E-02 -2.687704377E-02  6.562000141E-03  2.170366409E+00 
        24  2.999999933E-02 -2.702104300E-02  6.562000141E-03  2.225040555E+00 
        25  2.999999933E-02 -2.716504410E-02  6.562000141E-03  2.446838071E+00 
        26  2.999999933E-02 -2.730904333E-02  6.562000141E-03  2.801678029E+00 
        27  2.999999933E-02 -2.745304257E-02  6.562000141E-03  3.199272993E+00 
        28  2.999999933E-02 -2.759704366E-02  6.562000141E-03  3.437837713E+00 
        29  2.999999933E-02 -2.774104290E-02  6.562000141E-03  3.572034995E+00 
        30  2.999999933E-02 -2.788504399E-02  6.562000141E-03  3.628923574E+00 
        31  2.999999933E-02 -3.145632893E-02  6.562000141E-03  2.925320930E-01 
        32  2.999999933E-02 -3.133584931E-02  6.562000141E-03  3.424058873E-01 
        33  2.999999933E-02 -3.119704314E-02  6.562000141E-03  4.552003318E-01 
        34  2.999999933E-02 -3.105304390E-02  6.562000141E-03  6.196241768E-01 
        35  2.999999933E-02 -3.090904281E-02  6.562000141E-03  8.931638464E-01 
        36  2.999999933E-02 -3.076504357E-02  6.562000141E-03  1.084657095E+00 
        37  2.999999933E-02 -3.062104248E-02  6.562000141E-03  1.225816176E+00 
        38  2.999999933E-02 -3.047704324E-02  6.562000141E-03  1.243693027E+00 
        39  2.999999933E-02 -3.033304401E-02  6.562000141E-03  1.340732566E+00 
        40  2.999999933E-02 -3.018904291E-02  6.562000141E-03  1.487977493E+00 
        41  2.999999933E-02 -3.004504368E-02  6.562000141E-03  1.558664045E+00 
        42  2.999999933E-02 -2.990104258E-02  6.562000141E-03  1.600313224E+00 
        43  2.999999933E-02 -2.975704335E-02  6.562000141E-03  1.587909243E+00 
        44  2.999999933E-02 -2.961304411E-02  6.562000141E-03  1.958261225E+00 
        45  2.999999933E-02 -2.946904302E-02  6.562000141E-03  2.390644657E+00 
        46  2.999999933E-02 -2.932504378E-02  6.562000141E-03  2.569633828E+00 
        47  2.999999933E-02 -2.918104269E-02  6.562000141E-03  2.677093357E+00 
        48  2.999999933E-02 -2.903704345E-02  6.562000141E-03  2.657650322E+00 
        49  2.999999933E-02 -2.889304422E-02  6.562000141E-03  2.684577584E+00 
        50  2.999999933E-02 -2.874904312E-02  6.562000141E-03  2.750646497E+00 
        51  2.999999933E-02 -2.860504389E-02  6.562000141E-03  2.869059686E+00 
        52  2.999999933E-02 -2.846104279E-02  6.562000141E-03  3.067759328E+00 
        53  2.999999933E-02 -2.831704356E-02  6.562000141E-03  3.331238691E+00 
        54  2.999999933E-02 -2.817304246E-02  6.562000141E-03  3.548572977E+00 
        55  2.999999933E-02 -2.802904323E-02  6.562000141E-03  3.629089876E+00 
