cellnumber     x-coordinate     y-coordinate     z-coordinate velocity-magnitude 
         1  3.500000015E-02 -2.296095528E-02  6.562000141E-03  7.746522401E-02 
         2  3.500000015E-02 -2.296585217E-02  6.562000141E-03  2.232318655E-01 
         3  3.500000015E-02 -2.297453023E-02  6.561999675E-03  3.816397478E-01 
         4  3.500000015E-02 -2.298492938E-02  6.562000141E-03  5.426779658E-01 
         5  3.500000015E-02 -2.299739607E-02  6.562000606E-03  6.889355944E-01 
         6  3.500000015E-02 -2.301233448E-02  6.562000141E-03  7.974586550E-01 
         7  3.500000015E-02 -2.303021587E-02  6.562000141E-03  8.453661121E-01 
         8  3.500000015E-02 -2.305160835E-02  6.562000141E-03  8.325880811E-01 
         9  3.500000015E-02 -2.307719551E-02  6.561999675E-03  7.741446376E-01 
        10  3.500000015E-02 -2.310776524E-02  6.561999675E-03  7.238925921E-01 
        11  3.500000015E-02 -2.314046025E-02  6.562000141E-03  7.328246665E-01 
        12  3.500000015E-02 -2.320699580E-02  6.562000141E-03  8.685976783E-01 
        13  3.500000015E-02 -2.332915738E-02  6.562000141E-03  1.257614386E+00 
        14  3.500000015E-02 -2.344694175E-02  6.562000141E-03  1.404845140E+00 
        15  3.500000015E-02 -2.356504276E-02  6.561999675E-03  1.404712473E+00 
        16  3.500000015E-02 -2.370904200E-02  6.562000141E-03  1.435705382E+00 
        17  3.500000015E-02 -2.385304309E-02  6.561999675E-03  1.636174237E+00 
        18  3.500000015E-02 -2.399704233E-02  6.562000141E-03  1.812818113E+00 
        19  3.500000015E-02 -2.414104342E-02  6.561999675E-03  1.880636540E+00 
        20  3.500000015E-02 -2.428504266E-02  6.561999675E-03  1.857735943E+00 
        21  3.500000015E-02 -2.442904189E-02  6.561999675E-03  1.736399843E+00 
        22  3.500000015E-02 -2.457304299E-02  6.561999675E-03  1.605210346E+00 
        23  3.500000015E-02 -2.471704222E-02  6.561999675E-03  1.440041953E+00 
        24  3.500000015E-02 -2.486104332E-02  6.561999675E-03  1.332515509E+00 
        25  3.500000015E-02 -2.500504255E-02  6.561999675E-03  1.376703672E+00 
        26  3.500000015E-02 -2.846104279E-02  6.561999675E-03  8.210640554E-01 
        27  3.500000015E-02 -2.860504203E-02  6.562000141E-03  8.249796408E-01 
        28  3.500000015E-02 -2.874904312E-02  6.562000141E-03  8.562412978E-01 
        29  3.500000015E-02 -2.889304236E-02  6.562000141E-03  9.222787289E-01 
        30  3.500000015E-02 -2.903704345E-02  6.562000141E-03  1.032335114E+00 
        31  3.500000015E-02 -2.918104269E-02  6.562000141E-03  1.102314502E+00 
        32  3.500000015E-02 -2.932504192E-02  6.562000141E-03  1.149197453E+00 
        33  3.500000015E-02 -2.946904302E-02  6.562000141E-03  1.177922830E+00 
        34  3.500000015E-02 -2.961304225E-02  6.562000141E-03  1.102863117E+00 
        35  3.500000015E-02 -2.975704335E-02  6.562000141E-03  9.556417819E-01 
        36  3.500000015E-02 -2.990104258E-02  6.562000141E-03  8.807168074E-01 
        37  3.500000015E-02 -3.004504368E-02  6.562000141E-03  9.166468885E-01 
        38  3.500000015E-02 -3.018904291E-02  6.562000141E-03  9.638205937E-01 
        39  3.500000015E-02 -3.033304214E-02  6.562000141E-03  1.099016068E+00 
        40  3.500000015E-02 -3.047704324E-02  6.562000141E-03  1.306497821E+00 
        41  3.500000015E-02 -3.062104248E-02  6.562000141E-03  1.418496882E+00 
        42  3.500000015E-02 -3.076504357E-02  6.562000141E-03  1.363965589E+00 
        43  3.500000015E-02 -3.090904281E-02  6.562000141E-03  1.397494622E+00 
        44  3.500000015E-02 -3.105304204E-02  6.562000141E-03  1.381293690E+00 
        45  3.500000015E-02 -3.119704314E-02  6.562000141E-03  1.117347639E+00 
        46  3.500000015E-02 -3.134104237E-02  6.562000141E-03  1.010650403E+00 
        47  3.500000015E-02 -3.148504347E-02  6.562000141E-03  1.069657349E+00 
        48  3.500000015E-02 -3.162904084E-02  6.562000141E-03  1.114698764E+00 
        49  3.500000015E-02 -3.177304193E-02  6.562000141E-03  1.124910731E+00 
        50  3.500000015E-02 -3.191704303E-02  6.562000141E-03  1.170568821E+00 
        51  3.500000015E-02 -3.206104040E-02  6.562000141E-03  1.085142664E+00 
        52  3.500000015E-02 -3.219095245E-02  6.562000141E-03  8.248157967E-01 
        53  3.500000015E-02 -3.232943267E-02  6.562000141E-03  5.021402874E-01 
        54  3.500000015E-02 -2.514904365E-02  6.561999675E-03  1.598276263E+00 
        55  3.500000015E-02 -2.529304288E-02  6.562000141E-03  1.899487225E+00 
        56  3.500000015E-02 -2.543704212E-02  6.562000141E-03  2.149649303E+00 
        57  3.500000015E-02 -2.558104321E-02  6.562000141E-03  2.234215486E+00 
        58  3.500000015E-02 -2.572504245E-02  6.562000141E-03  2.131610300E+00 
        59  3.500000015E-02 -2.586904354E-02  6.562000141E-03  2.383194274E+00 
        60  3.500000015E-02 -2.601304278E-02  6.562000141E-03  2.585128161E+00 
        61  3.500000015E-02 -2.615704201E-02  6.562000141E-03  2.664343505E+00 
        62  3.500000015E-02 -2.630104311E-02  6.562000141E-03  2.638089159E+00 
        63  3.500000015E-02 -2.644504234E-02  6.562000141E-03  2.615444769E+00 
        64  3.500000015E-02 -2.658904344E-02  6.562000141E-03  2.547321569E+00 
        65  3.500000015E-02 -2.673304267E-02  6.562000141E-03  2.208542170E+00 
        66  3.500000015E-02 -2.687704191E-02  6.562000141E-03  1.770748710E+00 
        67  3.500000015E-02 -2.702104300E-02  6.562000141E-03  1.396869243E+00 
        68  3.500000015E-02 -2.716504224E-02  6.562000141E-03  1.284000643E+00 
        69  3.500000015E-02 -2.730904333E-02  6.562000141E-03  1.374188809E+00 
        70  3.500000015E-02 -2.745304257E-02  6.562000141E-03  1.409808884E+00 
        71  3.500000015E-02 -2.759704366E-02  6.562000141E-03  1.272165240E+00 
        72  3.500000015E-02 -2.774104290E-02  6.562000141E-03  1.157095837E+00 
        73  3.500000015E-02 -2.788504213E-02  6.562000141E-03  1.111721278E+00 
        74  3.500000015E-02 -2.802904323E-02  6.562000141E-03  9.852931594E-01 
        75  3.500000015E-02 -2.817304246E-02  6.562000141E-03  8.853215141E-01 
        76  3.500000015E-02 -2.831704356E-02  6.562000141E-03  8.400295031E-01 
