cellnumber     x-coordinate     y-coordinate     z-coordinate velocity-magnitude 
         1  3.500000015E-02 -2.296095528E-02  6.562000141E-03  9.586804488E-03 
         2  3.500000015E-02 -2.296585217E-02  6.562000141E-03  2.809698621E-02 
         3  3.500000015E-02 -2.297453023E-02  6.561999675E-03  5.018267780E-02 
         4  3.500000015E-02 -2.298492938E-02  6.562000141E-03  7.557975370E-02 
         5  3.500000015E-02 -2.299739607E-02  6.562000606E-03  1.048139248E-01 
         6  3.500000015E-02 -2.301233448E-02  6.562000141E-03  1.399093173E-01 
         7  3.500000015E-02 -2.303021587E-02  6.562000141E-03  1.860803108E-01 
         8  3.500000015E-02 -2.305160835E-02  6.562000141E-03  2.517848087E-01 
         9  3.500000015E-02 -2.307719551E-02  6.561999675E-03  3.394793476E-01 
        10  3.500000015E-02 -2.310776524E-02  6.561999675E-03  4.347690796E-01 
        11  3.500000015E-02 -2.314046025E-02  6.562000141E-03  5.031805450E-01 
        12  3.500000015E-02 -2.320699580E-02  6.562000141E-03  4.869242276E-01 
        13  3.500000015E-02 -2.332915738E-02  6.562000141E-03  4.709490333E-01 
        14  3.500000015E-02 -2.344694175E-02  6.562000141E-03  5.205309026E-01 
        15  3.500000015E-02 -2.356504276E-02  6.561999675E-03  5.991231032E-01 
        16  3.500000015E-02 -2.370904200E-02  6.562000141E-03  6.057399635E-01 
        17  3.500000015E-02 -2.385304309E-02  6.561999675E-03  5.451972457E-01 
        18  3.500000015E-02 -2.399704233E-02  6.562000141E-03  5.369779086E-01 
        19  3.500000015E-02 -2.414104342E-02  6.561999675E-03  6.548464340E-01 
        20  3.500000015E-02 -2.428504266E-02  6.561999675E-03  7.311063104E-01 
        21  3.500000015E-02 -2.442904189E-02  6.561999675E-03  7.752043778E-01 
        22  3.500000015E-02 -2.457304299E-02  6.561999675E-03  8.268848529E-01 
        23  3.500000015E-02 -2.471704222E-02  6.561999675E-03  8.655583635E-01 
        24  3.500000015E-02 -2.486104332E-02  6.561999675E-03  8.790140855E-01 
        25  3.500000015E-02 -2.500504255E-02  6.561999675E-03  1.083051978E+00 
        26  3.500000015E-02 -2.846104279E-02  6.561999675E-03  1.305518625E+00 
        27  3.500000015E-02 -2.860504203E-02  6.562000141E-03  1.205775614E+00 
        28  3.500000015E-02 -2.874904312E-02  6.562000141E-03  1.130812769E+00 
        29  3.500000015E-02 -2.889304236E-02  6.562000141E-03  5.067653732E-01 
        30  3.500000015E-02 -2.903704345E-02  6.562000141E-03  7.994581886E-01 
        31  3.500000015E-02 -2.918104269E-02  6.562000141E-03  1.369157271E+00 
        32  3.500000015E-02 -2.932504192E-02  6.562000141E-03  1.671815375E+00 
        33  3.500000015E-02 -2.946904302E-02  6.562000141E-03  1.782569064E+00 
        34  3.500000015E-02 -2.961304225E-02  6.562000141E-03  1.813464877E+00 
        35  3.500000015E-02 -2.975704335E-02  6.562000141E-03  2.040957636E+00 
        36  3.500000015E-02 -2.990104258E-02  6.562000141E-03  2.098418578E+00 
        37  3.500000015E-02 -3.004504368E-02  6.562000141E-03  1.926985983E+00 
        38  3.500000015E-02 -3.018904291E-02  6.562000141E-03  1.689761920E+00 
        39  3.500000015E-02 -3.033304214E-02  6.562000141E-03  1.479900782E+00 
        40  3.500000015E-02 -3.047704324E-02  6.562000141E-03  1.441300404E+00 
        41  3.500000015E-02 -3.062104248E-02  6.562000141E-03  1.405359689E+00 
        42  3.500000015E-02 -3.076504357E-02  6.562000141E-03  1.321098934E+00 
        43  3.500000015E-02 -3.090904281E-02  6.562000141E-03  1.191148762E+00 
        44  3.500000015E-02 -3.105304204E-02  6.562000141E-03  1.071141322E+00 
        45  3.500000015E-02 -3.119704314E-02  6.562000141E-03  9.454169726E-01 
        46  3.500000015E-02 -3.134104237E-02  6.562000141E-03  7.774403858E-01 
        47  3.500000015E-02 -3.148504347E-02  6.562000141E-03  6.320676842E-01 
        48  3.500000015E-02 -3.162904084E-02  6.562000141E-03  5.029433980E-01 
        49  3.500000015E-02 -3.177304193E-02  6.562000141E-03  3.682376273E-01 
        50  3.500000015E-02 -3.191704303E-02  6.562000141E-03  4.043667204E-01 
        51  3.500000015E-02 -3.206104040E-02  6.562000141E-03  4.701642329E-01 
        52  3.500000015E-02 -3.219095245E-02  6.562000141E-03  4.430079704E-01 
        53  3.500000015E-02 -3.232943267E-02  6.562000141E-03  3.636124166E-01 
        54  3.500000015E-02 -2.514904365E-02  6.561999675E-03  1.191291625E+00 
        55  3.500000015E-02 -2.529304288E-02  6.562000141E-03  1.226738384E+00 
        56  3.500000015E-02 -2.543704212E-02  6.562000141E-03  1.221724756E+00 
        57  3.500000015E-02 -2.558104321E-02  6.562000141E-03  1.506737135E+00 
        58  3.500000015E-02 -2.572504245E-02  6.562000141E-03  1.796515392E+00 
        59  3.500000015E-02 -2.586904354E-02  6.562000141E-03  2.029166959E+00 
        60  3.500000015E-02 -2.601304278E-02  6.562000141E-03  2.267179180E+00 
        61  3.500000015E-02 -2.615704201E-02  6.562000141E-03  2.257052477E+00 
        62  3.500000015E-02 -2.630104311E-02  6.562000141E-03  2.062824823E+00 
        63  3.500000015E-02 -2.644504234E-02  6.562000141E-03  1.798156874E+00 
        64  3.500000015E-02 -2.658904344E-02  6.562000141E-03  1.390077797E+00 
        65  3.500000015E-02 -2.673304267E-02  6.562000141E-03  1.140874076E+00 
        66  3.500000015E-02 -2.687704191E-02  6.562000141E-03  1.171027320E+00 
        67  3.500000015E-02 -2.702104300E-02  6.562000141E-03  1.362873052E+00 
        68  3.500000015E-02 -2.716504224E-02  6.562000141E-03  1.518984702E+00 
        69  3.500000015E-02 -2.730904333E-02  6.562000141E-03  1.260648872E+00 
        70  3.500000015E-02 -2.745304257E-02  6.562000141E-03  1.226244023E+00 
        71  3.500000015E-02 -2.759704366E-02  6.562000141E-03  1.649071090E+00 
        72  3.500000015E-02 -2.774104290E-02  6.562000141E-03  2.015624826E+00 
        73  3.500000015E-02 -2.788504213E-02  6.562000141E-03  2.077197530E+00 
        74  3.500000015E-02 -2.802904323E-02  6.562000141E-03  1.900375579E+00 
        75  3.500000015E-02 -2.817304246E-02  6.562000141E-03  1.681966152E+00 
        76  3.500000015E-02 -2.831704356E-02  6.562000141E-03  1.508535283E+00 
