cellnumber     x-coordinate     y-coordinate     z-coordinate velocity-magnitude 
         1  3.500000015E-02 -2.296095528E-02  6.562000141E-03  1.398101043E-02 
         2  3.500000015E-02 -2.296585217E-02  6.562000141E-03  4.558394005E-02 
         3  3.500000015E-02 -2.297453023E-02  6.561999675E-03  8.823688567E-02 
         4  3.500000015E-02 -2.298492938E-02  6.562000141E-03  1.446513490E-01 
         5  3.500000015E-02 -2.299739607E-02  6.562000606E-03  2.172689549E-01 
         6  3.500000015E-02 -2.301233448E-02  6.562000141E-03  3.082569335E-01 
         7  3.500000015E-02 -2.303021587E-02  6.562000141E-03  4.182904044E-01 
         8  3.500000015E-02 -2.305160835E-02  6.562000141E-03  5.473850423E-01 
         9  3.500000015E-02 -2.307719551E-02  6.561999675E-03  6.920424413E-01 
        10  3.500000015E-02 -2.310776524E-02  6.561999675E-03  8.508712169E-01 
        11  3.500000015E-02 -2.314046025E-02  6.562000141E-03  1.052116131E+00 
        12  3.500000015E-02 -2.320699580E-02  6.562000141E-03  1.223030214E+00 
        13  3.500000015E-02 -2.332915738E-02  6.562000141E-03  1.414172748E+00 
        14  3.500000015E-02 -2.344694175E-02  6.562000141E-03  1.369352479E+00 
        15  3.500000015E-02 -2.356504276E-02  6.561999675E-03  1.476867522E+00 
        16  3.500000015E-02 -2.370904200E-02  6.562000141E-03  1.485589917E+00 
        17  3.500000015E-02 -2.385304309E-02  6.561999675E-03  1.472775953E+00 
        18  3.500000015E-02 -2.399704233E-02  6.562000141E-03  1.441313547E+00 
        19  3.500000015E-02 -2.414104342E-02  6.561999675E-03  1.479759890E+00 
        20  3.500000015E-02 -2.428504266E-02  6.561999675E-03  1.499248562E+00 
        21  3.500000015E-02 -2.442904189E-02  6.561999675E-03  1.514747359E+00 
        22  3.500000015E-02 -2.457304299E-02  6.561999675E-03  1.482397815E+00 
        23  3.500000015E-02 -2.471704222E-02  6.561999675E-03  1.453023344E+00 
        24  3.500000015E-02 -2.486104332E-02  6.561999675E-03  1.442664111E+00 
        25  3.500000015E-02 -2.500504255E-02  6.561999675E-03  1.411436904E+00 
        26  3.500000015E-02 -2.846104279E-02  6.561999675E-03  1.741329716E+00 
        27  3.500000015E-02 -2.860504203E-02  6.562000141E-03  1.886511730E+00 
        28  3.500000015E-02 -2.874904312E-02  6.562000141E-03  1.733046015E+00 
        29  3.500000015E-02 -2.889304236E-02  6.562000141E-03  1.497590844E+00 
        30  3.500000015E-02 -2.903704345E-02  6.562000141E-03  1.565194931E+00 
        31  3.500000015E-02 -2.918104269E-02  6.562000141E-03  1.638299503E+00 
        32  3.500000015E-02 -2.932504192E-02  6.562000141E-03  1.645450372E+00 
        33  3.500000015E-02 -2.946904302E-02  6.562000141E-03  1.500398055E+00 
        34  3.500000015E-02 -2.961304225E-02  6.562000141E-03  1.417499503E+00 
        35  3.500000015E-02 -2.975704335E-02  6.562000141E-03  1.283748070E+00 
        36  3.500000015E-02 -2.990104258E-02  6.562000141E-03  1.139157049E+00 
        37  3.500000015E-02 -3.004504368E-02  6.562000141E-03  1.006663536E+00 
        38  3.500000015E-02 -3.018904291E-02  6.562000141E-03  7.262748250E-01 
        39  3.500000015E-02 -3.033304214E-02  6.562000141E-03  4.383941159E-01 
        40  3.500000015E-02 -3.047704324E-02  6.562000141E-03  2.690311254E-01 
        41  3.500000015E-02 -3.062104248E-02  6.562000141E-03  2.461703577E-01 
        42  3.500000015E-02 -3.076504357E-02  6.562000141E-03  3.304457292E-01 
        43  3.500000015E-02 -3.090904281E-02  6.562000141E-03  4.235794196E-01 
        44  3.500000015E-02 -3.105304204E-02  6.562000141E-03  4.757990659E-01 
        45  3.500000015E-02 -3.119704314E-02  6.562000141E-03  4.935650421E-01 
        46  3.500000015E-02 -3.134104237E-02  6.562000141E-03  4.364547758E-01 
        47  3.500000015E-02 -3.148504347E-02  6.562000141E-03  2.852404952E-01 
        48  3.500000015E-02 -3.162904084E-02  6.562000141E-03  2.785452854E-01 
        49  3.500000015E-02 -3.177304193E-02  6.562000141E-03  3.739208468E-01 
        50  3.500000015E-02 -3.191704303E-02  6.562000141E-03  2.831213736E-01 
        51  3.500000015E-02 -3.206104040E-02  6.562000141E-03  1.251411652E-01 
        52  3.500000015E-02 -3.219095245E-02  6.562000141E-03  1.805275342E-01 
        53  3.500000015E-02 -3.232943267E-02  6.562000141E-03  1.685315385E-01 
        54  3.500000015E-02 -2.514904365E-02  6.561999675E-03  1.376486475E+00 
        55  3.500000015E-02 -2.529304288E-02  6.562000141E-03  1.320449596E+00 
        56  3.500000015E-02 -2.543704212E-02  6.562000141E-03  1.242677389E+00 
        57  3.500000015E-02 -2.558104321E-02  6.562000141E-03  1.090877452E+00 
        58  3.500000015E-02 -2.572504245E-02  6.562000141E-03  9.019271837E-01 
        59  3.500000015E-02 -2.586904354E-02  6.562000141E-03  8.886149096E-01 
        60  3.500000015E-02 -2.601304278E-02  6.562000141E-03  1.087438323E+00 
        61  3.500000015E-02 -2.615704201E-02  6.562000141E-03  1.175103069E+00 
        62  3.500000015E-02 -2.630104311E-02  6.562000141E-03  1.284959004E+00 
        63  3.500000015E-02 -2.644504234E-02  6.562000141E-03  1.462925088E+00 
        64  3.500000015E-02 -2.658904344E-02  6.562000141E-03  1.541788217E+00 
        65  3.500000015E-02 -2.673304267E-02  6.562000141E-03  1.532286214E+00 
        66  3.500000015E-02 -2.687704191E-02  6.562000141E-03  1.537499265E+00 
        67  3.500000015E-02 -2.702104300E-02  6.562000141E-03  1.569805721E+00 
        68  3.500000015E-02 -2.716504224E-02  6.562000141E-03  1.605094768E+00 
        69  3.500000015E-02 -2.730904333E-02  6.562000141E-03  1.682596505E+00 
        70  3.500000015E-02 -2.745304257E-02  6.562000141E-03  1.562801696E+00 
        71  3.500000015E-02 -2.759704366E-02  6.562000141E-03  1.546550040E+00 
        72  3.500000015E-02 -2.774104290E-02  6.562000141E-03  1.462921491E+00 
        73  3.500000015E-02 -2.788504213E-02  6.562000141E-03  1.380183372E+00 
        74  3.500000015E-02 -2.802904323E-02  6.562000141E-03  1.223913313E+00 
        75  3.500000015E-02 -2.817304246E-02  6.562000141E-03  1.331953471E+00 
        76  3.500000015E-02 -2.831704356E-02  6.562000141E-03  1.591701885E+00 
