cellnumber     x-coordinate     y-coordinate     z-coordinate velocity-magnitude 
         1  3.500000015E-02 -2.296095528E-02  6.562000141E-03  1.633820541E-02 
         2  3.500000015E-02 -2.296585217E-02  6.562000141E-03  4.781416556E-02 
         3  3.500000015E-02 -2.297453023E-02  6.561999675E-03  8.345887418E-02 
         4  3.500000015E-02 -2.298492938E-02  6.562000141E-03  1.230398088E-01 
         5  3.500000015E-02 -2.299739607E-02  6.562000606E-03  1.658835927E-01 
         6  3.500000015E-02 -2.301233448E-02  6.562000141E-03  2.107911065E-01 
         7  3.500000015E-02 -2.303021587E-02  6.562000141E-03  2.560379907E-01 
         8  3.500000015E-02 -2.305160835E-02  6.562000141E-03  2.996740809E-01 
         9  3.500000015E-02 -2.307719551E-02  6.561999675E-03  3.402449290E-01 
        10  3.500000015E-02 -2.310776524E-02  6.561999675E-03  3.769361124E-01 
        11  3.500000015E-02 -2.314046025E-02  6.562000141E-03  4.140505237E-01 
        12  3.500000015E-02 -2.320699580E-02  6.562000141E-03  4.460702831E-01 
        13  3.500000015E-02 -2.332915738E-02  6.562000141E-03  4.930273675E-01 
        14  3.500000015E-02 -2.344694175E-02  6.562000141E-03  5.181120425E-01 
        15  3.500000015E-02 -2.356504276E-02  6.561999675E-03  4.983858128E-01 
        16  3.500000015E-02 -2.370904200E-02  6.562000141E-03  4.738512862E-01 
        17  3.500000015E-02 -2.385304309E-02  6.561999675E-03  4.946739878E-01 
        18  3.500000015E-02 -2.399704233E-02  6.562000141E-03  5.101060286E-01 
        19  3.500000015E-02 -2.414104342E-02  6.561999675E-03  5.868457398E-01 
        20  3.500000015E-02 -2.428504266E-02  6.561999675E-03  8.152086309E-01 
        21  3.500000015E-02 -2.442904189E-02  6.561999675E-03  1.076021645E+00 
        22  3.500000015E-02 -2.457304299E-02  6.561999675E-03  1.252039815E+00 
        23  3.500000015E-02 -2.471704222E-02  6.561999675E-03  1.352467789E+00 
        24  3.500000015E-02 -2.486104332E-02  6.561999675E-03  1.520438512E+00 
        25  3.500000015E-02 -2.500504255E-02  6.561999675E-03  1.717125591E+00 
        26  3.500000015E-02 -2.846104279E-02  6.561999675E-03  1.817575740E+00 
        27  3.500000015E-02 -2.860504203E-02  6.562000141E-03  1.462730578E+00 
        28  3.500000015E-02 -2.874904312E-02  6.562000141E-03  1.354101479E+00 
        29  3.500000015E-02 -2.889304236E-02  6.562000141E-03  1.404054056E+00 
        30  3.500000015E-02 -2.903704345E-02  6.562000141E-03  1.266232382E+00 
        31  3.500000015E-02 -2.918104269E-02  6.562000141E-03  8.492782176E-01 
        32  3.500000015E-02 -2.932504192E-02  6.562000141E-03  8.614227818E-01 
        33  3.500000015E-02 -2.946904302E-02  6.562000141E-03  8.671544046E-01 
        34  3.500000015E-02 -2.961304225E-02  6.562000141E-03  8.923094369E-01 
        35  3.500000015E-02 -2.975704335E-02  6.562000141E-03  8.841898017E-01 
        36  3.500000015E-02 -2.990104258E-02  6.562000141E-03  8.092755718E-01 
        37  3.500000015E-02 -3.004504368E-02  6.562000141E-03  5.305212112E-01 
        38  3.500000015E-02 -3.018904291E-02  6.562000141E-03  1.730253809E-01 
        39  3.500000015E-02 -3.033304214E-02  6.562000141E-03  1.196674503E-01 
        40  3.500000015E-02 -3.047704324E-02  6.562000141E-03  3.093102106E-01 
        41  3.500000015E-02 -3.062104248E-02  6.562000141E-03  4.635703168E-01 
        42  3.500000015E-02 -3.076504357E-02  6.562000141E-03  5.095497731E-01 
        43  3.500000015E-02 -3.090904281E-02  6.562000141E-03  4.413199187E-01 
        44  3.500000015E-02 -3.105304204E-02  6.562000141E-03  2.426264222E-01 
        45  3.500000015E-02 -3.119704314E-02  6.562000141E-03  9.892179701E-02 
        46  3.500000015E-02 -3.134104237E-02  6.562000141E-03  3.330137679E-01 
        47  3.500000015E-02 -3.148504347E-02  6.562000141E-03  4.248088154E-01 
        48  3.500000015E-02 -3.162904084E-02  6.562000141E-03  4.495869833E-01 
        49  3.500000015E-02 -3.177304193E-02  6.562000141E-03  3.854730530E-01 
        50  3.500000015E-02 -3.191704303E-02  6.562000141E-03  2.189748174E-01 
        51  3.500000015E-02 -3.206104040E-02  6.562000141E-03  8.087434158E-02 
        52  3.500000015E-02 -3.219095245E-02  6.562000141E-03  2.955511805E-01 
        53  3.500000015E-02 -3.232943267E-02  6.562000141E-03  3.877914491E-01 
        54  3.500000015E-02 -2.514904365E-02  6.561999675E-03  2.142252646E+00 
        55  3.500000015E-02 -2.529304288E-02  6.562000141E-03  2.192353991E+00 
        56  3.500000015E-02 -2.543704212E-02  6.562000141E-03  2.124251406E+00 
        57  3.500000015E-02 -2.558104321E-02  6.562000141E-03  2.178485581E+00 
        58  3.500000015E-02 -2.572504245E-02  6.562000141E-03  2.150363096E+00 
        59  3.500000015E-02 -2.586904354E-02  6.562000141E-03  2.187661265E+00 
        60  3.500000015E-02 -2.601304278E-02  6.562000141E-03  2.241880408E+00 
        61  3.500000015E-02 -2.615704201E-02  6.562000141E-03  2.352212338E+00 
        62  3.500000015E-02 -2.630104311E-02  6.562000141E-03  2.528949796E+00 
        63  3.500000015E-02 -2.644504234E-02  6.562000141E-03  2.675290600E+00 
        64  3.500000015E-02 -2.658904344E-02  6.562000141E-03  2.762369912E+00 
        65  3.500000015E-02 -2.673304267E-02  6.562000141E-03  2.717534383E+00 
        66  3.500000015E-02 -2.687704191E-02  6.562000141E-03  2.560644293E+00 
        67  3.500000015E-02 -2.702104300E-02  6.562000141E-03  2.410429071E+00 
        68  3.500000015E-02 -2.716504224E-02  6.562000141E-03  2.231297229E+00 
        69  3.500000015E-02 -2.730904333E-02  6.562000141E-03  2.187079159E+00 
        70  3.500000015E-02 -2.745304257E-02  6.562000141E-03  2.373401215E+00 
        71  3.500000015E-02 -2.759704366E-02  6.562000141E-03  2.543722926E+00 
        72  3.500000015E-02 -2.774104290E-02  6.562000141E-03  2.551713821E+00 
        73  3.500000015E-02 -2.788504213E-02  6.562000141E-03  2.333822795E+00 
        74  3.500000015E-02 -2.802904323E-02  6.562000141E-03  2.184334669E+00 
        75  3.500000015E-02 -2.817304246E-02  6.562000141E-03  2.037745345E+00 
        76  3.500000015E-02 -2.831704356E-02  6.562000141E-03  1.979392696E+00 
