cellnumber     x-coordinate     y-coordinate     z-coordinate velocity-magnitude 
         1  3.500000015E-02 -3.232943267E-02  6.562000141E-03  5.949602522E-01 
         2  3.500000015E-02 -3.219095245E-02  6.562000141E-03  5.883404837E-01 
         3  3.500000015E-02 -3.206104040E-02  6.561999675E-03  5.615724432E-01 
         4  3.500000015E-02 -3.191704303E-02  6.561999675E-03  6.197929672E-01 
         5  3.500000015E-02 -3.177304193E-02  6.561999675E-03  6.937841754E-01 
         6  3.500000015E-02 -3.162904084E-02  6.561999675E-03  7.355389418E-01 
         7  3.500000015E-02 -3.148504347E-02  6.561999675E-03  7.461988772E-01 
         8  3.500000015E-02 -3.134104237E-02  6.562000141E-03  7.454227887E-01 
         9  3.500000015E-02 -3.119704314E-02  6.562000141E-03  7.389201890E-01 
        10  3.500000015E-02 -3.105304204E-02  6.562000141E-03  7.054607831E-01 
        11  3.500000015E-02 -3.090904281E-02  6.561999675E-03  6.679506395E-01 
        12  3.500000015E-02 -3.076504171E-02  6.561999675E-03  5.696047372E-01 
        13  3.500000015E-02 -3.062104248E-02  6.561999675E-03  5.011353466E-01 
        14  3.500000015E-02 -3.047704324E-02  6.561999675E-03  9.083476739E-01 
        15  3.500000015E-02 -3.033304214E-02  6.561999675E-03  1.207788037E+00 
        16  3.500000015E-02 -3.018904291E-02  6.561999675E-03  1.438409278E+00 
        17  3.500000015E-02 -3.004504181E-02  6.561999675E-03  1.451465726E+00 
        18  3.500000015E-02 -2.990104258E-02  6.561999675E-03  1.458440686E+00 
        19  3.500000015E-02 -2.975704335E-02  6.561999675E-03  1.528401455E+00 
        20  3.500000015E-02 -2.961304225E-02  6.561999675E-03  1.575722746E+00 
        21  3.500000015E-02 -2.946904302E-02  6.561999675E-03  1.566091770E+00 
        22  3.500000015E-02 -2.932504192E-02  6.561999675E-03  1.514485399E+00 
        23  3.500000015E-02 -2.918104269E-02  6.561999675E-03  1.403523466E+00 
        24  3.500000015E-02 -2.903704345E-02  6.561999675E-03  1.323408749E+00 
        25  3.500000015E-02 -2.889304236E-02  6.561999675E-03  9.554941766E-01 
        26  3.500000015E-02 -2.874904312E-02  6.562000141E-03  7.693199388E-01 
        27  3.500000015E-02 -2.860504203E-02  6.561999675E-03  8.694989100E-01 
        28  3.500000015E-02 -2.846104279E-02  6.561999675E-03  9.105560060E-01 
        29  3.500000015E-02 -2.831704356E-02  6.561999675E-03  8.493667199E-01 
        30  3.500000015E-02 -2.817304246E-02  6.561999675E-03  1.247692817E+00 
        31  3.500000015E-02 -2.802904323E-02  6.561999675E-03  1.788448438E+00 
        32  3.500000015E-02 -2.788504213E-02  6.561999675E-03  1.746077223E+00 
        33  3.500000015E-02 -2.774104290E-02  6.561999675E-03  2.191584540E+00 
        34  3.500000015E-02 -2.759704180E-02  6.561999675E-03  2.640342196E+00 
        35  3.500000015E-02 -2.745304257E-02  6.561999675E-03  2.398662375E+00 
        36  3.500000015E-02 -2.730904333E-02  6.561999675E-03  2.279538894E+00 
        37  3.500000015E-02 -2.716504224E-02  6.561999675E-03  2.170836086E+00 
        38  3.500000015E-02 -2.702104300E-02  6.561999675E-03  2.018129754E+00 
        39  3.500000015E-02 -2.687704191E-02  6.561999675E-03  2.007890621E+00 
        40  3.500000015E-02 -2.673304267E-02  6.561999675E-03  2.012629982E+00 
        41  3.500000015E-02 -2.658904344E-02  6.561999675E-03  1.656139101E+00 
        42  3.500000015E-02 -2.644504234E-02  6.561999675E-03  1.519637605E+00 
        43  3.500000015E-02 -2.630104311E-02  6.561999675E-03  1.791868774E+00 
        44  3.500000015E-02 -2.615704201E-02  6.561999675E-03  2.019529039E+00 
        45  3.500000015E-02 -2.601304278E-02  6.561999675E-03  1.863030855E+00 
        46  3.500000015E-02 -2.586904354E-02  6.561999675E-03  1.419441468E+00 
        47  3.500000015E-02 -2.572504245E-02  6.561999675E-03  1.317754095E+00 
        48  3.500000015E-02 -2.558104321E-02  6.561999675E-03  1.332677551E+00 
        49  3.500000015E-02 -2.543704212E-02  6.561999675E-03  1.350302953E+00 
        50  3.500000015E-02 -2.529304288E-02  6.562000141E-03  1.347068191E+00 
        51  3.500000015E-02 -2.514904365E-02  6.561999675E-03  1.337533946E+00 
        52  3.500000015E-02 -2.500504255E-02  6.562000141E-03  1.333381073E+00 
        53  3.500000015E-02 -2.486104332E-02  6.562000141E-03  1.331736839E+00 
        54  3.500000015E-02 -2.471704222E-02  6.562000141E-03  1.377067481E+00 
        55  3.500000015E-02 -2.457304299E-02  6.562000141E-03  1.569967053E+00 
        56  3.500000015E-02 -2.442904375E-02  6.562000141E-03  1.888640530E+00 
        57  3.500000015E-02 -2.428504266E-02  6.562000141E-03  2.053884827E+00 
        58  3.500000015E-02 -2.414104342E-02  6.561999675E-03  1.993816785E+00 
        59  3.500000015E-02 -2.296095528E-02  6.562000141E-03  1.320073976E-02 
        60  3.500000015E-02 -2.296585217E-02  6.562000141E-03  3.689791901E-02 
        61  3.500000015E-02 -2.297452837E-02  6.562000141E-03  6.267995678E-02 
        62  3.500000015E-02 -2.298492938E-02  6.562000141E-03  9.126858214E-02 
        63  3.500000015E-02 -2.299739420E-02  6.562000141E-03  1.238536055E-01 
        64  3.500000015E-02 -2.301233262E-02  6.562000141E-03  1.621210077E-01 
        65  3.500000015E-02 -2.303021587E-02  6.561999675E-03  2.082205603E-01 
        66  3.500000015E-02 -2.305160835E-02  6.562000141E-03  2.636508814E-01 
        67  3.500000015E-02 -2.307719551E-02  6.561999675E-03  3.316765468E-01 
        68  3.500000015E-02 -2.310776524E-02  6.561999675E-03  4.120843227E-01 
        69  3.500000015E-02 -2.314046025E-02  6.562000141E-03  5.237824066E-01 
        70  3.500000015E-02 -2.320699580E-02  6.562000141E-03  6.177284122E-01 
        71  3.500000015E-02 -2.332915738E-02  6.562000141E-03  8.852314609E-01 
        72  3.500000015E-02 -2.344694175E-02  6.562000141E-03  1.130265619E+00 
        73  3.500000015E-02 -2.356504276E-02  6.562000141E-03  1.309249478E+00 
        74  3.500000015E-02 -2.370904200E-02  6.562000141E-03  1.403388077E+00 
        75  3.500000015E-02 -2.385304309E-02  6.562000141E-03  1.564914763E+00 
        76  3.500000015E-02 -2.399704233E-02  6.562000141E-03  1.813764959E+00 
