cellnumber     x-coordinate     y-coordinate     z-coordinate velocity-magnitude 
         1  3.500000015E-02 -2.296095528E-02  6.562000141E-03  2.157321003E-02 
         2  3.500000015E-02 -2.296585217E-02  6.562000141E-03  6.483946381E-02 
         3  3.500000015E-02 -2.297453023E-02  6.561999675E-03  1.159044586E-01 
         4  3.500000015E-02 -2.298492938E-02  6.562000141E-03  1.747845026E-01 
         5  3.500000015E-02 -2.299739607E-02  6.562000606E-03  2.407521674E-01 
         6  3.500000015E-02 -2.301233448E-02  6.562000141E-03  3.118413680E-01 
         7  3.500000015E-02 -2.303021587E-02  6.562000141E-03  3.849320697E-01 
         8  3.500000015E-02 -2.305160835E-02  6.562000141E-03  4.561833443E-01 
         9  3.500000015E-02 -2.307719551E-02  6.561999675E-03  5.217399429E-01 
        10  3.500000015E-02 -2.310776524E-02  6.561999675E-03  5.773557500E-01 
        11  3.500000015E-02 -2.314046025E-02  6.562000141E-03  6.209022812E-01 
        12  3.500000015E-02 -2.320699580E-02  6.562000141E-03  6.330681279E-01 
        13  3.500000015E-02 -2.332915738E-02  6.562000141E-03  5.811645740E-01 
        14  3.500000015E-02 -2.344694175E-02  6.562000141E-03  4.342576786E-01 
        15  3.500000015E-02 -2.356504276E-02  6.561999675E-03  3.450871557E-01 
        16  3.500000015E-02 -2.370904200E-02  6.562000141E-03  3.314857306E-01 
        17  3.500000015E-02 -2.385304309E-02  6.561999675E-03  4.368824489E-01 
        18  3.500000015E-02 -2.399704233E-02  6.562000141E-03  5.888222571E-01 
        19  3.500000015E-02 -2.414104342E-02  6.561999675E-03  7.220842432E-01 
        20  3.500000015E-02 -2.428504266E-02  6.561999675E-03  8.527088592E-01 
        21  3.500000015E-02 -2.442904189E-02  6.561999675E-03  9.729321965E-01 
        22  3.500000015E-02 -2.457304299E-02  6.561999675E-03  1.161917759E+00 
        23  3.500000015E-02 -2.471704222E-02  6.561999675E-03  1.382547976E+00 
        24  3.500000015E-02 -2.486104332E-02  6.561999675E-03  1.563679807E+00 
        25  3.500000015E-02 -2.500504255E-02  6.561999675E-03  1.712063439E+00 
        26  3.500000015E-02 -2.846104279E-02  6.561999675E-03  3.013928710E+00 
        27  3.500000015E-02 -2.860504203E-02  6.562000141E-03  2.740445771E+00 
        28  3.500000015E-02 -2.874904312E-02  6.562000141E-03  2.350197521E+00 
        29  3.500000015E-02 -2.889304236E-02  6.562000141E-03  2.048267878E+00 
        30  3.500000015E-02 -2.903704345E-02  6.562000141E-03  2.004235843E+00 
        31  3.500000015E-02 -2.918104269E-02  6.562000141E-03  2.058673203E+00 
        32  3.500000015E-02 -2.932504192E-02  6.562000141E-03  2.089175156E+00 
        33  3.500000015E-02 -2.946904302E-02  6.562000141E-03  2.073364526E+00 
        34  3.500000015E-02 -2.961304225E-02  6.562000141E-03  2.001106497E+00 
        35  3.500000015E-02 -2.975704335E-02  6.562000141E-03  1.848624044E+00 
        36  3.500000015E-02 -2.990104258E-02  6.562000141E-03  1.660335651E+00 
        37  3.500000015E-02 -3.004504368E-02  6.562000141E-03  1.477715146E+00 
        38  3.500000015E-02 -3.018904291E-02  6.562000141E-03  1.088566843E+00 
        39  3.500000015E-02 -3.033304214E-02  6.562000141E-03  8.156133136E-01 
        40  3.500000015E-02 -3.047704324E-02  6.562000141E-03  8.345371741E-01 
        41  3.500000015E-02 -3.062104248E-02  6.562000141E-03  9.648424645E-01 
        42  3.500000015E-02 -3.076504357E-02  6.562000141E-03  1.069798741E+00 
        43  3.500000015E-02 -3.090904281E-02  6.562000141E-03  1.148029279E+00 
        44  3.500000015E-02 -3.105304204E-02  6.562000141E-03  1.241520013E+00 
        45  3.500000015E-02 -3.119704314E-02  6.562000141E-03  1.261080315E+00 
        46  3.500000015E-02 -3.134104237E-02  6.562000141E-03  1.258246705E+00 
        47  3.500000015E-02 -3.148504347E-02  6.562000141E-03  1.133981819E+00 
        48  3.500000015E-02 -3.162904084E-02  6.562000141E-03  9.459767722E-01 
        49  3.500000015E-02 -3.177304193E-02  6.562000141E-03  9.222898719E-01 
        50  3.500000015E-02 -3.191704303E-02  6.562000141E-03  7.985329857E-01 
        51  3.500000015E-02 -3.206104040E-02  6.562000141E-03  7.741056144E-01 
        52  3.500000015E-02 -3.219095245E-02  6.562000141E-03  8.398222429E-01 
        53  3.500000015E-02 -3.232943267E-02  6.562000141E-03  9.023650295E-01 
        54  3.500000015E-02 -2.514904365E-02  6.561999675E-03  1.774640115E+00 
        55  3.500000015E-02 -2.529304288E-02  6.562000141E-03  1.680820254E+00 
        56  3.500000015E-02 -2.543704212E-02  6.562000141E-03  1.740931712E+00 
        57  3.500000015E-02 -2.558104321E-02  6.562000141E-03  1.643955418E+00 
        58  3.500000015E-02 -2.572504245E-02  6.562000141E-03  1.538268218E+00 
        59  3.500000015E-02 -2.586904354E-02  6.562000141E-03  1.689907678E+00 
        60  3.500000015E-02 -2.601304278E-02  6.562000141E-03  2.227375359E+00 
        61  3.500000015E-02 -2.615704201E-02  6.562000141E-03  2.531176022E+00 
        62  3.500000015E-02 -2.630104311E-02  6.562000141E-03  2.286333484E+00 
        63  3.500000015E-02 -2.644504234E-02  6.562000141E-03  1.789995885E+00 
        64  3.500000015E-02 -2.658904344E-02  6.562000141E-03  1.671757795E+00 
        65  3.500000015E-02 -2.673304267E-02  6.562000141E-03  1.673939870E+00 
        66  3.500000015E-02 -2.687704191E-02  6.562000141E-03  1.577683685E+00 
        67  3.500000015E-02 -2.702104300E-02  6.562000141E-03  1.443916202E+00 
        68  3.500000015E-02 -2.716504224E-02  6.562000141E-03  1.307217326E+00 
        69  3.500000015E-02 -2.730904333E-02  6.562000141E-03  1.218369386E+00 
        70  3.500000015E-02 -2.745304257E-02  6.562000141E-03  1.191853753E+00 
        71  3.500000015E-02 -2.759704366E-02  6.562000141E-03  1.144792901E+00 
        72  3.500000015E-02 -2.774104290E-02  6.562000141E-03  1.246803785E+00 
        73  3.500000015E-02 -2.788504213E-02  6.562000141E-03  1.591497754E+00 
        74  3.500000015E-02 -2.802904323E-02  6.562000141E-03  2.025999892E+00 
        75  3.500000015E-02 -2.817304246E-02  6.562000141E-03  2.490449634E+00 
        76  3.500000015E-02 -2.831704356E-02  6.562000141E-03  2.877732889E+00 
