cellnumber     x-coordinate     y-coordinate     z-coordinate velocity-magnitude 
         1  3.500000015E-02 -2.296095528E-02  6.562000141E-03  2.303103248E-02 
         2  3.500000015E-02 -2.296585217E-02  6.562000141E-03  6.729522571E-02 
         3  3.500000015E-02 -2.297453023E-02  6.561999675E-03  1.186619534E-01 
         4  3.500000015E-02 -2.298492938E-02  6.562000141E-03  1.792506456E-01 
         5  3.500000015E-02 -2.299739607E-02  6.562000606E-03  2.523744340E-01 
         6  3.500000015E-02 -2.301233448E-02  6.562000141E-03  3.426484877E-01 
         7  3.500000015E-02 -2.303021587E-02  6.562000141E-03  4.538833394E-01 
         8  3.500000015E-02 -2.305160835E-02  6.562000141E-03  5.889831083E-01 
         9  3.500000015E-02 -2.307719551E-02  6.561999675E-03  7.406074921E-01 
        10  3.500000015E-02 -2.310776524E-02  6.561999675E-03  8.918366880E-01 
        11  3.500000015E-02 -2.314046025E-02  6.562000141E-03  1.010973186E+00 
        12  3.500000015E-02 -2.320699580E-02  6.562000141E-03  1.057894982E+00 
        13  3.500000015E-02 -2.332915738E-02  6.562000141E-03  1.018334181E+00 
        14  3.500000015E-02 -2.344694175E-02  6.562000141E-03  9.883687486E-01 
        15  3.500000015E-02 -2.356504276E-02  6.561999675E-03  9.031306892E-01 
        16  3.500000015E-02 -2.370904200E-02  6.562000141E-03  9.068241305E-01 
        17  3.500000015E-02 -2.385304309E-02  6.561999675E-03  9.774510713E-01 
        18  3.500000015E-02 -2.399704233E-02  6.562000141E-03  1.149676592E+00 
        19  3.500000015E-02 -2.414104342E-02  6.561999675E-03  1.275661871E+00 
        20  3.500000015E-02 -2.428504266E-02  6.561999675E-03  1.303005288E+00 
        21  3.500000015E-02 -2.442904189E-02  6.561999675E-03  1.394541812E+00 
        22  3.500000015E-02 -2.457304299E-02  6.561999675E-03  1.412009612E+00 
        23  3.500000015E-02 -2.471704222E-02  6.561999675E-03  1.405779426E+00 
        24  3.500000015E-02 -2.486104332E-02  6.561999675E-03  1.590428100E+00 
        25  3.500000015E-02 -2.500504255E-02  6.561999675E-03  1.904195196E+00 
        26  3.500000015E-02 -2.846104279E-02  6.561999675E-03  1.637290272E+00 
        27  3.500000015E-02 -2.860504203E-02  6.562000141E-03  1.369183056E+00 
        28  3.500000015E-02 -2.874904312E-02  6.562000141E-03  1.169486676E+00 
        29  3.500000015E-02 -2.889304236E-02  6.562000141E-03  1.005006854E+00 
        30  3.500000015E-02 -2.903704345E-02  6.562000141E-03  9.879833597E-01 
        31  3.500000015E-02 -2.918104269E-02  6.562000141E-03  1.174396795E+00 
        32  3.500000015E-02 -2.932504192E-02  6.562000141E-03  1.396968107E+00 
        33  3.500000015E-02 -2.946904302E-02  6.562000141E-03  1.500332661E+00 
        34  3.500000015E-02 -2.961304225E-02  6.562000141E-03  1.392714320E+00 
        35  3.500000015E-02 -2.975704335E-02  6.562000141E-03  1.111291224E+00 
        36  3.500000015E-02 -2.990104258E-02  6.562000141E-03  6.633663963E-01 
        37  3.500000015E-02 -3.004504368E-02  6.562000141E-03  2.480154690E-01 
        38  3.500000015E-02 -3.018904291E-02  6.562000141E-03  2.369794610E-01 
        39  3.500000015E-02 -3.033304214E-02  6.562000141E-03  3.233308090E-01 
        40  3.500000015E-02 -3.047704324E-02  6.562000141E-03  3.201344944E-01 
        41  3.500000015E-02 -3.062104248E-02  6.562000141E-03  3.407666649E-01 
        42  3.500000015E-02 -3.076504357E-02  6.562000141E-03  4.024317430E-01 
        43  3.500000015E-02 -3.090904281E-02  6.562000141E-03  4.978787816E-01 
        44  3.500000015E-02 -3.105304204E-02  6.562000141E-03  4.562195983E-01 
        45  3.500000015E-02 -3.119704314E-02  6.562000141E-03  3.703288578E-01 
        46  3.500000015E-02 -3.134104237E-02  6.562000141E-03  3.846778413E-01 
        47  3.500000015E-02 -3.148504347E-02  6.562000141E-03  3.855615684E-01 
        48  3.500000015E-02 -3.162904084E-02  6.562000141E-03  3.915889041E-01 
        49  3.500000015E-02 -3.177304193E-02  6.562000141E-03  4.321779731E-01 
        50  3.500000015E-02 -3.191704303E-02  6.562000141E-03  4.668560837E-01 
        51  3.500000015E-02 -3.206104040E-02  6.562000141E-03  4.823931429E-01 
        52  3.500000015E-02 -3.219095245E-02  6.562000141E-03  4.530291797E-01 
        53  3.500000015E-02 -3.232943267E-02  6.562000141E-03  3.494959634E-01 
        54  3.500000015E-02 -2.514904365E-02  6.561999675E-03  2.335880398E+00 
        55  3.500000015E-02 -2.529304288E-02  6.562000141E-03  2.466174418E+00 
        56  3.500000015E-02 -2.543704212E-02  6.562000141E-03  2.508680539E+00 
        57  3.500000015E-02 -2.558104321E-02  6.562000141E-03  2.446902572E+00 
        58  3.500000015E-02 -2.572504245E-02  6.562000141E-03  2.343643841E+00 
        59  3.500000015E-02 -2.586904354E-02  6.562000141E-03  2.311242627E+00 
        60  3.500000015E-02 -2.601304278E-02  6.562000141E-03  2.287263819E+00 
        61  3.500000015E-02 -2.615704201E-02  6.562000141E-03  2.431649556E+00 
        62  3.500000015E-02 -2.630104311E-02  6.562000141E-03  2.921588834E+00 
        63  3.500000015E-02 -2.644504234E-02  6.562000141E-03  3.392592815E+00 
        64  3.500000015E-02 -2.658904344E-02  6.562000141E-03  3.543208816E+00 
        65  3.500000015E-02 -2.673304267E-02  6.562000141E-03  3.568614650E+00 
        66  3.500000015E-02 -2.687704191E-02  6.562000141E-03  3.388551865E+00 
        67  3.500000015E-02 -2.702104300E-02  6.562000141E-03  3.171829831E+00 
        68  3.500000015E-02 -2.716504224E-02  6.562000141E-03  3.206922066E+00 
        69  3.500000015E-02 -2.730904333E-02  6.562000141E-03  3.130467390E+00 
        70  3.500000015E-02 -2.745304257E-02  6.562000141E-03  3.047830063E+00 
        71  3.500000015E-02 -2.759704366E-02  6.562000141E-03  2.989517217E+00 
        72  3.500000015E-02 -2.774104290E-02  6.562000141E-03  2.762080416E+00 
        73  3.500000015E-02 -2.788504213E-02  6.562000141E-03  2.477881261E+00 
        74  3.500000015E-02 -2.802904323E-02  6.562000141E-03  2.376414282E+00 
        75  3.500000015E-02 -2.817304246E-02  6.562000141E-03  2.170961594E+00 
        76  3.500000015E-02 -2.831704356E-02  6.562000141E-03  1.931546715E+00 
