cellnumber     x-coordinate     y-coordinate     z-coordinate velocity-magnitude 
         1  3.500000015E-02 -2.296095528E-02  6.562000141E-03  2.270017026E-02 
         2  3.500000015E-02 -2.296585217E-02  6.562000141E-03  6.764389429E-02 
         3  3.500000015E-02 -2.297453023E-02  6.561999675E-03  1.210491942E-01 
         4  3.500000015E-02 -2.298492938E-02  6.562000141E-03  1.851913790E-01 
         5  3.500000015E-02 -2.299739607E-02  6.562000606E-03  2.627340775E-01 
         6  3.500000015E-02 -2.301233448E-02  6.562000141E-03  3.560869028E-01 
         7  3.500000015E-02 -2.303021587E-02  6.562000141E-03  4.657233791E-01 
         8  3.500000015E-02 -2.305160835E-02  6.562000141E-03  5.897218963E-01 
         9  3.500000015E-02 -2.307719551E-02  6.561999675E-03  7.155012331E-01 
        10  3.500000015E-02 -2.310776524E-02  6.561999675E-03  8.326317651E-01 
        11  3.500000015E-02 -2.314046025E-02  6.562000141E-03  9.605219322E-01 
        12  3.500000015E-02 -2.320699580E-02  6.562000141E-03  1.054648254E+00 
        13  3.500000015E-02 -2.332915738E-02  6.562000141E-03  1.163926539E+00 
        14  3.500000015E-02 -2.344694175E-02  6.562000141E-03  1.096756226E+00 
        15  3.500000015E-02 -2.356504276E-02  6.561999675E-03  1.004205440E+00 
        16  3.500000015E-02 -2.370904200E-02  6.562000141E-03  9.311538167E-01 
        17  3.500000015E-02 -2.385304309E-02  6.561999675E-03  1.004171208E+00 
        18  3.500000015E-02 -2.399704233E-02  6.562000141E-03  9.799048486E-01 
        19  3.500000015E-02 -2.414104342E-02  6.561999675E-03  1.010876141E+00 
        20  3.500000015E-02 -2.428504266E-02  6.561999675E-03  9.770470038E-01 
        21  3.500000015E-02 -2.442904189E-02  6.561999675E-03  1.068806497E+00 
        22  3.500000015E-02 -2.457304299E-02  6.561999675E-03  1.276055329E+00 
        23  3.500000015E-02 -2.471704222E-02  6.561999675E-03  1.493401556E+00 
        24  3.500000015E-02 -2.486104332E-02  6.561999675E-03  1.623391501E+00 
        25  3.500000015E-02 -2.500504255E-02  6.561999675E-03  1.702998590E+00 
        26  3.500000015E-02 -2.846104279E-02  6.561999675E-03  1.134489418E+00 
        27  3.500000015E-02 -2.860504203E-02  6.562000141E-03  9.174802699E-01 
        28  3.500000015E-02 -2.874904312E-02  6.562000141E-03  1.047735286E+00 
        29  3.500000015E-02 -2.889304236E-02  6.562000141E-03  1.304546895E+00 
        30  3.500000015E-02 -2.903704345E-02  6.562000141E-03  1.344852337E+00 
        31  3.500000015E-02 -2.918104269E-02  6.562000141E-03  1.222423549E+00 
        32  3.500000015E-02 -2.932504192E-02  6.562000141E-03  8.992652334E-01 
        33  3.500000015E-02 -2.946904302E-02  6.562000141E-03  8.744844518E-01 
        34  3.500000015E-02 -2.961304225E-02  6.562000141E-03  1.154972830E+00 
        35  3.500000015E-02 -2.975704335E-02  6.562000141E-03  1.318849214E+00 
        36  3.500000015E-02 -2.990104258E-02  6.562000141E-03  1.049643087E+00 
        37  3.500000015E-02 -3.004504368E-02  6.562000141E-03  8.340116057E-01 
        38  3.500000015E-02 -3.018904291E-02  6.562000141E-03  7.500234309E-01 
        39  3.500000015E-02 -3.033304214E-02  6.562000141E-03  6.682167787E-01 
        40  3.500000015E-02 -3.047704324E-02  6.562000141E-03  6.495440577E-01 
        41  3.500000015E-02 -3.062104248E-02  6.562000141E-03  6.446046906E-01 
        42  3.500000015E-02 -3.076504357E-02  6.562000141E-03  6.656640075E-01 
        43  3.500000015E-02 -3.090904281E-02  6.562000141E-03  6.832469392E-01 
        44  3.500000015E-02 -3.105304204E-02  6.562000141E-03  5.796805172E-01 
        45  3.500000015E-02 -3.119704314E-02  6.562000141E-03  7.490362678E-01 
        46  3.500000015E-02 -3.134104237E-02  6.562000141E-03  1.122538091E+00 
        47  3.500000015E-02 -3.148504347E-02  6.562000141E-03  1.144532402E+00 
        48  3.500000015E-02 -3.162904084E-02  6.562000141E-03  6.477443639E-01 
        49  3.500000015E-02 -3.177304193E-02  6.562000141E-03  1.956029025E-01 
        50  3.500000015E-02 -3.191704303E-02  6.562000141E-03  2.969649018E-01 
        51  3.500000015E-02 -3.206104040E-02  6.562000141E-03  3.240050082E-01 
        52  3.500000015E-02 -3.219095245E-02  6.562000141E-03  5.183643745E-01 
        53  3.500000015E-02 -3.232943267E-02  6.562000141E-03  5.758718297E-01 
        54  3.500000015E-02 -2.514904365E-02  6.561999675E-03  1.770151792E+00 
        55  3.500000015E-02 -2.529304288E-02  6.562000141E-03  1.920062253E+00 
        56  3.500000015E-02 -2.543704212E-02  6.562000141E-03  2.141651179E+00 
        57  3.500000015E-02 -2.558104321E-02  6.562000141E-03  2.216426282E+00 
        58  3.500000015E-02 -2.572504245E-02  6.562000141E-03  2.207386390E+00 
        59  3.500000015E-02 -2.586904354E-02  6.562000141E-03  2.205438484E+00 
        60  3.500000015E-02 -2.601304278E-02  6.562000141E-03  2.187104883E+00 
        61  3.500000015E-02 -2.615704201E-02  6.562000141E-03  2.096911679E+00 
        62  3.500000015E-02 -2.630104311E-02  6.562000141E-03  2.046220160E+00 
        63  3.500000015E-02 -2.644504234E-02  6.562000141E-03  2.328447602E+00 
        64  3.500000015E-02 -2.658904344E-02  6.562000141E-03  2.479030924E+00 
        65  3.500000015E-02 -2.673304267E-02  6.562000141E-03  2.494921345E+00 
        66  3.500000015E-02 -2.687704191E-02  6.562000141E-03  2.271921690E+00 
        67  3.500000015E-02 -2.702104300E-02  6.562000141E-03  2.169088180E+00 
        68  3.500000015E-02 -2.716504224E-02  6.562000141E-03  2.121186719E+00 
        69  3.500000015E-02 -2.730904333E-02  6.562000141E-03  1.790098860E+00 
        70  3.500000015E-02 -2.745304257E-02  6.562000141E-03  1.370997031E+00 
        71  3.500000015E-02 -2.759704366E-02  6.562000141E-03  1.219934363E+00 
        72  3.500000015E-02 -2.774104290E-02  6.562000141E-03  1.230047107E+00 
        73  3.500000015E-02 -2.788504213E-02  6.562000141E-03  1.283707135E+00 
        74  3.500000015E-02 -2.802904323E-02  6.562000141E-03  1.652259751E+00 
        75  3.500000015E-02 -2.817304246E-02  6.562000141E-03  1.868585777E+00 
        76  3.500000015E-02 -2.831704356E-02  6.562000141E-03  1.549699533E+00 
