cellnumber     x-coordinate     y-coordinate     z-coordinate velocity-magnitude 
         1  3.500000015E-02 -2.296095528E-02  6.562000141E-03  2.454343826E-02 
         2  3.500000015E-02 -2.296585217E-02  6.562000141E-03  7.302551710E-02 
         3  3.500000015E-02 -2.297453023E-02  6.561999675E-03  1.299343724E-01 
         4  3.500000015E-02 -2.298492938E-02  6.562000141E-03  1.960886420E-01 
         5  3.500000015E-02 -2.299739607E-02  6.562000606E-03  2.719024215E-01 
         6  3.500000015E-02 -2.301233448E-02  6.562000141E-03  3.566652866E-01 
         7  3.500000015E-02 -2.303021587E-02  6.562000141E-03  4.480149286E-01 
         8  3.500000015E-02 -2.305160835E-02  6.562000141E-03  5.400344463E-01 
         9  3.500000015E-02 -2.307719551E-02  6.561999675E-03  6.227638753E-01 
        10  3.500000015E-02 -2.310776524E-02  6.561999675E-03  6.836515264E-01 
        11  3.500000015E-02 -2.314046025E-02  6.562000141E-03  7.205255436E-01 
        12  3.500000015E-02 -2.320699580E-02  6.562000141E-03  7.017174477E-01 
        13  3.500000015E-02 -2.332915738E-02  6.562000141E-03  7.513185230E-01 
        14  3.500000015E-02 -2.344694175E-02  6.562000141E-03  8.430257648E-01 
        15  3.500000015E-02 -2.356504276E-02  6.561999675E-03  9.931024020E-01 
        16  3.500000015E-02 -2.370904200E-02  6.562000141E-03  1.047040605E+00 
        17  3.500000015E-02 -2.385304309E-02  6.561999675E-03  1.106205464E+00 
        18  3.500000015E-02 -2.399704233E-02  6.562000141E-03  1.058576982E+00 
        19  3.500000015E-02 -2.414104342E-02  6.561999675E-03  1.005468435E+00 
        20  3.500000015E-02 -2.428504266E-02  6.561999675E-03  1.013792226E+00 
        21  3.500000015E-02 -2.442904189E-02  6.561999675E-03  1.002368662E+00 
        22  3.500000015E-02 -2.457304299E-02  6.561999675E-03  1.073169538E+00 
        23  3.500000015E-02 -2.471704222E-02  6.561999675E-03  1.005571424E+00 
        24  3.500000015E-02 -2.486104332E-02  6.561999675E-03  9.269229886E-01 
        25  3.500000015E-02 -2.500504255E-02  6.561999675E-03  9.223199396E-01 
        26  3.500000015E-02 -2.846104279E-02  6.561999675E-03  2.197074977E+00 
        27  3.500000015E-02 -2.860504203E-02  6.562000141E-03  2.233521377E+00 
        28  3.500000015E-02 -2.874904312E-02  6.562000141E-03  2.299186367E+00 
        29  3.500000015E-02 -2.889304236E-02  6.562000141E-03  1.890380757E+00 
        30  3.500000015E-02 -2.903704345E-02  6.562000141E-03  1.436623783E+00 
        31  3.500000015E-02 -2.918104269E-02  6.562000141E-03  1.179338266E+00 
        32  3.500000015E-02 -2.932504192E-02  6.562000141E-03  1.056816368E+00 
        33  3.500000015E-02 -2.946904302E-02  6.562000141E-03  1.054823150E+00 
        34  3.500000015E-02 -2.961304225E-02  6.562000141E-03  9.141957899E-01 
        35  3.500000015E-02 -2.975704335E-02  6.562000141E-03  6.046790566E-01 
        36  3.500000015E-02 -2.990104258E-02  6.562000141E-03  4.731037298E-01 
        37  3.500000015E-02 -3.004504368E-02  6.562000141E-03  4.549308436E-01 
        38  3.500000015E-02 -3.018904291E-02  6.562000141E-03  4.894359073E-01 
        39  3.500000015E-02 -3.033304214E-02  6.562000141E-03  5.694475915E-01 
        40  3.500000015E-02 -3.047704324E-02  6.562000141E-03  7.819976410E-01 
        41  3.500000015E-02 -3.062104248E-02  6.562000141E-03  8.798058926E-01 
        42  3.500000015E-02 -3.076504357E-02  6.562000141E-03  9.041622343E-01 
        43  3.500000015E-02 -3.090904281E-02  6.562000141E-03  6.974213347E-01 
        44  3.500000015E-02 -3.105304204E-02  6.562000141E-03  5.644328136E-01 
        45  3.500000015E-02 -3.119704314E-02  6.562000141E-03  5.328692137E-01 
        46  3.500000015E-02 -3.134104237E-02  6.562000141E-03  4.642460002E-01 
        47  3.500000015E-02 -3.148504347E-02  6.562000141E-03  4.615364378E-01 
        48  3.500000015E-02 -3.162904084E-02  6.562000141E-03  4.518636121E-01 
        49  3.500000015E-02 -3.177304193E-02  6.562000141E-03  4.099454729E-01 
        50  3.500000015E-02 -3.191704303E-02  6.562000141E-03  3.291518086E-01 
        51  3.500000015E-02 -3.206104040E-02  6.562000141E-03  2.587304687E-01 
        52  3.500000015E-02 -3.219095245E-02  6.562000141E-03  2.254361519E-01 
        53  3.500000015E-02 -3.232943267E-02  6.562000141E-03  1.852208420E-01 
        54  3.500000015E-02 -2.514904365E-02  6.561999675E-03  9.877988548E-01 
        55  3.500000015E-02 -2.529304288E-02  6.562000141E-03  1.120643003E+00 
        56  3.500000015E-02 -2.543704212E-02  6.562000141E-03  1.192804841E+00 
        57  3.500000015E-02 -2.558104321E-02  6.562000141E-03  1.208647425E+00 
        58  3.500000015E-02 -2.572504245E-02  6.562000141E-03  1.348339844E+00 
        59  3.500000015E-02 -2.586904354E-02  6.562000141E-03  1.498028580E+00 
        60  3.500000015E-02 -2.601304278E-02  6.562000141E-03  1.766865358E+00 
        61  3.500000015E-02 -2.615704201E-02  6.562000141E-03  2.077949389E+00 
        62  3.500000015E-02 -2.630104311E-02  6.562000141E-03  2.173924463E+00 
        63  3.500000015E-02 -2.644504234E-02  6.562000141E-03  2.229407047E+00 
        64  3.500000015E-02 -2.658904344E-02  6.562000141E-03  2.263216014E+00 
        65  3.500000015E-02 -2.673304267E-02  6.562000141E-03  2.226325420E+00 
        66  3.500000015E-02 -2.687704191E-02  6.562000141E-03  2.169384647E+00 
        67  3.500000015E-02 -2.702104300E-02  6.562000141E-03  2.178003096E+00 
        68  3.500000015E-02 -2.716504224E-02  6.562000141E-03  2.193498589E+00 
        69  3.500000015E-02 -2.730904333E-02  6.562000141E-03  2.230009335E+00 
        70  3.500000015E-02 -2.745304257E-02  6.562000141E-03  2.317754071E+00 
        71  3.500000015E-02 -2.759704366E-02  6.562000141E-03  2.505752165E+00 
        72  3.500000015E-02 -2.774104290E-02  6.562000141E-03  2.733137175E+00 
        73  3.500000015E-02 -2.788504213E-02  6.562000141E-03  2.756228703E+00 
        74  3.500000015E-02 -2.802904323E-02  6.562000141E-03  2.654661031E+00 
        75  3.500000015E-02 -2.817304246E-02  6.562000141E-03  2.461539948E+00 
        76  3.500000015E-02 -2.831704356E-02  6.562000141E-03  2.276839157E+00 
