cellnumber     x-coordinate     y-coordinate     z-coordinate velocity-magnitude 
         1  3.500000015E-02 -2.296095528E-02  6.562000141E-03  1.084008638E-02 
         2  3.500000015E-02 -2.296585217E-02  6.562000141E-03  3.234258162E-02 
         3  3.500000015E-02 -2.297453023E-02  6.561999675E-03  5.747890408E-02 
         4  3.500000015E-02 -2.298492938E-02  6.562000141E-03  8.642075462E-02 
         5  3.500000015E-02 -2.299739607E-02  6.562000606E-03  1.190512039E-01 
         6  3.500000015E-02 -2.301233448E-02  6.562000141E-03  1.548040048E-01 
         7  3.500000015E-02 -2.303021587E-02  6.562000141E-03  1.925302892E-01 
         8  3.500000015E-02 -2.305160835E-02  6.562000141E-03  2.304534424E-01 
         9  3.500000015E-02 -2.307719551E-02  6.561999675E-03  2.669161489E-01 
        10  3.500000015E-02 -2.310776524E-02  6.561999675E-03  2.993683517E-01 
        11  3.500000015E-02 -2.314046025E-02  6.562000141E-03  3.325677527E-01 
        12  3.500000015E-02 -2.320699580E-02  6.562000141E-03  3.563692384E-01 
        13  3.500000015E-02 -2.332915738E-02  6.562000141E-03  3.949260047E-01 
        14  3.500000015E-02 -2.344694175E-02  6.562000141E-03  4.379975045E-01 
        15  3.500000015E-02 -2.356504276E-02  6.561999675E-03  4.900050548E-01 
        16  3.500000015E-02 -2.370904200E-02  6.562000141E-03  5.710192681E-01 
        17  3.500000015E-02 -2.385304309E-02  6.561999675E-03  8.047391879E-01 
        18  3.500000015E-02 -2.399704233E-02  6.562000141E-03  9.656018513E-01 
        19  3.500000015E-02 -2.414104342E-02  6.561999675E-03  1.083405314E+00 
        20  3.500000015E-02 -2.428504266E-02  6.561999675E-03  1.248194548E+00 
        21  3.500000015E-02 -2.442904189E-02  6.561999675E-03  1.366844657E+00 
        22  3.500000015E-02 -2.457304299E-02  6.561999675E-03  1.387823394E+00 
        23  3.500000015E-02 -2.471704222E-02  6.561999675E-03  1.382428118E+00 
        24  3.500000015E-02 -2.486104332E-02  6.561999675E-03  1.377021587E+00 
        25  3.500000015E-02 -2.500504255E-02  6.561999675E-03  1.477946115E+00 
        26  3.500000015E-02 -2.846104279E-02  6.561999675E-03  1.159143634E+00 
        27  3.500000015E-02 -2.860504203E-02  6.562000141E-03  9.728851388E-01 
        28  3.500000015E-02 -2.874904312E-02  6.562000141E-03  8.780071771E-01 
        29  3.500000015E-02 -2.889304236E-02  6.562000141E-03  1.032763914E+00 
        30  3.500000015E-02 -2.903704345E-02  6.562000141E-03  9.480603889E-01 
        31  3.500000015E-02 -2.918104269E-02  6.562000141E-03  6.509693761E-01 
        32  3.500000015E-02 -2.932504192E-02  6.562000141E-03  5.657022179E-01 
        33  3.500000015E-02 -2.946904302E-02  6.562000141E-03  7.148242218E-01 
        34  3.500000015E-02 -2.961304225E-02  6.562000141E-03  7.550381663E-01 
        35  3.500000015E-02 -2.975704335E-02  6.562000141E-03  6.585902426E-01 
        36  3.500000015E-02 -2.990104258E-02  6.562000141E-03  6.254952826E-01 
        37  3.500000015E-02 -3.004504368E-02  6.562000141E-03  7.419382829E-01 
        38  3.500000015E-02 -3.018904291E-02  6.562000141E-03  7.802202304E-01 
        39  3.500000015E-02 -3.033304214E-02  6.562000141E-03  7.567385343E-01 
        40  3.500000015E-02 -3.047704324E-02  6.562000141E-03  6.762281567E-01 
        41  3.500000015E-02 -3.062104248E-02  6.562000141E-03  5.534690020E-01 
        42  3.500000015E-02 -3.076504357E-02  6.562000141E-03  4.333933773E-01 
        43  3.500000015E-02 -3.090904281E-02  6.562000141E-03  3.528685859E-01 
        44  3.500000015E-02 -3.105304204E-02  6.562000141E-03  5.200941145E-01 
        45  3.500000015E-02 -3.119704314E-02  6.562000141E-03  8.192116262E-01 
        46  3.500000015E-02 -3.134104237E-02  6.562000141E-03  1.020116555E+00 
        47  3.500000015E-02 -3.148504347E-02  6.562000141E-03  1.057491332E+00 
        48  3.500000015E-02 -3.162904084E-02  6.562000141E-03  9.634383232E-01 
        49  3.500000015E-02 -3.177304193E-02  6.562000141E-03  7.996454308E-01 
        50  3.500000015E-02 -3.191704303E-02  6.562000141E-03  7.541731081E-01 
        51  3.500000015E-02 -3.206104040E-02  6.562000141E-03  7.559064762E-01 
        52  3.500000015E-02 -3.219095245E-02  6.562000141E-03  7.170356630E-01 
        53  3.500000015E-02 -3.232943267E-02  6.562000141E-03  6.639939400E-01 
        54  3.500000015E-02 -2.514904365E-02  6.561999675E-03  1.641647799E+00 
        55  3.500000015E-02 -2.529304288E-02  6.562000141E-03  1.776469225E+00 
        56  3.500000015E-02 -2.543704212E-02  6.562000141E-03  1.903451829E+00 
        57  3.500000015E-02 -2.558104321E-02  6.562000141E-03  1.966906728E+00 
        58  3.500000015E-02 -2.572504245E-02  6.562000141E-03  1.995155048E+00 
        59  3.500000015E-02 -2.586904354E-02  6.562000141E-03  2.081272410E+00 
        60  3.500000015E-02 -2.601304278E-02  6.562000141E-03  2.119682479E+00 
        61  3.500000015E-02 -2.615704201E-02  6.562000141E-03  2.182142928E+00 
        62  3.500000015E-02 -2.630104311E-02  6.562000141E-03  2.292026133E+00 
        63  3.500000015E-02 -2.644504234E-02  6.562000141E-03  2.427448917E+00 
        64  3.500000015E-02 -2.658904344E-02  6.562000141E-03  2.563548690E+00 
        65  3.500000015E-02 -2.673304267E-02  6.562000141E-03  2.764152864E+00 
        66  3.500000015E-02 -2.687704191E-02  6.562000141E-03  2.880876053E+00 
        67  3.500000015E-02 -2.702104300E-02  6.562000141E-03  2.856871746E+00 
        68  3.500000015E-02 -2.716504224E-02  6.562000141E-03  2.635077652E+00 
        69  3.500000015E-02 -2.730904333E-02  6.562000141E-03  2.152948262E+00 
        70  3.500000015E-02 -2.745304257E-02  6.562000141E-03  1.727194306E+00 
        71  3.500000015E-02 -2.759704366E-02  6.562000141E-03  1.459653255E+00 
        72  3.500000015E-02 -2.774104290E-02  6.562000141E-03  1.019509428E+00 
        73  3.500000015E-02 -2.788504213E-02  6.562000141E-03  7.405746591E-01 
        74  3.500000015E-02 -2.802904323E-02  6.562000141E-03  7.314274983E-01 
        75  3.500000015E-02 -2.817304246E-02  6.562000141E-03  7.654359114E-01 
        76  3.500000015E-02 -2.831704356E-02  6.562000141E-03  9.597715357E-01 
