cellnumber     x-coordinate     y-coordinate     z-coordinate velocity-magnitude 
         1  3.500000015E-02 -2.296095528E-02  6.562000141E-03  8.285648779E-03 
         2  3.500000015E-02 -2.296585217E-02  6.562000141E-03  2.490398204E-02 
         3  3.500000015E-02 -2.297453023E-02  6.561999675E-03  4.468783392E-02 
         4  3.500000015E-02 -2.298492938E-02  6.562000141E-03  6.800805130E-02 
         5  3.500000015E-02 -2.299739607E-02  6.562000606E-03  9.519054326E-02 
         6  3.500000015E-02 -2.301233448E-02  6.562000141E-03  1.263657156E-01 
         7  3.500000015E-02 -2.303021587E-02  6.562000141E-03  1.615056983E-01 
         8  3.500000015E-02 -2.305160835E-02  6.562000141E-03  2.002049140E-01 
         9  3.500000015E-02 -2.307719551E-02  6.561999675E-03  2.419651652E-01 
        10  3.500000015E-02 -2.310776524E-02  6.561999675E-03  2.853680923E-01 
        11  3.500000015E-02 -2.314046212E-02  6.562000141E-03  3.357961849E-01 
        12  3.500000015E-02 -2.320699580E-02  6.562000141E-03  3.848813411E-01 
        13  3.500000015E-02 -2.332915738E-02  6.562000141E-03  4.239162280E-01 
        14  3.500000015E-02 -2.344694175E-02  6.562000141E-03  3.419840796E-01 
        15  3.500000015E-02 -2.356504276E-02  6.562000141E-03  3.185678759E-01 
        16  3.500000015E-02 -2.370904200E-02  6.562000141E-03  3.017601490E-01 
        17  3.500000015E-02 -2.385304309E-02  6.561999675E-03  3.110627698E-01 
        18  3.500000015E-02 -2.399704233E-02  6.561999675E-03  3.154711624E-01 
        19  3.500000015E-02 -2.414104342E-02  6.561999675E-03  3.276556315E-01 
        20  3.500000015E-02 -2.428504266E-02  6.561999675E-03  3.029760957E-01 
        21  3.500000015E-02 -2.442904189E-02  6.561999675E-03  2.370591178E-01 
        22  3.500000015E-02 -2.457304299E-02  6.561999675E-03  1.933315495E-01 
        23  3.500000015E-02 -2.471704222E-02  6.561999675E-03  4.068078306E-01 
        24  3.500000015E-02 -2.486104332E-02  6.561999675E-03  4.749986198E-01 
        25  3.500000015E-02 -2.500504255E-02  6.561999675E-03  7.131184607E-01 
        26  3.500000015E-02 -2.514904365E-02  6.561999675E-03  1.005659142E+00 
        27  3.500000015E-02 -2.529304288E-02  6.561999675E-03  9.858955529E-01 
        28  3.500000015E-02 -2.543704212E-02  6.561999675E-03  1.257006674E+00 
        29  3.500000015E-02 -2.558104321E-02  6.561999675E-03  1.550945909E+00 
        30  3.500000015E-02 -2.572504245E-02  6.561999675E-03  1.947610460E+00 
        31  3.500000015E-02 -2.586904354E-02  6.561999675E-03  2.518433286E+00 
        32  3.500000015E-02 -2.601304278E-02  6.561999675E-03  2.400678369E+00 
        33  3.500000015E-02 -2.615704201E-02  6.561999675E-03  2.368022259E+00 
        34  3.500000015E-02 -2.630104311E-02  6.561999675E-03  2.497141610E+00 
        35  3.500000015E-02 -2.644504234E-02  6.561999675E-03  2.505596614E+00 
        36  3.500000015E-02 -2.658904344E-02  6.561999675E-03  2.478424863E+00 
        37  3.500000015E-02 -2.673304267E-02  6.561999675E-03  2.337039848E+00 
        38  3.500000015E-02 -2.687704191E-02  6.561999675E-03  2.198457270E+00 
        39  3.500000015E-02 -2.702104300E-02  6.561999675E-03  2.097233549E+00 
        40  3.500000015E-02 -2.716504224E-02  6.561999675E-03  2.059852914E+00 
        41  3.500000015E-02 -2.730904333E-02  6.561999675E-03  2.049511750E+00 
        42  3.500000015E-02 -2.745304257E-02  6.561999675E-03  2.060704256E+00 
        43  3.500000015E-02 -2.759704180E-02  6.561999675E-03  2.015508787E+00 
        44  3.500000015E-02 -2.774104290E-02  6.561999675E-03  1.763570264E+00 
        45  3.500000015E-02 -2.788504213E-02  6.561999675E-03  1.592554421E+00 
        46  3.500000015E-02 -2.802904323E-02  6.561999675E-03  1.465556556E+00 
        47  3.500000015E-02 -2.817304246E-02  6.561999675E-03  1.180008882E+00 
        48  3.500000015E-02 -2.831704356E-02  6.561999675E-03  9.392514820E-01 
        49  3.500000015E-02 -2.846104279E-02  6.562000141E-03  6.667725866E-01 
        50  3.500000015E-02 -2.860504203E-02  6.561999675E-03  3.243408940E-01 
        51  3.500000015E-02 -2.874904312E-02  6.561999675E-03  4.140812986E-01 
        52  3.500000015E-02 -2.889304236E-02  6.561999675E-03  3.014729685E-01 
        53  3.500000015E-02 -2.903704345E-02  6.561999675E-03  5.090351526E-01 
        54  3.500000015E-02 -2.918104269E-02  6.562000141E-03  7.566380671E-01 
        55  3.500000015E-02 -2.932504192E-02  6.561999675E-03  8.964427798E-01 
        56  3.500000015E-02 -2.946904302E-02  6.561999675E-03  1.082292506E+00 
        57  3.500000015E-02 -2.961304225E-02  6.561999675E-03  1.222566085E+00 
        58  3.500000015E-02 -2.975704335E-02  6.561999675E-03  1.325727861E+00 
        59  3.500000015E-02 -2.990104258E-02  6.561999675E-03  1.331334345E+00 
        60  3.500000015E-02 -3.004504181E-02  6.561999675E-03  1.266475698E+00 
        61  3.500000015E-02 -3.018904291E-02  6.561999675E-03  1.175041366E+00 
        62  3.500000015E-02 -3.033304214E-02  6.561999675E-03  1.066995159E+00 
        63  3.500000015E-02 -3.047704324E-02  6.561999675E-03  9.365312671E-01 
        64  3.500000015E-02 -3.062104248E-02  6.561999675E-03  8.226905495E-01 
        65  3.500000015E-02 -3.076504171E-02  6.561999675E-03  5.916977040E-01 
        66  3.500000015E-02 -3.090904281E-02  6.561999675E-03  3.276789261E-01 
        67  3.500000015E-02 -3.105304204E-02  6.561999675E-03  1.842889381E-01 
        68  3.500000015E-02 -3.119704314E-02  6.561999675E-03  2.603202645E-01 
        69  3.500000015E-02 -3.134104237E-02  6.561999675E-03  2.825604196E-01 
        70  3.500000015E-02 -3.148504347E-02  6.561999675E-03  2.246853208E-01 
        71  3.500000015E-02 -3.162904084E-02  6.561999675E-03  1.070087381E-01 
        72  3.500000015E-02 -3.177304193E-02  6.561999675E-03  1.713657186E-01 
        73  3.500000015E-02 -3.191704303E-02  6.561999675E-03  3.182884138E-01 
        74  3.500000015E-02 -3.206104040E-02  6.561999675E-03  4.393265195E-01 
        75  3.500000015E-02 -3.219095245E-02  6.562000141E-03  4.962031842E-01 
        76  3.500000015E-02 -3.232943267E-02  6.562000141E-03  5.840373701E-01 
