cellnumber     x-coordinate     y-coordinate     z-coordinate velocity-magnitude 
         1  3.500000015E-02 -2.296095528E-02  6.562000141E-03  1.174364234E-02 
         2  3.500000015E-02 -2.296585217E-02  6.562000141E-03  3.390304558E-02 
         3  3.500000015E-02 -2.297453023E-02  6.561999675E-03  5.836218350E-02 
         4  3.500000015E-02 -2.298492938E-02  6.562000141E-03  8.480753496E-02 
         5  3.500000015E-02 -2.299739607E-02  6.562000606E-03  1.126132318E-01 
         6  3.500000015E-02 -2.301233448E-02  6.562000141E-03  1.410372071E-01 
         7  3.500000015E-02 -2.303021587E-02  6.562000141E-03  1.688136753E-01 
         8  3.500000015E-02 -2.305160835E-02  6.562000141E-03  1.956556164E-01 
         9  3.500000015E-02 -2.307719551E-02  6.561999675E-03  2.196689621E-01 
        10  3.500000015E-02 -2.310776524E-02  6.561999675E-03  2.455855404E-01 
        11  3.500000015E-02 -2.314046025E-02  6.562000141E-03  2.687117508E-01 
        12  3.500000015E-02 -2.320699580E-02  6.562000141E-03  3.293710518E-01 
        13  3.500000015E-02 -2.332915738E-02  6.562000141E-03  4.256579322E-01 
        14  3.500000015E-02 -2.344694175E-02  6.562000141E-03  4.781102364E-01 
        15  3.500000015E-02 -2.356504276E-02  6.561999675E-03  5.038201537E-01 
        16  3.500000015E-02 -2.370904200E-02  6.562000141E-03  4.818515407E-01 
        17  3.500000015E-02 -2.385304309E-02  6.561999675E-03  3.582656710E-01 
        18  3.500000015E-02 -2.399704233E-02  6.562000141E-03  4.310530839E-01 
        19  3.500000015E-02 -2.414104342E-02  6.561999675E-03  4.319370959E-01 
        20  3.500000015E-02 -2.428504266E-02  6.561999675E-03  6.819788391E-01 
        21  3.500000015E-02 -2.442904189E-02  6.561999675E-03  9.765798297E-01 
        22  3.500000015E-02 -2.457304299E-02  6.561999675E-03  1.114427076E+00 
        23  3.500000015E-02 -2.471704222E-02  6.561999675E-03  1.169850220E+00 
        24  3.500000015E-02 -2.486104332E-02  6.561999675E-03  1.018741115E+00 
        25  3.500000015E-02 -2.500504255E-02  6.561999675E-03  1.057347075E+00 
        26  3.500000015E-02 -2.846104279E-02  6.561999675E-03  2.199916718E+00 
        27  3.500000015E-02 -2.860504203E-02  6.562000141E-03  2.119826822E+00 
        28  3.500000015E-02 -2.874904312E-02  6.562000141E-03  1.815805990E+00 
        29  3.500000015E-02 -2.889304236E-02  6.562000141E-03  1.531080194E+00 
        30  3.500000015E-02 -2.903704345E-02  6.562000141E-03  1.189818379E+00 
        31  3.500000015E-02 -2.918104269E-02  6.562000141E-03  1.131341248E+00 
        32  3.500000015E-02 -2.932504192E-02  6.562000141E-03  1.251842702E+00 
        33  3.500000015E-02 -2.946904302E-02  6.562000141E-03  1.131770010E+00 
        34  3.500000015E-02 -2.961304225E-02  6.562000141E-03  1.138000540E+00 
        35  3.500000015E-02 -2.975704335E-02  6.562000141E-03  1.211763291E+00 
        36  3.500000015E-02 -2.990104258E-02  6.562000141E-03  1.282189747E+00 
        37  3.500000015E-02 -3.004504368E-02  6.562000141E-03  1.395307157E+00 
        38  3.500000015E-02 -3.018904291E-02  6.562000141E-03  1.369536190E+00 
        39  3.500000015E-02 -3.033304214E-02  6.562000141E-03  1.202812145E+00 
        40  3.500000015E-02 -3.047704324E-02  6.562000141E-03  9.542898211E-01 
        41  3.500000015E-02 -3.062104248E-02  6.562000141E-03  8.702008963E-01 
        42  3.500000015E-02 -3.076504357E-02  6.562000141E-03  9.583670171E-01 
        43  3.500000015E-02 -3.090904281E-02  6.562000141E-03  1.179230756E+00 
        44  3.500000015E-02 -3.105304204E-02  6.562000141E-03  1.137481009E+00 
        45  3.500000015E-02 -3.119704314E-02  6.562000141E-03  6.248576376E-01 
        46  3.500000015E-02 -3.134104237E-02  6.562000141E-03  6.421268450E-01 
        47  3.500000015E-02 -3.148504347E-02  6.562000141E-03  7.468225998E-01 
        48  3.500000015E-02 -3.162904084E-02  6.562000141E-03  8.364875866E-01 
        49  3.500000015E-02 -3.177304193E-02  6.562000141E-03  8.359585241E-01 
        50  3.500000015E-02 -3.191704303E-02  6.562000141E-03  8.383258567E-01 
        51  3.500000015E-02 -3.206104040E-02  6.562000141E-03  7.482670273E-01 
        52  3.500000015E-02 -3.219095245E-02  6.562000141E-03  4.645904843E-01 
        53  3.500000015E-02 -3.232943267E-02  6.562000141E-03  2.704870213E-01 
        54  3.500000015E-02 -2.514904365E-02  6.561999675E-03  1.369306677E+00 
        55  3.500000015E-02 -2.529304288E-02  6.562000141E-03  1.441617205E+00 
        56  3.500000015E-02 -2.543704212E-02  6.562000141E-03  1.425213841E+00 
        57  3.500000015E-02 -2.558104321E-02  6.562000141E-03  1.388191484E+00 
        58  3.500000015E-02 -2.572504245E-02  6.562000141E-03  1.233734721E+00 
        59  3.500000015E-02 -2.586904354E-02  6.562000141E-03  1.287792986E+00 
        60  3.500000015E-02 -2.601304278E-02  6.562000141E-03  1.536824122E+00 
        61  3.500000015E-02 -2.615704201E-02  6.562000141E-03  1.669049915E+00 
        62  3.500000015E-02 -2.630104311E-02  6.562000141E-03  1.695725281E+00 
        63  3.500000015E-02 -2.644504234E-02  6.562000141E-03  1.644522993E+00 
        64  3.500000015E-02 -2.658904344E-02  6.562000141E-03  1.562944249E+00 
        65  3.500000015E-02 -2.673304267E-02  6.562000141E-03  1.486676728E+00 
        66  3.500000015E-02 -2.687704191E-02  6.562000141E-03  1.539288033E+00 
        67  3.500000015E-02 -2.702104300E-02  6.562000141E-03  1.640181780E+00 
        68  3.500000015E-02 -2.716504224E-02  6.562000141E-03  1.839744860E+00 
        69  3.500000015E-02 -2.730904333E-02  6.562000141E-03  1.954360069E+00 
        70  3.500000015E-02 -2.745304257E-02  6.562000141E-03  1.988045131E+00 
        71  3.500000015E-02 -2.759704366E-02  6.562000141E-03  2.086632432E+00 
        72  3.500000015E-02 -2.774104290E-02  6.562000141E-03  2.174553570E+00 
        73  3.500000015E-02 -2.788504213E-02  6.562000141E-03  2.152962652E+00 
        74  3.500000015E-02 -2.802904323E-02  6.562000141E-03  2.111354188E+00 
        75  3.500000015E-02 -2.817304246E-02  6.562000141E-03  2.109729060E+00 
        76  3.500000015E-02 -2.831704356E-02  6.562000141E-03  2.146873093E+00 
