cellnumber     x-coordinate     y-coordinate     z-coordinate velocity-magnitude 
         1  3.500000015E-02 -2.296095528E-02  6.562000141E-03  1.045385630E-02 
         2  3.500000015E-02 -2.296585217E-02  6.562000141E-03  3.002923598E-02 
         3  3.500000015E-02 -2.297453023E-02  6.561999675E-03  5.136378113E-02 
         4  3.500000015E-02 -2.298492938E-02  6.562000141E-03  7.401014412E-02 
         5  3.500000015E-02 -2.299739607E-02  6.562000606E-03  9.734084825E-02 
         6  3.500000015E-02 -2.301233448E-02  6.562000141E-03  1.207208770E-01 
         7  3.500000015E-02 -2.303021587E-02  6.562000141E-03  1.443441409E-01 
         8  3.500000015E-02 -2.305160835E-02  6.562000141E-03  1.690337593E-01 
         9  3.500000015E-02 -2.307719551E-02  6.561999675E-03  2.007923986E-01 
        10  3.500000015E-02 -2.310776524E-02  6.561999675E-03  2.403357728E-01 
        11  3.500000015E-02 -2.314046025E-02  6.562000141E-03  3.142732826E-01 
        12  3.500000015E-02 -2.320699580E-02  6.562000141E-03  4.147987769E-01 
        13  3.500000015E-02 -2.332915738E-02  6.562000141E-03  5.605581719E-01 
        14  3.500000015E-02 -2.344694175E-02  6.562000141E-03  5.506767084E-01 
        15  3.500000015E-02 -2.356504276E-02  6.561999675E-03  4.653811005E-01 
        16  3.500000015E-02 -2.370904200E-02  6.562000141E-03  3.914874171E-01 
        17  3.500000015E-02 -2.385304309E-02  6.561999675E-03  3.745770462E-01 
        18  3.500000015E-02 -2.399704233E-02  6.562000141E-03  3.690956711E-01 
        19  3.500000015E-02 -2.414104342E-02  6.561999675E-03  3.711622788E-01 
        20  3.500000015E-02 -2.428504266E-02  6.561999675E-03  3.765004368E-01 
        21  3.500000015E-02 -2.442904189E-02  6.561999675E-03  3.162606947E-01 
        22  3.500000015E-02 -2.457304299E-02  6.561999675E-03  2.005731930E-01 
        23  3.500000015E-02 -2.471704222E-02  6.561999675E-03  2.090022703E-01 
        24  3.500000015E-02 -2.486104332E-02  6.561999675E-03  2.495639804E-01 
        25  3.500000015E-02 -2.500504255E-02  6.561999675E-03  3.516265027E-01 
        26  3.500000015E-02 -2.846104279E-02  6.561999675E-03  2.007598290E+00 
        27  3.500000015E-02 -2.860504203E-02  6.562000141E-03  1.904937744E+00 
        28  3.500000015E-02 -2.874904312E-02  6.562000141E-03  1.817257041E+00 
        29  3.500000015E-02 -2.889304236E-02  6.562000141E-03  1.790236513E+00 
        30  3.500000015E-02 -2.903704345E-02  6.562000141E-03  1.767443938E+00 
        31  3.500000015E-02 -2.918104269E-02  6.562000141E-03  1.769291165E+00 
        32  3.500000015E-02 -2.932504192E-02  6.562000141E-03  1.674993951E+00 
        33  3.500000015E-02 -2.946904302E-02  6.562000141E-03  1.650276502E+00 
        34  3.500000015E-02 -2.961304225E-02  6.562000141E-03  1.719697012E+00 
        35  3.500000015E-02 -2.975704335E-02  6.562000141E-03  1.751434162E+00 
        36  3.500000015E-02 -2.990104258E-02  6.562000141E-03  1.568579828E+00 
        37  3.500000015E-02 -3.004504368E-02  6.562000141E-03  1.421510870E+00 
        38  3.500000015E-02 -3.018904291E-02  6.562000141E-03  1.272399281E+00 
        39  3.500000015E-02 -3.033304214E-02  6.562000141E-03  8.817087893E-01 
        40  3.500000015E-02 -3.047704324E-02  6.562000141E-03  4.087876456E-01 
        41  3.500000015E-02 -3.062104248E-02  6.562000141E-03  4.382244805E-01 
        42  3.500000015E-02 -3.076504357E-02  6.562000141E-03  4.369877232E-01 
        43  3.500000015E-02 -3.090904281E-02  6.562000141E-03  3.824363500E-01 
        44  3.500000015E-02 -3.105304204E-02  6.562000141E-03  4.323100020E-01 
        45  3.500000015E-02 -3.119704314E-02  6.562000141E-03  4.979173610E-01 
        46  3.500000015E-02 -3.134104237E-02  6.562000141E-03  5.049884649E-01 
        47  3.500000015E-02 -3.148504347E-02  6.562000141E-03  4.077817794E-01 
        48  3.500000015E-02 -3.162904084E-02  6.562000141E-03  3.973121797E-01 
        49  3.500000015E-02 -3.177304193E-02  6.562000141E-03  4.873297299E-01 
        50  3.500000015E-02 -3.191704303E-02  6.562000141E-03  4.498207162E-01 
        51  3.500000015E-02 -3.206104040E-02  6.562000141E-03  4.100931471E-01 
        52  3.500000015E-02 -3.219095245E-02  6.562000141E-03  5.467264350E-01 
        53  3.500000015E-02 -3.232943267E-02  6.562000141E-03  6.568923638E-01 
        54  3.500000015E-02 -2.514904365E-02  6.561999675E-03  4.846024116E-01 
        55  3.500000015E-02 -2.529304288E-02  6.562000141E-03  5.804203425E-01 
        56  3.500000015E-02 -2.543704212E-02  6.562000141E-03  7.622617131E-01 
        57  3.500000015E-02 -2.558104321E-02  6.562000141E-03  1.015316169E+00 
        58  3.500000015E-02 -2.572504245E-02  6.562000141E-03  1.269804671E+00 
        59  3.500000015E-02 -2.586904354E-02  6.562000141E-03  1.438814206E+00 
        60  3.500000015E-02 -2.601304278E-02  6.562000141E-03  1.541848177E+00 
        61  3.500000015E-02 -2.615704201E-02  6.562000141E-03  1.884899175E+00 
        62  3.500000015E-02 -2.630104311E-02  6.562000141E-03  1.959162710E+00 
        63  3.500000015E-02 -2.644504234E-02  6.562000141E-03  1.966559784E+00 
        64  3.500000015E-02 -2.658904344E-02  6.562000141E-03  1.954047213E+00 
        65  3.500000015E-02 -2.673304267E-02  6.562000141E-03  1.903767277E+00 
        66  3.500000015E-02 -2.687704191E-02  6.562000141E-03  1.763923782E+00 
        67  3.500000015E-02 -2.702104300E-02  6.562000141E-03  1.646034985E+00 
        68  3.500000015E-02 -2.716504224E-02  6.562000141E-03  1.611681092E+00 
        69  3.500000015E-02 -2.730904333E-02  6.562000141E-03  1.899652434E+00 
        70  3.500000015E-02 -2.745304257E-02  6.562000141E-03  2.145976022E+00 
        71  3.500000015E-02 -2.759704366E-02  6.562000141E-03  2.266842117E+00 
        72  3.500000015E-02 -2.774104290E-02  6.562000141E-03  2.304646537E+00 
        73  3.500000015E-02 -2.788504213E-02  6.562000141E-03  2.302797748E+00 
        74  3.500000015E-02 -2.802904323E-02  6.562000141E-03  2.278133411E+00 
        75  3.500000015E-02 -2.817304246E-02  6.562000141E-03  2.222483952E+00 
        76  3.500000015E-02 -2.831704356E-02  6.562000141E-03  2.133974077E+00 
