cellnumber     x-coordinate     y-coordinate     z-coordinate velocity-magnitude 
         1  3.500000015E-02 -2.296095528E-02  6.562000141E-03  4.007282369E-03 
         2  3.500000015E-02 -2.296585217E-02  6.562000141E-03  9.263273062E-03 
         3  3.500000015E-02 -2.297453023E-02  6.561999675E-03  1.160624222E-02 
         4  3.500000015E-02 -2.298492938E-02  6.562000141E-03  9.519377735E-03 
         5  3.500000015E-02 -2.299739607E-02  6.562000606E-03  9.453374223E-03 
         6  3.500000015E-02 -2.301233448E-02  6.562000141E-03  2.966318061E-02 
         7  3.500000015E-02 -2.303021587E-02  6.562000141E-03  6.572488989E-02 
         8  3.500000015E-02 -2.305160835E-02  6.562000141E-03  1.150913232E-01 
         9  3.500000015E-02 -2.307719551E-02  6.561999675E-03  1.733431113E-01 
        10  3.500000015E-02 -2.310776524E-02  6.561999675E-03  2.325816407E-01 
        11  3.500000015E-02 -2.314046025E-02  6.562000141E-03  2.946050642E-01 
        12  3.500000015E-02 -2.320699580E-02  6.562000141E-03  4.392212308E-01 
        13  3.500000015E-02 -2.332915738E-02  6.562000141E-03  7.878083944E-01 
        14  3.500000015E-02 -2.344694175E-02  6.562000141E-03  1.116635954E+00 
        15  3.500000015E-02 -2.356504276E-02  6.561999675E-03  1.265209412E+00 
        16  3.500000015E-02 -2.370904200E-02  6.562000141E-03  1.382913062E+00 
        17  3.500000015E-02 -2.385304309E-02  6.561999675E-03  1.341306647E+00 
        18  3.500000015E-02 -2.399704233E-02  6.562000141E-03  1.279457758E+00 
        19  3.500000015E-02 -2.414104342E-02  6.561999675E-03  1.128179502E+00 
        20  3.500000015E-02 -2.428504266E-02  6.561999675E-03  5.166901131E-01 
        21  3.500000015E-02 -2.442904189E-02  6.561999675E-03  3.817623265E-01 
        22  3.500000015E-02 -2.457304299E-02  6.561999675E-03  6.226307299E-01 
        23  3.500000015E-02 -2.471704222E-02  6.561999675E-03  7.650032484E-01 
        24  3.500000015E-02 -2.486104332E-02  6.561999675E-03  9.073376147E-01 
        25  3.500000015E-02 -2.500504255E-02  6.561999675E-03  8.440093671E-01 
        26  3.500000015E-02 -2.846104279E-02  6.561999675E-03  1.707870026E+00 
        27  3.500000015E-02 -2.860504203E-02  6.562000141E-03  1.624183200E+00 
        28  3.500000015E-02 -2.874904312E-02  6.562000141E-03  1.593820863E+00 
        29  3.500000015E-02 -2.889304236E-02  6.562000141E-03  1.563178906E+00 
        30  3.500000015E-02 -2.903704345E-02  6.562000141E-03  1.569162211E+00 
        31  3.500000015E-02 -2.918104269E-02  6.562000141E-03  1.608747661E+00 
        32  3.500000015E-02 -2.932504192E-02  6.562000141E-03  1.639400952E+00 
        33  3.500000015E-02 -2.946904302E-02  6.562000141E-03  1.604455071E+00 
        34  3.500000015E-02 -2.961304225E-02  6.562000141E-03  1.554486796E+00 
        35  3.500000015E-02 -2.975704335E-02  6.562000141E-03  1.498789190E+00 
        36  3.500000015E-02 -2.990104258E-02  6.562000141E-03  1.448536308E+00 
        37  3.500000015E-02 -3.004504368E-02  6.562000141E-03  1.346180430E+00 
        38  3.500000015E-02 -3.018904291E-02  6.562000141E-03  1.230362166E+00 
        39  3.500000015E-02 -3.033304214E-02  6.562000141E-03  1.233181921E+00 
        40  3.500000015E-02 -3.047704324E-02  6.562000141E-03  1.223839945E+00 
        41  3.500000015E-02 -3.062104248E-02  6.562000141E-03  1.203771761E+00 
        42  3.500000015E-02 -3.076504357E-02  6.562000141E-03  1.149538996E+00 
        43  3.500000015E-02 -3.090904281E-02  6.562000141E-03  1.034570811E+00 
        44  3.500000015E-02 -3.105304204E-02  6.562000141E-03  9.604717380E-01 
        45  3.500000015E-02 -3.119704314E-02  6.562000141E-03  9.378169204E-01 
        46  3.500000015E-02 -3.134104237E-02  6.562000141E-03  9.694134303E-01 
        47  3.500000015E-02 -3.148504347E-02  6.562000141E-03  9.368789356E-01 
        48  3.500000015E-02 -3.162904084E-02  6.562000141E-03  7.777878664E-01 
        49  3.500000015E-02 -3.177304193E-02  6.562000141E-03  6.655950839E-01 
        50  3.500000015E-02 -3.191704303E-02  6.562000141E-03  6.094366152E-01 
        51  3.500000015E-02 -3.206104040E-02  6.562000141E-03  5.260462345E-01 
        52  3.500000015E-02 -3.219095245E-02  6.562000141E-03  5.315062599E-01 
        53  3.500000015E-02 -3.232943267E-02  6.562000141E-03  4.689017519E-01 
        54  3.500000015E-02 -2.514904365E-02  6.561999675E-03  8.260277548E-01 
        55  3.500000015E-02 -2.529304288E-02  6.562000141E-03  7.162857704E-01 
        56  3.500000015E-02 -2.543704212E-02  6.562000141E-03  7.446925032E-01 
        57  3.500000015E-02 -2.558104321E-02  6.562000141E-03  9.756770966E-01 
        58  3.500000015E-02 -2.572504245E-02  6.562000141E-03  1.152924212E+00 
        59  3.500000015E-02 -2.586904354E-02  6.562000141E-03  1.253058798E+00 
        60  3.500000015E-02 -2.601304278E-02  6.562000141E-03  1.348733416E+00 
        61  3.500000015E-02 -2.615704201E-02  6.562000141E-03  1.381020331E+00 
        62  3.500000015E-02 -2.630104311E-02  6.562000141E-03  1.301848981E+00 
        63  3.500000015E-02 -2.644504234E-02  6.562000141E-03  1.144231462E+00 
        64  3.500000015E-02 -2.658904344E-02  6.562000141E-03  9.563172265E-01 
        65  3.500000015E-02 -2.673304267E-02  6.562000141E-03  8.600605010E-01 
        66  3.500000015E-02 -2.687704191E-02  6.562000141E-03  8.380989901E-01 
        67  3.500000015E-02 -2.702104300E-02  6.562000141E-03  8.288336189E-01 
        68  3.500000015E-02 -2.716504224E-02  6.562000141E-03  7.944888616E-01 
        69  3.500000015E-02 -2.730904333E-02  6.562000141E-03  8.216808374E-01 
        70  3.500000015E-02 -2.745304257E-02  6.562000141E-03  8.771876690E-01 
        71  3.500000015E-02 -2.759704366E-02  6.562000141E-03  1.041447127E+00 
        72  3.500000015E-02 -2.774104290E-02  6.562000141E-03  1.377961535E+00 
        73  3.500000015E-02 -2.788504213E-02  6.562000141E-03  1.650767535E+00 
        74  3.500000015E-02 -2.802904323E-02  6.562000141E-03  1.958410185E+00 
        75  3.500000015E-02 -2.817304246E-02  6.562000141E-03  1.895999700E+00 
        76  3.500000015E-02 -2.831704356E-02  6.562000141E-03  1.809472581E+00 
