cellnumber     x-coordinate     y-coordinate     z-coordinate velocity-magnitude 
         1  1.331250183E-02 -1.331249718E-02  6.562000141E-03  4.400468413E+00 
         2  1.343750209E-02 -1.343749650E-02  6.562000141E-03  4.579039756E+00 
         3  1.356250234E-02 -1.356249675E-02  6.562000141E-03  4.849680683E+00 
         4  1.368750259E-02 -1.368749700E-02  6.562000141E-03  5.182526901E+00 
         5  1.381250191E-02 -1.381249633E-02  6.562000141E-03  5.518930902E+00 
         6  1.393750217E-02 -1.393749658E-02  6.562000141E-03  5.802819992E+00 
         7  1.406250242E-02 -1.406249683E-02  6.562000141E-03  5.994690918E+00 
         8  1.418750174E-02 -1.418749709E-02  6.562000141E-03  6.279619071E+00 
         9  1.431250200E-02 -1.431249641E-02  6.562000141E-03  6.599711674E+00 
        10  1.443750225E-02 -1.443749666E-02  6.562000141E-03  6.832974356E+00 
        11  1.456250250E-02 -1.456249692E-02  6.562000141E-03  6.591671799E+00 
        12  1.468750183E-02 -1.468749624E-02  6.562000141E-03  6.673153945E+00 
        13  1.481250208E-02 -1.481249649E-02  6.562000141E-03  6.823614440E+00 
        14  1.493750233E-02 -1.493749674E-02  6.562000141E-03  6.874559346E+00 
        15  1.506250259E-02 -1.506249700E-02  6.562000141E-03  6.795561832E+00 
        16  1.518750191E-02 -1.518749632E-02  6.562000141E-03  6.628792372E+00 
        17  1.531250216E-02 -1.531249657E-02  6.562000141E-03  6.460728313E+00 
        18  1.543750241E-02 -1.543749683E-02  6.562000141E-03  6.380744655E+00 
        19  1.556250174E-02 -1.556249708E-02  6.562000141E-03  6.306435283E+00 
        20  1.568750106E-02 -1.568749733E-02  6.562000141E-03  6.283041821E+00 
        21  1.581250131E-02 -1.581249572E-02  6.562000141E-03  6.498272755E+00 
        22  1.593750156E-02 -1.593749598E-02  6.562000141E-03  6.819770007E+00 
        23  1.606250182E-02 -1.606249623E-02  6.562000141E-03  7.052082760E+00 
        24  1.618750207E-02 -1.618749648E-02  6.562000141E-03  7.123020754E+00 
        25  1.631250232E-02 -1.631249674E-02  6.562000141E-03  7.095337361E+00 
        26  1.643750258E-02 -1.643749699E-02  6.562000141E-03  7.276746873E+00 
        27  1.656250097E-02 -1.656249724E-02  6.562000141E-03  7.667636333E+00 
        28  1.668750122E-02 -1.668749563E-02  6.562000141E-03  7.907642031E+00 
        29  1.681250148E-02 -1.681249589E-02  6.562000141E-03  7.958381177E+00 
        30  1.693750173E-02 -1.693749614E-02  6.562000141E-03  7.900304321E+00 
        31  2.830741927E-03 -2.830741927E-03  6.562000141E-03  1.505690932E+00 
        32  2.836863510E-03 -2.836863510E-03  6.562000141E-03  1.579939171E+00 
        33  2.844217932E-03 -2.844217932E-03  6.562000606E-03  1.651789103E+00 
        34  2.853054553E-03 -2.853054553E-03  6.562000141E-03  1.710772400E+00 
        35  2.863674890E-03 -2.863674890E-03  6.562000606E-03  1.743122044E+00 
        36  2.876443323E-03 -2.876443323E-03  6.562000606E-03  1.737797591E+00 
        37  2.891799901E-03 -2.891799901E-03  6.562000606E-03  1.698476010E+00 
        38  2.910277573E-03 -2.910277573E-03  6.562000606E-03  1.643443110E+00 
        39  2.932523144E-03 -2.932523144E-03  6.562000606E-03  1.600002608E+00 
        40  2.959322650E-03 -2.959322650E-03  6.562000606E-03  1.587116660E+00 
        41  2.995960880E-03 -2.995960880E-03  6.562000606E-03  1.606582957E+00 
        42  3.060909221E-03 -3.060909221E-03  6.562000141E-03  1.902718141E+00 
        43  3.119298024E-03 -3.119298024E-03  6.562000141E-03  1.576240337E+00 
        44  3.192366799E-03 -3.192364005E-03  6.562000141E-03  1.501695957E+00 
        45  3.312502522E-03 -3.312496701E-03  6.562000141E-03  1.052421528E+00 
        46  3.437502310E-03 -3.437496722E-03  6.562000141E-03  9.730285835E-01 
        47  3.562502330E-03 -3.562496742E-03  6.562000141E-03  1.167293652E+00 
        48  3.687502351E-03 -3.687496763E-03  6.562000141E-03  1.614765065E+00 
        49  3.812502371E-03 -3.812496783E-03  6.562000141E-03  1.823548216E+00 
        50  3.937502392E-03 -3.937496804E-03  6.562000141E-03  1.998390991E+00 
        51  4.062502645E-03 -4.062497057E-03  6.562000141E-03  2.016271616E+00 
        52  4.187502433E-03 -4.187496845E-03  6.562000141E-03  1.807312847E+00 
        53  4.312502686E-03 -4.312497098E-03  6.562000141E-03  1.569196443E+00 
        54  4.437502474E-03 -4.437496886E-03  6.562000141E-03  1.543023371E+00 
        55  4.562502727E-03 -4.562496673E-03  6.562000141E-03  1.663648863E+00 
        56  4.687502515E-03 -4.687496927E-03  6.562000141E-03  1.830238897E+00 
        57  4.812502302E-03 -4.812496714E-03  6.562000141E-03  1.933239228E+00 
        58  4.937502556E-03 -4.937496968E-03  6.562000141E-03  1.913990577E+00 
        59  5.062502343E-03 -5.062496755E-03  6.562000141E-03  1.859970718E+00 
        60  5.187502597E-03 -5.187497009E-03  6.562000141E-03  1.837244928E+00 
        61  5.312502384E-03 -5.312496796E-03  6.562000141E-03  1.843968940E+00 
        62  5.437502638E-03 -5.437497050E-03  6.562000141E-03  1.844468732E+00 
        63  5.562502425E-03 -5.562496837E-03  6.562000141E-03  1.843404918E+00 
        64  5.687502678E-03 -5.687497091E-03  6.562000141E-03  1.829865405E+00 
        65  5.812502466E-03 -5.812496878E-03  6.562000141E-03  1.806580578E+00 
        66  5.937502254E-03 -5.937496666E-03  6.562000141E-03  1.767586903E+00 
        67  6.062502507E-03 -6.062496919E-03  6.562000141E-03  1.711414306E+00 
        68  6.187502760E-03 -6.187497173E-03  6.562000606E-03  1.652047148E+00 
        69  6.312502548E-03 -6.312496960E-03  6.562000606E-03  1.607983869E+00 
        70  6.437502336E-03 -6.437496748E-03  6.562000141E-03  1.610048699E+00 
        71  6.562502589E-03 -6.562497001E-03  6.562000141E-03  1.637646433E+00 
        72  6.687502377E-03 -6.687496789E-03  6.562000141E-03  1.675070505E+00 
        73  6.812502630E-03 -6.812497042E-03  6.562000141E-03  1.735722266E+00 
        74  6.937502418E-03 -6.937496830E-03  6.562000141E-03  1.798998256E+00 
        75  7.062502205E-03 -7.062496617E-03  6.562000141E-03  1.801016419E+00 
        76  1.068750210E-02 -1.068749651E-02  6.562000141E-03  3.422579326E+00 
        77  1.056250185E-02 -1.056249719E-02  6.562000141E-03  3.489464196E+00 
        78  1.043750253E-02 -1.043749694E-02  6.562000141E-03  3.541836974E+00 
        79  1.031250227E-02 -1.031249668E-02  6.562000141E-03  3.709334024E+00 
        80  1.018750202E-02 -1.018749643E-02  6.562000141E-03  3.906186076E+00 
        81  1.006250270E-02 -1.006249711E-02  6.562000606E-03  3.814737842E+00 
        82  9.937502444E-03 -9.937496856E-03  6.562000606E-03  3.418866684E+00 
        83  9.812502190E-03 -9.812497534E-03  6.562000606E-03  3.419520154E+00 
        84  9.687502868E-03 -9.687497281E-03  6.562000606E-03  3.299795414E+00 
        85  9.562502615E-03 -9.562497027E-03  6.562000606E-03  3.011779067E+00 
        86  9.437502362E-03 -9.437496774E-03  6.562000606E-03  3.091979005E+00 
        87  9.312503040E-03 -9.312497452E-03  6.562000606E-03  3.279365580E+00 
        88  9.187502787E-03 -9.187497199E-03  6.562000606E-03  3.455795203E+00 
        89  9.062502533E-03 -9.062496945E-03  6.562000606E-03  3.450765035E+00 
        90  8.937502280E-03 -8.937496692E-03  6.562000606E-03  3.311522763E+00 
        91  8.812502958E-03 -8.812497370E-03  6.562000606E-03  3.070744896E+00 
        92  8.687502705E-03 -8.687497117E-03  6.562000606E-03  2.480683371E+00 
        93  8.562502451E-03 -8.562496863E-03  6.562000606E-03  2.324876938E+00 
        94  8.437502198E-03 -8.437497541E-03  6.562000606E-03  2.294062685E+00 
        95  8.312502876E-03 -8.312497288E-03  6.562000606E-03  2.137287706E+00 
        96  8.187502623E-03 -8.187497035E-03  6.562000606E-03  1.902856988E+00 
        97  8.062502369E-03 -8.062496781E-03  6.562000606E-03  1.687619061E+00 
        98  7.937503047E-03 -7.937497459E-03  6.562000606E-03  1.620910501E+00 
        99  7.812502794E-03 -7.812497206E-03  6.562000606E-03  1.655358595E+00 
       100  7.687502541E-03 -7.687496953E-03  6.562000606E-03  1.661663757E+00 
       101  7.562502753E-03 -7.562497165E-03  6.562000606E-03  1.648019342E+00 
       102  7.437502500E-03 -7.437496912E-03  6.562000606E-03  1.697839115E+00 
       103  7.312502712E-03 -7.312497124E-03  6.562000606E-03  1.712591435E+00 
       104  7.187502459E-03 -7.187496871E-03  6.562000606E-03  1.740991954E+00 
       105  1.318750251E-02 -1.318749692E-02  6.562000606E-03  4.456695810E+00 
       106  1.306250226E-02 -1.306249667E-02  6.562000606E-03  4.869963454E+00 
       107  1.293750294E-02 -1.293749735E-02  6.562000606E-03  5.284008626E+00 
       108  1.281250268E-02 -1.281249709E-02  6.562000606E-03  5.344384952E+00 
       109  1.268750243E-02 -1.268749684E-02  6.562000606E-03  5.204074311E+00 
       110  1.256250218E-02 -1.256249752E-02  6.562000606E-03  5.027247989E+00 
       111  1.243750285E-02 -1.243749727E-02  6.562000606E-03  4.802792330E+00 
       112  1.231250260E-02 -1.231249701E-02  6.562000606E-03  4.764452820E+00 
       113  1.218750235E-02 -1.218749676E-02  6.562000606E-03  4.802330052E+00 
       114  1.206250302E-02 -1.206249744E-02  6.562000606E-03  4.756702655E+00 
       115  1.193750277E-02 -1.193749718E-02  6.562000606E-03  4.661490528E+00 
       116  1.181250252E-02 -1.181249693E-02  6.562000606E-03  4.638116445E+00 
       117  1.168750226E-02 -1.168749668E-02  6.562000606E-03  4.566627071E+00 
       118  1.156250294E-02 -1.156249736E-02  6.562000606E-03  4.385555064E+00 
       119  1.143750269E-02 -1.143749710E-02  6.562000606E-03  4.170426416E+00 
       120  1.131250244E-02 -1.131249685E-02  6.562000606E-03  4.046075361E+00 
       121  1.118750218E-02 -1.118749753E-02  6.562000606E-03  3.953528106E+00 
       122  1.106250286E-02 -1.106249727E-02  6.562000606E-03  3.943258972E+00 
       123  1.093750261E-02 -1.093749702E-02  6.562000606E-03  3.840535405E+00 
       124  1.081250235E-02 -1.081249677E-02  6.562000606E-03  3.539418562E+00 
       125  1.982382499E-02 -1.982382499E-02  6.562000606E-03  5.988166826E+00 
       126  1.987380348E-02 -1.987380348E-02  6.562000141E-03  5.813961410E+00 
       127  1.995554194E-02 -1.995554194E-02  6.562000141E-03  5.748158425E+00 
       128  2.002555132E-02 -2.002555132E-02  6.562000141E-03  5.726164899E+00 
       129  2.009796165E-02 -2.009796165E-02  6.562000141E-03  5.876885108E+00 
       130  2.016996033E-02 -2.016996033E-02  6.562000141E-03  6.038596891E+00 
       131  2.024196088E-02 -2.024196088E-02  6.562000141E-03  6.276698891E+00 
       132  2.031396143E-02 -2.031396143E-02  6.562000141E-03  6.326337452E+00 
       133  2.038596198E-02 -2.038596198E-02  6.562000141E-03  6.342369579E+00 
       134  2.045796067E-02 -2.045796067E-02  6.562000141E-03  6.372130637E+00 
       135  2.052996121E-02 -2.052996121E-02  6.562000141E-03  6.286848322E+00 
       136  2.060196176E-02 -2.060196176E-02  6.562000141E-03  6.214181646E+00 
       137  2.067396045E-02 -2.067396045E-02  6.562000141E-03  6.068568037E+00 
       138  2.074596100E-02 -2.074596100E-02  6.562000141E-03  6.097622715E+00 
       139  2.081796154E-02 -2.081796154E-02  6.562000141E-03  6.083853072E+00 
       140  2.089129388E-02 -2.089129388E-02  6.561999675E-03  6.105575347E+00 
       141  2.096879669E-02 -2.096879669E-02  6.562000141E-03  6.114154265E+00 
       142  2.103285119E-02 -2.103285119E-02  6.562000141E-03  6.436891392E+00 
       143  2.106270939E-02 -2.106270939E-02  6.562000141E-03  6.853389172E+00 
       144  2.110377327E-02 -2.110377327E-02  6.562000141E-03  7.245534345E+00 
       145  2.112588286E-02 -2.112588286E-02  6.562000141E-03  7.240364057E+00 
       146  2.114431374E-02 -2.114431374E-02  6.562000141E-03  6.837066311E+00 
       147  2.115968056E-02 -2.115968056E-02  6.562000141E-03  5.974235146E+00 
       148  2.117248811E-02 -2.117248811E-02  6.562000141E-03  4.853329333E+00 
       149  2.118316665E-02 -2.118316665E-02  6.562000606E-03  3.716488481E+00 
       150  2.119206451E-02 -2.119206451E-02  6.562000606E-03  2.683557778E+00 
       151  2.119948156E-02 -2.119948156E-02  6.562000606E-03  1.784291584E+00 
       152  2.120566368E-02 -2.120566368E-02  6.562000141E-03  1.011906219E+00 
       153  2.121081576E-02 -2.121081576E-02  6.562000606E-03  3.453454305E-01 
       154  1.977629215E-02 -1.977629215E-02  6.562000141E-03  5.957048670E+00 
       155  1.973045059E-02 -1.973045059E-02  6.562000141E-03  5.796777275E+00 
       156  1.966741495E-02 -1.966741495E-02  6.562000141E-03  5.540281862E+00 
       157  1.962243021E-02 -1.962243021E-02  6.562000141E-03  5.640679337E+00 
       158  1.955863647E-02 -1.955863275E-02  6.562000606E-03  5.205765689E+00 
       159  1.943750307E-02 -1.943749748E-02  6.562000606E-03  5.384574312E+00 
       160  1.706250198E-02 -1.706249639E-02  6.562000606E-03  7.844633600E+00 
       161  1.718750224E-02 -1.718749665E-02  6.562000606E-03  7.837630793E+00 
       162  1.731250249E-02 -1.731249690E-02  6.562000606E-03  7.807897324E+00 
       163  1.743750274E-02 -1.743749715E-02  6.562000606E-03  7.752715870E+00 
       164  1.756250300E-02 -1.756249741E-02  6.562000606E-03  7.597942861E+00 
       165  1.768750139E-02 -1.768749766E-02  6.562000606E-03  7.454138272E+00 
       166  1.781250164E-02 -1.781249605E-02  6.562000606E-03  7.459470047E+00 
       167  1.793750189E-02 -1.793749630E-02  6.562000606E-03  7.546615223E+00 
       168  1.806250215E-02 -1.806249656E-02  6.562000606E-03  7.579319018E+00 
       169  1.818750240E-02 -1.818749681E-02  6.562000141E-03  7.482350219E+00 
       170  1.831250265E-02 -1.831249706E-02  6.562000141E-03  7.343806976E+00 
       171  1.843750104E-02 -1.843749546E-02  6.562000606E-03  7.346694156E+00 
       172  1.856250130E-02 -1.856249571E-02  6.562000141E-03  7.519407180E+00 
       173  1.868750155E-02 -1.868749596E-02  6.562000141E-03  7.705206101E+00 
       174  1.881250180E-02 -1.881249622E-02  6.562000141E-03  7.806527983E+00 
       175  1.893750206E-02 -1.893749647E-02  6.562000141E-03  7.871279173E+00 
       176  1.906250231E-02 -1.906249672E-02  6.562000141E-03  7.656077607E+00 
       177  1.918750256E-02 -1.918749698E-02  6.562000141E-03  6.911681705E+00 
       178  1.931250095E-02 -1.931249723E-02  6.562000141E-03  6.142346313E+00 
