cellnumber     x-coordinate     y-coordinate     z-coordinate velocity-magnitude 
         1  1.818749681E-02 -1.818749681E-02  6.562000141E-03  8.175899616E+00 
         2  1.831249706E-02 -1.831249520E-02  6.562000141E-03  8.135158997E+00 
         3  1.843749546E-02 -1.843749546E-02  6.562000141E-03  7.902702656E+00 
         4  1.856249571E-02 -1.856249571E-02  6.562000141E-03  7.691480048E+00 
         5  1.868749596E-02 -1.868749596E-02  6.562000141E-03  7.523883117E+00 
         6  1.880909875E-02 -1.880909875E-02  6.562000141E-03  7.459591859E+00 
         7  1.890101843E-02 -1.890101843E-02  6.562000141E-03  7.380536830E+00 
         8  1.895096339E-02 -1.895096339E-02  6.562000141E-03  7.536351894E+00 
         9  2.121082321E-02 -2.121082321E-02  6.562000141E-03  3.433131570E-01 
        10  2.120567486E-02 -2.120567486E-02  6.562000141E-03  1.025873985E+00 
        11  2.119949646E-02 -2.119949646E-02  6.562000141E-03  1.836518625E+00 
        12  2.119208500E-02 -2.119208500E-02  6.562000141E-03  2.795181660E+00 
        13  2.118319459E-02 -2.118319459E-02  6.562000141E-03  3.904465954E+00 
        14  2.117252536E-02 -2.117252536E-02  6.562000141E-03  5.112330649E+00 
        15  2.115972713E-02 -2.115972713E-02  6.562000606E-03  6.219878807E+00 
        16  2.114437334E-02 -2.114437334E-02  6.562000606E-03  6.822177517E+00 
        17  2.112595551E-02 -2.112595551E-02  6.562000606E-03  6.953706869E+00 
        18  2.110386454E-02 -2.110386454E-02  6.562000606E-03  6.881754828E+00 
        19  2.107902244E-02 -2.107902244E-02  6.562000606E-03  6.803193421E+00 
        20  2.101956122E-02 -2.101956122E-02  6.562000606E-03  6.665087900E+00 
        21  2.093681321E-02 -2.093681321E-02  6.562000606E-03  6.550521207E+00 
        22  2.088592015E-02 -2.088592015E-02  6.562000141E-03  6.628016360E+00 
        23  2.081407234E-02 -2.081407234E-02  6.562000141E-03  6.797640000E+00 
        24  2.074207366E-02 -2.074207366E-02  6.562000141E-03  7.016513216E+00 
        25  2.067007311E-02 -2.067007311E-02  6.562000141E-03  7.096375611E+00 
        26  2.059807442E-02 -2.059807442E-02  6.562000141E-03  7.183660446E+00 
        27  2.052607387E-02 -2.052607387E-02  6.562000141E-03  7.100612489E+00 
        28  2.045407332E-02 -2.045407332E-02  6.562000141E-03  7.195624749E+00 
        29  2.038207278E-02 -2.038207278E-02  6.562000141E-03  7.203138042E+00 
        30  2.031007409E-02 -2.031007409E-02  6.562000141E-03  7.347093622E+00 
        31  2.023807354E-02 -2.023807354E-02  6.562000141E-03  7.333228442E+00 
        32  2.016607299E-02 -2.016607299E-02  6.562000141E-03  7.424121016E+00 
        33  2.009407245E-02 -2.009407245E-02  6.562000141E-03  7.567153576E+00 
        34  2.002207376E-02 -2.002207376E-02  6.562000141E-03  7.658002422E+00 
        35  1.995007321E-02 -1.995007321E-02  6.562000141E-03  7.824825247E+00 
        36  1.987807266E-02 -1.987807266E-02  6.562000141E-03  7.871445522E+00 
        37  1.980607398E-02 -1.980607398E-02  6.562000141E-03  7.857214786E+00 
        38  1.973407343E-02 -1.973407343E-02  6.562000141E-03  7.857382324E+00 
        39  1.966207288E-02 -1.966207288E-02  6.562000141E-03  7.756608872E+00 
        40  1.959007420E-02 -1.959007420E-02  6.562000141E-03  7.790269641E+00 
        41  1.951807365E-02 -1.951807365E-02  6.562000141E-03  7.618063688E+00 
        42  1.944607310E-02 -1.944607310E-02  6.562000141E-03  7.684350999E+00 
        43  1.937407255E-02 -1.937407255E-02  6.562000141E-03  7.634707058E+00 
        44  1.930207387E-02 -1.930207387E-02  6.562000141E-03  7.762916758E+00 
        45  1.923859492E-02 -1.923859492E-02  6.562000141E-03  7.701030412E+00 
        46  1.914011873E-02 -1.914011873E-02  6.562000141E-03  7.735900535E+00 
        47  1.905349456E-02 -1.905349456E-02  6.562000606E-03  7.754057579E+00 
        48  1.899245940E-02 -1.899245940E-02  6.562000606E-03  7.640300295E+00 
        49  2.830350772E-03 -2.830350772E-03  6.562000141E-03  1.463469734E+00 
        50  2.835454186E-03 -2.835454186E-03  6.562000141E-03  1.462512248E+00 
        51  2.841583686E-03 -2.841583686E-03  6.562000141E-03  1.462722722E+00 
        52  2.848947188E-03 -2.848947188E-03  6.562000606E-03  1.464254474E+00 
        53  2.857794985E-03 -2.857794985E-03  6.562000606E-03  1.467035793E+00 
        54  2.868429059E-03 -2.868429059E-03  6.562000141E-03  1.470595660E+00 
        55  2.881214023E-03 -2.881214023E-03  6.562000606E-03  1.474203068E+00 
        56  2.896590624E-03 -2.896590624E-03  6.562000606E-03  1.476798754E+00 
        57  2.915092744E-03 -2.915092744E-03  6.562000141E-03  1.477922744E+00 
        58  2.937367652E-03 -2.937367652E-03  6.562000141E-03  1.476237966E+00 
        59  2.973292954E-03 -2.973292954E-03  6.562000606E-03  1.472560724E+00 
        60  3.061023075E-03 -3.061021678E-03  6.562000141E-03  1.490590198E+00 
        61  3.187497612E-03 -3.187495051E-03  6.562000141E-03  1.558026958E+00 
        62  3.312497633E-03 -3.312495071E-03  6.562000141E-03  1.628447222E+00 
        63  3.437497653E-03 -3.437495092E-03  6.562000141E-03  1.673682605E+00 
        64  3.562497441E-03 -3.562495112E-03  6.562000141E-03  1.680187583E+00 
        65  3.687497461E-03 -3.687494900E-03  6.562000141E-03  1.697267681E+00 
        66  3.812497482E-03 -3.812494921E-03  6.562000141E-03  1.770933048E+00 
        67  3.937497735E-03 -3.937494941E-03  6.562000141E-03  1.913523207E+00 
        68  4.062497523E-03 -4.062495194E-03  6.562000141E-03  1.947254543E+00 
        69  4.187497776E-03 -4.187494982E-03  6.562000141E-03  2.021534445E+00 
        70  4.312497564E-03 -4.312495235E-03  6.562000141E-03  2.121438365E+00 
        71  4.437497817E-03 -4.437495023E-03  6.562000141E-03  2.112871101E+00 
        72  4.562497605E-03 -4.562495276E-03  6.562000141E-03  2.211440616E+00 
        73  4.687497392E-03 -4.687495064E-03  6.562000141E-03  2.348990040E+00 
        74  4.812497646E-03 -4.812495317E-03  6.562000141E-03  2.369748885E+00 
        75  4.937497433E-03 -4.937495105E-03  6.562000141E-03  2.379945894E+00 
        76  5.062497687E-03 -5.062495358E-03  6.562000141E-03  2.313196440E+00 
        77  5.187497474E-03 -5.187495146E-03  6.562000141E-03  2.074630327E+00 
        78  5.312497728E-03 -5.312495399E-03  6.562000141E-03  1.742380587E+00 
        79  5.437497515E-03 -5.437495187E-03  6.562000141E-03  1.267447297E+00 
        80  5.562497303E-03 -5.562495440E-03  6.562000141E-03  1.138071652E+00 
        81  5.687497556E-03 -5.687495228E-03  6.562000141E-03  1.495226056E+00 
        82  5.812497344E-03 -5.812495481E-03  6.562000141E-03  1.266273324E+00 
        83  5.937497597E-03 -5.937495269E-03  6.562000141E-03  9.372452732E-01 
        84  6.062497385E-03 -6.062495522E-03  6.562000141E-03  8.846609621E-01 
        85  6.187497638E-03 -6.187495310E-03  6.562000141E-03  1.013405052E+00 
        86  6.312497426E-03 -6.312495563E-03  6.562000141E-03  1.136404292E+00 
        87  6.437497213E-03 -6.437495351E-03  6.562000141E-03  1.216640987E+00 
        88  6.562497467E-03 -6.562495138E-03  6.562000141E-03  1.301893658E+00 
        89  6.687497254E-03 -6.687495392E-03  6.562000141E-03  1.397610004E+00 
        90  6.812497508E-03 -6.812495179E-03  6.562000141E-03  1.529477267E+00 
        91  6.937497295E-03 -6.937495433E-03  6.562000141E-03  1.639785245E+00 
        92  7.062497549E-03 -7.062495220E-03  6.562000141E-03  1.746617016E+00 
        93  7.187497336E-03 -7.187495474E-03  6.562000141E-03  1.753365604E+00 
        94  7.312497590E-03 -7.312495261E-03  6.562000141E-03  1.710111015E+00 
        95  7.437497377E-03 -7.437495515E-03  6.562000141E-03  1.789535965E+00 
        96  7.562497165E-03 -7.562495302E-03  6.562000141E-03  1.942606195E+00 
        97  7.687497418E-03 -7.687495556E-03  6.562000141E-03  1.915579515E+00 
        98  7.812497206E-03 -7.812495343E-03  6.562000141E-03  1.859397060E+00 
        99  7.937497459E-03 -7.937495597E-03  6.562000141E-03  1.851313073E+00 
       100  8.062497713E-03 -8.062495850E-03  6.562000141E-03  1.844299857E+00 
       101  8.187497035E-03 -8.187495172E-03  6.562000141E-03  1.902638286E+00 
       102  8.312497288E-03 -8.312495425E-03  6.562000141E-03  1.821761314E+00 
       103  8.437497541E-03 -8.437495679E-03  6.562000141E-03  2.210981600E+00 
       104  8.562496863E-03 -8.562495932E-03  6.562000141E-03  3.032941565E+00 
       105  8.687497117E-03 -8.687495254E-03  6.562000141E-03  3.259398471E+00 
       106  8.812497370E-03 -8.812495507E-03  6.562000141E-03  2.875574898E+00 
       107  8.937497623E-03 -8.937495761E-03  6.562000141E-03  2.669978056E+00 
       108  9.062496945E-03 -9.062496014E-03  6.562000141E-03  2.902173505E+00 
       109  9.187497199E-03 -9.187495336E-03  6.562000141E-03  3.166133084E+00 
       110  9.312497452E-03 -9.312495589E-03  6.562000141E-03  3.413971654E+00 
       111  9.437496774E-03 -9.437495843E-03  6.562000141E-03  3.591478273E+00 
       112  9.562497027E-03 -9.562495165E-03  6.562000141E-03  3.707990938E+00 
       113  9.687497281E-03 -9.687495418E-03  6.562000141E-03  3.772280913E+00 
       114  1.568749733E-02 -1.568749547E-02  6.562000141E-03  6.437502861E+00 
       115  1.581249572E-02 -1.581249572E-02  6.562000141E-03  6.670928554E+00 
       116  1.593749598E-02 -1.593749598E-02  6.562000141E-03  6.986715674E+00 
       117  1.606249623E-02 -1.606249623E-02  6.562000141E-03  7.307080460E+00 
       118  1.618749648E-02 -1.618749648E-02  6.562000141E-03  7.686805019E+00 
       119  1.631249674E-02 -1.631249674E-02  6.562000141E-03  7.806084137E+00 
       120  1.643749699E-02 -1.643749513E-02  6.562000141E-03  7.777302395E+00 
       121  1.656249724E-02 -1.656249538E-02  6.562000141E-03  7.704842499E+00 
       122  1.668749563E-02 -1.668749563E-02  6.562000141E-03  7.636653330E+00 
       123  1.681249589E-02 -1.681249589E-02  6.562000141E-03  7.897833079E+00 
       124  1.693749614E-02 -1.693749614E-02  6.562000141E-03  7.964450562E+00 
       125  1.706249639E-02 -1.706249639E-02  6.562000141E-03  7.789226863E+00 
       126  1.718749665E-02 -1.718749665E-02  6.562000141E-03  7.585222636E+00 
       127  1.731249690E-02 -1.731249504E-02  6.562000141E-03  7.586631170E+00 
       128  1.743749715E-02 -1.743749529E-02  6.562000141E-03  7.866871182E+00 
       129  1.756249554E-02 -1.756249554E-02  6.562000141E-03  7.819190613E+00 
       130  1.768749580E-02 -1.768749580E-02  6.562000141E-03  7.854822248E+00 
       131  1.781249605E-02 -1.781249605E-02  6.562000141E-03  7.986561491E+00 
       132  1.793749630E-02 -1.793749630E-02  6.562000141E-03  8.122152971E+00 
       133  1.806249656E-02 -1.806249656E-02  6.562000141E-03  8.156943869E+00 
       134  1.556249708E-02 -1.556249615E-02  6.562000141E-03  6.306319565E+00 
       135  1.543749683E-02 -1.543749589E-02  6.562000141E-03  6.245168900E+00 
       136  1.531249657E-02 -1.531249564E-02  6.562000141E-03  6.224140709E+00 
       137  1.518749632E-02 -1.518749632E-02  6.562000141E-03  6.212190803E+00 
       138  1.506249700E-02 -1.506249607E-02  6.562000141E-03  6.222284062E+00 
       139  1.493749674E-02 -1.493749581E-02  6.562000141E-03  6.208773989E+00 
       140  1.481249649E-02 -1.481249556E-02  6.562000141E-03  6.194828430E+00 
       141  1.468749717E-02 -1.468749624E-02  6.562000141E-03  6.169899173E+00 
       142  1.456249692E-02 -1.456249598E-02  6.562000141E-03  6.088966906E+00 
       143  1.443749666E-02 -1.443749573E-02  6.562000141E-03  5.950877677E+00 
       144  1.431249641E-02 -1.431249641E-02  6.562000141E-03  5.774482441E+00 
       145  1.418749709E-02 -1.418749616E-02  6.562000141E-03  5.692488388E+00 
       146  1.406249683E-02 -1.406249590E-02  6.562000141E-03  5.721135329E+00 
       147  1.393749658E-02 -1.393749565E-02  6.562000141E-03  5.790558656E+00 
       148  1.381249726E-02 -1.381249633E-02  6.562000141E-03  5.781671651E+00 
       149  1.368749700E-02 -1.368749607E-02  6.562000141E-03  5.722431245E+00 
       150  1.356249675E-02 -1.356249582E-02  6.562000141E-03  5.609482248E+00 
       151  1.343749650E-02 -1.343749557E-02  6.562000141E-03  5.431959788E+00 
       152  1.331249718E-02 -1.331249624E-02  6.562000141E-03  5.245189023E+00 
       153  1.318749692E-02 -1.318749599E-02  6.562000141E-03  5.102172829E+00 
       154  1.306249667E-02 -1.306249574E-02  6.562000141E-03  5.050495864E+00 
       155  1.293749735E-02 -1.293749548E-02  6.562000141E-03  5.083750792E+00 
       156  1.281249709E-02 -1.281249616E-02  6.562000141E-03  5.095839055E+00 
       157  1.268749684E-02 -1.268749591E-02  6.562000141E-03  5.085179294E+00 
       158  1.256249659E-02 -1.256249566E-02  6.562000141E-03  5.048757758E+00 
       159  1.243749727E-02 -1.243749540E-02  6.562000141E-03  5.003906066E+00 
       160  1.231249701E-02 -1.231249608E-02  6.562000141E-03  4.980215148E+00 
       161  1.218749676E-02 -1.218749583E-02  6.562000141E-03  5.010335345E+00 
       162  1.206249744E-02 -1.206249557E-02  6.562000141E-03  5.078087755E+00 
       163  1.193749718E-02 -1.193749532E-02  6.562000141E-03  5.091922885E+00 
       164  1.181249693E-02 -1.181249600E-02  6.562000141E-03  5.159032299E+00 
       165  1.168749668E-02 -1.168749575E-02  6.562000141E-03  5.270394355E+00 
       166  9.812497534E-03 -9.812495671E-03  6.562000141E-03  3.850251279E+00 
       167  9.937496856E-03 -9.937495925E-03  6.562000141E-03  3.859302185E+00 
       168  1.006249711E-02 -1.006249525E-02  6.562000141E-03  3.939104342E+00 
       169  1.018749736E-02 -1.018749550E-02  6.562000141E-03  4.091395461E+00 
       170  1.031249762E-02 -1.031249575E-02  6.562000141E-03  4.244910221E+00 
       171  1.043749694E-02 -1.043749601E-02  6.562000141E-03  4.352162229E+00 
       172  1.056249719E-02 -1.056249533E-02  6.562000141E-03  4.484931928E+00 
       173  1.068749744E-02 -1.068749558E-02  6.562000141E-03  4.677707056E+00 
       174  1.081249677E-02 -1.081249584E-02  6.562000141E-03  4.941984569E+00 
       175  1.093749702E-02 -1.093749609E-02  6.562000141E-03  5.228693623E+00 
       176  1.106249727E-02 -1.106249541E-02  6.562000141E-03  5.405488563E+00 
       177  1.118749753E-02 -1.118749566E-02  6.562000141E-03  5.408246879E+00 
       178  1.131249685E-02 -1.131249592E-02  6.562000141E-03  5.454005275E+00 
       179  1.143749710E-02 -1.143749617E-02  6.562000141E-03  5.426932683E+00 
       180  1.156249736E-02 -1.156249549E-02  6.562000141E-03  5.293140163E+00 
