cellnumber     x-coordinate     y-coordinate     z-coordinate velocity-magnitude 
         1  2.830350772E-03 -2.830350772E-03  6.562000141E-03  1.481733570E+00 
         2  2.835453954E-03 -2.835453954E-03  6.562000606E-03  1.515270559E+00 
         3  2.841583686E-03 -2.841583686E-03  6.562000606E-03  1.554089163E+00 
         4  2.848947188E-03 -2.848947188E-03  6.562000606E-03  1.598362888E+00 
         5  2.857794985E-03 -2.857794985E-03  6.562000141E-03  1.647793040E+00 
         6  2.868429059E-03 -2.868429059E-03  6.562000141E-03  1.701407216E+00 
         7  2.881214023E-03 -2.881214023E-03  6.562000606E-03  1.757498444E+00 
         8  2.896590624E-03 -2.896590624E-03  6.562000141E-03  1.812721176E+00 
         9  2.915092511E-03 -2.915092511E-03  6.562000141E-03  1.867234842E+00 
        10  2.937367652E-03 -2.937367652E-03  6.562000606E-03  1.910616667E+00 
        11  2.973292954E-03 -2.973292954E-03  6.562000606E-03  1.944354186E+00 
        12  3.061023075E-03 -3.061021678E-03  6.562000141E-03  1.897323194E+00 
        13  3.187497612E-03 -3.187495051E-03  6.562000141E-03  1.834283358E+00 
        14  3.312497633E-03 -3.312495071E-03  6.562000141E-03  1.828633849E+00 
        15  3.437497420E-03 -3.437495092E-03  6.562000141E-03  1.833592166E+00 
        16  3.562497441E-03 -3.562495112E-03  6.562000141E-03  1.827456527E+00 
        17  3.687497461E-03 -3.687495133E-03  6.562000141E-03  1.790913701E+00 
        18  3.812497482E-03 -3.812495153E-03  6.562000141E-03  2.407631269E+00 
        19  3.937497735E-03 -3.937494941E-03  6.562000141E-03  2.592858072E+00 
        20  4.062497523E-03 -4.062495194E-03  6.562000141E-03  2.244120684E+00 
        21  4.187497776E-03 -4.187494982E-03  6.562000141E-03  1.633073064E+00 
        22  4.312497564E-03 -4.312495235E-03  6.562000141E-03  1.292533895E+00 
        23  1.168749668E-02 -1.168749575E-02  6.562000141E-03  4.938687561E+00 
        24  1.156249736E-02 -1.156249549E-02  6.562000141E-03  4.855000411E+00 
        25  1.143749710E-02 -1.143749617E-02  6.562000141E-03  4.906437050E+00 
        26  1.131249685E-02 -1.131249592E-02  6.562000141E-03  4.948050417E+00 
        27  1.118749660E-02 -1.118749566E-02  6.562000141E-03  4.957251674E+00 
        28  1.106249727E-02 -1.106249541E-02  6.562000141E-03  4.846688069E+00 
        29  1.093749702E-02 -1.093749609E-02  6.562000141E-03  4.673924644E+00 
        30  1.081249677E-02 -1.081249584E-02  6.562000141E-03  4.372678780E+00 
        31  1.068749744E-02 -1.068749558E-02  6.562000141E-03  4.190724912E+00 
        32  1.056249719E-02 -1.056249533E-02  6.562000141E-03  4.136036829E+00 
        33  1.043749694E-02 -1.043749601E-02  6.562000141E-03  4.082700010E+00 
        34  1.031249668E-02 -1.031249575E-02  6.562000141E-03  3.658143606E+00 
        35  1.018749736E-02 -1.018749550E-02  6.562000141E-03  2.838345804E+00 
        36  1.006249711E-02 -1.006249525E-02  6.562000141E-03  2.771487488E+00 
        37  9.937496856E-03 -9.937495925E-03  6.562000141E-03  3.412960076E+00 
        38  9.812497534E-03 -9.812495671E-03  6.562000141E-03  3.688876133E+00 
        39  9.687497281E-03 -9.687495418E-03  6.562000141E-03  3.846533527E+00 
        40  9.562497027E-03 -9.562496096E-03  6.562000141E-03  3.667213747E+00 
        41  9.437496774E-03 -9.437495843E-03  6.562000141E-03  3.797306532E+00 
        42  9.312497452E-03 -9.312495589E-03  6.562000141E-03  3.812838576E+00 
        43  9.187497199E-03 -9.187495336E-03  6.562000141E-03  3.618753231E+00 
        44  9.062496945E-03 -9.062496014E-03  6.562000141E-03  3.374596333E+00 
        45  8.937497623E-03 -8.937495761E-03  6.562000141E-03  3.205807002E+00 
        46  8.812497370E-03 -8.812495507E-03  6.562000141E-03  3.469699024E+00 
        47  8.687497117E-03 -8.687495254E-03  6.562000141E-03  3.453901879E+00 
        48  8.562496863E-03 -8.562495932E-03  6.562000141E-03  2.837802171E+00 
        49  8.437497541E-03 -8.437495679E-03  6.562000141E-03  2.433019263E+00 
        50  8.312497288E-03 -8.312495425E-03  6.562000141E-03  2.288439378E+00 
        51  8.187497035E-03 -8.187495172E-03  6.562000141E-03  2.307478608E+00 
        52  8.062497713E-03 -8.062495850E-03  6.562000141E-03  2.119244037E+00 
        53  1.181249693E-02 -1.181249600E-02  6.562000141E-03  5.258949451E+00 
        54  1.193749718E-02 -1.193749625E-02  6.562000141E-03  5.491731994E+00 
        55  1.206249651E-02 -1.206249557E-02  6.562000141E-03  5.561843740E+00 
        56  1.218749676E-02 -1.218749583E-02  6.562000141E-03  5.561976094E+00 
        57  1.231249701E-02 -1.231249608E-02  6.562000141E-03  5.577799224E+00 
        58  1.243749727E-02 -1.243749633E-02  6.562000141E-03  5.603925707E+00 
        59  1.256249659E-02 -1.256249566E-02  6.562000141E-03  5.551747793E+00 
        60  1.268749684E-02 -1.268749591E-02  6.562000141E-03  5.428403892E+00 
        61  1.281249709E-02 -1.281249616E-02  6.562000141E-03  5.288023187E+00 
        62  1.293749642E-02 -1.293749642E-02  6.562000141E-03  5.260681999E+00 
        63  1.306249667E-02 -1.306249574E-02  6.562000141E-03  5.306636062E+00 
        64  1.318749692E-02 -1.318749599E-02  6.562000141E-03  5.354153701E+00 
        65  1.331249718E-02 -1.331249624E-02  6.562000141E-03  5.424943471E+00 
        66  1.343749650E-02 -1.343749557E-02  6.562000141E-03  5.510749267E+00 
        67  1.356249675E-02 -1.356249582E-02  6.562000141E-03  5.556560187E+00 
        68  1.368749700E-02 -1.368749607E-02  6.562000141E-03  5.509297915E+00 
        69  1.381249633E-02 -1.381249633E-02  6.562000141E-03  5.481973214E+00 
        70  1.393749658E-02 -1.393749565E-02  6.562000141E-03  5.506144307E+00 
        71  1.406249683E-02 -1.406249590E-02  6.562000141E-03  5.570334236E+00 
        72  1.418749709E-02 -1.418749616E-02  6.562000141E-03  5.668828686E+00 
        73  1.431249641E-02 -1.431249641E-02  6.562000141E-03  5.756668863E+00 
        74  1.443749666E-02 -1.443749573E-02  6.562000141E-03  5.844657366E+00 
        75  1.456249692E-02 -1.456249598E-02  6.562000141E-03  5.957508261E+00 
        76  1.468749624E-02 -1.468749624E-02  6.562000141E-03  6.082149148E+00 
        77  1.481249649E-02 -1.481249649E-02  6.562000141E-03  6.162434350E+00 
        78  1.493749674E-02 -1.493749581E-02  6.562000141E-03  6.210553698E+00 
        79  1.506249700E-02 -1.506249607E-02  6.562000141E-03  6.296065734E+00 
        80  1.518749632E-02 -1.518749632E-02  6.562000141E-03  6.363941449E+00 
        81  1.531249657E-02 -1.531249657E-02  6.562000141E-03  6.335153515E+00 
        82  1.543749683E-02 -1.543749589E-02  6.562000141E-03  6.225300548E+00 
        83  1.556249708E-02 -1.556249615E-02  6.562000141E-03  6.196559798E+00 
        84  1.568749547E-02 -1.568749547E-02  6.562000141E-03  6.376172194E+00 
        85  1.581249572E-02 -1.581249572E-02  6.562000141E-03  6.580390237E+00 
        86  1.593749598E-02 -1.593749598E-02  6.562000141E-03  6.761558789E+00 
        87  1.606249623E-02 -1.606249623E-02  6.562000141E-03  6.908809739E+00 
        88  1.618749648E-02 -1.618749648E-02  6.562000141E-03  7.000617203E+00 
        89  1.631249674E-02 -1.631249674E-02  6.562000141E-03  7.068594015E+00 
        90  1.643749699E-02 -1.643749513E-02  6.562000141E-03  7.194716263E+00 
        91  1.656249538E-02 -1.656249538E-02  6.562000141E-03  7.268939575E+00 
        92  1.668749563E-02 -1.668749563E-02  6.562000141E-03  7.221045828E+00 
        93  1.681249589E-02 -1.681249589E-02  6.562000141E-03  7.358751681E+00 
        94  1.693749614E-02 -1.693749614E-02  6.562000141E-03  7.670540005E+00 
        95  1.706249639E-02 -1.706249639E-02  6.562000141E-03  7.864831658E+00 
        96  1.718749665E-02 -1.718749665E-02  6.562000141E-03  7.821419728E+00 
        97  4.437497351E-03 -4.437495023E-03  6.562000141E-03  1.297099426E+00 
        98  4.562497605E-03 -4.562495276E-03  6.562000141E-03  1.369669219E+00 
        99  4.687497392E-03 -4.687495064E-03  6.562000141E-03  1.433653475E+00 
       100  4.812497646E-03 -4.812495317E-03  6.562000141E-03  1.491930537E+00 
       101  4.937497433E-03 -4.937495105E-03  6.562000141E-03  1.471770346E+00 
       102  5.062497687E-03 -5.062495358E-03  6.562000141E-03  1.457021395E+00 
       103  5.187497474E-03 -5.187495146E-03  6.562000141E-03  1.435014216E+00 
       104  5.312497262E-03 -5.312495399E-03  6.562000141E-03  1.409962672E+00 
       105  5.437497515E-03 -5.437495187E-03  6.562000141E-03  1.476465337E+00 
       106  5.562497303E-03 -5.562495440E-03  6.562000141E-03  1.578091438E+00 
       107  5.687497556E-03 -5.687495228E-03  6.562000141E-03  1.676687680E+00 
       108  5.812497344E-03 -5.812495481E-03  6.562000141E-03  1.842666651E+00 
       109  5.937497597E-03 -5.937495269E-03  6.562000141E-03  1.922902842E+00 
       110  6.062497385E-03 -6.062495522E-03  6.562000141E-03  1.900683975E+00 
       111  6.187497173E-03 -6.187495310E-03  6.562000141E-03  1.775054932E+00 
       112  6.312497426E-03 -6.312495563E-03  6.562000141E-03  1.731243503E+00 
       113  6.437497213E-03 -6.437495351E-03  6.562000141E-03  1.673122706E+00 
       114  6.562497467E-03 -6.562495604E-03  6.562000141E-03  1.751261530E+00 
       115  6.687497254E-03 -6.687495392E-03  6.562000141E-03  1.901050373E+00 
       116  6.812497508E-03 -6.812495645E-03  6.562000141E-03  1.917700564E+00 
       117  6.937497295E-03 -6.937495433E-03  6.562000141E-03  1.842958143E+00 
       118  7.062497549E-03 -7.062495220E-03  6.562000141E-03  1.776450185E+00 
       119  7.187497336E-03 -7.187495474E-03  6.562000141E-03  1.734273715E+00 
       120  7.312497124E-03 -7.312495261E-03  6.562000141E-03  1.698289786E+00 
       121  7.437497377E-03 -7.437495515E-03  6.562000141E-03  1.627537381E+00 
       122  7.562497165E-03 -7.562495302E-03  6.562000141E-03  1.654217601E+00 
       123  7.687497418E-03 -7.687495556E-03  6.562000141E-03  1.832650899E+00 
       124  7.812497206E-03 -7.812495343E-03  6.562000141E-03  1.994942473E+00 
       125  7.937497459E-03 -7.937495597E-03  6.562000141E-03  2.044232692E+00 
       126  1.895096339E-02 -1.895096339E-02  6.562000141E-03  6.530338988E+00 
       127  1.890101843E-02 -1.890101843E-02  6.562000606E-03  6.572646164E+00 
       128  1.880909875E-02 -1.880909875E-02  6.562000606E-03  6.484164171E+00 
       129  1.868749596E-02 -1.868749596E-02  6.562000141E-03  6.831941042E+00 
       130  1.856249571E-02 -1.856249571E-02  6.562000141E-03  7.083257723E+00 
       131  1.843749546E-02 -1.843749546E-02  6.562000141E-03  7.131191495E+00 
       132  1.831249520E-02 -1.831249706E-02  6.562000141E-03  6.956995454E+00 
       133  1.818749681E-02 -1.818749681E-02  6.562000141E-03  6.803444023E+00 
       134  1.806249656E-02 -1.806249656E-02  6.562000141E-03  6.864392692E+00 
       135  1.793749630E-02 -1.793749630E-02  6.562000141E-03  6.815941592E+00 
       136  1.781249605E-02 -1.781249605E-02  6.562000141E-03  6.824726877E+00 
       137  1.768749580E-02 -1.768749580E-02  6.562000141E-03  7.249934385E+00 
       138  1.756249554E-02 -1.756249554E-02  6.562000141E-03  7.518502069E+00 
       139  1.743749529E-02 -1.743749529E-02  6.562000141E-03  7.534163751E+00 
       140  1.731249690E-02 -1.731249690E-02  6.562000141E-03  7.659657714E+00 
       141  2.121082321E-02 -2.121082321E-02  6.562000141E-03  3.205125233E-01 
       142  2.120567486E-02 -2.120567486E-02  6.562000606E-03  9.767045054E-01 
       143  2.119949833E-02 -2.119949833E-02  6.562000141E-03  1.770922516E+00 
       144  2.119208500E-02 -2.119208500E-02  6.562000606E-03  2.707740249E+00 
       145  2.118319459E-02 -2.118319459E-02  6.562000141E-03  3.749112104E+00 
       146  2.117252536E-02 -2.117252536E-02  6.562000141E-03  4.786426668E+00 
       147  2.115972713E-02 -2.115972713E-02  6.562000606E-03  5.623595689E+00 
       148  2.114437334E-02 -2.114437334E-02  6.562000606E-03  6.077691961E+00 
       149  2.112595551E-02 -2.112595551E-02  6.562000606E-03  6.224430219E+00 
       150  2.110386454E-02 -2.110386454E-02  6.562000606E-03  6.266443846E+00 
       151  2.107902244E-02 -2.107902244E-02  6.562000606E-03  6.370769894E+00 
       152  2.101955935E-02 -2.101955935E-02  6.562000141E-03  6.678041119E+00 
       153  2.093681321E-02 -2.093681321E-02  6.562000141E-03  7.020987450E+00 
       154  2.088592015E-02 -2.088592015E-02  6.562000141E-03  7.270653824E+00 
       155  2.081407420E-02 -2.081407420E-02  6.562000141E-03  7.600898681E+00 
       156  2.074207366E-02 -2.074207366E-02  6.562000141E-03  7.576733075E+00 
       157  2.067007311E-02 -2.067007311E-02  6.562000141E-03  7.388243596E+00 
       158  2.059807256E-02 -2.059807256E-02  6.562000141E-03  7.083938390E+00 
       159  2.052607387E-02 -2.052607387E-02  6.562000141E-03  6.864950416E+00 
       160  2.045407332E-02 -2.045407332E-02  6.562000141E-03  6.724757244E+00 
       161  2.038207278E-02 -2.038207278E-02  6.562000141E-03  6.776104973E+00 
       162  2.031007409E-02 -2.031007409E-02  6.562000141E-03  6.724850949E+00 
       163  2.023807354E-02 -2.023807354E-02  6.562000141E-03  6.771454005E+00 
       164  2.016607299E-02 -2.016607299E-02  6.562000141E-03  6.856396063E+00 
       165  2.009407245E-02 -2.009407245E-02  6.562000141E-03  6.833986518E+00 
       166  2.002207376E-02 -2.002207376E-02  6.562000141E-03  6.846905850E+00 
       167  1.995007321E-02 -1.995007321E-02  6.562000141E-03  6.781137674E+00 
       168  1.987807266E-02 -1.987807266E-02  6.562000141E-03  6.817580222E+00 
       169  1.980607398E-02 -1.980607398E-02  6.562000141E-03  6.761466113E+00 
       170  1.973407343E-02 -1.973407343E-02  6.562000141E-03  6.814511107E+00 
       171  1.966207288E-02 -1.966207288E-02  6.562000141E-03  6.851346158E+00 
       172  1.959007420E-02 -1.959007420E-02  6.562000141E-03  6.896404474E+00 
       173  1.951807365E-02 -1.951807365E-02  6.562000141E-03  7.029827479E+00 
       174  1.944607310E-02 -1.944607310E-02  6.562000141E-03  7.006669298E+00 
       175  1.937407255E-02 -1.937407255E-02  6.562000141E-03  7.181330250E+00 
       176  1.930207387E-02 -1.930207387E-02  6.562000141E-03  7.010984637E+00 
       177  1.923859492E-02 -1.923859492E-02  6.561999675E-03  7.137192225E+00 
       178  1.914011873E-02 -1.914011873E-02  6.562000141E-03  7.109530875E+00 
       179  1.905349456E-02 -1.905349456E-02  6.562000606E-03  6.815380497E+00 
       180  1.899245940E-02 -1.899245940E-02  6.562000606E-03  6.822954402E+00 
