cellnumber     x-coordinate     y-coordinate     z-coordinate velocity-magnitude 
         1  1.793750376E-02 -1.793750003E-02  6.562000141E-03  7.363984323E+00 
         2  1.781250350E-02 -1.781249978E-02  6.562000141E-03  7.451271335E+00 
         3  1.768750325E-02 -1.768749952E-02  6.562000141E-03  7.423803271E+00 
         4  1.756250300E-02 -1.756249927E-02  6.562000141E-03  7.424869407E+00 
         5  1.743750274E-02 -1.743749902E-02  6.562000141E-03  7.382479755E+00 
         6  1.731250249E-02 -1.731249876E-02  6.562000141E-03  7.291276111E+00 
         7  1.718750410E-02 -1.718750037E-02  6.562000141E-03  7.169841493E+00 
         8  1.706250384E-02 -1.706250012E-02  6.562000141E-03  7.020172716E+00 
         9  1.693750359E-02 -1.693749987E-02  6.562000141E-03  6.877261625E+00 
        10  1.681250334E-02 -1.681249961E-02  6.562000141E-03  6.776845244E+00 
        11  1.668750308E-02 -1.668749936E-02  6.562000141E-03  6.731414486E+00 
        12  1.656250283E-02 -1.656249911E-02  6.562000141E-03  6.761747992E+00 
        13  1.643750258E-02 -1.643749885E-02  6.562000141E-03  6.819300203E+00 
        14  1.631250419E-02 -1.631249860E-02  6.562000141E-03  6.936810743E+00 
        15  1.618750393E-02 -1.618750021E-02  6.562000141E-03  7.047040662E+00 
        16  1.606250368E-02 -1.606249996E-02  6.562000141E-03  7.072274140E+00 
        17  1.593750343E-02 -1.593749970E-02  6.562000141E-03  6.917863559E+00 
        18  1.581250317E-02 -1.581249945E-02  6.562000141E-03  6.916427299E+00 
        19  1.568750292E-02 -1.568749920E-02  6.562000141E-03  6.951361245E+00 
        20  1.556250360E-02 -1.556249987E-02  6.562000141E-03  6.935293779E+00 
        21  9.937504306E-03 -9.937498719E-03  6.562000141E-03  5.027019489E+00 
        22  9.812504053E-03 -9.812499397E-03  6.562000141E-03  4.602028393E+00 
        23  9.687504731E-03 -9.687499143E-03  6.562000141E-03  3.830595036E+00 
        24  9.562504478E-03 -9.562498890E-03  6.562000141E-03  3.441747024E+00 
        25  9.437504224E-03 -9.437498637E-03  6.562000141E-03  3.066112605E+00 
        26  9.312503971E-03 -9.312499315E-03  6.562000141E-03  2.463144043E+00 
        27  9.187504649E-03 -9.187499061E-03  6.562000141E-03  1.776820083E+00 
        28  9.062504396E-03 -9.062498808E-03  6.562000141E-03  1.534835750E+00 
        29  8.937504143E-03 -8.937498555E-03  6.562000141E-03  1.682234899E+00 
        30  8.812504821E-03 -8.812499233E-03  6.562000141E-03  1.799545599E+00 
        31  8.687504567E-03 -8.687498979E-03  6.562000141E-03  2.041212984E+00 
        32  8.562504314E-03 -8.562498726E-03  6.562000141E-03  1.883282516E+00 
        33  8.437504061E-03 -8.437498473E-03  6.562000141E-03  1.577637628E+00 
        34  8.312504739E-03 -8.312499151E-03  6.562000141E-03  2.083253009E+00 
        35  8.187504485E-03 -8.187498897E-03  6.562000141E-03  2.377554276E+00 
        36  8.062504232E-03 -8.062498644E-03  6.562000141E-03  2.220621656E+00 
        37  7.937504910E-03 -7.937498391E-03  6.562000141E-03  2.306588570E+00 
        38  7.812504657E-03 -7.812498603E-03  6.562000141E-03  2.311996192E+00 
        39  7.687504403E-03 -7.687498815E-03  6.562000141E-03  2.239499689E+00 
        40  7.562504616E-03 -7.562498562E-03  6.562000141E-03  2.139626276E+00 
        41  7.437504362E-03 -7.437498774E-03  6.562000141E-03  2.019377319E+00 
        42  7.312504575E-03 -7.312498521E-03  6.562000141E-03  1.884289414E+00 
        43  7.187504787E-03 -7.187498733E-03  6.562000141E-03  1.760142685E+00 
        44  7.062504534E-03 -7.062498480E-03  6.562000141E-03  1.679839429E+00 
        45  6.937504746E-03 -6.937498692E-03  6.562000141E-03  1.642143544E+00 
        46  6.812504493E-03 -6.812498439E-03  6.562000141E-03  1.570813056E+00 
        47  6.687504705E-03 -6.687498651E-03  6.562000141E-03  1.472869798E+00 
        48  6.562504452E-03 -6.562498864E-03  6.562000141E-03  1.405813376E+00 
        49  6.437504664E-03 -6.437498610E-03  6.562000141E-03  1.371188962E+00 
        50  6.312504876E-03 -6.312498823E-03  6.562000141E-03  1.363046529E+00 
        51  6.187504623E-03 -6.187498569E-03  6.562000141E-03  1.319442800E+00 
        52  6.062504835E-03 -6.062498782E-03  6.562000141E-03  1.242726176E+00 
        53  5.937504582E-03 -5.937498529E-03  6.562000141E-03  1.232614203E+00 
        54  5.812504794E-03 -5.812498741E-03  6.562000141E-03  1.387567821E+00 
        55  5.687505007E-03 -5.687498488E-03  6.562000141E-03  1.623662756E+00 
        56  5.562504753E-03 -5.562498700E-03  6.562000141E-03  1.862880291E+00 
        57  5.437504966E-03 -5.437498447E-03  6.562000141E-03  2.111014725E+00 
        58  5.312504712E-03 -5.312498659E-03  6.562000141E-03  2.187640366E+00 
        59  5.187504925E-03 -5.187498406E-03  6.562000141E-03  2.097609942E+00 
        60  5.062504672E-03 -5.062498618E-03  6.562000141E-03  2.128898322E+00 
        61  4.937504884E-03 -4.937498365E-03  6.562000141E-03  2.161991255E+00 
        62  4.812505096E-03 -4.812498577E-03  6.562000141E-03  2.096982189E+00 
        63  4.687504843E-03 -4.687498324E-03  6.562000141E-03  1.924449646E+00 
        64  4.562505055E-03 -4.562498536E-03  6.562000141E-03  1.621729341E+00 
        65  4.437504802E-03 -4.437498283E-03  6.562000141E-03  1.523931165E+00 
        66  4.312505014E-03 -4.312498495E-03  6.562000141E-03  1.618707426E+00 
        67  4.187504761E-03 -4.187498242E-03  6.562000141E-03  1.649986643E+00 
        68  4.062504973E-03 -4.062498454E-03  6.562000141E-03  1.626961681E+00 
        69  3.937504720E-03 -3.937498201E-03  6.562000141E-03  1.723864043E+00 
        70  3.812504932E-03 -3.812498180E-03  6.562000141E-03  1.720701841E+00 
        71  3.687504912E-03 -3.687498160E-03  6.562000141E-03  1.666153169E+00 
        72  3.562504891E-03 -3.562498139E-03  6.562000141E-03  1.647313317E+00 
        73  3.437504871E-03 -3.437498119E-03  6.562000141E-03  1.650866319E+00 
        74  3.312504850E-03 -3.312498098E-03  6.562000141E-03  1.588407976E+00 
        75  3.189918818E-03 -3.189915558E-03  6.562000141E-03  1.408402024E+00 
        76  3.123705974E-03 -3.123705974E-03  6.562000141E-03  1.460184264E+00 
        77  3.059382550E-03 -3.059382550E-03  6.562000606E-03  1.349623501E+00 
        78  2.975319512E-03 -2.975319512E-03  6.562000606E-03  1.330810873E+00 
        79  2.937293379E-03 -2.937293379E-03  6.562000606E-03  1.347988726E+00 
        80  2.915035933E-03 -2.915035933E-03  6.562000141E-03  1.378195033E+00 
        81  2.896548016E-03 -2.896548016E-03  6.562000606E-03  1.397706308E+00 
        82  2.881182823E-03 -2.881182823E-03  6.562000141E-03  1.409444295E+00 
        83  2.868407173E-03 -2.868407173E-03  6.561999675E-03  1.414457208E+00 
        84  2.857780783E-03 -2.857780783E-03  6.561999675E-03  1.418404281E+00 
        85  2.848939039E-03 -2.848939039E-03  6.562000141E-03  1.423980147E+00 
        86  2.841580659E-03 -2.841580659E-03  6.562000606E-03  1.432761500E+00 
        87  2.835455118E-03 -2.835455118E-03  6.562000141E-03  1.444153548E+00 
        88  2.830355195E-03 -2.830355195E-03  6.562000606E-03  1.457000626E+00 
        89  1.356250420E-02 -1.356249955E-02  6.562000141E-03  5.761167662E+00 
        90  1.368750352E-02 -1.368749980E-02  6.562000141E-03  5.851286604E+00 
        91  1.381250378E-02 -1.381249912E-02  6.562000141E-03  5.937742602E+00 
        92  1.393750403E-02 -1.393749937E-02  6.562000141E-03  6.015206824E+00 
        93  1.406250428E-02 -1.406249963E-02  6.562000141E-03  6.092804396E+00 
        94  1.418750361E-02 -1.418749988E-02  6.562000141E-03  6.177279490E+00 
        95  1.431250386E-02 -1.431249920E-02  6.562000141E-03  6.273826928E+00 
        96  1.443750411E-02 -1.443749946E-02  6.562000141E-03  6.367938320E+00 
        97  1.456250343E-02 -1.456249971E-02  6.562000141E-03  6.440933677E+00 
        98  1.468750369E-02 -1.468749996E-02  6.562000141E-03  6.479577469E+00 
        99  1.481250394E-02 -1.481249928E-02  6.562000141E-03  6.484882365E+00 
       100  1.493750419E-02 -1.493749954E-02  6.562000141E-03  6.486107019E+00 
       101  1.506250352E-02 -1.506249979E-02  6.562000141E-03  6.485249193E+00 
       102  1.518750377E-02 -1.518749911E-02  6.562000141E-03  6.474020449E+00 
       103  1.531250402E-02 -1.531249937E-02  6.562000141E-03  6.618867869E+00 
       104  1.543750335E-02 -1.543749962E-02  6.562000141E-03  6.817231288E+00 
       105  1.343750395E-02 -1.343749929E-02  6.562000141E-03  5.697981028E+00 
       106  1.331250370E-02 -1.331249904E-02  6.562000141E-03  5.673142178E+00 
       107  1.318750437E-02 -1.318749972E-02  6.562000141E-03  5.672948982E+00 
       108  1.306250412E-02 -1.306249946E-02  6.562000141E-03  5.672790335E+00 
       109  1.293750387E-02 -1.293749921E-02  6.562000141E-03  5.665759128E+00 
       110  1.281250361E-02 -1.281249896E-02  6.562000141E-03  5.645243201E+00 
       111  1.268750429E-02 -1.268749963E-02  6.562000141E-03  5.614608286E+00 
       112  1.256250404E-02 -1.256249938E-02  6.562000141E-03  5.576086979E+00 
       113  1.243750378E-02 -1.243749913E-02  6.562000141E-03  5.515742369E+00 
       114  1.231250446E-02 -1.231249887E-02  6.562000141E-03  5.406864414E+00 
       115  1.218750421E-02 -1.218749955E-02  6.562000141E-03  5.257296902E+00 
       116  1.206250396E-02 -1.206249930E-02  6.562000141E-03  5.078768345E+00 
       117  1.193750370E-02 -1.193749905E-02  6.562000141E-03  4.914949371E+00 
       118  1.181250438E-02 -1.181249879E-02  6.562000141E-03  4.821642123E+00 
       119  1.168750413E-02 -1.168749947E-02  6.562000141E-03  4.786482232E+00 
       120  1.156250387E-02 -1.156249922E-02  6.562000141E-03  4.781136504E+00 
       121  1.143750455E-02 -1.143749896E-02  6.562000141E-03  4.824773258E+00 
       122  1.131250430E-02 -1.131249871E-02  6.562000141E-03  4.892203205E+00 
       123  1.118750405E-02 -1.118749939E-02  6.562000141E-03  4.870566221E+00 
       124  1.106250379E-02 -1.106249914E-02  6.562000141E-03  4.739533032E+00 
       125  1.093750447E-02 -1.093749888E-02  6.562000141E-03  4.753600625E+00 
       126  1.081250422E-02 -1.081249956E-02  6.562000141E-03  4.467925948E+00 
       127  1.068750396E-02 -1.068749931E-02  6.562000141E-03  3.877936702E+00 
       128  1.056250464E-02 -1.056249905E-02  6.562000141E-03  3.479010354E+00 
       129  1.043750439E-02 -1.043749880E-02  6.562000141E-03  3.565547750E+00 
       130  1.031250414E-02 -1.031249948E-02  6.562000141E-03  3.680595128E+00 
       131  1.018750388E-02 -1.018749923E-02  6.562000141E-03  3.994459885E+00 
       132  1.006250456E-02 -1.006249897E-02  6.562000141E-03  4.646805795E+00 
       133  1.895486377E-02 -1.895486377E-02  6.562000606E-03  7.262193283E+00 
       134  1.889866963E-02 -1.889866963E-02  6.562000606E-03  7.115790352E+00 
       135  1.880285516E-02 -1.880285330E-02  6.562000141E-03  7.027888423E+00 
       136  1.868750341E-02 -1.868749969E-02  6.562000141E-03  6.991354623E+00 
       137  1.856250316E-02 -1.856249943E-02  6.562000141E-03  7.030376574E+00 
       138  1.843750291E-02 -1.843749918E-02  6.562000141E-03  6.985316488E+00 
       139  1.831250265E-02 -1.831249893E-02  6.562000141E-03  6.863797469E+00 
       140  1.818750240E-02 -1.818750054E-02  6.562000141E-03  6.898465414E+00 
       141  1.806250401E-02 -1.806250028E-02  6.562000141E-03  7.051807942E+00 
       142  2.016607299E-02 -2.016607299E-02  6.562000141E-03  7.292575558E+00 
       143  2.002207376E-02 -2.002207376E-02  6.562000141E-03  7.472436232E+00 
       144  1.995007321E-02 -1.995007321E-02  6.562000141E-03  7.430623911E+00 
       145  1.987807266E-02 -1.987807266E-02  6.562000141E-03  7.172712621E+00 
       146  1.980607398E-02 -1.980607398E-02  6.562000141E-03  7.031278709E+00 
       147  1.973407343E-02 -1.973407343E-02  6.562000141E-03  6.863016090E+00 
       148  1.966207288E-02 -1.966207288E-02  6.562000141E-03  6.796034276E+00 
       149  1.959007420E-02 -1.959007420E-02  6.562000141E-03  6.765193588E+00 
       150  1.951807365E-02 -1.951807365E-02  6.562000141E-03  6.763894096E+00 
       151  1.944607310E-02 -1.944607310E-02  6.562000141E-03  6.787498416E+00 
       152  1.937407255E-02 -1.937407255E-02  6.562000141E-03  6.834928380E+00 
       153  1.930207387E-02 -1.930207387E-02  6.562000141E-03  6.975383396E+00 
       154  1.923859492E-02 -1.923859492E-02  6.561999675E-03  7.035513888E+00 
       155  1.914011873E-02 -1.914011873E-02  6.562000141E-03  7.153376482E+00 
       156  1.905349456E-02 -1.905349456E-02  6.562000606E-03  7.179257695E+00 
       157  1.899245940E-02 -1.899245940E-02  6.562000606E-03  7.241456252E+00 
       158  2.009407431E-02 -2.009407431E-02  6.562000141E-03  7.585425335E+00 
       159  2.023807354E-02 -2.023807354E-02  6.562000141E-03  7.174066854E+00 
       160  2.031007409E-02 -2.031007409E-02  6.562000141E-03  6.894183846E+00 
       161  2.038207278E-02 -2.038207278E-02  6.562000141E-03  6.698767715E+00 
       162  2.045407332E-02 -2.045407332E-02  6.562000141E-03  6.605130456E+00 
       163  2.052607387E-02 -2.052607387E-02  6.562000141E-03  6.380924045E+00 
       164  2.059807442E-02 -2.059807442E-02  6.562000141E-03  6.458392450E+00 
       165  2.067007311E-02 -2.067007311E-02  6.562000141E-03  6.513431232E+00 
       166  2.074207366E-02 -2.074207366E-02  6.562000141E-03  6.815136792E+00 
       167  2.081407234E-02 -2.081407234E-02  6.562000141E-03  6.892668210E+00 
       168  2.088592015E-02 -2.088592015E-02  6.562000141E-03  7.199165485E+00 
       169  2.093681321E-02 -2.093681321E-02  6.562000606E-03  7.288954492E+00 
       170  2.101956122E-02 -2.101956122E-02  6.562000606E-03  7.311674564E+00 
       171  2.107902244E-02 -2.107902244E-02  6.562000606E-03  7.299384919E+00 
       172  2.110386454E-02 -2.110386454E-02  6.562000606E-03  7.167057895E+00 
       173  2.112595551E-02 -2.112595551E-02  6.562000606E-03  7.069484877E+00 
       174  2.114437334E-02 -2.114437334E-02  6.562000606E-03  6.790683145E+00 
       175  2.115972713E-02 -2.115972713E-02  6.562000606E-03  6.091785596E+00 
       176  2.117252536E-02 -2.117252536E-02  6.562000141E-03  4.969485632E+00 
       177  2.118319459E-02 -2.118319459E-02  6.562000141E-03  3.735487746E+00 
       178  2.119208500E-02 -2.119208500E-02  6.562000141E-03  2.615478579E+00 
       179  2.119949646E-02 -2.119949646E-02  6.562000141E-03  1.680453840E+00 
       180  2.120567486E-02 -2.120567486E-02  6.562000141E-03  9.222404138E-01 
       181  2.121082321E-02 -2.121082321E-02  6.562000141E-03  3.043882777E-01 
