cellnumber     x-coordinate     y-coordinate     z-coordinate velocity-magnitude 
         1  2.830280224E-03 -2.830280224E-03  6.562000141E-03  1.479577890E+00 
         2  2.835373627E-03 -2.835373627E-03  6.562000606E-03  1.506250811E+00 
         3  2.841493115E-03 -2.841493115E-03  6.562000606E-03  1.533675732E+00 
         4  2.848849166E-03 -2.848849166E-03  6.562000606E-03  1.560763808E+00 
         5  2.857688349E-03 -2.857688349E-03  6.562000141E-03  1.585952782E+00 
         6  2.868303098E-03 -2.868303098E-03  6.562000606E-03  1.608056255E+00 
         7  2.881055698E-03 -2.881055698E-03  6.562000606E-03  1.624709942E+00 
         8  2.896386897E-03 -2.896386897E-03  6.562000606E-03  1.637749747E+00 
         9  2.914825454E-03 -2.914825454E-03  6.562000141E-03  1.641301891E+00 
        10  2.937011421E-03 -2.937011421E-03  6.562000606E-03  1.661894420E+00 
        11  2.967901761E-03 -2.967901761E-03  6.562000606E-03  1.684782973E+00 
        12  3.022594145E-03 -3.022594145E-03  6.562000141E-03  1.768431832E+00 
        13  3.099788679E-03 -3.099788679E-03  6.562000141E-03  1.948031232E+00 
        14  3.195532598E-03 -3.195534460E-03  6.562000606E-03  1.910540734E+00 
        15  3.312501824E-03 -3.312505549E-03  6.562000141E-03  1.965123377E+00 
        16  3.437501844E-03 -3.437505569E-03  6.562000141E-03  1.900781580E+00 
        17  3.562501865E-03 -3.562505590E-03  6.562000141E-03  1.814493362E+00 
        18  3.687501885E-03 -3.687505610E-03  6.562000141E-03  1.671401354E+00 
        19  3.812501673E-03 -3.812505631E-03  6.562000141E-03  1.334437978E+00 
        20  3.937501926E-03 -3.937505651E-03  6.562000141E-03  1.023753392E+00 
        21  4.062501714E-03 -4.062505905E-03  6.562000141E-03  9.414632568E-01 
        22  4.187501967E-03 -4.187505692E-03  6.562000141E-03  1.125638673E+00 
        23  4.312501755E-03 -4.312505946E-03  6.562000141E-03  1.512761325E+00 
        24  4.437502008E-03 -4.437505733E-03  6.562000141E-03  2.013718141E+00 
        25  4.562501796E-03 -4.562505987E-03  6.562000141E-03  2.313740655E+00 
        26  4.687501583E-03 -4.687505774E-03  6.562000141E-03  2.300368915E+00 
        27  4.812501837E-03 -4.812506028E-03  6.562000141E-03  2.174043592E+00 
        28  4.937501624E-03 -4.937505815E-03  6.562000141E-03  2.166746158E+00 
        29  5.062501878E-03 -5.062506068E-03  6.562000141E-03  2.069214880E+00 
        30  5.187501665E-03 -5.187505856E-03  6.562000141E-03  1.584525932E+00 
        31  9.812501259E-03 -9.812505916E-03  6.562000141E-03  3.362351160E+00 
        32  9.937501512E-03 -9.937506169E-03  6.562000141E-03  3.393036248E+00 
        33  1.006250177E-02 -1.006250642E-02  6.562000141E-03  3.393403257E+00 
        34  1.018750109E-02 -1.018750668E-02  6.562000141E-03  3.480934211E+00 
        35  1.031250134E-02 -1.031250600E-02  6.562000141E-03  3.648796804E+00 
        36  1.043750159E-02 -1.043750625E-02  6.562000141E-03  3.828463975E+00 
        37  1.056250092E-02 -1.056250650E-02  6.562000141E-03  3.968660829E+00 
        38  1.068750117E-02 -1.068750676E-02  6.562000141E-03  4.112445703E+00 
        39  1.081250142E-02 -1.081250608E-02  6.562000141E-03  4.334670872E+00 
        40  1.093750168E-02 -1.093750633E-02  6.562000141E-03  4.595197897E+00 
        41  1.106250100E-02 -1.106250659E-02  6.562000141E-03  4.807033125E+00 
        42  1.118750125E-02 -1.118750684E-02  6.562000141E-03  4.965190828E+00 
        43  1.131250151E-02 -1.131250616E-02  6.562000141E-03  5.055996960E+00 
        44  1.143750083E-02 -1.143750641E-02  6.562000141E-03  5.104747819E+00 
        45  1.156250108E-02 -1.156250667E-02  6.562000141E-03  5.133839249E+00 
        46  1.168750133E-02 -1.168750692E-02  6.562000141E-03  5.152317748E+00 
        47  1.181250159E-02 -1.181250624E-02  6.562000141E-03  5.159009429E+00 
        48  1.193750091E-02 -1.193750650E-02  6.562000141E-03  5.135466702E+00 
        49  1.206250116E-02 -1.206250675E-02  6.562000141E-03  5.109156714E+00 
        50  1.218750142E-02 -1.218750700E-02  6.562000141E-03  5.080217402E+00 
        51  1.231250074E-02 -1.231250633E-02  6.562000141E-03  5.070207842E+00 
        52  1.243750099E-02 -1.243750658E-02  6.562000141E-03  5.051107145E+00 
        53  1.256250124E-02 -1.256250683E-02  6.562000141E-03  5.037833779E+00 
        54  1.268750150E-02 -1.268750709E-02  6.562000141E-03  5.061804913E+00 
        55  1.281250082E-02 -1.281250641E-02  6.562000141E-03  5.148870103E+00 
        56  1.293750107E-02 -1.293750666E-02  6.562000141E-03  5.250431215E+00 
        57  1.306250133E-02 -1.306250691E-02  6.562000141E-03  5.257907686E+00 
        58  1.318750065E-02 -1.318750624E-02  6.562000141E-03  5.238785651E+00 
        59  1.331250090E-02 -1.331250649E-02  6.562000141E-03  5.260159654E+00 
        60  1.343750115E-02 -1.343750674E-02  6.562000141E-03  5.321648896E+00 
        61  1.356250141E-02 -1.356250700E-02  6.562000141E-03  5.471178817E+00 
        62  1.368750073E-02 -1.368750632E-02  6.562000141E-03  5.659529184E+00 
        63  1.381250098E-02 -1.381250657E-02  6.562000141E-03  5.840683623E+00 
        64  1.393750124E-02 -1.393750682E-02  6.562000141E-03  5.983990256E+00 
        65  9.687501006E-03 -9.687506594E-03  6.562000141E-03  3.234253366E+00 
        66  9.562501684E-03 -9.562506340E-03  6.562000141E-03  3.253026736E+00 
        67  9.437501431E-03 -9.437506087E-03  6.562000141E-03  3.350463056E+00 
        68  9.312501177E-03 -9.312506765E-03  6.562000141E-03  3.350407825E+00 
        69  9.187501855E-03 -9.187506512E-03  6.562000141E-03  3.763141691E+00 
        70  9.062501602E-03 -9.062506258E-03  6.562000141E-03  4.026448113E+00 
        71  8.937501349E-03 -8.937506005E-03  6.562000141E-03  4.092094582E+00 
        72  8.812501095E-03 -8.812506683E-03  6.562000141E-03  3.985264564E+00 
        73  8.687501773E-03 -8.687506430E-03  6.562000141E-03  3.735759655E+00 
        74  8.562501520E-03 -8.562506177E-03  6.562000141E-03  3.585211635E+00 
        75  8.437501267E-03 -8.437505923E-03  6.562000141E-03  3.356253508E+00 
        76  8.312501945E-03 -8.312506601E-03  6.562000141E-03  3.237024143E+00 
        77  8.187501691E-03 -8.187506348E-03  6.562000141E-03  2.977284877E+00 
        78  8.062501438E-03 -8.062506095E-03  6.562000141E-03  2.072346558E+00 
        79  7.937501185E-03 -7.937505841E-03  6.562000141E-03  7.584024709E-01 
        80  7.812500931E-03 -7.812505588E-03  6.562000141E-03  6.605206205E-01 
        81  7.687501609E-03 -7.687506266E-03  6.562000141E-03  5.719103962E-01 
        82  7.562501356E-03 -7.562506013E-03  6.562000141E-03  4.056126774E-01 
        83  7.437501568E-03 -7.437506225E-03  6.562000141E-03  2.411768570E-01 
        84  7.312501781E-03 -7.312505972E-03  6.562000141E-03  4.494570522E-01 
        85  7.187501527E-03 -7.187506184E-03  6.562000141E-03  7.955986716E-01 
        86  7.062501740E-03 -7.062505931E-03  6.562000141E-03  1.114844907E+00 
        87  6.937501486E-03 -6.937506143E-03  6.562000141E-03  1.190026683E+00 
        88  6.812501699E-03 -6.812505890E-03  6.562000141E-03  1.319562449E+00 
        89  6.687501445E-03 -6.687506102E-03  6.562000141E-03  1.731578270E+00 
        90  6.562501658E-03 -6.562505849E-03  6.562000141E-03  1.787529476E+00 
        91  6.437501870E-03 -6.437506061E-03  6.562000141E-03  1.580567458E+00 
        92  6.312501617E-03 -6.312505808E-03  6.562000141E-03  1.357337013E+00 
        93  6.187501829E-03 -6.187506020E-03  6.562000141E-03  1.205930560E+00 
        94  6.062501576E-03 -6.062505767E-03  6.562000141E-03  1.112441900E+00 
        95  5.937501788E-03 -5.937505979E-03  6.562000141E-03  1.054172112E+00 
        96  5.812501535E-03 -5.812505726E-03  6.562000141E-03  1.012259005E+00 
        97  5.687501747E-03 -5.687505938E-03  6.562000141E-03  1.014056471E+00 
        98  5.562501494E-03 -5.562506150E-03  6.562000141E-03  9.886076325E-01 
        99  5.437501706E-03 -5.437505897E-03  6.562000141E-03  1.065538036E+00 
       100  5.312501919E-03 -5.312506109E-03  6.562000141E-03  1.185231544E+00 
       101  1.631250046E-02 -1.631250605E-02  6.562000141E-03  7.697402179E+00 
       102  1.618750021E-02 -1.618750580E-02  6.562000141E-03  7.628403269E+00 
       103  1.606249996E-02 -1.606250741E-02  6.562000141E-03  7.465479532E+00 
       104  1.593749970E-02 -1.593750715E-02  6.562000141E-03  7.254353622E+00 
       105  1.581250131E-02 -1.581250690E-02  6.562000141E-03  7.054883762E+00 
       106  1.568750106E-02 -1.568750665E-02  6.562000141E-03  6.891588407E+00 
       107  1.556250080E-02 -1.556250732E-02  6.562000141E-03  6.760328869E+00 
       108  1.543750055E-02 -1.543750707E-02  6.562000141E-03  6.657747962E+00 
       109  1.531250123E-02 -1.531250682E-02  6.562000141E-03  6.607459749E+00 
       110  1.518750098E-02 -1.518750656E-02  6.562000141E-03  6.582267730E+00 
       111  1.506250072E-02 -1.506250724E-02  6.562000141E-03  6.555745073E+00 
       112  1.493750047E-02 -1.493750699E-02  6.562000141E-03  6.512362206E+00 
       113  1.481250115E-02 -1.481250674E-02  6.562000141E-03  6.468684558E+00 
       114  1.468750089E-02 -1.468750648E-02  6.562000141E-03  6.416323013E+00 
       115  1.456250064E-02 -1.456250716E-02  6.562000141E-03  6.338213902E+00 
       116  1.443750132E-02 -1.443750691E-02  6.562000141E-03  6.287424066E+00 
       117  1.431250107E-02 -1.431250665E-02  6.562000141E-03  6.264373204E+00 
       118  1.418750081E-02 -1.418750640E-02  6.562000141E-03  6.197502699E+00 
       119  1.406250056E-02 -1.406250708E-02  6.562000141E-03  6.107086818E+00 
       120  1.643750072E-02 -1.643750630E-02  6.562000141E-03  7.662487758E+00 
       121  1.656250097E-02 -1.656250656E-02  6.562000141E-03  7.515528375E+00 
       122  1.668750122E-02 -1.668750681E-02  6.562000141E-03  7.360206072E+00 
       123  1.681249961E-02 -1.681250706E-02  6.562000141E-03  7.274561567E+00 
       124  1.693749987E-02 -1.693750732E-02  6.562000141E-03  7.251740560E+00 
       125  1.706250012E-02 -1.706250757E-02  6.562000141E-03  7.281939665E+00 
       126  1.718750037E-02 -1.718750596E-02  6.562000141E-03  7.333840169E+00 
       127  1.731250063E-02 -1.731250621E-02  6.562000141E-03  7.365026848E+00 
       128  1.743750088E-02 -1.743750647E-02  6.562000141E-03  7.382543013E+00 
       129  1.756250113E-02 -1.756250672E-02  6.562000141E-03  7.391879959E+00 
       130  1.768749952E-02 -1.768750697E-02  6.562000141E-03  7.401685136E+00 
       131  1.781249978E-02 -1.781250723E-02  6.562000141E-03  7.457618594E+00 
       132  1.793750003E-02 -1.793750748E-02  6.562000141E-03  7.558861070E+00 
       133  1.806250028E-02 -1.806250773E-02  6.562000141E-03  7.663340409E+00 
       134  1.818750054E-02 -1.818750612E-02  6.562000141E-03  7.756855845E+00 
       135  1.831250079E-02 -1.831250638E-02  6.562000141E-03  7.951224056E+00 
       136  1.843750104E-02 -1.843750663E-02  6.562000141E-03  8.003167306E+00 
       137  1.856249943E-02 -1.856250688E-02  6.562000141E-03  7.805781530E+00 
       138  1.868749969E-02 -1.868750714E-02  6.562000141E-03  7.683406538E+00 
       139  1.880351081E-02 -1.880351454E-02  6.562000141E-03  7.582265623E+00 
       140  1.890108548E-02 -1.890108548E-02  6.562000141E-03  7.830566341E+00 
       141  1.895662583E-02 -1.895662583E-02  6.562000141E-03  7.851832291E+00 
       142  1.899245940E-02 -1.899245940E-02  6.562000606E-03  8.142508648E+00 
       143  1.905349456E-02 -1.905349456E-02  6.562000606E-03  8.195526566E+00 
       144  1.914011873E-02 -1.914011873E-02  6.562000141E-03  8.338315067E+00 
       145  1.923859492E-02 -1.923859492E-02  6.562000141E-03  8.363501866E+00 
       146  1.930207387E-02 -1.930207387E-02  6.562000141E-03  8.408788598E+00 
       147  1.937407255E-02 -1.937407255E-02  6.562000141E-03  8.393292903E+00 
       148  1.944607310E-02 -1.944607310E-02  6.562000141E-03  8.275773451E+00 
       149  1.951807365E-02 -1.951807365E-02  6.562000141E-03  8.197318737E+00 
       150  1.959007420E-02 -1.959007420E-02  6.562000141E-03  8.009909557E+00 
       151  1.966207288E-02 -1.966207288E-02  6.562000141E-03  7.875216073E+00 
       152  1.973407343E-02 -1.973407343E-02  6.562000141E-03  7.586688388E+00 
       153  1.980607398E-02 -1.980607398E-02  6.562000141E-03  7.422566044E+00 
       154  1.987807453E-02 -1.987807453E-02  6.562000141E-03  7.252022997E+00 
       155  1.995007321E-02 -1.995007321E-02  6.562000141E-03  7.247124195E+00 
       156  2.121082321E-02 -2.121082321E-02  6.562000141E-03  2.905003388E-01 
       157  2.120567486E-02 -2.120567486E-02  6.562000141E-03  8.576377010E-01 
       158  2.119949646E-02 -2.119949646E-02  6.562000141E-03  1.509364967E+00 
       159  2.119208500E-02 -2.119208500E-02  6.562000141E-03  2.246482842E+00 
       160  2.118319459E-02 -2.118319459E-02  6.562000141E-03  3.056136974E+00 
       161  2.117252536E-02 -2.117252536E-02  6.562000141E-03  3.911520357E+00 
       162  2.115972713E-02 -2.115972713E-02  6.562000606E-03  4.775418133E+00 
       163  2.114437334E-02 -2.114437334E-02  6.562000606E-03  5.621152350E+00 
       164  2.112595551E-02 -2.112595551E-02  6.562000606E-03  6.391725540E+00 
       165  2.110386454E-02 -2.110386454E-02  6.562000606E-03  6.976434393E+00 
       166  2.107902244E-02 -2.107902244E-02  6.562000606E-03  7.177673863E+00 
       167  2.101956122E-02 -2.101956122E-02  6.562000606E-03  7.100026887E+00 
       168  2.093681321E-02 -2.093681321E-02  6.562000606E-03  6.856303507E+00 
       169  2.088592015E-02 -2.088592015E-02  6.562000141E-03  6.649648727E+00 
       170  2.081407420E-02 -2.081407420E-02  6.562000141E-03  6.524979776E+00 
       171  2.074207366E-02 -2.074207366E-02  6.562000141E-03  6.928153140E+00 
       172  2.067007311E-02 -2.067007311E-02  6.562000141E-03  7.114871512E+00 
       173  2.059807256E-02 -2.059807256E-02  6.562000141E-03  7.416937006E+00 
       174  2.052607387E-02 -2.052607387E-02  6.562000141E-03  7.372407506E+00 
       175  2.045407332E-02 -2.045407332E-02  6.562000141E-03  7.270250020E+00 
       176  2.038207278E-02 -2.038207278E-02  6.562000141E-03  7.105293041E+00 
       177  2.031007409E-02 -2.031007409E-02  6.562000141E-03  7.212822501E+00 
       178  2.023807354E-02 -2.023807354E-02  6.562000141E-03  7.283296622E+00 
       179  2.016607299E-02 -2.016607299E-02  6.562000141E-03  7.392220764E+00 
       180  2.009407431E-02 -2.009407431E-02  6.562000141E-03  7.354893330E+00 
       181  2.002207376E-02 -2.002207376E-02  6.562000141E-03  7.342316242E+00 
