cellnumber     x-coordinate     y-coordinate     z-coordinate velocity-magnitude 
         1  1.944607310E-02 -1.944607310E-02  6.562000141E-03  6.851991282E+00 
         2  1.951807365E-02 -1.951807365E-02  6.562000141E-03  6.909015153E+00 
         3  1.959007420E-02 -1.959007420E-02  6.562000141E-03  6.782124808E+00 
         4  1.966207288E-02 -1.966207288E-02  6.562000141E-03  6.854770313E+00 
         5  1.973407343E-02 -1.973407343E-02  6.562000141E-03  6.785035565E+00 
         6  1.980607398E-02 -1.980607398E-02  6.562000141E-03  6.829522657E+00 
         7  1.987807266E-02 -1.987807266E-02  6.562000141E-03  6.803907614E+00 
         8  1.995007321E-02 -1.995007321E-02  6.562000141E-03  6.803292901E+00 
         9  2.002207376E-02 -2.002207376E-02  6.562000141E-03  6.737275372E+00 
        10  2.009407431E-02 -2.009407431E-02  6.562000141E-03  6.656264284E+00 
        11  2.016607299E-02 -2.016607299E-02  6.562000141E-03  6.665720890E+00 
        12  2.023807354E-02 -2.023807354E-02  6.562000141E-03  6.577931725E+00 
        13  2.031007409E-02 -2.031007409E-02  6.562000141E-03  6.655126377E+00 
        14  2.038207278E-02 -2.038207278E-02  6.562000141E-03  6.565939936E+00 
        15  2.045407332E-02 -2.045407332E-02  6.562000141E-03  6.616596493E+00 
        16  2.052607387E-02 -2.052607387E-02  6.562000141E-03  6.518474122E+00 
        17  2.059807442E-02 -2.059807442E-02  6.562000141E-03  6.415882700E+00 
        18  2.067007311E-02 -2.067007311E-02  6.562000141E-03  6.346945873E+00 
        19  2.074207366E-02 -2.074207366E-02  6.562000141E-03  6.284044279E+00 
        20  2.081407420E-02 -2.081407420E-02  6.562000141E-03  6.325149956E+00 
        21  2.088592015E-02 -2.088592015E-02  6.562000141E-03  6.407120078E+00 
        22  2.093681321E-02 -2.093681321E-02  6.562000606E-03  6.495065365E+00 
        23  2.101956122E-02 -2.101956122E-02  6.562000606E-03  6.398939043E+00 
        24  2.107902244E-02 -2.107902244E-02  6.562000606E-03  6.258555297E+00 
        25  2.110386454E-02 -2.110386454E-02  6.562000606E-03  6.228242857E+00 
        26  2.112595551E-02 -2.112595551E-02  6.562000606E-03  6.191008742E+00 
        27  2.114437334E-02 -2.114437334E-02  6.562000606E-03  6.031224064E+00 
        28  2.115972713E-02 -2.115972713E-02  6.562000606E-03  5.607273999E+00 
        29  2.117252536E-02 -2.117252536E-02  6.562000141E-03  4.753490554E+00 
        30  2.118319459E-02 -2.118319459E-02  6.562000141E-03  3.726999202E+00 
        31  2.119208500E-02 -2.119208500E-02  6.562000141E-03  2.711416326E+00 
        32  2.119949646E-02 -2.119949646E-02  6.562000141E-03  1.795964822E+00 
        33  2.120567486E-02 -2.120567486E-02  6.562000141E-03  1.007321345E+00 
        34  2.121082321E-02 -2.121082321E-02  6.562000141E-03  3.378523083E-01 
        35  4.062501714E-03 -4.062505905E-03  6.562000141E-03  9.839091088E-01 
        36  4.187501967E-03 -4.187505692E-03  6.562000141E-03  7.550530631E-01 
        37  4.312501755E-03 -4.312505946E-03  6.562000141E-03  7.621480251E-01 
        38  4.437502008E-03 -4.437505733E-03  6.562000141E-03  9.057203193E-01 
        39  4.562501796E-03 -4.562505987E-03  6.562000141E-03  9.134642243E-01 
        40  4.687502049E-03 -4.687505774E-03  6.562000141E-03  6.694841754E-01 
        41  4.812501837E-03 -4.812506028E-03  6.562000141E-03  4.997543377E-01 
        42  4.937501624E-03 -4.937505815E-03  6.562000141E-03  4.191185512E-01 
        43  5.062501878E-03 -5.062506068E-03  6.562000141E-03  4.004512364E-01 
        44  5.187501665E-03 -5.187505856E-03  6.562000141E-03  5.152258046E-01 
        45  5.312501919E-03 -5.312505644E-03  6.562000141E-03  6.952127062E-01 
        46  5.437501706E-03 -5.437505897E-03  6.562000141E-03  9.098728242E-01 
        47  5.562501960E-03 -5.562505685E-03  6.562000141E-03  1.099241091E+00 
        48  5.687501747E-03 -5.687505938E-03  6.562000141E-03  1.211539870E+00 
        49  5.812501535E-03 -5.812505726E-03  6.562000141E-03  1.278282187E+00 
        50  5.937501788E-03 -5.937505979E-03  6.562000141E-03  1.354342512E+00 
        51  6.062501576E-03 -6.062505767E-03  6.562000141E-03  1.479839016E+00 
        52  6.187501829E-03 -6.187506020E-03  6.562000141E-03  1.576543073E+00 
        53  1.143750083E-02 -1.143750641E-02  6.562000141E-03  5.086709697E+00 
        54  1.156250108E-02 -1.156250667E-02  6.562000141E-03  5.395923712E+00 
        55  1.168750133E-02 -1.168750599E-02  6.562000141E-03  5.437937708E+00 
        56  1.181250159E-02 -1.181250624E-02  6.562000141E-03  5.305990653E+00 
        57  1.193750091E-02 -1.193750650E-02  6.562000141E-03  5.268694931E+00 
        58  1.206250116E-02 -1.206250675E-02  6.562000141E-03  5.144702989E+00 
        59  1.218750142E-02 -1.218750607E-02  6.562000141E-03  5.056311097E+00 
        60  1.231250074E-02 -1.231250633E-02  6.562000141E-03  5.033112714E+00 
        61  1.243750099E-02 -1.243750658E-02  6.562000141E-03  5.018715658E+00 
        62  1.256250124E-02 -1.256250683E-02  6.562000141E-03  5.032496815E+00 
        63  1.268750150E-02 -1.268750615E-02  6.562000141E-03  5.046454652E+00 
        64  1.281250082E-02 -1.281250641E-02  6.562000141E-03  5.105256152E+00 
        65  1.293750107E-02 -1.293750666E-02  6.562000141E-03  5.201750957E+00 
        66  1.306250133E-02 -1.306250691E-02  6.562000141E-03  5.260958801E+00 
        67  1.318750065E-02 -1.318750624E-02  6.562000141E-03  5.353035059E+00 
        68  1.331250090E-02 -1.331250649E-02  6.562000141E-03  5.335926300E+00 
        69  1.343750115E-02 -1.343750674E-02  6.562000141E-03  5.253856612E+00 
        70  1.356250141E-02 -1.356250700E-02  6.562000141E-03  5.314304962E+00 
        71  1.368750073E-02 -1.368750632E-02  6.562000141E-03  5.490734849E+00 
        72  1.381250098E-02 -1.381250657E-02  6.562000141E-03  5.620704157E+00 
        73  1.393750124E-02 -1.393750682E-02  6.562000141E-03  5.695853445E+00 
        74  1.406250149E-02 -1.406250708E-02  6.562000141E-03  5.819686798E+00 
        75  1.418750081E-02 -1.418750640E-02  6.562000141E-03  5.879943625E+00 
        76  1.431250107E-02 -1.431250665E-02  6.562000141E-03  5.695067315E+00 
        77  1.443750132E-02 -1.443750691E-02  6.562000141E-03  5.514059833E+00 
        78  1.456250064E-02 -1.456250716E-02  6.562000141E-03  5.600831072E+00 
        79  1.468750089E-02 -1.468750648E-02  6.562000141E-03  5.793826034E+00 
        80  1.481250115E-02 -1.481250674E-02  6.562000141E-03  5.936808907E+00 
        81  1.493750140E-02 -1.493750699E-02  6.562000141E-03  6.041375533E+00 
        82  1.506250072E-02 -1.506250631E-02  6.562000141E-03  6.107575873E+00 
        83  1.518750098E-02 -1.518750656E-02  6.562000141E-03  6.180774586E+00 
        84  1.531250123E-02 -1.531250682E-02  6.562000141E-03  6.301576680E+00 
        85  1.543750055E-02 -1.543750707E-02  6.562000141E-03  6.440625513E+00 
        86  1.556250080E-02 -1.556250639E-02  6.562000141E-03  6.615659317E+00 
        87  1.568750106E-02 -1.568750665E-02  6.562000141E-03  6.813363884E+00 
        88  1.581250131E-02 -1.581250690E-02  6.562000141E-03  6.999458633E+00 
        89  1.593749970E-02 -1.593750715E-02  6.562000141E-03  7.131714062E+00 
        90  1.606249996E-02 -1.606250741E-02  6.562000141E-03  7.242016494E+00 
        91  1.618750021E-02 -1.618750580E-02  6.562000141E-03  7.334789311E+00 
        92  1.631250046E-02 -1.631250605E-02  6.562000141E-03  7.411251983E+00 
        93  1.643750072E-02 -1.643750630E-02  6.562000141E-03  7.504735101E+00 
        94  1.781249978E-02 -1.781250723E-02  6.562000141E-03  7.674806646E+00 
        95  1.768749952E-02 -1.768750697E-02  6.562000141E-03  7.720983872E+00 
        96  1.756250113E-02 -1.756250672E-02  6.562000141E-03  7.747053720E+00 
        97  1.743750088E-02 -1.743750647E-02  6.562000141E-03  7.738212516E+00 
        98  1.731250063E-02 -1.731250621E-02  6.562000141E-03  7.725176445E+00 
        99  1.718750037E-02 -1.718750596E-02  6.562000141E-03  7.792376977E+00 
       100  1.706250012E-02 -1.706250757E-02  6.562000141E-03  7.807863648E+00 
       101  1.693749987E-02 -1.693750732E-02  6.562000141E-03  7.774444225E+00 
       102  1.681249961E-02 -1.681250706E-02  6.562000141E-03  7.585848157E+00 
       103  1.668750122E-02 -1.668750681E-02  6.562000141E-03  7.572178754E+00 
       104  1.656250097E-02 -1.656250656E-02  6.562000141E-03  7.573742401E+00 
       105  1.831250079E-02 -1.831250638E-02  6.562000141E-03  7.288067404E+00 
       106  1.818750054E-02 -1.818750612E-02  6.562000141E-03  7.393964234E+00 
       107  1.806250028E-02 -1.806250587E-02  6.562000141E-03  7.474873636E+00 
       108  1.793750003E-02 -1.793750748E-02  6.562000141E-03  7.585716500E+00 
       109  1.131250151E-02 -1.131250616E-02  6.562000141E-03  4.558756062E+00 
       110  1.118750125E-02 -1.118750684E-02  6.562000141E-03  4.130752810E+00 
       111  1.106250100E-02 -1.106250659E-02  6.562000141E-03  4.139929584E+00 
       112  1.093750168E-02 -1.093750633E-02  6.562000141E-03  4.463892058E+00 
       113  1.081250142E-02 -1.081250608E-02  6.562000141E-03  4.465601846E+00 
       114  1.068750117E-02 -1.068750676E-02  6.562000141E-03  4.165717612E+00 
       115  1.056250092E-02 -1.056250650E-02  6.562000141E-03  4.143586813E+00 
       116  1.043750159E-02 -1.043750625E-02  6.562000141E-03  4.360402038E+00 
       117  6.312501617E-03 -6.312505808E-03  6.562000141E-03  1.609866358E+00 
       118  6.437501870E-03 -6.437506061E-03  6.562000141E-03  1.692923264E+00 
       119  6.562501658E-03 -6.562505849E-03  6.562000141E-03  1.741741032E+00 
       120  6.687501445E-03 -6.687506102E-03  6.562000141E-03  1.794213248E+00 
       121  6.812501699E-03 -6.812505890E-03  6.562000141E-03  1.841552189E+00 
       122  6.937501486E-03 -6.937506143E-03  6.562000141E-03  1.877668855E+00 
       123  7.062501740E-03 -7.062505931E-03  6.562000141E-03  1.850590154E+00 
       124  7.187501527E-03 -7.187506184E-03  6.562000141E-03  1.911882736E+00 
       125  7.312501781E-03 -7.312505972E-03  6.562000141E-03  2.039600512E+00 
       126  7.437501568E-03 -7.437506225E-03  6.562000141E-03  2.158815567E+00 
       127  7.562501356E-03 -7.562506013E-03  6.562000141E-03  2.192790322E+00 
       128  7.687501609E-03 -7.687506266E-03  6.562000141E-03  2.247798576E+00 
       129  7.812500931E-03 -7.812505588E-03  6.562000141E-03  2.267388040E+00 
       130  7.937501185E-03 -7.937505841E-03  6.562000141E-03  2.232964436E+00 
       131  8.062501438E-03 -8.062506095E-03  6.562000141E-03  2.332272707E+00 
       132  8.187501691E-03 -8.187506348E-03  6.562000141E-03  2.352193541E+00 
       133  8.312501945E-03 -8.312506601E-03  6.562000141E-03  2.350486795E+00 
       134  8.437501267E-03 -8.437505923E-03  6.562000141E-03  2.462713980E+00 
       135  8.562501520E-03 -8.562506177E-03  6.562000141E-03  2.527701048E+00 
       136  8.687501773E-03 -8.687506430E-03  6.562000141E-03  2.434972170E+00 
       137  8.812501095E-03 -8.812505752E-03  6.562000141E-03  2.346837443E+00 
       138  8.937501349E-03 -8.937506005E-03  6.562000141E-03  2.557865655E+00 
       139  9.062501602E-03 -9.062506258E-03  6.562000141E-03  2.921755628E+00 
       140  9.187501855E-03 -9.187506512E-03  6.562000141E-03  2.334841160E+00 
       141  9.312501177E-03 -9.312505834E-03  6.562000141E-03  1.959905650E+00 
       142  9.437501431E-03 -9.437506087E-03  6.562000141E-03  2.657425220E+00 
       143  9.562501684E-03 -9.562506340E-03  6.562000141E-03  3.331626474E+00 
       144  9.687501006E-03 -9.687506594E-03  6.562000141E-03  3.573928837E+00 
       145  9.812501259E-03 -9.812505916E-03  6.562000141E-03  3.794830397E+00 
       146  9.937501512E-03 -9.937506169E-03  6.562000141E-03  4.083387545E+00 
       147  1.006250177E-02 -1.006250642E-02  6.562000141E-03  4.459197260E+00 
       148  1.018750109E-02 -1.018750668E-02  6.562000141E-03  4.807839987E+00 
       149  1.031250134E-02 -1.031250600E-02  6.562000141E-03  4.878220978E+00 
       150  2.830279991E-03 -2.830279991E-03  6.562000606E-03  1.466903020E+00 
       151  2.835373627E-03 -2.835373627E-03  6.562000606E-03  1.474889227E+00 
       152  2.841493115E-03 -2.841493115E-03  6.562000141E-03  1.488970160E+00 
       153  2.848849166E-03 -2.848849166E-03  6.562000141E-03  1.512076730E+00 
       154  2.857688349E-03 -2.857688349E-03  6.562000141E-03  1.547866373E+00 
       155  2.868303098E-03 -2.868303098E-03  6.562000141E-03  1.600159146E+00 
       156  2.881055698E-03 -2.881055698E-03  6.562000606E-03  1.671487264E+00 
       157  2.896386897E-03 -2.896386897E-03  6.562001072E-03  1.759481957E+00 
       158  2.914825687E-03 -2.914825687E-03  6.562000606E-03  1.851881981E+00 
       159  2.937011421E-03 -2.937011421E-03  6.562000606E-03  1.923876767E+00 
       160  2.967901994E-03 -2.967901994E-03  6.562000141E-03  1.958094726E+00 
       161  3.022594377E-03 -3.022594377E-03  6.562000141E-03  1.898360748E+00 
       162  3.099788679E-03 -3.099788679E-03  6.562000606E-03  1.593461570E+00 
       163  3.195532598E-03 -3.195534460E-03  6.562000606E-03  1.265313800E+00 
       164  3.312501824E-03 -3.312505549E-03  6.562000141E-03  1.315841433E+00 
       165  3.437501844E-03 -3.437505569E-03  6.562000141E-03  1.478924602E+00 
       166  3.562501865E-03 -3.562505590E-03  6.562000141E-03  1.504900914E+00 
       167  3.687501885E-03 -3.687505610E-03  6.562000141E-03  1.533259699E+00 
       168  3.812501905E-03 -3.812505631E-03  6.562000141E-03  1.425710624E+00 
       169  3.937501926E-03 -3.937505651E-03  6.562000141E-03  1.233254808E+00 
       170  1.895662583E-02 -1.895662583E-02  6.562000141E-03  7.035784017E+00 
       171  1.890108548E-02 -1.890108548E-02  6.562000141E-03  7.117242039E+00 
       172  1.880351081E-02 -1.880351454E-02  6.562000141E-03  7.173103805E+00 
       173  1.868749969E-02 -1.868750714E-02  6.562000141E-03  7.158225230E+00 
       174  1.856250130E-02 -1.856250688E-02  6.562000141E-03  7.053319543E+00 
       175  1.843750104E-02 -1.843750663E-02  6.562000141E-03  7.123539747E+00 
       176  1.937407255E-02 -1.937407441E-02  6.562000141E-03  6.965432852E+00 
       177  1.930207387E-02 -1.930207387E-02  6.562000141E-03  6.960863565E+00 
       178  1.923859492E-02 -1.923859492E-02  6.562000141E-03  7.049165243E+00 
       179  1.914011873E-02 -1.914011873E-02  6.562000141E-03  7.179639415E+00 
       180  1.905349456E-02 -1.905349456E-02  6.562000606E-03  7.106236026E+00 
       181  1.899245940E-02 -1.899245940E-02  6.562000606E-03  7.182156183E+00 
