cellnumber     x-coordinate     y-coordinate     z-coordinate velocity-magnitude 
         1  1.895096339E-02 -1.895096339E-02  6.562000141E-03  7.398421797E+00 
         2  1.890101843E-02 -1.890101843E-02  6.562000141E-03  7.339171658E+00 
         3  1.880909875E-02 -1.880909875E-02  6.562000141E-03  7.066418835E+00 
         4  1.868749596E-02 -1.868749596E-02  6.562000141E-03  6.861889524E+00 
         5  1.856249571E-02 -1.856249571E-02  6.562000141E-03  6.883302845E+00 
         6  1.843749546E-02 -1.843749732E-02  6.562000141E-03  6.829914502E+00 
         7  1.831249520E-02 -1.831249706E-02  6.562000141E-03  7.067221643E+00 
         8  1.818749495E-02 -1.818749681E-02  6.562000141E-03  7.416335957E+00 
         9  1.806249656E-02 -1.806249656E-02  6.562000141E-03  7.617051875E+00 
        10  1.793749630E-02 -1.793749630E-02  6.562000141E-03  7.956437274E+00 
        11  2.121082321E-02 -2.121082321E-02  6.562000141E-03  3.732101205E-01 
        12  2.120567486E-02 -2.120567486E-02  6.562000141E-03  1.115039686E+00 
        13  2.119949646E-02 -2.119949646E-02  6.562000141E-03  1.978957065E+00 
        14  2.119208500E-02 -2.119208500E-02  6.562000141E-03  2.964167348E+00 
        15  2.118319459E-02 -2.118319459E-02  6.562000141E-03  4.046294761E+00 
        16  2.117252536E-02 -2.117252536E-02  6.562000141E-03  5.155737416E+00 
        17  2.115972713E-02 -2.115972713E-02  6.562000606E-03  6.151366135E+00 
        18  2.114437334E-02 -2.114437334E-02  6.562000606E-03  6.820742290E+00 
        19  2.112595551E-02 -2.112595551E-02  6.562000606E-03  7.087460563E+00 
        20  2.110386454E-02 -2.110386454E-02  6.562000606E-03  7.123059047E+00 
        21  2.107902244E-02 -2.107902244E-02  6.562000606E-03  7.168031410E+00 
        22  2.101956122E-02 -2.101956122E-02  6.562000606E-03  7.207824719E+00 
        23  2.093681507E-02 -2.093681507E-02  6.562000141E-03  7.290188259E+00 
        24  2.088592015E-02 -2.088592015E-02  6.562000141E-03  7.367851389E+00 
        25  2.081407420E-02 -2.081407420E-02  6.562000141E-03  7.176645136E+00 
        26  2.074207366E-02 -2.074207366E-02  6.562000141E-03  7.130552869E+00 
        27  2.067007311E-02 -2.067007311E-02  6.562000141E-03  7.124363898E+00 
        28  2.059807442E-02 -2.059807442E-02  6.562000141E-03  6.940175395E+00 
        29  2.052607387E-02 -2.052607387E-02  6.562000141E-03  7.004856221E+00 
        30  2.045407332E-02 -2.045407332E-02  6.562000141E-03  6.787156041E+00 
        31  2.038207278E-02 -2.038207278E-02  6.562000141E-03  6.768728671E+00 
        32  2.031007409E-02 -2.031007409E-02  6.562000141E-03  6.591991153E+00 
        33  2.023807354E-02 -2.023807354E-02  6.562000141E-03  6.607000772E+00 
        34  2.016607299E-02 -2.016607299E-02  6.562000141E-03  6.652107714E+00 
        35  2.009407431E-02 -2.009407431E-02  6.562000141E-03  6.730357835E+00 
        36  2.002207376E-02 -2.002207376E-02  6.562000141E-03  6.849489352E+00 
        37  1.995007321E-02 -1.995007321E-02  6.562000141E-03  6.881175206E+00 
        38  1.987807266E-02 -1.987807266E-02  6.562000141E-03  7.031832180E+00 
        39  1.980607398E-02 -1.980607398E-02  6.562000141E-03  7.195078971E+00 
        40  1.973407343E-02 -1.973407343E-02  6.562000141E-03  7.321908292E+00 
        41  1.966207288E-02 -1.966207288E-02  6.562000141E-03  7.476308285E+00 
        42  1.959007420E-02 -1.959007420E-02  6.562000141E-03  7.491794204E+00 
        43  1.951807365E-02 -1.951807365E-02  6.562000141E-03  7.479237974E+00 
        44  1.944607310E-02 -1.944607310E-02  6.562000141E-03  7.388816851E+00 
        45  1.937407255E-02 -1.937407441E-02  6.562000141E-03  7.417978612E+00 
        46  1.930207387E-02 -1.930207387E-02  6.562000141E-03  7.326735811E+00 
        47  1.923859492E-02 -1.923859492E-02  6.562000141E-03  7.428270895E+00 
        48  1.914011873E-02 -1.914011873E-02  6.562000141E-03  7.375054038E+00 
        49  1.905349456E-02 -1.905349456E-02  6.562000606E-03  7.255782603E+00 
        50  1.899245940E-02 -1.899245940E-02  6.562000606E-03  7.439070430E+00 
        51  1.356249675E-02 -1.356249675E-02  6.562000141E-03  5.402814110E+00 
        52  1.368749607E-02 -1.368749607E-02  6.562000141E-03  5.585042194E+00 
        53  1.381249633E-02 -1.381249633E-02  6.562000141E-03  5.744268893E+00 
        54  1.393749658E-02 -1.393749658E-02  6.562000141E-03  5.860050825E+00 
        55  1.406249683E-02 -1.406249590E-02  6.562000141E-03  5.867692380E+00 
        56  1.418749616E-02 -1.418749616E-02  6.562000141E-03  5.942263978E+00 
        57  1.431249641E-02 -1.431249641E-02  6.562000141E-03  6.205117568E+00 
        58  1.443749666E-02 -1.443749666E-02  6.562000141E-03  6.429753553E+00 
        59  1.456249598E-02 -1.456249598E-02  6.562000141E-03  6.578103229E+00 
        60  1.468749624E-02 -1.468749624E-02  6.562000141E-03  6.714303289E+00 
        61  1.481249649E-02 -1.481249649E-02  6.562000141E-03  6.826232384E+00 
        62  1.493749674E-02 -1.493749674E-02  6.562000141E-03  6.890662472E+00 
        63  1.506249607E-02 -1.506249607E-02  6.562000141E-03  6.889740166E+00 
        64  1.518749632E-02 -1.518749632E-02  6.562000141E-03  6.832944976E+00 
        65  1.531249657E-02 -1.531249657E-02  6.562000141E-03  6.812038478E+00 
        66  1.543749589E-02 -1.543749683E-02  6.562000141E-03  6.872384570E+00 
        67  1.556249615E-02 -1.556249615E-02  6.562000141E-03  6.960229614E+00 
        68  1.568749547E-02 -1.568749547E-02  6.562000141E-03  7.037959244E+00 
        69  1.581249572E-02 -1.581249572E-02  6.562000141E-03  7.054319748E+00 
        70  1.593749598E-02 -1.593749598E-02  6.562000141E-03  6.982601575E+00 
        71  1.606249623E-02 -1.606249623E-02  6.562000141E-03  6.949534599E+00 
        72  1.618749648E-02 -1.618749648E-02  6.562000141E-03  7.018180852E+00 
        73  1.631249674E-02 -1.631249674E-02  6.562000141E-03  7.185938158E+00 
        74  1.643749513E-02 -1.643749699E-02  6.562000141E-03  7.283127573E+00 
        75  1.656249538E-02 -1.656249724E-02  6.562000141E-03  7.317138777E+00 
        76  1.668749563E-02 -1.668749563E-02  6.562000141E-03  7.315434350E+00 
        77  1.681249589E-02 -1.681249589E-02  6.562000141E-03  7.322268711E+00 
        78  1.693749614E-02 -1.693749614E-02  6.562000141E-03  7.330178368E+00 
        79  1.706249639E-02 -1.706249639E-02  6.562000141E-03  7.377108919E+00 
        80  1.718749665E-02 -1.718749665E-02  6.562000141E-03  7.459588494E+00 
        81  1.731249504E-02 -1.731249690E-02  6.562000141E-03  7.650463258E+00 
        82  1.743749529E-02 -1.743749715E-02  6.562000141E-03  7.887716454E+00 
        83  1.756249554E-02 -1.756249741E-02  6.562000141E-03  8.126997290E+00 
        84  1.768749580E-02 -1.768749580E-02  6.562000141E-03  8.290900917E+00 
        85  1.781249605E-02 -1.781249605E-02  6.562000141E-03  8.239568993E+00 
        86  7.812497206E-03 -7.812495809E-03  6.562000141E-03  2.357368562E+00 
        87  7.937497459E-03 -7.937495597E-03  6.562000141E-03  2.677117865E+00 
        88  8.062496781E-03 -8.062495850E-03  6.562000141E-03  3.065529935E+00 
        89  8.187497035E-03 -8.187496103E-03  6.562000141E-03  3.922521544E+00 
        90  8.312497288E-03 -8.312495425E-03  6.562000141E-03  4.084691781E+00 
        91  8.437496610E-03 -8.437495679E-03  6.562000141E-03  3.530125423E+00 
        92  8.562496863E-03 -8.562495932E-03  6.562000141E-03  2.964723713E+00 
        93  8.687497117E-03 -8.687496185E-03  6.562000141E-03  2.602035497E+00 
        94  8.812497370E-03 -8.812495507E-03  6.562000141E-03  2.422211234E+00 
        95  8.937496692E-03 -8.937495761E-03  6.562000141E-03  2.338579467E+00 
        96  9.062496945E-03 -9.062496014E-03  6.562000141E-03  2.694913210E+00 
        97  9.187497199E-03 -9.187496267E-03  6.562000141E-03  3.095671544E+00 
        98  9.312496521E-03 -9.312495589E-03  6.562000141E-03  3.133938549E+00 
        99  9.437496774E-03 -9.437495843E-03  6.562000141E-03  2.657140368E+00 
       100  9.562497027E-03 -9.562496096E-03  6.562000141E-03  1.798881118E+00 
       101  9.687497281E-03 -9.687496349E-03  6.562000141E-03  1.166175188E+00 
       102  9.812496603E-03 -9.812495671E-03  6.562000141E-03  1.085810767E+00 
       103  9.937496856E-03 -9.937495925E-03  6.562000141E-03  1.549601595E+00 
       104  1.006249711E-02 -1.006249618E-02  6.562000141E-03  2.374912442E+00 
       105  1.018749643E-02 -1.018749550E-02  6.562000141E-03  3.064745790E+00 
       106  1.031249668E-02 -1.031249575E-02  6.562000141E-03  3.545121648E+00 
       107  1.043749694E-02 -1.043749601E-02  6.562000141E-03  3.858011534E+00 
       108  1.056249719E-02 -1.056249626E-02  6.562000141E-03  4.162437911E+00 
       109  1.068749651E-02 -1.068749558E-02  6.562000141E-03  4.313927060E+00 
       110  1.081249677E-02 -1.081249584E-02  6.562000141E-03  4.324367362E+00 
       111  1.093749702E-02 -1.093749609E-02  6.562000141E-03  4.345990859E+00 
       112  1.106249634E-02 -1.106249634E-02  6.562000141E-03  4.427811848E+00 
       113  1.118749660E-02 -1.118749566E-02  6.562000141E-03  4.351302553E+00 
       114  1.131249685E-02 -1.131249592E-02  6.562000141E-03  4.186762110E+00 
       115  1.143749710E-02 -1.143749617E-02  6.562000141E-03  4.274315937E+00 
       116  1.156249642E-02 -1.156249642E-02  6.562000141E-03  4.526006400E+00 
       117  1.168749668E-02 -1.168749575E-02  6.562000141E-03  4.762055507E+00 
       118  1.181249693E-02 -1.181249600E-02  6.562000141E-03  4.973604791E+00 
       119  1.193749625E-02 -1.193749625E-02  6.562000141E-03  4.970667513E+00 
       120  1.206249651E-02 -1.206249651E-02  6.562000141E-03  5.018963700E+00 
       121  1.218749676E-02 -1.218749583E-02  6.562000141E-03  5.153240371E+00 
       122  1.231249701E-02 -1.231249608E-02  6.562000141E-03  5.230562072E+00 
       123  1.243749633E-02 -1.243749633E-02  6.562000141E-03  5.288667681E+00 
       124  1.256249659E-02 -1.256249659E-02  6.562000141E-03  5.387855098E+00 
       125  1.268749684E-02 -1.268749591E-02  6.562000141E-03  5.473992558E+00 
       126  1.281249616E-02 -1.281249616E-02  6.562000141E-03  5.517593909E+00 
       127  1.293749642E-02 -1.293749642E-02  6.562000141E-03  5.516663935E+00 
       128  1.306249667E-02 -1.306249667E-02  6.562000141E-03  5.502526769E+00 
       129  1.318749692E-02 -1.318749599E-02  6.562000141E-03  5.504686352E+00 
       130  1.331249624E-02 -1.331249624E-02  6.562000141E-03  5.420475673E+00 
       131  1.343749650E-02 -1.343749650E-02  6.562000141E-03  5.313380134E+00 
       132  7.687496953E-03 -7.687495556E-03  6.562000141E-03  2.310880806E+00 
       133  7.562497165E-03 -7.562495768E-03  6.562000141E-03  2.031361219E+00 
       134  7.437496912E-03 -7.437495515E-03  6.562000141E-03  1.267393648E+00 
       135  7.312497124E-03 -7.312495727E-03  6.562000141E-03  1.405667998E+00 
       136  7.187497336E-03 -7.187495474E-03  6.562000141E-03  1.675059162E+00 
       137  7.062497083E-03 -7.062495686E-03  6.562000141E-03  1.298887388E+00 
       138  6.937497295E-03 -6.937495433E-03  6.562000141E-03  1.108167128E+00 
       139  6.812497042E-03 -6.812495645E-03  6.562000141E-03  1.040378902E+00 
       140  6.687497254E-03 -6.687495392E-03  6.562000141E-03  9.893793404E-01 
       141  6.562497001E-03 -6.562495604E-03  6.562000141E-03  1.162849324E+00 
       142  6.437497213E-03 -6.437495351E-03  6.562000141E-03  1.349820847E+00 
       143  6.312497426E-03 -6.312495563E-03  6.562000141E-03  1.822012513E+00 
       144  6.187497173E-03 -6.187495310E-03  6.562000141E-03  2.342160457E+00 
       145  6.062497385E-03 -6.062495522E-03  6.562000141E-03  2.461301072E+00 
       146  5.937497132E-03 -5.937495269E-03  6.562000141E-03  1.923933428E+00 
       147  5.812497344E-03 -5.812495481E-03  6.562000141E-03  1.629483836E+00 
       148  5.687497091E-03 -5.687495228E-03  6.562000141E-03  1.497097793E+00 
       149  5.562497303E-03 -5.562495440E-03  6.562000141E-03  1.417235088E+00 
       150  5.437497515E-03 -5.437495653E-03  6.562000141E-03  1.308548188E+00 
       151  5.312497262E-03 -5.312495399E-03  6.562000141E-03  1.165679845E+00 
       152  5.187497474E-03 -5.187495612E-03  6.562000141E-03  9.905066213E-01 
       153  5.062497221E-03 -5.062495358E-03  6.562000141E-03  8.839096059E-01 
       154  4.937497433E-03 -4.937495571E-03  6.562000141E-03  8.266075770E-01 
       155  4.812497646E-03 -4.812495317E-03  6.562000141E-03  7.773267720E-01 
       156  4.687497392E-03 -4.687495530E-03  6.562000141E-03  6.048055478E-01 
       157  4.562497605E-03 -4.562495276E-03  6.562000141E-03  4.750094677E-01 
       158  4.437497351E-03 -4.437495489E-03  6.562000141E-03  8.268119844E-01 
       159  4.312497564E-03 -4.312495235E-03  6.562000141E-03  1.442637305E+00 
       160  4.187497310E-03 -4.187495448E-03  6.562000141E-03  1.781181247E+00 
       161  4.062497523E-03 -4.062495194E-03  6.562000141E-03  1.942897396E+00 
       162  3.937497269E-03 -3.937494941E-03  6.562000141E-03  1.974983828E+00 
       163  3.812497482E-03 -3.812495153E-03  6.562000141E-03  2.028396074E+00 
       164  3.687497461E-03 -3.687495133E-03  6.562000141E-03  2.022257235E+00 
       165  3.562497441E-03 -3.562495112E-03  6.562000141E-03  2.010841291E+00 
       166  3.437497420E-03 -3.437495092E-03  6.562000141E-03  1.989691599E+00 
       167  3.312497400E-03 -3.312495071E-03  6.562000141E-03  1.987077301E+00 
       168  3.187497379E-03 -3.187495051E-03  6.562000141E-03  2.037650882E+00 
       169  3.061023075E-03 -3.061021911E-03  6.562000141E-03  1.918854726E+00 
       170  2.973292954E-03 -2.973292954E-03  6.562000606E-03  1.648966354E+00 
       171  2.937367652E-03 -2.937367652E-03  6.562000141E-03  1.599190729E+00 
       172  2.915092744E-03 -2.915092744E-03  6.562000141E-03  1.573774777E+00 
       173  2.896590391E-03 -2.896590391E-03  6.562000141E-03  1.538874570E+00 
       174  2.881214023E-03 -2.881214023E-03  6.562000141E-03  1.514161020E+00 
       175  2.868429292E-03 -2.868429292E-03  6.562000606E-03  1.487824654E+00 
       176  2.857794985E-03 -2.857794985E-03  6.562000606E-03  1.467988893E+00 
       177  2.848947421E-03 -2.848947421E-03  6.562000141E-03  1.456075798E+00 
       178  2.841583686E-03 -2.841583686E-03  6.562000606E-03  1.451724521E+00 
       179  2.835453954E-03 -2.835453954E-03  6.562000606E-03  1.453531220E+00 
       180  2.830350772E-03 -2.830350772E-03  6.562000141E-03  1.459370826E+00 
