cellnumber     x-coordinate     y-coordinate     z-coordinate velocity-magnitude 
         1  7.687497418E-03 -7.687503006E-03  6.562000141E-03  1.302517270E+00 
         2  7.562497165E-03 -7.562503219E-03  6.562000141E-03  1.468345407E+00 
         3  1.006249711E-02 -1.006250363E-02  6.562000606E-03  3.914529194E+00 
         4  9.937496856E-03 -9.937503375E-03  6.562000141E-03  4.051347253E+00 
         5  9.812497534E-03 -9.812503122E-03  6.562000141E-03  3.716786221E+00 
         6  9.687497281E-03 -9.687502868E-03  6.562000606E-03  3.307006791E+00 
         7  9.562497027E-03 -9.562503546E-03  6.562000606E-03  2.844349030E+00 
         8  9.437496774E-03 -9.437503293E-03  6.562000141E-03  2.661193667E+00 
         9  9.312497452E-03 -9.312503040E-03  6.562000606E-03  2.693505389E+00 
        10  9.187497199E-03 -9.187503718E-03  6.562000606E-03  2.742534924E+00 
        11  9.062496945E-03 -9.062503465E-03  6.562000141E-03  2.791666130E+00 
        12  8.937497623E-03 -8.937503211E-03  6.562000141E-03  2.843428409E+00 
        13  8.812497370E-03 -8.812502958E-03  6.562000141E-03  2.692269739E+00 
        14  8.687497117E-03 -8.687502705E-03  6.562000141E-03  2.488989466E+00 
        15  8.562496863E-03 -8.562503383E-03  6.562000141E-03  2.175949234E+00 
        16  8.437497541E-03 -8.437503129E-03  6.562000606E-03  1.909793207E+00 
        17  8.312497288E-03 -8.312502876E-03  6.562000141E-03  1.642882853E+00 
        18  8.187497035E-03 -8.187503554E-03  6.562000606E-03  1.398392626E+00 
        19  8.062496781E-03 -8.062503301E-03  6.562000141E-03  1.211127023E+00 
        20  7.937497459E-03 -7.937503047E-03  6.562000606E-03  1.102841904E+00 
        21  7.812497206E-03 -7.812502794E-03  6.562000141E-03  1.144022578E+00 
        22  7.437497377E-03 -7.437502965E-03  6.562000141E-03  1.526715271E+00 
        23  7.312497124E-03 -7.312503178E-03  6.562000141E-03  1.436172682E+00 
        24  7.187497336E-03 -7.187502924E-03  6.562000141E-03  1.343704723E+00 
        25  7.062497083E-03 -7.062503137E-03  6.562000141E-03  1.422704969E+00 
        26  6.937497295E-03 -6.937502883E-03  6.562000141E-03  1.717035271E+00 
        27  6.812497042E-03 -6.812503096E-03  6.562000141E-03  1.741192832E+00 
        28  6.687497254E-03 -6.687503308E-03  6.562000141E-03  1.475631059E+00 
        29  6.562497467E-03 -6.562503055E-03  6.562000141E-03  1.341905007E+00 
        30  6.437497213E-03 -6.437503267E-03  6.562000141E-03  1.432518874E+00 
        31  6.312497426E-03 -6.312503014E-03  6.562000141E-03  1.550640734E+00 
        32  6.187497173E-03 -6.187503226E-03  6.562000141E-03  1.659290424E+00 
        33  6.062497385E-03 -6.062502973E-03  6.562000141E-03  1.714127540E+00 
        34  5.937497132E-03 -5.937503185E-03  6.562000141E-03  1.707770893E+00 
        35  5.812497344E-03 -5.812502932E-03  6.562000141E-03  1.678912147E+00 
        36  5.687497091E-03 -5.687503144E-03  6.562000141E-03  1.622742031E+00 
        37  5.562497303E-03 -5.562502891E-03  6.562000141E-03  1.554554867E+00 
        38  5.437497515E-03 -5.437503103E-03  6.562000141E-03  1.581328355E+00 
        39  5.312497262E-03 -5.312503316E-03  6.562000141E-03  1.656179174E+00 
        40  5.187497474E-03 -5.187503062E-03  6.562000141E-03  1.635357888E+00 
        41  5.062497221E-03 -5.062503275E-03  6.562000141E-03  1.312841643E+00 
        42  4.937497433E-03 -4.937503021E-03  6.562000141E-03  8.775787536E-01 
        43  4.812497180E-03 -4.812503234E-03  6.562000141E-03  4.624605307E-01 
        44  4.687497392E-03 -4.687502980E-03  6.562000141E-03  2.790078126E-01 
        45  4.562497139E-03 -4.562503193E-03  6.562000141E-03  3.368510385E-01 
        46  4.437497351E-03 -4.437502939E-03  6.562000141E-03  4.863860677E-01 
        47  4.312497564E-03 -4.312503152E-03  6.562000141E-03  9.385793663E-01 
        48  4.187497310E-03 -4.187503364E-03  6.562000141E-03  1.481911211E+00 
        49  4.062497523E-03 -4.062503111E-03  6.562000141E-03  1.592032670E+00 
        50  3.937497269E-03 -3.937502857E-03  6.562000141E-03  1.190789805E+00 
        51  3.812497249E-03 -3.812503070E-03  6.562000141E-03  8.253505105E-01 
        52  3.687497228E-03 -3.687503049E-03  6.562000141E-03  5.759361905E-01 
        53  3.562497208E-03 -3.562503029E-03  6.562000141E-03  4.021945758E-01 
        54  3.437497187E-03 -3.437503008E-03  6.562000141E-03  4.775857434E-01 
        55  3.312497400E-03 -3.312502988E-03  6.562000141E-03  7.326148193E-01 
        56  3.188211238E-03 -3.188214032E-03  6.562000606E-03  1.066673320E+00 
        57  3.109663725E-03 -3.109663725E-03  6.562000141E-03  1.179140915E+00 
        58  3.059180221E-03 -3.059180221E-03  6.562000141E-03  1.271543654E+00 
        59  3.000119468E-03 -3.000119468E-03  6.562000141E-03  1.274908868E+00 
        60  2.960044192E-03 -2.960044192E-03  6.562000606E-03  1.269695437E+00 
        61  1.493749674E-02 -1.493750326E-02  6.562000141E-03  6.528443492E+00 
        62  1.506249700E-02 -1.506250352E-02  6.562000606E-03  6.647004316E+00 
        63  1.518749725E-02 -1.518750377E-02  6.562000606E-03  6.773988431E+00 
        64  1.531249750E-02 -1.531250309E-02  6.562000606E-03  6.853908277E+00 
        65  1.543749776E-02 -1.543750335E-02  6.562000606E-03  6.941464427E+00 
        66  1.556249708E-02 -1.556250360E-02  6.562000606E-03  7.052987661E+00 
        67  1.018749736E-02 -1.018750295E-02  6.562000141E-03  3.488393350E+00 
        68  1.031249762E-02 -1.031250320E-02  6.562000141E-03  3.261036195E+00 
        69  1.043749694E-02 -1.043750346E-02  6.562000141E-03  3.319652430E+00 
        70  1.056249719E-02 -1.056250278E-02  6.562000141E-03  3.342665285E+00 
        71  1.068749744E-02 -1.068750303E-02  6.562000141E-03  3.397109607E+00 
        72  1.081249677E-02 -1.081250329E-02  6.562000141E-03  3.598668769E+00 
        73  1.093749702E-02 -1.093750261E-02  6.562000141E-03  3.822034112E+00 
        74  1.106249727E-02 -1.106250286E-02  6.562000141E-03  3.819311167E+00 
        75  1.118749753E-02 -1.118750311E-02  6.562000141E-03  3.674092837E+00 
        76  1.131249685E-02 -1.131250337E-02  6.562000141E-03  3.870539677E+00 
        77  1.143749710E-02 -1.143750269E-02  6.562000141E-03  4.393832744E+00 
        78  1.156249736E-02 -1.156250294E-02  6.562000141E-03  4.849536893E+00 
        79  1.168749761E-02 -1.168750320E-02  6.562000606E-03  4.931602472E+00 
        80  1.181249693E-02 -1.181250345E-02  6.562000141E-03  4.784116693E+00 
        81  1.193749718E-02 -1.193750277E-02  6.562000141E-03  4.679712011E+00 
        82  1.206249744E-02 -1.206250302E-02  6.562000141E-03  4.681434369E+00 
        83  1.218749769E-02 -1.218750328E-02  6.562000606E-03  4.800196725E+00 
        84  1.231249701E-02 -1.231250353E-02  6.562000606E-03  4.947858070E+00 
        85  1.243749727E-02 -1.243750378E-02  6.562000606E-03  4.791003269E+00 
        86  1.256249752E-02 -1.256250311E-02  6.562000606E-03  4.695904476E+00 
        87  1.268749777E-02 -1.268750336E-02  6.562000606E-03  4.988014180E+00 
        88  1.281249709E-02 -1.281250361E-02  6.562000606E-03  5.208043284E+00 
        89  1.293749735E-02 -1.293750294E-02  6.562000606E-03  5.178857206E+00 
        90  1.306249760E-02 -1.306250319E-02  6.562000606E-03  5.150343765E+00 
        91  1.318749785E-02 -1.318750344E-02  6.562000606E-03  5.143158373E+00 
        92  1.331249718E-02 -1.331250370E-02  6.562000606E-03  5.190255172E+00 
        93  1.343749743E-02 -1.343750302E-02  6.562000606E-03  5.337797222E+00 
        94  1.356249768E-02 -1.356250327E-02  6.562000606E-03  5.535102577E+00 
        95  1.368749700E-02 -1.368750352E-02  6.562000606E-03  5.739085552E+00 
        96  1.381249726E-02 -1.381250378E-02  6.562000606E-03  5.883656578E+00 
        97  1.393749751E-02 -1.393750310E-02  6.562000606E-03  5.892852138E+00 
        98  1.406249776E-02 -1.406250335E-02  6.562000606E-03  5.850119136E+00 
        99  1.418749709E-02 -1.418750361E-02  6.562000606E-03  5.816397948E+00 
       100  1.431249734E-02 -1.431250293E-02  6.562000606E-03  5.836612894E+00 
       101  1.443749759E-02 -1.443750318E-02  6.562000606E-03  5.914583904E+00 
       102  1.456249785E-02 -1.456250343E-02  6.562000606E-03  6.003299418E+00 
       103  1.468749717E-02 -1.468750369E-02  6.562000606E-03  6.191414674E+00 
       104  1.481249742E-02 -1.481250301E-02  6.562000606E-03  6.381390903E+00 
       105  1.568749733E-02 -1.568750292E-02  6.562000606E-03  7.204243109E+00 
       106  1.581249759E-02 -1.581250317E-02  6.562000606E-03  7.286541256E+00 
       107  1.593749784E-02 -1.593750343E-02  6.562000606E-03  7.256875722E+00 
       108  1.606249623E-02 -1.606250368E-02  6.562000606E-03  6.822525800E+00 
       109  1.618749648E-02 -1.618750393E-02  6.562000606E-03  6.550626773E+00 
       110  1.631249674E-02 -1.631250232E-02  6.562000606E-03  6.608489477E+00 
       111  1.643749699E-02 -1.643750258E-02  6.562000606E-03  6.799298635E+00 
       112  1.656249724E-02 -1.656250283E-02  6.562000606E-03  7.015194563E+00 
       113  1.977995597E-02 -1.977995597E-02  6.562000606E-03  6.351951934E+00 
       114  1.973373257E-02 -1.973373257E-02  6.562000606E-03  6.417339187E+00 
       115  1.970408484E-02 -1.970408484E-02  6.562000141E-03  6.265924506E+00 
       116  1.966859587E-02 -1.966859587E-02  6.562000141E-03  6.248551988E+00 
       117  1.962787099E-02 -1.962787099E-02  6.562000141E-03  6.324533151E+00 
       118  1.956012659E-02 -1.956013031E-02  6.562000141E-03  5.970334636E+00 
       119  1.943749748E-02 -1.943750307E-02  6.562000141E-03  5.824493591E+00 
       120  1.931249723E-02 -1.931250282E-02  6.562000141E-03  5.907855916E+00 
       121  1.918749698E-02 -1.918750256E-02  6.562000141E-03  5.924172839E+00 
       122  1.906249672E-02 -1.906250231E-02  6.562000141E-03  5.858642919E+00 
       123  1.893749647E-02 -1.893750206E-02  6.562000141E-03  6.183976224E+00 
       124  1.881249622E-02 -1.881250180E-02  6.562000141E-03  6.677274277E+00 
       125  1.868749596E-02 -1.868750341E-02  6.562000141E-03  7.069805348E+00 
       126  1.856249571E-02 -1.856250316E-02  6.562000141E-03  7.281337465E+00 
       127  1.843749732E-02 -1.843750291E-02  6.562000141E-03  7.314495997E+00 
       128  1.831249706E-02 -1.831250265E-02  6.562000141E-03  7.286326609E+00 
       129  1.818749681E-02 -1.818750240E-02  6.562000141E-03  7.363821266E+00 
       130  1.806249656E-02 -1.806250215E-02  6.562000141E-03  7.440257184E+00 
       131  1.793749630E-02 -1.793750189E-02  6.562000141E-03  7.402373178E+00 
       132  1.781249605E-02 -1.781250350E-02  6.562000141E-03  7.266002018E+00 
       133  1.768749580E-02 -1.768750325E-02  6.562000141E-03  7.233710450E+00 
       134  1.756249741E-02 -1.756250300E-02  6.562000141E-03  7.357348468E+00 
       135  1.743749715E-02 -1.743750274E-02  6.562000606E-03  7.346605321E+00 
       136  1.731249690E-02 -1.731250249E-02  6.562000141E-03  7.214415420E+00 
       137  1.718749665E-02 -1.718750224E-02  6.562000606E-03  7.182401096E+00 
       138  1.706249639E-02 -1.706250384E-02  6.562000141E-03  7.169764520E+00 
       139  1.693749614E-02 -1.693750359E-02  6.562000606E-03  7.135672246E+00 
       140  1.681249775E-02 -1.681250334E-02  6.562000141E-03  7.139135424E+00 
       141  1.668749750E-02 -1.668750308E-02  6.562000606E-03  7.115766713E+00 
       142  2.933079144E-03 -2.933079144E-03  6.562000141E-03  1.257828457E+00 
       143  2.910697600E-03 -2.910697600E-03  6.562000141E-03  1.304688436E+00 
       144  2.892107237E-03 -2.892107237E-03  6.562000141E-03  1.410185398E+00 
       145  2.876657993E-03 -2.876657993E-03  6.562000141E-03  1.506371279E+00 
       146  2.863812959E-03 -2.863812959E-03  6.562000141E-03  1.561118641E+00 
       147  2.853129292E-03 -2.853129292E-03  6.562000141E-03  1.574594062E+00 
       148  2.844240051E-03 -2.844240051E-03  6.562000141E-03  1.558808252E+00 
       149  2.836842323E-03 -2.836842323E-03  6.562000606E-03  1.526487360E+00 
       150  2.830684418E-03 -2.830684418E-03  6.562000141E-03  1.487705450E+00 
       151  1.982382499E-02 -1.982382499E-02  6.562000606E-03  6.531658148E+00 
       152  1.987380348E-02 -1.987380348E-02  6.562000141E-03  6.612107536E+00 
       153  1.995554194E-02 -1.995554194E-02  6.562000141E-03  6.317465493E+00 
       154  2.002555132E-02 -2.002555132E-02  6.562000141E-03  5.915696222E+00 
       155  2.009796165E-02 -2.009796165E-02  6.562000141E-03  5.906354419E+00 
       156  2.016996033E-02 -2.016996033E-02  6.562000141E-03  5.631377677E+00 
       157  2.024196088E-02 -2.024196088E-02  6.562000141E-03  5.957766042E+00 
       158  2.031396143E-02 -2.031396143E-02  6.562000141E-03  5.954363475E+00 
       159  2.038596198E-02 -2.038596198E-02  6.562000141E-03  6.423568485E+00 
       160  2.045796067E-02 -2.045796067E-02  6.562000141E-03  6.404338204E+00 
       161  2.052996121E-02 -2.052996121E-02  6.562000141E-03  6.709200450E+00 
       162  2.060196176E-02 -2.060196176E-02  6.562000141E-03  6.621318316E+00 
       163  2.067396045E-02 -2.067396045E-02  6.562000141E-03  6.824639122E+00 
       164  2.074596100E-02 -2.074596100E-02  6.562000141E-03  6.955797062E+00 
       165  2.081796154E-02 -2.081796154E-02  6.562000141E-03  7.041676985E+00 
       166  2.089129388E-02 -2.089129388E-02  6.561999675E-03  7.443547152E+00 
       167  2.096879669E-02 -2.096879669E-02  6.562000141E-03  7.739113133E+00 
       168  2.103285119E-02 -2.103285119E-02  6.562000141E-03  7.958786583E+00 
       169  2.106270939E-02 -2.106270939E-02  6.562000141E-03  8.047456687E+00 
       170  2.110377327E-02 -2.110377327E-02  6.562000141E-03  7.672161997E+00 
       171  2.112588286E-02 -2.112588286E-02  6.562000141E-03  6.553964628E+00 
       172  2.114431374E-02 -2.114431374E-02  6.562000141E-03  5.345411196E+00 
       173  2.115968056E-02 -2.115968056E-02  6.562000141E-03  4.341235189E+00 
       174  2.117248811E-02 -2.117248811E-02  6.562000141E-03  3.520268461E+00 
       175  2.118316665E-02 -2.118316665E-02  6.562000606E-03  2.797297359E+00 
       176  2.119206451E-02 -2.119206451E-02  6.562000606E-03  2.129261448E+00 
       177  2.119948156E-02 -2.119948156E-02  6.562000606E-03  1.494174833E+00 
       178  2.120566368E-02 -2.120566368E-02  6.562000141E-03  8.896293665E-01 
       179  2.121081576E-02 -2.121081576E-02  6.562000606E-03  3.182251318E-01 
