cellnumber     x-coordinate     y-coordinate     z-coordinate velocity-magnitude 
         1  2.933079144E-03 -2.933079144E-03  6.562000141E-03  1.146675465E+00 
         2  2.910697600E-03 -2.910697600E-03  6.562000141E-03  1.181890486E+00 
         3  2.892107470E-03 -2.892107470E-03  6.562000606E-03  1.241480909E+00 
         4  2.876657993E-03 -2.876657993E-03  6.562000141E-03  1.312974026E+00 
         5  2.863812959E-03 -2.863812959E-03  6.562000141E-03  1.371128043E+00 
         6  2.853129059E-03 -2.853129059E-03  6.562000141E-03  1.410731474E+00 
         7  2.844240051E-03 -2.844240051E-03  6.562000141E-03  1.434724268E+00 
         8  2.836842323E-03 -2.836842323E-03  6.562000606E-03  1.449233594E+00 
         9  2.830684185E-03 -2.830684185E-03  6.562000606E-03  1.459471809E+00 
        10  1.006249711E-02 -1.006250363E-02  6.562000606E-03  4.155632287E+00 
        11  9.937496856E-03 -9.937503375E-03  6.562000141E-03  4.421611258E+00 
        12  9.812496603E-03 -9.812503122E-03  6.562000141E-03  4.463842131E+00 
        13  9.687497281E-03 -9.687503800E-03  6.562000606E-03  4.364745756E+00 
        14  9.562497027E-03 -9.562503546E-03  6.562000606E-03  4.271166904E+00 
        15  9.437496774E-03 -9.437503293E-03  6.562000141E-03  4.092939754E+00 
        16  9.312497452E-03 -9.312503040E-03  6.562000606E-03  3.730173276E+00 
        17  9.187497199E-03 -9.187503718E-03  6.562000606E-03  2.872785808E+00 
        18  9.062496945E-03 -9.062503465E-03  6.562000141E-03  2.222024030E+00 
        19  8.937496692E-03 -8.937503211E-03  6.562000141E-03  2.137978643E+00 
        20  8.812497370E-03 -8.812502958E-03  6.562000141E-03  1.934955413E+00 
        21  8.687497117E-03 -8.687503636E-03  6.562000141E-03  1.488277776E+00 
        22  8.562496863E-03 -8.562503383E-03  6.562000141E-03  1.271585601E+00 
        23  8.437497541E-03 -8.437503129E-03  6.562000606E-03  1.154960453E+00 
        24  8.312497288E-03 -8.312502876E-03  6.562000141E-03  1.201588947E+00 
        25  8.187497035E-03 -8.187503554E-03  6.562000606E-03  1.505150465E+00 
        26  8.062496781E-03 -8.062503301E-03  6.562000141E-03  1.930183912E+00 
        27  7.937497459E-03 -7.937503047E-03  6.562000606E-03  2.264469002E+00 
        28  7.812497206E-03 -7.812502794E-03  6.562000141E-03  2.515598521E+00 
        29  1.018749736E-02 -1.018750295E-02  6.562000141E-03  3.913631560E+00 
        30  1.031249668E-02 -1.031250320E-02  6.562000141E-03  4.256136244E+00 
        31  1.043749694E-02 -1.043750346E-02  6.562000141E-03  4.685920097E+00 
        32  1.056249719E-02 -1.056250278E-02  6.562000141E-03  4.733127208E+00 
        33  1.068749744E-02 -1.068750303E-02  6.562000141E-03  5.190043661E+00 
        34  1.081249677E-02 -1.081250329E-02  6.562000141E-03  4.402521320E+00 
        35  1.093749702E-02 -1.093750354E-02  6.562000141E-03  4.012048825E+00 
        36  1.106249727E-02 -1.106250286E-02  6.562000141E-03  4.044294729E+00 
        37  1.118749660E-02 -1.118750311E-02  6.562000141E-03  4.058176662E+00 
        38  1.131249685E-02 -1.131250337E-02  6.562000141E-03  4.356301726E+00 
        39  1.143749710E-02 -1.143750362E-02  6.562000141E-03  4.701964522E+00 
        40  1.156249736E-02 -1.156250294E-02  6.562000141E-03  4.803335977E+00 
        41  1.168749668E-02 -1.168750320E-02  6.562000606E-03  4.756344556E+00 
        42  1.181249693E-02 -1.181250345E-02  6.562000141E-03  4.623993683E+00 
        43  1.193749718E-02 -1.193750277E-02  6.562000141E-03  4.563247694E+00 
        44  1.206249651E-02 -1.206250302E-02  6.562000141E-03  4.560883425E+00 
        45  1.218749769E-02 -1.218750328E-02  6.562000606E-03  4.614294554E+00 
        46  1.231249701E-02 -1.231250353E-02  6.562000606E-03  4.707015302E+00 
        47  1.243749727E-02 -1.243750378E-02  6.562000606E-03  4.807802150E+00 
        48  1.256249752E-02 -1.256250311E-02  6.562000606E-03  4.929560517E+00 
        49  1.268749684E-02 -1.268750336E-02  6.562000606E-03  5.061433573E+00 
        50  1.281249709E-02 -1.281250361E-02  6.562000606E-03  5.188590082E+00 
        51  1.293749735E-02 -1.293750387E-02  6.562000606E-03  5.305825829E+00 
        52  1.306249760E-02 -1.306250319E-02  6.562000606E-03  5.423263327E+00 
        53  1.318749692E-02 -1.318750344E-02  6.562000606E-03  5.515176009E+00 
        54  1.331249718E-02 -1.331250370E-02  6.562000606E-03  5.617081253E+00 
        55  1.343749743E-02 -1.343750395E-02  6.562000606E-03  5.806791342E+00 
        56  1.356249768E-02 -1.356250327E-02  6.562000606E-03  6.027907672E+00 
        57  1.368749700E-02 -1.368750352E-02  6.562000606E-03  6.073855111E+00 
        58  1.381249726E-02 -1.381250378E-02  6.562000606E-03  6.009252236E+00 
        59  1.393749751E-02 -1.393750403E-02  6.562000606E-03  5.868840180E+00 
        60  1.406249683E-02 -1.406250335E-02  6.562000606E-03  5.827922005E+00 
        61  1.418749709E-02 -1.418750361E-02  6.562000606E-03  5.997782657E+00 
        62  1.431249734E-02 -1.431250386E-02  6.562000606E-03  6.157671336E+00 
        63  1.443749759E-02 -1.443750318E-02  6.562000606E-03  6.298311097E+00 
        64  1.456249692E-02 -1.456250343E-02  6.562000606E-03  6.189980845E+00 
        65  1.468749717E-02 -1.468750369E-02  6.562000606E-03  6.097997383E+00 
        66  1.481249742E-02 -1.481250301E-02  6.562000606E-03  6.021001985E+00 
        67  1.568749733E-02 -1.568750292E-02  6.562000606E-03  6.587025571E+00 
        68  1.581249759E-02 -1.581250317E-02  6.562000606E-03  6.734763185E+00 
        69  1.593749784E-02 -1.593750343E-02  6.562000606E-03  6.887042645E+00 
        70  1.606249623E-02 -1.606250368E-02  6.562000606E-03  7.093768085E+00 
        71  1.618749648E-02 -1.618750393E-02  6.562000606E-03  7.138575217E+00 
        72  1.631249674E-02 -1.631250419E-02  6.562000606E-03  7.266319215E+00 
        73  1.643749699E-02 -1.643750258E-02  6.562000606E-03  7.164711537E+00 
        74  1.656249724E-02 -1.656250283E-02  6.562000606E-03  6.910982819E+00 
        75  1.493749674E-02 -1.493750326E-02  6.562000141E-03  5.895451915E+00 
        76  1.506249700E-02 -1.506250352E-02  6.562000606E-03  5.780151132E+00 
        77  1.518749725E-02 -1.518750377E-02  6.562000606E-03  5.984815641E+00 
        78  1.531249750E-02 -1.531250402E-02  6.562000606E-03  6.320301375E+00 
        79  1.543749683E-02 -1.543750335E-02  6.562000606E-03  6.124958000E+00 
        80  1.556249708E-02 -1.556250360E-02  6.562000606E-03  6.253397047E+00 
        81  7.687496953E-03 -7.687503006E-03  6.562000141E-03  2.598550820E+00 
        82  7.562497165E-03 -7.562503219E-03  6.562000141E-03  2.505375163E+00 
        83  7.437496912E-03 -7.437502965E-03  6.562000141E-03  2.354267867E+00 
        84  7.312497124E-03 -7.312503178E-03  6.562000141E-03  2.356553564E+00 
        85  7.187497336E-03 -7.187503390E-03  6.562000141E-03  2.428065899E+00 
        86  7.062497083E-03 -7.062503137E-03  6.562000141E-03  2.322719160E+00 
        87  6.937497295E-03 -6.937503349E-03  6.562000141E-03  2.112356203E+00 
        88  6.812497042E-03 -6.812503096E-03  6.562000141E-03  1.938851430E+00 
        89  6.687497254E-03 -6.687503308E-03  6.562000141E-03  1.825814578E+00 
        90  6.562497001E-03 -6.562503055E-03  6.562000141E-03  1.826919148E+00 
        91  6.437497213E-03 -6.437503267E-03  6.562000141E-03  1.891938401E+00 
        92  6.312497426E-03 -6.312503014E-03  6.562000141E-03  1.907190301E+00 
        93  6.187497173E-03 -6.187503226E-03  6.562000141E-03  1.875341561E+00 
        94  6.062497385E-03 -6.062502973E-03  6.562000141E-03  1.831590966E+00 
        95  5.937497132E-03 -5.937503185E-03  6.562000141E-03  1.797485047E+00 
        96  5.812497344E-03 -5.812503397E-03  6.562000141E-03  1.786412915E+00 
        97  5.687497091E-03 -5.687503144E-03  6.562000141E-03  1.780034849E+00 
        98  5.562497303E-03 -5.562503356E-03  6.562000141E-03  1.802012391E+00 
        99  5.437497050E-03 -5.437503103E-03  6.562000141E-03  1.824936088E+00 
       100  5.312497262E-03 -5.312503316E-03  6.562000141E-03  1.845642943E+00 
       101  5.187497474E-03 -5.187503062E-03  6.562000141E-03  1.836813204E+00 
       102  5.062497221E-03 -5.062503275E-03  6.562000141E-03  1.829741485E+00 
       103  4.937497433E-03 -4.937503021E-03  6.562000141E-03  1.825235010E+00 
       104  4.812497180E-03 -4.812503234E-03  6.562000141E-03  1.795942988E+00 
       105  4.687497392E-03 -4.687502980E-03  6.562000141E-03  1.608079451E+00 
       106  4.562497139E-03 -4.562503193E-03  6.562000141E-03  1.411766857E+00 
       107  4.437497351E-03 -4.437503405E-03  6.562000141E-03  1.292776109E+00 
       108  4.312497098E-03 -4.312503152E-03  6.562000141E-03  1.233945233E+00 
       109  4.187497310E-03 -4.187503364E-03  6.562000141E-03  1.205029699E+00 
       110  4.062497523E-03 -4.062503111E-03  6.562000141E-03  1.122114590E+00 
       111  3.937497269E-03 -3.937503323E-03  6.562000141E-03  1.038291110E+00 
       112  3.812497249E-03 -3.812503070E-03  6.562000141E-03  8.651728474E-01 
       113  3.687497228E-03 -3.687503049E-03  6.562000141E-03  7.706691888E-01 
       114  3.562497208E-03 -3.562503029E-03  6.562000141E-03  8.858862785E-01 
       115  3.437497187E-03 -3.437503008E-03  6.562000141E-03  1.121314252E+00 
       116  3.312497167E-03 -3.312502988E-03  6.562000141E-03  9.884044941E-01 
       117  3.188211005E-03 -3.188214032E-03  6.562000606E-03  9.180171135E-01 
       118  3.109664191E-03 -3.109664191E-03  6.562000606E-03  1.034260876E+00 
       119  3.059180686E-03 -3.059180686E-03  6.562000141E-03  1.109415454E+00 
       120  3.000119468E-03 -3.000119468E-03  6.562000141E-03  1.127895178E+00 
       121  2.960044192E-03 -2.960044192E-03  6.562000141E-03  1.144909267E+00 
       122  1.756249554E-02 -1.756250300E-02  6.562000141E-03  7.518325004E+00 
       123  1.743749715E-02 -1.743750274E-02  6.562000606E-03  7.304300045E+00 
       124  1.731249690E-02 -1.731250435E-02  6.562000141E-03  7.242504563E+00 
       125  1.718749665E-02 -1.718750224E-02  6.562000606E-03  7.186697464E+00 
       126  1.706249639E-02 -1.706250384E-02  6.562000141E-03  7.166385084E+00 
       127  1.693749614E-02 -1.693750359E-02  6.562000606E-03  7.233807266E+00 
       128  1.681249775E-02 -1.681250334E-02  6.562000141E-03  7.274042737E+00 
       129  1.668749563E-02 -1.668750308E-02  6.562000606E-03  7.158706444E+00 
       130  1.977995597E-02 -1.977995597E-02  6.562000606E-03  7.436401540E+00 
       131  1.973373257E-02 -1.973373257E-02  6.562000606E-03  7.306058577E+00 
       132  1.970408484E-02 -1.970408484E-02  6.562000141E-03  7.466492702E+00 
       133  1.966859587E-02 -1.966859587E-02  6.562000141E-03  7.309391187E+00 
       134  1.962787285E-02 -1.962787285E-02  6.562000141E-03  7.406639704E+00 
       135  1.956012659E-02 -1.956013031E-02  6.562000141E-03  7.459144718E+00 
       136  1.943749748E-02 -1.943750307E-02  6.562000141E-03  7.679678556E+00 
       137  1.931249537E-02 -1.931250282E-02  6.562000141E-03  7.645137262E+00 
       138  1.918749698E-02 -1.918750256E-02  6.562000141E-03  7.585230620E+00 
       139  1.906249672E-02 -1.906250231E-02  6.562000141E-03  7.583984121E+00 
       140  1.893749647E-02 -1.893750206E-02  6.562000141E-03  7.841723289E+00 
       141  1.881249622E-02 -1.881250367E-02  6.562000141E-03  7.996104597E+00 
       142  1.868749596E-02 -1.868750341E-02  6.562000141E-03  7.913863735E+00 
       143  1.856249571E-02 -1.856250316E-02  6.562000141E-03  7.720567519E+00 
       144  1.843749546E-02 -1.843750291E-02  6.562000141E-03  7.784741442E+00 
       145  1.831249706E-02 -1.831250265E-02  6.562000141E-03  7.700911586E+00 
       146  1.818749681E-02 -1.818750240E-02  6.562000141E-03  7.689392173E+00 
       147  1.806249656E-02 -1.806250215E-02  6.562000141E-03  7.589666443E+00 
       148  1.793749630E-02 -1.793750376E-02  6.562000141E-03  7.567667894E+00 
       149  1.781249605E-02 -1.781250350E-02  6.562000141E-03  7.581679288E+00 
       150  1.768749580E-02 -1.768750325E-02  6.562000141E-03  7.593610239E+00 
       151  1.982382499E-02 -1.982382499E-02  6.562000606E-03  7.375473181E+00 
       152  1.987380348E-02 -1.987380348E-02  6.562000141E-03  7.343647675E+00 
       153  1.995554194E-02 -1.995554194E-02  6.562000141E-03  7.322448199E+00 
       154  2.002555132E-02 -2.002555132E-02  6.562000141E-03  7.303045955E+00 
       155  2.009796165E-02 -2.009796165E-02  6.562000141E-03  7.195974080E+00 
       156  2.016996033E-02 -2.016996033E-02  6.562000141E-03  7.052295368E+00 
       157  2.024196088E-02 -2.024196088E-02  6.562000141E-03  6.894432436E+00 
       158  2.031396143E-02 -2.031396143E-02  6.562000141E-03  6.791002211E+00 
       159  2.038596198E-02 -2.038596198E-02  6.562000141E-03  6.724731368E+00 
       160  2.045796067E-02 -2.045796067E-02  6.562000141E-03  6.907071160E+00 
       161  2.052996121E-02 -2.052996121E-02  6.562000141E-03  6.864369689E+00 
       162  2.060196176E-02 -2.060196176E-02  6.562000141E-03  6.852906236E+00 
       163  2.067396045E-02 -2.067396045E-02  6.562000141E-03  6.751575727E+00 
       164  2.074596100E-02 -2.074596100E-02  6.562000141E-03  6.950060141E+00 
       165  2.081796154E-02 -2.081796154E-02  6.562000141E-03  7.080681099E+00 
       166  2.089129388E-02 -2.089129388E-02  6.561999675E-03  7.196551964E+00 
       167  2.096879669E-02 -2.096879669E-02  6.562000141E-03  7.318073243E+00 
       168  2.103285119E-02 -2.103285119E-02  6.562000141E-03  7.529929653E+00 
       169  2.106270939E-02 -2.106270939E-02  6.562000141E-03  7.625711784E+00 
       170  2.110377327E-02 -2.110377327E-02  6.562000141E-03  7.722185302E+00 
       171  2.112588286E-02 -2.112588286E-02  6.562000141E-03  7.612334180E+00 
       172  2.114431374E-02 -2.114431374E-02  6.562000141E-03  7.185760318E+00 
       173  2.115968056E-02 -2.115968056E-02  6.562000141E-03  6.458354686E+00 
       174  2.117248811E-02 -2.117248811E-02  6.562000141E-03  5.535757899E+00 
       175  2.118316665E-02 -2.118316665E-02  6.562000606E-03  4.488818840E+00 
       176  2.119206451E-02 -2.119206451E-02  6.562000606E-03  3.386443202E+00 
       177  2.119948156E-02 -2.119948156E-02  6.562000606E-03  2.307712630E+00 
       178  2.120566368E-02 -2.120566368E-02  6.562000141E-03  1.318797914E+00 
       179  2.121081576E-02 -2.121081576E-02  6.562000606E-03  4.473094366E-01 
