cellnumber     x-coordinate     y-coordinate     z-coordinate velocity-magnitude 
         1  7.437496912E-03 -7.437503431E-03  6.562000141E-03  2.168622189E+00 
         2  7.312497124E-03 -7.312503178E-03  6.562000141E-03  2.192609650E+00 
         3  7.187496871E-03 -7.187503390E-03  6.562000141E-03  2.207503482E+00 
         4  7.062497083E-03 -7.062503137E-03  6.562000141E-03  2.207389427E+00 
         5  6.937497295E-03 -6.937503349E-03  6.562000141E-03  2.190891890E+00 
         6  6.812497042E-03 -6.812503096E-03  6.562000141E-03  2.155947685E+00 
         7  6.687497254E-03 -6.687503308E-03  6.562000141E-03  2.116810956E+00 
         8  6.562497001E-03 -6.562503055E-03  6.562000141E-03  2.071239676E+00 
         9  6.437497213E-03 -6.437503267E-03  6.562000141E-03  2.029537517E+00 
        10  6.312496960E-03 -6.312503014E-03  6.562000141E-03  1.985182809E+00 
        11  6.187497173E-03 -6.187503226E-03  6.562000141E-03  1.936650248E+00 
        12  6.062497385E-03 -6.062503438E-03  6.562000141E-03  1.888084668E+00 
        13  5.937497132E-03 -5.937503185E-03  6.562000141E-03  1.852081742E+00 
        14  5.812497344E-03 -5.812503397E-03  6.562000141E-03  1.808874260E+00 
        15  5.687497091E-03 -5.687503144E-03  6.562000141E-03  1.763652910E+00 
        16  5.562497303E-03 -5.562503356E-03  6.562000141E-03  1.730290436E+00 
        17  5.437497050E-03 -5.437503103E-03  6.562000141E-03  1.690160560E+00 
        18  5.312497262E-03 -5.312503316E-03  6.562000141E-03  1.656560535E+00 
        19  5.187497009E-03 -5.187503062E-03  6.562000141E-03  1.625757495E+00 
        20  5.062497221E-03 -5.062503275E-03  6.562000141E-03  1.604538405E+00 
        21  4.937497433E-03 -4.937503021E-03  6.562000141E-03  1.568068087E+00 
        22  4.812497180E-03 -4.812503234E-03  6.562000141E-03  1.522874091E+00 
        23  4.687497392E-03 -4.687503446E-03  6.562000141E-03  1.465001040E+00 
        24  4.562497139E-03 -4.562503193E-03  6.562000141E-03  1.403069420E+00 
        25  4.437497351E-03 -4.437503405E-03  6.562000141E-03  1.392395026E+00 
        26  4.312497098E-03 -4.312503152E-03  6.562000141E-03  1.356039666E+00 
        27  4.187497310E-03 -4.187503364E-03  6.562000141E-03  1.284963673E+00 
        28  4.062497057E-03 -4.062503111E-03  6.562000141E-03  1.104294208E+00 
        29  3.937497269E-03 -3.937503323E-03  6.562000141E-03  8.426969829E-01 
        30  3.812497249E-03 -3.812503070E-03  6.562000141E-03  6.249620107E-01 
        31  3.687497228E-03 -3.687503049E-03  6.562000141E-03  5.029013938E-01 
        32  3.562497208E-03 -3.562503029E-03  6.562000141E-03  4.901345770E-01 
        33  3.437497187E-03 -3.437503008E-03  6.562000141E-03  5.330522544E-01 
        34  3.312497167E-03 -3.312503221E-03  6.562000141E-03  7.146058992E-01 
        35  3.188211238E-03 -3.188214265E-03  6.562000141E-03  8.663166563E-01 
        36  3.109664191E-03 -3.109664191E-03  6.562000141E-03  1.346435176E+00 
        37  3.059180686E-03 -3.059180686E-03  6.562000141E-03  1.029381937E+00 
        38  3.000119468E-03 -3.000119468E-03  6.562000141E-03  1.367497864E+00 
        39  2.960044192E-03 -2.960044192E-03  6.562000141E-03  1.493220062E+00 
        40  7.687496953E-03 -7.687503006E-03  6.562000141E-03  2.056925355E+00 
        41  7.562497165E-03 -7.562503219E-03  6.562000141E-03  2.109474430E+00 
        42  1.493749674E-02 -1.493750326E-02  6.562000141E-03  5.568008329E+00 
        43  1.506249700E-02 -1.506250352E-02  6.562000606E-03  5.556913859E+00 
        44  1.518749725E-02 -1.518750377E-02  6.562000606E-03  5.431250475E+00 
        45  1.531249750E-02 -1.531250402E-02  6.562000606E-03  5.477051822E+00 
        46  1.543749683E-02 -1.543750335E-02  6.562000606E-03  5.824747178E+00 
        47  1.556249708E-02 -1.556250360E-02  6.562000606E-03  6.357388666E+00 
        48  1.756249554E-02 -1.756250300E-02  6.562000141E-03  6.892257863E+00 
        49  1.743749715E-02 -1.743750274E-02  6.562000606E-03  6.551322005E+00 
        50  1.731249690E-02 -1.731250435E-02  6.562000141E-03  6.455155716E+00 
        51  1.718749665E-02 -1.718750224E-02  6.562000606E-03  6.605973129E+00 
        52  1.706249639E-02 -1.706250384E-02  6.562000141E-03  6.701414317E+00 
        53  1.693749614E-02 -1.693750359E-02  6.562000606E-03  6.638721571E+00 
        54  1.681249589E-02 -1.681250334E-02  6.562000141E-03  6.532935346E+00 
        55  1.668749563E-02 -1.668750308E-02  6.562000606E-03  6.491534898E+00 
        56  1.006249711E-02 -1.006250363E-02  6.562000606E-03  4.638425440E+00 
        57  9.937496856E-03 -9.937503375E-03  6.562000141E-03  4.442408280E+00 
        58  9.812496603E-03 -9.812503122E-03  6.562000141E-03  4.126532560E+00 
        59  9.687497281E-03 -9.687503800E-03  6.562000606E-03  3.998820256E+00 
        60  9.562497027E-03 -9.562503546E-03  6.562000606E-03  3.834365217E+00 
        61  9.437496774E-03 -9.437503293E-03  6.562000141E-03  3.539715847E+00 
        62  9.312497452E-03 -9.312503040E-03  6.562000606E-03  3.113382928E+00 
        63  9.187497199E-03 -9.187503718E-03  6.562000606E-03  2.651858276E+00 
        64  9.062496945E-03 -9.062503465E-03  6.562000141E-03  2.221367163E+00 
        65  8.937496692E-03 -8.937503211E-03  6.562000141E-03  1.849437415E+00 
        66  8.812497370E-03 -8.812502958E-03  6.562000141E-03  1.726871220E+00 
        67  8.687497117E-03 -8.687503636E-03  6.562000141E-03  1.623163513E+00 
        68  8.562496863E-03 -8.562503383E-03  6.562000141E-03  1.358459521E+00 
        69  8.437497541E-03 -8.437503129E-03  6.562000606E-03  1.100867220E+00 
        70  8.312497288E-03 -8.312502876E-03  6.562000141E-03  1.155013093E+00 
        71  8.187497035E-03 -8.187503554E-03  6.562000606E-03  1.479729812E+00 
        72  8.062496781E-03 -8.062503301E-03  6.562000141E-03  1.701573631E+00 
        73  7.937497459E-03 -7.937503047E-03  6.562000606E-03  1.882967626E+00 
        74  7.812497206E-03 -7.812502794E-03  6.562000141E-03  2.031515374E+00 
        75  1.018749736E-02 -1.018750295E-02  6.562000141E-03  4.327306035E+00 
        76  1.031249668E-02 -1.031250320E-02  6.562000141E-03  4.124753203E+00 
        77  1.043749694E-02 -1.043750346E-02  6.562000141E-03  4.230684619E+00 
        78  1.056249719E-02 -1.056250371E-02  6.562000141E-03  3.950620735E+00 
        79  1.068749651E-02 -1.068750303E-02  6.562000141E-03  3.756642079E+00 
        80  1.081249677E-02 -1.081250329E-02  6.562000141E-03  4.082499626E+00 
        81  1.093749702E-02 -1.093750354E-02  6.562000141E-03  4.096764531E+00 
        82  1.106249727E-02 -1.106250286E-02  6.562000141E-03  4.511908960E+00 
        83  1.118749660E-02 -1.118750311E-02  6.562000141E-03  4.468183227E+00 
        84  1.131249685E-02 -1.131250337E-02  6.562000141E-03  3.891753541E+00 
        85  1.143749710E-02 -1.143750362E-02  6.562000141E-03  3.946379833E+00 
        86  1.156249642E-02 -1.156250294E-02  6.562000141E-03  4.381266877E+00 
        87  1.168749668E-02 -1.168750320E-02  6.562000606E-03  4.683573889E+00 
        88  1.181249693E-02 -1.181250345E-02  6.562000141E-03  4.629160961E+00 
        89  1.193749718E-02 -1.193750370E-02  6.562000141E-03  4.606735064E+00 
        90  1.206249651E-02 -1.206250302E-02  6.562000141E-03  4.702926932E+00 
        91  1.218749676E-02 -1.218750328E-02  6.562000606E-03  4.864701879E+00 
        92  1.231249701E-02 -1.231250353E-02  6.562000606E-03  5.057168402E+00 
        93  1.243749727E-02 -1.243750378E-02  6.562000606E-03  5.110532952E+00 
        94  1.256249752E-02 -1.256250404E-02  6.562000606E-03  5.015746312E+00 
        95  1.268749684E-02 -1.268750336E-02  6.562000606E-03  5.022206341E+00 
        96  1.281249709E-02 -1.281250361E-02  6.562000606E-03  5.114994141E+00 
        97  1.293749735E-02 -1.293750387E-02  6.562000606E-03  5.244777025E+00 
        98  1.306249760E-02 -1.306250412E-02  6.562000606E-03  5.334535825E+00 
        99  1.318749692E-02 -1.318750344E-02  6.562000606E-03  5.385554647E+00 
       100  1.331249718E-02 -1.331250370E-02  6.562000606E-03  5.354435019E+00 
       101  1.343749743E-02 -1.343750395E-02  6.562000606E-03  5.279754880E+00 
       102  1.356249675E-02 -1.356250327E-02  6.562000606E-03  5.206278566E+00 
       103  1.368749700E-02 -1.368750352E-02  6.562000606E-03  5.260384126E+00 
       104  1.381249726E-02 -1.381250378E-02  6.562000606E-03  5.371755410E+00 
       105  1.393749751E-02 -1.393750403E-02  6.562000606E-03  5.412612860E+00 
       106  1.406249683E-02 -1.406250335E-02  6.562000606E-03  5.441718954E+00 
       107  1.418749709E-02 -1.418750361E-02  6.562000606E-03  5.539823509E+00 
       108  1.431249734E-02 -1.431250386E-02  6.562000606E-03  5.532869008E+00 
       109  1.443749666E-02 -1.443750411E-02  6.562000606E-03  5.450877718E+00 
       110  1.456249692E-02 -1.456250343E-02  6.562000606E-03  5.353758233E+00 
       111  1.468749717E-02 -1.468750369E-02  6.562000606E-03  5.247278170E+00 
       112  1.481249649E-02 -1.481250394E-02  6.562000606E-03  5.346863782E+00 
       113  1.568749733E-02 -1.568750292E-02  6.562000606E-03  6.519472197E+00 
       114  1.581249759E-02 -1.581250317E-02  6.562000606E-03  6.397074860E+00 
       115  1.593749598E-02 -1.593750343E-02  6.562000606E-03  6.370988712E+00 
       116  1.606249623E-02 -1.606250368E-02  6.562000606E-03  6.524491678E+00 
       117  1.618749648E-02 -1.618750393E-02  6.562000606E-03  6.319508470E+00 
       118  1.631249674E-02 -1.631250419E-02  6.562000606E-03  6.178978195E+00 
       119  1.643749699E-02 -1.643750444E-02  6.562000606E-03  6.320582780E+00 
       120  1.656249724E-02 -1.656250283E-02  6.562000606E-03  6.488357720E+00 
       121  1.977995597E-02 -1.977995597E-02  6.562000141E-03  6.795539513E+00 
       122  1.973373257E-02 -1.973373257E-02  6.562000141E-03  6.505252779E+00 
       123  1.970408484E-02 -1.970408484E-02  6.562000606E-03  7.487181616E+00 
       124  1.966859587E-02 -1.966859587E-02  6.562000141E-03  6.542309354E+00 
       125  1.962787285E-02 -1.962787285E-02  6.562000141E-03  7.438028025E+00 
       126  1.956012659E-02 -1.956013031E-02  6.562000606E-03  7.217254427E+00 
       127  1.943749748E-02 -1.943750307E-02  6.562000141E-03  7.565241395E+00 
       128  1.931249537E-02 -1.931250282E-02  6.562000141E-03  7.945272582E+00 
       129  1.918749698E-02 -1.918750256E-02  6.562000141E-03  8.106933741E+00 
       130  1.906249672E-02 -1.906250231E-02  6.562000141E-03  8.094265429E+00 
       131  1.893749647E-02 -1.893750392E-02  6.562000141E-03  8.030044587E+00 
       132  1.881249622E-02 -1.881250367E-02  6.562000141E-03  8.044940514E+00 
       133  1.868749596E-02 -1.868750341E-02  6.562000141E-03  7.968279792E+00 
       134  1.856249571E-02 -1.856250316E-02  6.562000141E-03  7.853259702E+00 
       135  1.843749546E-02 -1.843750291E-02  6.562000141E-03  7.839803241E+00 
       136  1.831249706E-02 -1.831250265E-02  6.562000141E-03  7.791008632E+00 
       137  1.818749681E-02 -1.818750240E-02  6.562000141E-03  7.736912713E+00 
       138  1.806249656E-02 -1.806250215E-02  6.562000141E-03  7.621288041E+00 
       139  1.793749630E-02 -1.793750376E-02  6.562000141E-03  7.530896825E+00 
       140  1.781249605E-02 -1.781250350E-02  6.562000141E-03  7.395559236E+00 
       141  1.768749580E-02 -1.768750325E-02  6.562000141E-03  7.206389812E+00 
       142  2.933079377E-03 -2.933079377E-03  6.562000606E-03  1.568414819E+00 
       143  2.910697367E-03 -2.910697367E-03  6.562000606E-03  1.612908698E+00 
       144  2.892107470E-03 -2.892107470E-03  6.562000606E-03  1.636333766E+00 
       145  2.876657993E-03 -2.876657993E-03  6.562000141E-03  1.644312134E+00 
       146  2.863812959E-03 -2.863812959E-03  6.562000141E-03  1.637185305E+00 
       147  2.853129292E-03 -2.853129292E-03  6.562000141E-03  1.615827378E+00 
       148  2.844240051E-03 -2.844240051E-03  6.562000141E-03  1.582446261E+00 
       149  2.836842323E-03 -2.836842323E-03  6.562000141E-03  1.540025271E+00 
       150  2.830684185E-03 -2.830684185E-03  6.562000606E-03  1.492921980E+00 
       151  1.982382499E-02 -1.982382499E-02  6.562000606E-03  6.853865892E+00 
       152  1.987380348E-02 -1.987380348E-02  6.562000141E-03  6.693191556E+00 
       153  1.995554194E-02 -1.995554194E-02  6.562000141E-03  6.874922295E+00 
       154  2.002555132E-02 -2.002555132E-02  6.562000141E-03  6.920611546E+00 
       155  2.009796165E-02 -2.009796165E-02  6.562000141E-03  7.115442902E+00 
       156  2.016996033E-02 -2.016996033E-02  6.562000141E-03  7.241470221E+00 
       157  2.024196088E-02 -2.024196088E-02  6.562000141E-03  7.299577952E+00 
       158  2.031396143E-02 -2.031396143E-02  6.562000141E-03  7.038252426E+00 
       159  2.038596198E-02 -2.038596198E-02  6.562000141E-03  6.987921685E+00 
       160  2.045796067E-02 -2.045796067E-02  6.562000141E-03  7.026843467E+00 
       161  2.052996121E-02 -2.052996121E-02  6.562000141E-03  7.281640384E+00 
       162  2.060196176E-02 -2.060196176E-02  6.562000141E-03  7.579798791E+00 
       163  2.067396045E-02 -2.067396045E-02  6.562000141E-03  7.757303306E+00 
       164  2.074596100E-02 -2.074596100E-02  6.562000141E-03  7.727230319E+00 
       165  2.081796154E-02 -2.081796154E-02  6.562000141E-03  7.665921270E+00 
       166  2.089129388E-02 -2.089129388E-02  6.561999675E-03  7.473249847E+00 
       167  2.096879669E-02 -2.096879669E-02  6.562000141E-03  7.293840475E+00 
       168  2.103285119E-02 -2.103285119E-02  6.562000141E-03  7.226897304E+00 
       169  2.106270939E-02 -2.106270939E-02  6.562000141E-03  7.095088546E+00 
       170  2.110377327E-02 -2.110377327E-02  6.562000141E-03  7.035923498E+00 
       171  2.112588286E-02 -2.112588286E-02  6.562000141E-03  6.920494214E+00 
       172  2.114431374E-02 -2.114431374E-02  6.562000141E-03  6.613385709E+00 
       173  2.115968056E-02 -2.115968056E-02  6.562000141E-03  6.036655015E+00 
       174  2.117248811E-02 -2.117248811E-02  6.562000141E-03  5.183293130E+00 
       175  2.118316665E-02 -2.118316665E-02  6.562000606E-03  4.151569587E+00 
       176  2.119206451E-02 -2.119206451E-02  6.562000606E-03  3.074452079E+00 
       177  2.119948156E-02 -2.119948156E-02  6.562000606E-03  2.059436923E+00 
       178  2.120566368E-02 -2.120566368E-02  6.562000141E-03  1.160635472E+00 
       179  2.121081576E-02 -2.121081576E-02  6.562000606E-03  3.890499979E-01 
