cellnumber     x-coordinate     y-coordinate     z-coordinate velocity-magnitude 
         1  1.606249437E-02 -1.606250182E-02  6.562000141E-03  7.215442268E+00 
         2  1.593749411E-02 -1.593750343E-02  6.562000141E-03  7.172441319E+00 
         3  1.581249386E-02 -1.581250317E-02  6.562000141E-03  7.038758059E+00 
         4  1.568749361E-02 -1.568750292E-02  6.562000141E-03  6.896453214E+00 
         5  1.556249429E-02 -1.556250267E-02  6.562000141E-03  6.795436695E+00 
         6  1.543749403E-02 -1.543750241E-02  6.562000141E-03  6.729613442E+00 
         7  1.531249471E-02 -1.531250309E-02  6.562000141E-03  6.672354999E+00 
         8  1.518749446E-02 -1.518750284E-02  6.562000141E-03  6.622176550E+00 
         9  1.506249420E-02 -1.506250259E-02  6.562000141E-03  6.577864272E+00 
        10  1.493749395E-02 -1.493750326E-02  6.562000141E-03  6.519602356E+00 
        11  1.481249463E-02 -1.481250301E-02  6.562000141E-03  6.423480807E+00 
        12  1.468749437E-02 -1.468750276E-02  6.562000141E-03  6.290834065E+00 
        13  2.088592015E-02 -2.088592015E-02  6.562000141E-03  6.474641025E+00 
        14  2.081407420E-02 -2.081407420E-02  6.562000141E-03  6.356075337E+00 
        15  2.074207366E-02 -2.074207366E-02  6.562000141E-03  6.475017446E+00 
        16  2.067007311E-02 -2.067007311E-02  6.562000141E-03  6.338131931E+00 
        17  2.059807256E-02 -2.059807256E-02  6.562000141E-03  6.555114169E+00 
        18  2.045407332E-02 -2.045407332E-02  6.562000141E-03  6.819099595E+00 
        19  2.093681321E-02 -2.093681321E-02  6.562000606E-03  6.420185398E+00 
        20  2.101956122E-02 -2.101956122E-02  6.562000606E-03  6.436408409E+00 
        21  2.107902244E-02 -2.107902244E-02  6.562000606E-03  6.447105437E+00 
        22  2.110386454E-02 -2.110386454E-02  6.562000606E-03  6.461557073E+00 
        23  2.112595551E-02 -2.112595551E-02  6.562000606E-03  6.483629036E+00 
        24  2.114437334E-02 -2.114437334E-02  6.562000606E-03  6.347560661E+00 
        25  2.115972713E-02 -2.115972713E-02  6.562000606E-03  5.776937624E+00 
        26  2.117252536E-02 -2.117252536E-02  6.562000141E-03  4.780239256E+00 
        27  2.118319459E-02 -2.118319459E-02  6.562000141E-03  3.646554984E+00 
        28  2.119208500E-02 -2.119208500E-02  6.562000141E-03  2.598452918E+00 
        29  2.119949646E-02 -2.119949646E-02  6.562000141E-03  1.701176651E+00 
        30  2.120567486E-02 -2.120567486E-02  6.562000141E-03  9.495580501E-01 
        31  2.121082321E-02 -2.121082321E-02  6.562000141E-03  3.179867250E-01 
        32  2.052607387E-02 -2.052607387E-02  6.562000141E-03  6.557769038E+00 
        33  2.038207278E-02 -2.038207278E-02  6.562000141E-03  6.812895181E+00 
        34  3.937494475E-03 -3.937502392E-03  6.562000141E-03  1.599197945E+00 
        35  3.812494455E-03 -3.812502371E-03  6.562000141E-03  1.576158877E+00 
        36  3.687494667E-03 -3.687502351E-03  6.562000141E-03  1.427374480E+00 
        37  3.562494647E-03 -3.562502330E-03  6.562000141E-03  1.235110302E+00 
        38  3.437494626E-03 -3.437502310E-03  6.562000141E-03  1.030537290E+00 
        39  3.312494606E-03 -3.312502289E-03  6.562000141E-03  8.540437323E-01 
        40  3.187494585E-03 -3.187502269E-03  6.562000141E-03  8.234500578E-01 
        41  3.062227275E-03 -3.062231001E-03  6.562000141E-03  9.032265141E-01 
        42  2.974424278E-03 -2.974424278E-03  6.562000606E-03  9.938609065E-01 
        43  2.937239828E-03 -2.937239828E-03  6.562000606E-03  1.030086110E+00 
        44  2.915001474E-03 -2.915001474E-03  6.562000141E-03  1.078827987E+00 
        45  2.896528924E-03 -2.896528924E-03  6.562000141E-03  1.132716671E+00 
        46  2.881176071E-03 -2.881176071E-03  6.562000141E-03  1.204030887E+00 
        47  2.868410433E-03 -2.868410433E-03  6.562000141E-03  1.273850157E+00 
        48  2.857792191E-03 -2.857792191E-03  6.562000141E-03  1.335358311E+00 
        49  2.848957200E-03 -2.848957200E-03  6.562000141E-03  1.383964317E+00 
        50  2.841604175E-03 -2.841604175E-03  6.562000141E-03  1.419827247E+00 
        51  2.835483057E-03 -2.835483057E-03  6.562000606E-03  1.444356754E+00 
        52  2.830386627E-03 -2.830386627E-03  6.562000606E-03  1.459684292E+00 
        53  8.062494919E-03 -8.062502369E-03  6.562000141E-03  1.533929421E+00 
        54  1.681249402E-02 -1.681250334E-02  6.562000141E-03  7.508934510E+00 
        55  1.668749377E-02 -1.668750308E-02  6.562000141E-03  7.417117077E+00 
        56  1.656249352E-02 -1.656250283E-02  6.562000141E-03  7.303272651E+00 
        57  1.643749326E-02 -1.643750258E-02  6.562000141E-03  7.222834905E+00 
        58  1.631249487E-02 -1.631250232E-02  6.562000141E-03  7.191945408E+00 
        59  1.618749462E-02 -1.618750207E-02  6.562000141E-03  7.197361868E+00 
        60  1.456249412E-02 -1.456250250E-02  6.562000141E-03  6.117614915E+00 
        61  1.443749387E-02 -1.443750318E-02  6.562000141E-03  5.906429454E+00 
        62  1.431249455E-02 -1.431250293E-02  6.562000141E-03  5.676578374E+00 
        63  1.418749429E-02 -1.418750267E-02  6.562000141E-03  5.449263497E+00 
        64  1.406249404E-02 -1.406250242E-02  6.562000141E-03  5.290491140E+00 
        65  1.393749472E-02 -1.393750310E-02  6.562000141E-03  5.247212694E+00 
        66  1.381249446E-02 -1.381250285E-02  6.562000141E-03  5.275550011E+00 
        67  1.368749421E-02 -1.368750259E-02  6.562000141E-03  5.350482108E+00 
        68  1.356249396E-02 -1.356250234E-02  6.562000141E-03  5.442115816E+00 
        69  1.343749464E-02 -1.343750302E-02  6.562000141E-03  5.470071715E+00 
        70  1.331249438E-02 -1.331250276E-02  6.562000141E-03  5.440219097E+00 
        71  1.693749428E-02 -1.693750359E-02  6.562000141E-03  7.517405022E+00 
        72  1.706249453E-02 -1.706250198E-02  6.562000141E-03  7.539810627E+00 
        73  1.718749478E-02 -1.718750224E-02  6.562000141E-03  7.589303562E+00 
        74  1.731249318E-02 -1.731250249E-02  6.562000141E-03  7.598716217E+00 
        75  1.743749343E-02 -1.743750274E-02  6.562000141E-03  7.543103966E+00 
        76  1.756249368E-02 -1.756250300E-02  6.562000141E-03  7.591936084E+00 
        77  1.768749394E-02 -1.768750325E-02  6.562000141E-03  7.630806832E+00 
        78  1.781249419E-02 -1.781250350E-02  6.562000141E-03  7.454469202E+00 
        79  1.793749444E-02 -1.793750189E-02  6.562000141E-03  7.457914549E+00 
        80  1.806249470E-02 -1.806250215E-02  6.562000141E-03  7.637809412E+00 
        81  1.818749309E-02 -1.818750240E-02  6.562000141E-03  7.902308232E+00 
        82  1.831249334E-02 -1.831250265E-02  6.562000141E-03  8.009461986E+00 
        83  1.843749359E-02 -1.843750291E-02  6.562000141E-03  7.909093370E+00 
        84  1.856249385E-02 -1.856250316E-02  6.562000141E-03  7.784991894E+00 
        85  1.868749410E-02 -1.868750341E-02  6.562000141E-03  7.831245795E+00 
        86  1.880222000E-02 -1.880222373E-02  6.562000141E-03  7.838489164E+00 
        87  1.889956929E-02 -1.889956929E-02  6.562000606E-03  7.718722456E+00 
        88  1.895638742E-02 -1.895638742E-02  6.562000141E-03  7.651569230E+00 
        89  1.899245940E-02 -1.899245940E-02  6.562000606E-03  7.483208619E+00 
        90  1.905349456E-02 -1.905349456E-02  6.562000606E-03  7.652159572E+00 
        91  1.914011873E-02 -1.914011873E-02  6.562000141E-03  7.432280083E+00 
        92  1.923859492E-02 -1.923859492E-02  6.562000141E-03  7.511372488E+00 
        93  1.930207387E-02 -1.930207387E-02  6.562000141E-03  7.550715488E+00 
        94  1.937407255E-02 -1.937407255E-02  6.562000141E-03  7.382143729E+00 
        95  1.944607310E-02 -1.944607310E-02  6.562000141E-03  7.194635187E+00 
        96  1.951807365E-02 -1.951807365E-02  6.562000141E-03  7.163800696E+00 
        97  1.959007420E-02 -1.959007420E-02  6.562000141E-03  7.174900289E+00 
        98  1.966207288E-02 -1.966207288E-02  6.562000141E-03  7.305672984E+00 
        99  1.973407343E-02 -1.973407343E-02  6.562000141E-03  7.309277949E+00 
       100  1.980607398E-02 -1.980607398E-02  6.562000141E-03  7.405476702E+00 
       101  1.987807266E-02 -1.987807266E-02  6.562000141E-03  7.294401334E+00 
       102  1.995007321E-02 -1.995007321E-02  6.562000141E-03  7.285260431E+00 
       103  2.002207376E-02 -2.002207376E-02  6.562000141E-03  7.255092472E+00 
       104  2.009407431E-02 -2.009407431E-02  6.562000141E-03  7.214113716E+00 
       105  2.016607299E-02 -2.016607299E-02  6.562000141E-03  7.185942761E+00 
       106  2.023807354E-02 -2.023807354E-02  6.562000141E-03  7.046500470E+00 
       107  2.031007409E-02 -2.031007409E-02  6.562000141E-03  6.985798869E+00 
       108  8.187494241E-03 -8.187502623E-03  6.562000141E-03  1.561457548E+00 
       109  8.312494494E-03 -8.312502876E-03  6.562000141E-03  8.566095377E-01 
       110  8.437494747E-03 -8.437502198E-03  6.562000141E-03  7.623899663E-01 
       111  8.562494069E-03 -8.562502451E-03  6.562000141E-03  1.277463813E+00 
       112  8.687494323E-03 -8.687502705E-03  6.562000141E-03  1.943478342E+00 
       113  8.812494576E-03 -8.812502958E-03  6.562000141E-03  2.381890358E+00 
       114  8.937494829E-03 -8.937502280E-03  6.562000141E-03  2.648647402E+00 
       115  9.062494151E-03 -9.062502533E-03  6.562000141E-03  2.769501900E+00 
       116  9.187494405E-03 -9.187502787E-03  6.562000141E-03  2.996366810E+00 
       117  9.312494658E-03 -9.312503040E-03  6.562000141E-03  3.478381888E+00 
       118  9.437494911E-03 -9.437502362E-03  6.562000141E-03  4.337229552E+00 
       119  9.562494233E-03 -9.562502615E-03  6.562000141E-03  4.299979588E+00 
       120  9.687494487E-03 -9.687502868E-03  6.562000141E-03  3.716428812E+00 
       121  9.812494740E-03 -9.812503122E-03  6.562000141E-03  3.621212325E+00 
       122  9.937494062E-03 -9.937502444E-03  6.562000141E-03  3.738689263E+00 
       123  1.006249432E-02 -1.006250270E-02  6.562000141E-03  3.860519371E+00 
       124  1.018749457E-02 -1.018750295E-02  6.562000141E-03  3.977362172E+00 
       125  1.031249482E-02 -1.031250227E-02  6.562000141E-03  3.686075773E+00 
       126  1.043749414E-02 -1.043750253E-02  6.562000141E-03  3.482988089E+00 
       127  1.056249440E-02 -1.056250278E-02  6.562000141E-03  3.639915654E+00 
       128  1.068749465E-02 -1.068750303E-02  6.562000141E-03  3.775841961E+00 
       129  1.081249490E-02 -1.081250235E-02  6.562000141E-03  3.840340148E+00 
       130  1.093749423E-02 -1.093750261E-02  6.562000141E-03  4.094728948E+00 
       131  1.106249448E-02 -1.106250286E-02  6.562000141E-03  4.500306622E+00 
       132  1.118749473E-02 -1.118750311E-02  6.562000141E-03  4.874755074E+00 
       133  1.131249405E-02 -1.131250244E-02  6.562000141E-03  5.116651398E+00 
       134  1.143749431E-02 -1.143750269E-02  6.562000141E-03  5.208223848E+00 
       135  1.156249456E-02 -1.156250294E-02  6.562000141E-03  5.213031080E+00 
       136  1.168749481E-02 -1.168750226E-02  6.562000141E-03  5.183453581E+00 
       137  1.181249414E-02 -1.181250252E-02  6.562000141E-03  5.185411184E+00 
       138  1.193749439E-02 -1.193750277E-02  6.562000141E-03  5.214846511E+00 
       139  1.206249464E-02 -1.206250302E-02  6.562000141E-03  5.245057738E+00 
       140  1.218749397E-02 -1.218750235E-02  6.562000141E-03  5.250161706E+00 
       141  1.231249422E-02 -1.231250260E-02  6.562000141E-03  5.265178180E+00 
       142  1.243749447E-02 -1.243750285E-02  6.562000141E-03  5.234745991E+00 
       143  1.256249472E-02 -1.256250311E-02  6.562000141E-03  5.284202443E+00 
       144  1.268749405E-02 -1.268750243E-02  6.562000141E-03  5.315478886E+00 
       145  1.281249430E-02 -1.281250268E-02  6.562000141E-03  5.315031335E+00 
       146  1.293749455E-02 -1.293750294E-02  6.562000141E-03  5.315564505E+00 
       147  1.306249481E-02 -1.306250319E-02  6.562000141E-03  5.322348543E+00 
       148  1.318749413E-02 -1.318750251E-02  6.562000141E-03  5.376317328E+00 
       149  4.062494729E-03 -4.062502645E-03  6.562000141E-03  1.492886386E+00 
       150  4.187494516E-03 -4.187502433E-03  6.562000141E-03  1.289336706E+00 
       151  4.312494770E-03 -4.312502220E-03  6.562000141E-03  1.126965216E+00 
       152  4.437494557E-03 -4.437502474E-03  6.562000141E-03  1.094424855E+00 
       153  4.562494811E-03 -4.562502261E-03  6.562000141E-03  1.182213265E+00 
       154  4.687494598E-03 -4.687502515E-03  6.562000141E-03  1.378226619E+00 
       155  4.812494852E-03 -4.812502302E-03  6.562000141E-03  1.588449012E+00 
       156  4.937494639E-03 -4.937502556E-03  6.562000141E-03  1.697330702E+00 
       157  5.062494427E-03 -5.062502343E-03  6.562000141E-03  1.709850629E+00 
       158  5.187494680E-03 -5.187502597E-03  6.562000141E-03  1.777810835E+00 
       159  5.312494468E-03 -5.312502384E-03  6.562000141E-03  1.849927294E+00 
       160  5.437494721E-03 -5.437502638E-03  6.562000141E-03  1.927967615E+00 
       161  5.562494509E-03 -5.562502425E-03  6.562000141E-03  1.605129024E+00 
       162  5.687494762E-03 -5.687502678E-03  6.562000141E-03  8.325631642E-01 
       163  5.812494550E-03 -5.812502466E-03  6.562000141E-03  7.003177731E-01 
       164  5.937494803E-03 -5.937502719E-03  6.562000141E-03  8.215947265E-01 
       165  6.062494591E-03 -6.062502507E-03  6.562000141E-03  1.104016105E+00 
       166  6.187494379E-03 -6.187502295E-03  6.562000141E-03  1.552441653E+00 
       167  6.312494632E-03 -6.312502548E-03  6.562000141E-03  1.909819828E+00 
       168  6.437494420E-03 -6.437502336E-03  6.562000141E-03  1.750594067E+00 
       169  6.562494673E-03 -6.562502589E-03  6.562000141E-03  1.641468160E+00 
       170  6.687494460E-03 -6.687502377E-03  6.562000141E-03  1.613601971E+00 
       171  6.812494714E-03 -6.812502630E-03  6.562000141E-03  1.616922054E+00 
       172  6.937494501E-03 -6.937502418E-03  6.562000141E-03  1.626696844E+00 
       173  7.062494755E-03 -7.062502671E-03  6.562000141E-03  1.619612428E+00 
       174  7.187494542E-03 -7.187502459E-03  6.562000141E-03  1.541634399E+00 
       175  7.312494330E-03 -7.312502712E-03  6.562000141E-03  1.431892532E+00 
       176  7.437494583E-03 -7.437502500E-03  6.562000141E-03  1.271534622E+00 
       177  7.562494371E-03 -7.562502753E-03  6.562000141E-03  1.028248051E+00 
       178  7.687494624E-03 -7.687502541E-03  6.562000141E-03  9.920833860E-01 
       179  7.812494412E-03 -7.812502794E-03  6.562000141E-03  1.338882170E+00 
       180  7.937494665E-03 -7.937503047E-03  6.562000141E-03  1.541937212E+00 
