cellnumber     x-coordinate     y-coordinate     z-coordinate velocity-magnitude 
         1  3.500000015E-02 -2.673304267E-02  6.561999675E-03  1.303944212E+00 
         2  3.500000015E-02 -2.687704191E-02  6.561999675E-03  1.160226474E+00 
         3  3.500000015E-02 -2.702104300E-02  6.561999675E-03  1.000258396E+00 
         4  3.500000015E-02 -2.716504224E-02  6.561999675E-03  8.520197280E-01 
         5  3.500000015E-02 -2.730904333E-02  6.561999675E-03  9.420678774E-01 
         6  3.500000015E-02 -2.745304257E-02  6.561999675E-03  1.161993807E+00 
         7  3.500000015E-02 -2.759704180E-02  6.561999675E-03  1.265453339E+00 
         8  3.500000015E-02 -2.774104290E-02  6.561999675E-03  1.324818459E+00 
         9  3.500000015E-02 -2.788504213E-02  6.561999675E-03  1.545134047E+00 
        10  3.500000015E-02 -2.802904323E-02  6.561999675E-03  1.775861014E+00 
        11  3.500000015E-02 -2.817304246E-02  6.561999675E-03  1.792562991E+00 
        12  3.500000015E-02 -2.831704356E-02  6.561999675E-03  1.463129409E+00 
        13  3.500000015E-02 -2.846104279E-02  6.561999675E-03  1.096233190E+00 
        14  3.500000015E-02 -2.860504203E-02  6.561999675E-03  6.976461809E-01 
        15  3.500000015E-02 -2.874904312E-02  6.561999675E-03  1.752914858E-01 
        16  3.500000015E-02 -2.889304236E-02  6.561999675E-03  4.545491960E-01 
        17  3.500000015E-02 -2.903704345E-02  6.561999675E-03  7.440274726E-01 
        18  3.500000015E-02 -2.918104269E-02  6.561999675E-03  8.069019651E-01 
        19  3.500000015E-02 -2.932504192E-02  6.561999675E-03  6.983571886E-01 
        20  3.500000015E-02 -2.946904302E-02  6.561999675E-03  6.227106120E-01 
        21  3.500000015E-02 -2.961304225E-02  6.561999675E-03  7.118514450E-01 
        22  3.500000015E-02 -2.975704335E-02  6.561999675E-03  6.892418396E-01 
        23  3.500000015E-02 -2.990104258E-02  6.562000141E-03  6.567099008E-01 
        24  3.500000015E-02 -3.004504368E-02  6.562000141E-03  6.900205548E-01 
        25  3.500000015E-02 -3.018904291E-02  6.562000141E-03  7.640615285E-01 
        26  3.500000015E-02 -3.033304214E-02  6.562000141E-03  8.011701504E-01 
        27  3.500000015E-02 -3.047704324E-02  6.562000141E-03  9.555458921E-01 
        28  3.500000015E-02 -3.062104248E-02  6.562000141E-03  1.117018171E+00 
        29  3.500000015E-02 -3.076504357E-02  6.562000141E-03  1.127162699E+00 
        30  3.500000015E-02 -3.090904281E-02  6.562000141E-03  9.960818722E-01 
        31  3.500000015E-02 -3.105304204E-02  6.562000141E-03  8.811431821E-01 
        32  3.500000015E-02 -3.119704314E-02  6.562000141E-03  7.708826720E-01 
        33  3.500000015E-02 -3.134104237E-02  6.562000141E-03  5.565971808E-01 
        34  3.500000015E-02 -3.148504347E-02  6.562000141E-03  8.028212822E-01 
        35  3.500000015E-02 -3.162904084E-02  6.561999675E-03  7.190113257E-01 
        36  3.500000015E-02 -3.177304193E-02  6.562000141E-03  7.919250137E-01 
        37  3.500000015E-02 -3.191704303E-02  6.561999675E-03  7.575625815E-01 
        38  3.500000015E-02 -3.206104040E-02  6.561999675E-03  7.364692233E-01 
        39  3.500000015E-02 -2.658904344E-02  6.561999675E-03  1.514818382E+00 
        40  3.500000015E-02 -2.644504234E-02  6.561999675E-03  1.742082266E+00 
        41  3.500000015E-02 -2.630104311E-02  6.561999675E-03  1.978505555E+00 
        42  3.500000015E-02 -2.615704201E-02  6.561999675E-03  2.176504248E+00 
        43  3.500000015E-02 -2.601304278E-02  6.561999675E-03  2.242280952E+00 
        44  3.500000015E-02 -2.586904354E-02  6.561999675E-03  2.213588033E+00 
        45  3.500000015E-02 -2.572504245E-02  6.561999675E-03  2.016154142E+00 
        46  3.500000015E-02 -2.558104321E-02  6.561999675E-03  1.605348572E+00 
        47  3.500000015E-02 -2.543704212E-02  6.561999675E-03  1.212682774E+00 
        48  3.500000015E-02 -2.529304288E-02  6.562000141E-03  1.067277154E+00 
        49  3.500000015E-02 -2.514904365E-02  6.561999675E-03  1.063861687E+00 
        50  3.500000015E-02 -2.500504255E-02  6.561999675E-03  1.078018071E+00 
        51  3.500000015E-02 -2.486104332E-02  6.561999675E-03  1.081670162E+00 
        52  3.500000015E-02 -2.471704222E-02  6.561999675E-03  1.032730496E+00 
        53  3.500000015E-02 -2.457304299E-02  6.561999675E-03  9.083236563E-01 
        54  3.500000015E-02 -2.442904189E-02  6.561999675E-03  8.322019882E-01 
        55  3.500000015E-02 -2.428504266E-02  6.561999675E-03  6.679787541E-01 
        56  3.500000015E-02 -2.414104342E-02  6.561999675E-03  7.139444620E-01 
        57  3.500000015E-02 -2.399704233E-02  6.561999675E-03  7.729457982E-01 
        58  3.500000015E-02 -2.385304309E-02  6.561999675E-03  7.624271302E-01 
        59  3.500000015E-02 -2.370904200E-02  6.562000141E-03  6.427841470E-01 
        60  3.500000015E-02 -2.356504276E-02  6.562000141E-03  5.339669605E-01 
        61  3.500000015E-02 -2.344694175E-02  6.562000141E-03  5.371489816E-01 
        62  3.500000015E-02 -2.332915738E-02  6.562000141E-03  5.686860296E-01 
        63  3.500000015E-02 -2.320699580E-02  6.562000141E-03  5.150672991E-01 
        64  3.500000015E-02 -2.314046025E-02  6.562000141E-03  4.774696474E-01 
        65  3.500000015E-02 -2.310776524E-02  6.561999675E-03  4.300173689E-01 
        66  3.500000015E-02 -2.307719551E-02  6.561999675E-03  3.883381397E-01 
        67  3.500000015E-02 -2.305160835E-02  6.562000141E-03  3.391155594E-01 
        68  3.500000015E-02 -2.303021587E-02  6.561999675E-03  2.839449115E-01 
        69  3.500000015E-02 -2.301233262E-02  6.562000141E-03  2.276591916E-01 
        70  3.499999642E-02 -2.299739420E-02  6.562000141E-03  1.742974907E-01 
        71  3.500000015E-02 -2.298492938E-02  6.562000141E-03  1.260737553E-01 
        72  3.500000015E-02 -2.297452837E-02  6.562000141E-03  8.369442133E-02 
        73  3.500000015E-02 -2.296585403E-02  6.562000141E-03  4.709293844E-02 
        74  3.500000015E-02 -2.296095528E-02  6.562000141E-03  1.582376393E-02 
        75  3.500000015E-02 -3.232943267E-02  6.562000141E-03  7.603882974E-01 
        76  3.500000015E-02 -3.219095245E-02  6.562000141E-03  7.285362194E-01 
