cellnumber     x-coordinate     y-coordinate     z-coordinate velocity-magnitude 
         1  3.500000015E-02 -3.232943267E-02  6.562000141E-03  5.193422222E-01 
         2  3.500000015E-02 -3.219095245E-02  6.562000141E-03  6.459868599E-01 
         3  3.500000015E-02 -3.206104040E-02  6.561999675E-03  6.580438457E-01 
         4  3.500000015E-02 -3.191704303E-02  6.561999675E-03  5.560353617E-01 
         5  3.500000015E-02 -3.177304193E-02  6.561999675E-03  3.730942858E-01 
         6  3.500000015E-02 -3.162904084E-02  6.561999675E-03  2.189440082E-01 
         7  3.500000015E-02 -3.148504347E-02  6.562000141E-03  2.631849412E-01 
         8  3.500000015E-02 -3.134104237E-02  6.561999675E-03  3.981649109E-01 
         9  3.500000015E-02 -3.119704314E-02  6.562000141E-03  4.853492645E-01 
        10  3.500000015E-02 -3.105304204E-02  6.562000141E-03  5.407737614E-01 
        11  3.500000015E-02 -3.090904281E-02  6.561999675E-03  5.840082270E-01 
        12  3.500000015E-02 -3.076504171E-02  6.561999675E-03  5.941801743E-01 
        13  3.500000015E-02 -3.062104248E-02  6.561999675E-03  5.886877597E-01 
        14  3.500000015E-02 -3.047704324E-02  6.561999675E-03  5.640467486E-01 
        15  3.500000015E-02 -3.033304214E-02  6.561999675E-03  6.952928369E-01 
        16  3.500000015E-02 -3.018904291E-02  6.561999675E-03  7.582359011E-01 
        17  3.500000015E-02 -3.004504181E-02  6.561999675E-03  7.791620653E-01 
        18  3.500000015E-02 -2.990104258E-02  6.561999675E-03  7.327070525E-01 
        19  3.500000015E-02 -2.975704335E-02  6.561999675E-03  6.252929547E-01 
        20  3.500000015E-02 -2.961304225E-02  6.561999675E-03  5.386125503E-01 
        21  3.500000015E-02 -2.946904302E-02  6.561999675E-03  6.102553514E-01 
        22  3.500000015E-02 -2.932504192E-02  6.561999675E-03  7.490193987E-01 
        23  3.500000015E-02 -2.918104269E-02  6.561999675E-03  7.373741903E-01 
        24  3.500000015E-02 -2.903704345E-02  6.562000141E-03  5.900034155E-01 
        25  3.500000015E-02 -2.889304236E-02  6.561999675E-03  6.867842431E-01 
        26  3.500000015E-02 -2.874904312E-02  6.561999675E-03  9.760041497E-01 
        27  3.500000015E-02 -2.860504203E-02  6.561999675E-03  1.427898298E+00 
        28  3.500000015E-02 -2.846104279E-02  6.561999675E-03  2.067209079E+00 
        29  3.500000015E-02 -2.831704356E-02  6.561999675E-03  2.366177787E+00 
        30  3.500000015E-02 -2.817304246E-02  6.561999675E-03  2.528655093E+00 
        31  3.500000015E-02 -2.802904323E-02  6.561999675E-03  2.583739836E+00 
        32  3.500000015E-02 -2.788504213E-02  6.561999675E-03  2.445982891E+00 
        33  3.500000015E-02 -2.774104290E-02  6.561999675E-03  2.106014224E+00 
        34  3.500000015E-02 -2.759704180E-02  6.561999675E-03  1.785482150E+00 
        35  3.500000015E-02 -2.745304257E-02  6.561999675E-03  1.940179361E+00 
        36  3.500000015E-02 -2.730904333E-02  6.561999675E-03  1.700005627E+00 
        37  3.500000015E-02 -2.716504224E-02  6.561999675E-03  1.243879739E+00 
        38  3.500000015E-02 -2.702104300E-02  6.561999675E-03  1.130856633E+00 
        39  3.500000015E-02 -2.687704191E-02  6.561999675E-03  1.078134755E+00 
        40  3.500000015E-02 -2.673304267E-02  6.561999675E-03  1.067887104E+00 
        41  3.500000015E-02 -2.658904344E-02  6.561999675E-03  1.108559214E+00 
        42  3.500000015E-02 -2.644504234E-02  6.561999675E-03  1.066650591E+00 
        43  3.500000015E-02 -2.630104311E-02  6.561999675E-03  9.313990965E-01 
        44  3.500000015E-02 -2.615704201E-02  6.561999675E-03  7.438321306E-01 
        45  3.500000015E-02 -2.601304278E-02  6.561999675E-03  5.392797243E-01 
        46  3.500000015E-02 -2.586904354E-02  6.561999675E-03  4.040310835E-01 
        47  3.500000015E-02 -2.572504245E-02  6.561999675E-03  3.085188754E-01 
        48  3.500000015E-02 -2.558104321E-02  6.561999675E-03  2.125750624E-01 
        49  3.500000015E-02 -2.543704212E-02  6.561999675E-03  1.693284413E-01 
        50  3.500000015E-02 -2.529304288E-02  6.561999675E-03  1.621535863E-01 
        51  3.500000015E-02 -2.514904365E-02  6.561999675E-03  1.490953126E-01 
        52  3.500000015E-02 -2.500504255E-02  6.561999675E-03  8.991151534E-02 
        53  3.500000015E-02 -2.486104332E-02  6.561999675E-03  1.146131224E-01 
        54  3.500000015E-02 -2.471704222E-02  6.561999675E-03  2.152110644E-01 
        55  3.500000015E-02 -2.457304299E-02  6.561999675E-03  3.658037910E-01 
        56  3.500000015E-02 -2.442904189E-02  6.561999675E-03  4.842878774E-01 
        57  3.500000015E-02 -2.428504266E-02  6.562000141E-03  4.451907087E-01 
        58  3.500000015E-02 -2.414104342E-02  6.562000141E-03  3.817357786E-01 
        59  3.500000015E-02 -2.399704233E-02  6.561999675E-03  3.586384220E-01 
        60  3.500000015E-02 -2.385304309E-02  6.561999675E-03  3.615973112E-01 
        61  3.500000015E-02 -2.370904200E-02  6.562000141E-03  3.728814967E-01 
        62  3.500000015E-02 -2.356504276E-02  6.562000141E-03  3.912572985E-01 
        63  3.500000015E-02 -2.344694175E-02  6.562000141E-03  3.937801913E-01 
        64  3.500000015E-02 -2.332915738E-02  6.562000141E-03  4.636736617E-01 
        65  3.500000015E-02 -2.320699580E-02  6.562000141E-03  4.395446113E-01 
        66  3.500000015E-02 -2.314046025E-02  6.562000141E-03  3.735007215E-01 
        67  3.500000015E-02 -2.310776524E-02  6.561999675E-03  3.410556055E-01 
        68  3.500000015E-02 -2.307719551E-02  6.561999675E-03  3.007723069E-01 
        69  3.500000015E-02 -2.305160835E-02  6.562000141E-03  2.576523041E-01 
        70  3.500000015E-02 -2.303021587E-02  6.561999675E-03  2.144648613E-01 
        71  3.500000015E-02 -2.301233262E-02  6.562000141E-03  1.731767192E-01 
        72  3.499999642E-02 -2.299739420E-02  6.562000141E-03  1.346413721E-01 
        73  3.499999642E-02 -2.298492752E-02  6.562000141E-03  9.933353221E-02 
        74  3.500000015E-02 -2.297452837E-02  6.562000141E-03  6.737732411E-02 
        75  3.500000015E-02 -2.296585403E-02  6.562000141E-03  3.875476683E-02 
        76  3.500000015E-02 -2.296095528E-02  6.562000141E-03  1.334345774E-02 
