cellnumber     x-coordinate     y-coordinate     z-coordinate velocity-magnitude 
         1  5.562501960E-03 -5.562505685E-03  6.562000141E-03  7.154367411E-01 
         2  5.687501747E-03 -5.687505472E-03  6.562000141E-03  6.624919226E-01 
         3  5.812502000E-03 -5.812505726E-03  6.562000141E-03  6.070402592E-01 
         4  1.895662583E-02 -1.895662583E-02  6.562000141E-03  5.091300277E+00 
         5  1.890108548E-02 -1.890108548E-02  6.562000141E-03  5.060538624E+00 
         6  1.880351081E-02 -1.880351454E-02  6.562000141E-03  5.140999370E+00 
         7  1.868750155E-02 -1.868750528E-02  6.562000141E-03  5.134617052E+00 
         8  1.856250130E-02 -1.856250688E-02  6.562000141E-03  5.120470674E+00 
         9  1.843750104E-02 -1.843750663E-02  6.562000141E-03  5.080352056E+00 
        10  1.831250079E-02 -1.831250638E-02  6.562000141E-03  5.044824041E+00 
        11  1.818750054E-02 -1.818750612E-02  6.562000141E-03  5.053847904E+00 
        12  1.806250028E-02 -1.806250587E-02  6.562000141E-03  5.069698256E+00 
        13  1.793750189E-02 -1.793750562E-02  6.562000141E-03  5.061683041E+00 
        14  1.781250164E-02 -1.781250536E-02  6.562000141E-03  5.040600444E+00 
        15  1.768750139E-02 -1.768750697E-02  6.562000141E-03  5.003601572E+00 
        16  1.756250113E-02 -1.756250672E-02  6.562000141E-03  4.978275801E+00 
        17  1.743750088E-02 -1.743750647E-02  6.562000141E-03  4.980267165E+00 
        18  1.731250063E-02 -1.731250621E-02  6.562000141E-03  5.006272714E+00 
        19  1.718750037E-02 -1.718750596E-02  6.562000141E-03  5.103646650E+00 
        20  1.706250198E-02 -1.706250571E-02  6.562000141E-03  5.371444170E+00 
        21  1.693750173E-02 -1.693750545E-02  6.562000141E-03  5.573310266E+00 
        22  1.681250148E-02 -1.681250520E-02  6.562000141E-03  5.458474649E+00 
        23  1.668750122E-02 -1.668750681E-02  6.562000141E-03  5.332989066E+00 
        24  1.656250097E-02 -1.656250656E-02  6.562000141E-03  5.293970056E+00 
        25  1.643750072E-02 -1.643750630E-02  6.562000141E-03  5.310174062E+00 
        26  1.631250046E-02 -1.631250605E-02  6.562000141E-03  5.454052736E+00 
        27  1.618750207E-02 -1.618750580E-02  6.562000141E-03  5.578486681E+00 
        28  1.606250182E-02 -1.606250554E-02  6.562000141E-03  5.639561845E+00 
        29  1.593750156E-02 -1.593750529E-02  6.562000141E-03  5.602586148E+00 
        30  1.581250131E-02 -1.581250690E-02  6.562000141E-03  5.526206593E+00 
        31  1.568750106E-02 -1.568750665E-02  6.562000141E-03  5.502200645E+00 
        32  1.556250174E-02 -1.556250639E-02  6.562000141E-03  5.488263976E+00 
        33  1.543750148E-02 -1.543750614E-02  6.562000141E-03  5.447457059E+00 
        34  1.068750210E-02 -1.068750583E-02  6.562000141E-03  3.411788185E+00 
        35  1.056250185E-02 -1.056250557E-02  6.562000141E-03  3.297861266E+00 
        36  1.043750159E-02 -1.043750625E-02  6.562000141E-03  3.187375041E+00 
        37  1.031250134E-02 -1.031250600E-02  6.562000141E-03  3.094740596E+00 
        38  1.018750202E-02 -1.018750574E-02  6.562000141E-03  3.014263513E+00 
        39  1.006250177E-02 -1.006250549E-02  6.562000141E-03  2.946254152E+00 
        40  9.937501512E-03 -9.937506169E-03  6.562000141E-03  2.902205648E+00 
        41  9.812502190E-03 -9.812505916E-03  6.562000141E-03  2.876833295E+00 
        42  9.687501937E-03 -9.687505662E-03  6.562000141E-03  2.869466517E+00 
        43  9.562501684E-03 -9.562506340E-03  6.562000141E-03  2.872447326E+00 
        44  9.437501431E-03 -9.437506087E-03  6.562000141E-03  2.848974319E+00 
        45  9.312502109E-03 -9.312505834E-03  6.562000141E-03  2.800767788E+00 
        46  9.187501855E-03 -9.187505580E-03  6.562000141E-03  2.781339923E+00 
        47  9.062501602E-03 -9.062506258E-03  6.562000141E-03  2.789831657E+00 
        48  8.937501349E-03 -8.937506005E-03  6.562000141E-03  2.782319152E+00 
        49  8.812502027E-03 -8.812505752E-03  6.562000141E-03  2.743539441E+00 
        50  8.687501773E-03 -8.687505499E-03  6.562000141E-03  2.685790638E+00 
        51  8.562501520E-03 -8.562506177E-03  6.562000141E-03  2.622074725E+00 
        52  8.437502198E-03 -8.437505923E-03  6.562000141E-03  2.560417832E+00 
        53  8.312501945E-03 -8.312505670E-03  6.562000141E-03  2.505811818E+00 
        54  8.187501691E-03 -8.187505417E-03  6.562000141E-03  2.453930385E+00 
        55  8.062501438E-03 -8.062506095E-03  6.562000141E-03  2.394225729E+00 
        56  7.937502116E-03 -7.937505841E-03  6.562000141E-03  2.330690076E+00 
        57  7.812501863E-03 -7.812505588E-03  6.562000141E-03  2.271461745E+00 
        58  7.687502075E-03 -7.687505800E-03  6.562000141E-03  2.217379436E+00 
        59  7.562501822E-03 -7.562506013E-03  6.562000141E-03  2.149735118E+00 
        60  7.437502034E-03 -7.437505759E-03  6.562000141E-03  2.055471665E+00 
        61  7.312501781E-03 -7.312505972E-03  6.562000141E-03  1.897950745E+00 
        62  7.187501993E-03 -7.187505718E-03  6.562000141E-03  1.735704764E+00 
        63  7.062501740E-03 -7.062505931E-03  6.562000141E-03  1.547299794E+00 
        64  6.937501952E-03 -6.937505677E-03  6.562000141E-03  1.303535084E+00 
        65  6.812501699E-03 -6.812505890E-03  6.562000141E-03  1.132565658E+00 
        66  6.687501911E-03 -6.687505636E-03  6.562000141E-03  1.068507852E+00 
        67  6.562502123E-03 -6.562505849E-03  6.562000141E-03  9.670977697E-01 
        68  6.437501870E-03 -6.437505595E-03  6.562000141E-03  7.299994239E-01 
        69  6.312502082E-03 -6.312505808E-03  6.562000141E-03  6.543460819E-01 
        70  6.187501829E-03 -6.187505554E-03  6.562000141E-03  6.636489878E-01 
        71  6.062502041E-03 -6.062505767E-03  6.562000141E-03  5.825655605E-01 
        72  1.318750158E-02 -1.318750624E-02  6.562000141E-03  4.231480242E+00 
        73  1.331250183E-02 -1.331250649E-02  6.562000141E-03  4.311275406E+00 
        74  1.343750115E-02 -1.343750581E-02  6.562000141E-03  4.390465598E+00 
        75  1.356250141E-02 -1.356250606E-02  6.562000141E-03  4.478067368E+00 
        76  1.368750166E-02 -1.368750632E-02  6.562000141E-03  4.575085612E+00 
        77  1.381250191E-02 -1.381250657E-02  6.562000141E-03  4.672078292E+00 
        78  1.393750124E-02 -1.393750589E-02  6.562000141E-03  4.752713352E+00 
        79  1.406250149E-02 -1.406250615E-02  6.562000141E-03  4.814071545E+00 
        80  1.418750174E-02 -1.418750640E-02  6.562000141E-03  4.863539652E+00 
        81  1.431250107E-02 -1.431250572E-02  6.562000141E-03  4.905334078E+00 
        82  1.443750132E-02 -1.443750598E-02  6.562000141E-03  4.937458686E+00 
        83  1.456250157E-02 -1.456250623E-02  6.562000141E-03  4.960671959E+00 
        84  1.468750183E-02 -1.468750648E-02  6.562000141E-03  4.973866367E+00 
        85  1.481250115E-02 -1.481250580E-02  6.562000141E-03  4.971054050E+00 
        86  1.493750140E-02 -1.493750606E-02  6.562000141E-03  4.965442985E+00 
        87  1.506250165E-02 -1.506250631E-02  6.562000141E-03  4.992127660E+00 
        88  1.518750191E-02 -1.518750656E-02  6.562000141E-03  5.103972329E+00 
        89  1.531250123E-02 -1.531250589E-02  6.562000141E-03  5.319200876E+00 
        90  1.081250142E-02 -1.081250608E-02  6.562000141E-03  3.477561056E+00 
        91  1.093750168E-02 -1.093750633E-02  6.562000141E-03  3.493745890E+00 
        92  1.106250193E-02 -1.106250565E-02  6.562000141E-03  3.479383257E+00 
        93  1.118750125E-02 -1.118750591E-02  6.562000141E-03  3.392277652E+00 
        94  1.131250151E-02 -1.131250616E-02  6.562000141E-03  3.273788016E+00 
        95  1.143750176E-02 -1.143750641E-02  6.562000141E-03  3.278364119E+00 
        96  1.156250201E-02 -1.156250574E-02  6.562000141E-03  3.450287128E+00 
        97  1.168750133E-02 -1.168750599E-02  6.562000141E-03  3.499308455E+00 
        98  1.181250159E-02 -1.181250624E-02  6.562000141E-03  3.508828303E+00 
        99  1.193750184E-02 -1.193750650E-02  6.562000141E-03  3.531299870E+00 
       100  1.206250209E-02 -1.206250582E-02  6.562000141E-03  3.563547802E+00 
       101  1.218750142E-02 -1.218750607E-02  6.562000141E-03  3.626559535E+00 
       102  1.231250167E-02 -1.231250633E-02  6.562000141E-03  3.703099816E+00 
       103  1.243750192E-02 -1.243750565E-02  6.562000141E-03  3.781422078E+00 
       104  1.256250124E-02 -1.256250590E-02  6.562000141E-03  3.856816135E+00 
       105  1.268750150E-02 -1.268750615E-02  6.562000141E-03  3.933700193E+00 
       106  1.281250175E-02 -1.281250641E-02  6.562000141E-03  4.009377013E+00 
       107  1.293750200E-02 -1.293750573E-02  6.562000141E-03  4.080759769E+00 
       108  1.306250133E-02 -1.306250598E-02  6.562000141E-03  4.152721463E+00 
       109  5.937501788E-03 -5.937505513E-03  6.562000141E-03  5.443594212E-01 
       110  5.437502172E-03 -5.437505897E-03  6.562000141E-03  7.735858499E-01 
       111  5.312501919E-03 -5.312505644E-03  6.562000141E-03  8.148007554E-01 
       112  5.187502131E-03 -5.187505856E-03  6.562000141E-03  8.483468512E-01 
       113  5.062501878E-03 -5.062505603E-03  6.562000141E-03  8.635155527E-01 
       114  4.937502090E-03 -4.937505815E-03  6.562000141E-03  8.538050972E-01 
       115  4.812501837E-03 -4.812505562E-03  6.562000141E-03  8.382423015E-01 
       116  4.687502049E-03 -4.687505774E-03  6.562000141E-03  8.110571270E-01 
       117  4.562501796E-03 -4.562505521E-03  6.562000141E-03  7.652462048E-01 
       118  4.437502008E-03 -4.437505733E-03  6.562000141E-03  7.093166156E-01 
       119  4.312502220E-03 -4.312505480E-03  6.562000141E-03  6.573282861E-01 
       120  4.187501967E-03 -4.187505692E-03  6.562000141E-03  6.232423835E-01 
       121  4.062502179E-03 -4.062505439E-03  6.562000141E-03  6.081719233E-01 
       122  3.937501926E-03 -3.937505651E-03  6.562000141E-03  6.124116896E-01 
       123  3.812501905E-03 -3.812505398E-03  6.562000141E-03  6.321783004E-01 
       124  3.687501885E-03 -3.687505377E-03  6.562000141E-03  6.495357165E-01 
       125  3.562501865E-03 -3.562505357E-03  6.562000141E-03  6.544061476E-01 
       126  3.437502077E-03 -3.437505569E-03  6.562000141E-03  6.707256343E-01 
       127  3.312502056E-03 -3.312505549E-03  6.562000141E-03  6.879002674E-01 
       128  3.195532598E-03 -3.195534227E-03  6.562000606E-03  6.807515237E-01 
       129  3.099788679E-03 -3.099788679E-03  6.562000141E-03  7.275281056E-01 
       130  3.022594377E-03 -3.022594377E-03  6.562000141E-03  8.333739763E-01 
       131  2.967901994E-03 -2.967901994E-03  6.562000606E-03  9.381834297E-01 
       132  2.937011421E-03 -2.937011421E-03  6.562000606E-03  1.011997600E+00 
       133  2.914825454E-03 -2.914825454E-03  6.562000141E-03  1.053114821E+00 
       134  2.896386664E-03 -2.896386664E-03  6.562000141E-03  1.079708665E+00 
       135  2.881055698E-03 -2.881055698E-03  6.562000141E-03  1.093457493E+00 
       136  2.868303098E-03 -2.868303098E-03  6.562000606E-03  1.096702578E+00 
       137  2.857688349E-03 -2.857688349E-03  6.562000141E-03  1.092724751E+00 
       138  2.848849166E-03 -2.848849166E-03  6.562000141E-03  1.084399359E+00 
       139  2.841493115E-03 -2.841493115E-03  6.562000141E-03  1.073961562E+00 
       140  2.835373627E-03 -2.835373627E-03  6.562000141E-03  1.062891288E+00 
       141  2.830280224E-03 -2.830280224E-03  6.562000606E-03  1.052089888E+00 
       142  1.899245940E-02 -1.899245940E-02  6.562000606E-03  4.872856613E+00 
       143  1.905349456E-02 -1.905349456E-02  6.562000606E-03  4.856570658E+00 
       144  1.914011873E-02 -1.914011873E-02  6.562000141E-03  4.923448829E+00 
       145  1.923859492E-02 -1.923859492E-02  6.562000141E-03  4.889984865E+00 
       146  1.930207387E-02 -1.930207387E-02  6.562000141E-03  4.769161371E+00 
       147  2.031007409E-02 -2.031007409E-02  6.562000141E-03  4.270059458E+00 
       148  1.937407255E-02 -1.937407255E-02  6.562000141E-03  4.847185363E+00 
       149  1.944607310E-02 -1.944607310E-02  6.562000141E-03  4.757424513E+00 
       150  1.951807365E-02 -1.951807365E-02  6.562000141E-03  4.747889594E+00 
       151  1.959007420E-02 -1.959007420E-02  6.562000141E-03  4.648068778E+00 
       152  1.966207288E-02 -1.966207288E-02  6.562000141E-03  4.568607896E+00 
       153  1.973407343E-02 -1.973407343E-02  6.562000141E-03  4.503572372E+00 
       154  1.980607398E-02 -1.980607398E-02  6.562000141E-03  4.414159166E+00 
       155  1.987807266E-02 -1.987807266E-02  6.562000141E-03  4.376586716E+00 
       156  1.995007321E-02 -1.995007321E-02  6.562000141E-03  4.323285129E+00 
       157  2.002207376E-02 -2.002207376E-02  6.562000141E-03  4.308016946E+00 
       158  2.009407431E-02 -2.009407431E-02  6.562000141E-03  4.274759117E+00 
       159  2.016607299E-02 -2.016607299E-02  6.562000141E-03  4.282761046E+00 
       160  2.023807354E-02 -2.023807354E-02  6.562000141E-03  4.244628545E+00 
       161  2.038207278E-02 -2.038207278E-02  6.562000141E-03  4.201963194E+00 
       162  2.045407332E-02 -2.045407332E-02  6.562000141E-03  4.160495781E+00 
       163  2.052607387E-02 -2.052607387E-02  6.562000141E-03  4.022082305E+00 
       164  2.059807442E-02 -2.059807442E-02  6.562000141E-03  3.927905605E+00 
       165  2.067007311E-02 -2.067007311E-02  6.562000141E-03  3.828369049E+00 
       166  2.074207366E-02 -2.074207366E-02  6.562000141E-03  3.870705006E+00 
       167  2.081407234E-02 -2.081407234E-02  6.562000141E-03  4.000703603E+00 
       168  2.088592015E-02 -2.088592015E-02  6.562000141E-03  4.268310420E+00 
       169  2.093681321E-02 -2.093681321E-02  6.562000606E-03  4.616969234E+00 
       170  2.101956122E-02 -2.101956122E-02  6.562000606E-03  4.665633376E+00 
       171  2.107902244E-02 -2.107902244E-02  6.562000606E-03  4.541726022E+00 
       172  2.110386454E-02 -2.110386454E-02  6.562000606E-03  3.894902150E+00 
       173  2.112595551E-02 -2.112595551E-02  6.562000606E-03  3.433287145E+00 
       174  2.114437334E-02 -2.114437334E-02  6.562000606E-03  2.955995403E+00 
       175  2.115972713E-02 -2.115972713E-02  6.562000606E-03  2.433324381E+00 
       176  2.117252536E-02 -2.117252536E-02  6.562000141E-03  1.905837151E+00 
       177  2.118319459E-02 -2.118319459E-02  6.562000141E-03  1.420873240E+00 
       178  2.119208500E-02 -2.119208500E-02  6.562000141E-03  1.000828586E+00 
       179  2.119949646E-02 -2.119949646E-02  6.562000141E-03  6.485540155E-01 
       180  2.120567486E-02 -2.120567486E-02  6.562000141E-03  3.570811481E-01 
       181  2.121082321E-02 -2.121082321E-02  6.562000141E-03  1.172812543E-01 
