cellnumber     x-coordinate     y-coordinate     z-coordinate velocity-magnitude 
         1  5.937494338E-03 -5.937502719E-03  6.562000141E-03  8.533663530E-01 
         2  5.812494084E-03 -5.812502932E-03  6.562000141E-03  8.242999075E-01 
         3  5.687494297E-03 -5.687502678E-03  6.562000141E-03  7.701244470E-01 
         4  5.562494509E-03 -5.562502891E-03  6.562000141E-03  6.964575714E-01 
         5  5.437494256E-03 -5.437502638E-03  6.562000141E-03  6.570157264E-01 
         6  5.312494468E-03 -5.312502850E-03  6.562000141E-03  8.042686154E-01 
         7  5.187494215E-03 -5.187502597E-03  6.562000141E-03  9.937290374E-01 
         8  5.062494427E-03 -5.062502809E-03  6.562000141E-03  1.018074635E+00 
         9  4.937494174E-03 -4.937502556E-03  6.562000141E-03  9.579869185E-01 
        10  4.812494386E-03 -4.812502768E-03  6.562000141E-03  9.087116097E-01 
        11  4.687494598E-03 -4.687502515E-03  6.562000141E-03  8.431591912E-01 
        12  4.562494345E-03 -4.562502727E-03  6.562000141E-03  7.753417506E-01 
        13  4.437494557E-03 -4.437502474E-03  6.562000141E-03  7.056081792E-01 
        14  4.312494304E-03 -4.312502686E-03  6.562000141E-03  6.584947828E-01 
        15  4.187494516E-03 -4.187502433E-03  6.562000141E-03  6.405946136E-01 
        16  4.062494263E-03 -4.062502645E-03  6.562000141E-03  6.475672453E-01 
        17  3.937494475E-03 -3.937502392E-03  6.562000141E-03  6.813904287E-01 
        18  3.812494455E-03 -3.812502604E-03  6.562000141E-03  7.154390161E-01 
        19  3.687494434E-03 -3.687502583E-03  6.562000141E-03  7.318741644E-01 
        20  3.562494414E-03 -3.562502563E-03  6.562000141E-03  7.249999190E-01 
        21  3.437494393E-03 -3.437502543E-03  6.562000141E-03  7.611107528E-01 
        22  3.312494373E-03 -3.312502522E-03  6.562000141E-03  8.531300979E-01 
        23  3.187494352E-03 -3.187502502E-03  6.562000141E-03  9.730314648E-01 
        24  3.062227275E-03 -3.062231233E-03  6.562000141E-03  1.068672676E+00 
        25  2.974424278E-03 -2.974424278E-03  6.562000141E-03  1.137615516E+00 
        26  2.937239828E-03 -2.937239828E-03  6.562000606E-03  1.129360358E+00 
        27  2.915001474E-03 -2.915001474E-03  6.562000606E-03  1.116816566E+00 
        28  2.896528924E-03 -2.896528924E-03  6.562000141E-03  1.101152062E+00 
        29  2.881176071E-03 -2.881176071E-03  6.562000141E-03  1.086430565E+00 
        30  2.868410433E-03 -2.868410433E-03  6.562000141E-03  1.073812156E+00 
        31  2.857792191E-03 -2.857792191E-03  6.562000141E-03  1.063897475E+00 
        32  2.848957200E-03 -2.848957200E-03  6.562000141E-03  1.056581416E+00 
        33  2.841604175E-03 -2.841604175E-03  6.562000606E-03  1.051539173E+00 
        34  2.835483057E-03 -2.835483057E-03  6.562000606E-03  1.048334287E+00 
        35  2.830386627E-03 -2.830386627E-03  6.562000606E-03  1.046541759E+00 
        36  1.456249319E-02 -1.456250343E-02  6.562000141E-03  4.813586737E+00 
        37  1.468749344E-02 -1.468750369E-02  6.562000141E-03  4.905346605E+00 
        38  1.481249370E-02 -1.481250394E-02  6.562000141E-03  4.994092948E+00 
        39  1.493749395E-02 -1.493750326E-02  6.562000141E-03  5.075197287E+00 
        40  1.506249327E-02 -1.506250352E-02  6.562000141E-03  5.145574564E+00 
        41  1.518749353E-02 -1.518750377E-02  6.562000141E-03  5.204425603E+00 
        42  1.531249378E-02 -1.531250402E-02  6.562000141E-03  5.255770183E+00 
        43  1.543749310E-02 -1.543750335E-02  6.562000141E-03  5.299021675E+00 
        44  1.556249335E-02 -1.556250360E-02  6.562000141E-03  5.335639119E+00 
        45  1.568749361E-02 -1.568750292E-02  6.562000141E-03  5.449881792E+00 
        46  1.581249386E-02 -1.581250317E-02  6.562000141E-03  5.544524513E+00 
        47  1.593749411E-02 -1.593750343E-02  6.562000141E-03  5.611482377E+00 
        48  1.606249250E-02 -1.606250368E-02  6.562000141E-03  6.001325276E+00 
        49  1.618749276E-02 -1.618750393E-02  6.562000141E-03  5.967419960E+00 
        50  1.631249301E-02 -1.631250419E-02  6.562000141E-03  5.803425114E+00 
        51  1.643749326E-02 -1.643750258E-02  6.562000141E-03  5.910872842E+00 
        52  1.656249352E-02 -1.656250283E-02  6.562000141E-03  6.016228126E+00 
        53  1.668749377E-02 -1.668750308E-02  6.562000141E-03  6.005748028E+00 
        54  1.681249402E-02 -1.681250334E-02  6.562000141E-03  5.959300498E+00 
        55  1.693749242E-02 -1.693750359E-02  6.562000141E-03  5.842997559E+00 
        56  1.706249267E-02 -1.706250384E-02  6.562000141E-03  5.716803384E+00 
        57  1.718749292E-02 -1.718750410E-02  6.562000141E-03  5.621534824E+00 
        58  1.731249318E-02 -1.731250435E-02  6.562000141E-03  5.563580351E+00 
        59  1.743749343E-02 -1.743750274E-02  6.562000141E-03  5.469207440E+00 
        60  1.756249368E-02 -1.756250300E-02  6.562000141E-03  5.319464153E+00 
        61  1.856249385E-02 -1.856250316E-02  6.562000141E-03  5.822018702E+00 
        62  1.843749359E-02 -1.843750291E-02  6.562000141E-03  5.952133118E+00 
        63  1.831249334E-02 -1.831250452E-02  6.562000141E-03  5.803807394E+00 
        64  1.818749309E-02 -1.818750426E-02  6.562000141E-03  5.614739218E+00 
        65  1.806249283E-02 -1.806250401E-02  6.562000141E-03  5.435042385E+00 
        66  1.793749258E-02 -1.793750376E-02  6.562000141E-03  5.309924552E+00 
        67  1.781249233E-02 -1.781250350E-02  6.562000141E-03  5.256254629E+00 
        68  1.768749394E-02 -1.768750325E-02  6.562000141E-03  5.241468315E+00 
        69  1.895638742E-02 -1.895638742E-02  6.562000141E-03  5.168977333E+00 
        70  1.889956929E-02 -1.889956929E-02  6.562000141E-03  5.212570127E+00 
        71  1.880222000E-02 -1.880222559E-02  6.562000141E-03  5.291325019E+00 
        72  1.868749224E-02 -1.868750341E-02  6.562000141E-03  5.544965000E+00 
        73  6.062494125E-03 -6.062502973E-03  6.562000141E-03  8.974623650E-01 
        74  6.187494379E-03 -6.187502760E-03  6.562000141E-03  9.729073351E-01 
        75  6.312494166E-03 -6.312503014E-03  6.562000141E-03  1.077754241E+00 
        76  6.437494420E-03 -6.437502801E-03  6.562000141E-03  1.141432804E+00 
        77  6.562494207E-03 -6.562503055E-03  6.562000141E-03  1.107192431E+00 
        78  6.687494460E-03 -6.687502842E-03  6.562000141E-03  1.173304939E+00 
        79  6.812494248E-03 -6.812503096E-03  6.562000141E-03  1.276241129E+00 
        80  6.937494036E-03 -6.937502883E-03  6.562000141E-03  1.103803167E+00 
        81  7.062494289E-03 -7.062502671E-03  6.562000141E-03  1.065577168E+00 
        82  7.187494077E-03 -7.187502924E-03  6.562000141E-03  1.251188084E+00 
        83  7.312494330E-03 -7.312502712E-03  6.562000141E-03  1.631645400E+00 
        84  7.437494118E-03 -7.437502965E-03  6.562000141E-03  1.951798072E+00 
        85  7.562494371E-03 -7.562502753E-03  6.562000141E-03  2.269739821E+00 
        86  7.687494159E-03 -7.687503006E-03  6.562000141E-03  2.508901627E+00 
        87  7.812493946E-03 -7.812502794E-03  6.562000141E-03  2.590388598E+00 
        88  7.937493734E-03 -7.937503047E-03  6.562000141E-03  2.584190864E+00 
        89  8.062493987E-03 -8.062503301E-03  6.562000141E-03  2.567253560E+00 
        90  8.187494241E-03 -8.187502623E-03  6.562000141E-03  2.566812324E+00 
        91  8.312494494E-03 -8.312502876E-03  6.562000141E-03  2.653723967E+00 
        92  8.437493816E-03 -8.437503129E-03  6.562000141E-03  2.706256105E+00 
        93  8.562494069E-03 -8.562503383E-03  6.562000141E-03  2.704911387E+00 
        94  8.687494323E-03 -8.687502705E-03  6.562000141E-03  2.474155738E+00 
        95  8.812493645E-03 -8.812502958E-03  6.562000141E-03  2.355531803E+00 
        96  8.937493898E-03 -8.937503211E-03  6.562000141E-03  2.417376492E+00 
        97  9.062494151E-03 -9.062503465E-03  6.562000141E-03  2.512719186E+00 
        98  9.187494405E-03 -9.187502787E-03  6.562000141E-03  2.482058653E+00 
        99  9.312493727E-03 -9.312503040E-03  6.562000141E-03  2.419262568E+00 
       100  9.437493980E-03 -9.437503293E-03  6.562000141E-03  2.427025798E+00 
       101  9.562494233E-03 -9.562503546E-03  6.562000141E-03  2.468008822E+00 
       102  9.687493555E-03 -9.687502868E-03  6.562000141E-03  2.584357170E+00 
       103  9.812493809E-03 -9.812503122E-03  6.562000141E-03  2.680620350E+00 
       104  9.937494062E-03 -9.937503375E-03  6.562000141E-03  2.742522796E+00 
       105  1.006249432E-02 -1.006250363E-02  6.562000141E-03  2.755590734E+00 
       106  1.018749364E-02 -1.018750295E-02  6.562000141E-03  2.794067924E+00 
       107  1.031249389E-02 -1.031250320E-02  6.562000141E-03  2.909945833E+00 
       108  1.043749414E-02 -1.043750346E-02  6.562000141E-03  3.104724758E+00 
       109  1.056249347E-02 -1.056250278E-02  6.562000141E-03  3.283132225E+00 
       110  1.068749372E-02 -1.068750303E-02  6.562000141E-03  3.347665637E+00 
       111  1.081249397E-02 -1.081250329E-02  6.562000141E-03  3.331321622E+00 
       112  1.093749423E-02 -1.093750354E-02  6.562000141E-03  3.347311755E+00 
       113  1.106249355E-02 -1.106250286E-02  6.562000141E-03  3.396564700E+00 
       114  1.118749380E-02 -1.118750311E-02  6.562000141E-03  3.436725168E+00 
       115  1.131249405E-02 -1.131250337E-02  6.562000141E-03  3.463905003E+00 
       116  1.143749431E-02 -1.143750362E-02  6.562000141E-03  3.486967721E+00 
       117  1.156249363E-02 -1.156250294E-02  6.562000141E-03  3.508633279E+00 
       118  1.168749388E-02 -1.168750320E-02  6.562000141E-03  3.524231082E+00 
       119  1.181249414E-02 -1.181250345E-02  6.562000141E-03  3.544399209E+00 
       120  1.193749346E-02 -1.193750370E-02  6.562000141E-03  3.590132845E+00 
       121  1.206249371E-02 -1.206250302E-02  6.562000141E-03  3.657676921E+00 
       122  1.218749397E-02 -1.218750328E-02  6.562000141E-03  3.736274923E+00 
       123  1.231249422E-02 -1.231250353E-02  6.562000141E-03  3.830305248E+00 
       124  1.243749354E-02 -1.243750378E-02  6.562000141E-03  3.940699417E+00 
       125  1.256249379E-02 -1.256250311E-02  6.562000141E-03  4.056684607E+00 
       126  1.268749405E-02 -1.268750336E-02  6.562000141E-03  4.162855247E+00 
       127  1.281249337E-02 -1.281250361E-02  6.562000141E-03  4.247931548E+00 
       128  1.293749362E-02 -1.293750387E-02  6.562000141E-03  4.309366981E+00 
       129  1.306249388E-02 -1.306250319E-02  6.562000141E-03  4.353600667E+00 
       130  1.318749413E-02 -1.318750344E-02  6.562000141E-03  4.386731541E+00 
       131  1.331249345E-02 -1.331250370E-02  6.562000141E-03  4.413294746E+00 
       132  1.343749370E-02 -1.343750302E-02  6.562000141E-03  4.435449873E+00 
       133  1.356249396E-02 -1.356250327E-02  6.562000141E-03  4.453009587E+00 
       134  1.368749328E-02 -1.368750352E-02  6.562000141E-03  4.462713088E+00 
       135  1.381249353E-02 -1.381250378E-02  6.562000141E-03  4.474179896E+00 
       136  1.393749379E-02 -1.393750310E-02  6.562000141E-03  4.496536373E+00 
       137  1.406249404E-02 -1.406250335E-02  6.562000141E-03  4.534077562E+00 
       138  1.418749336E-02 -1.418750361E-02  6.562000141E-03  4.584785070E+00 
       139  1.431249361E-02 -1.431250386E-02  6.562000141E-03  4.649893439E+00 
       140  1.443749387E-02 -1.443750318E-02  6.562000141E-03  4.726873800E+00 
       141  1.937407255E-02 -1.937407255E-02  6.562000141E-03  5.284032721E+00 
       142  1.944607310E-02 -1.944607310E-02  6.562000141E-03  5.362942725E+00 
       143  1.951807365E-02 -1.951807365E-02  6.562000141E-03  5.381690566E+00 
       144  1.959007420E-02 -1.959007420E-02  6.562000141E-03  5.366699264E+00 
       145  1.966207288E-02 -1.966207288E-02  6.562000141E-03  5.342057455E+00 
       146  1.973407343E-02 -1.973407343E-02  6.562000141E-03  5.279511884E+00 
       147  1.980607398E-02 -1.980607398E-02  6.562000141E-03  5.204763756E+00 
       148  1.987807266E-02 -1.987807266E-02  6.562000141E-03  5.214373890E+00 
       149  1.995007321E-02 -1.995007321E-02  6.562000141E-03  5.192076652E+00 
       150  2.002207376E-02 -2.002207376E-02  6.562000141E-03  5.214610972E+00 
       151  2.009407431E-02 -2.009407431E-02  6.562000141E-03  5.118259104E+00 
       152  2.016607299E-02 -2.016607299E-02  6.562000141E-03  4.929068361E+00 
       153  2.023807354E-02 -2.023807354E-02  6.562000141E-03  4.741472647E+00 
       154  2.038207278E-02 -2.038207278E-02  6.562000141E-03  4.514013111E+00 
       155  2.045407332E-02 -2.045407332E-02  6.562000141E-03  4.524744523E+00 
       156  2.052607387E-02 -2.052607387E-02  6.562000141E-03  4.533059861E+00 
       157  2.059807442E-02 -2.059807442E-02  6.562000141E-03  4.535435010E+00 
       158  2.067007311E-02 -2.067007311E-02  6.562000141E-03  4.527104807E+00 
       159  2.074207366E-02 -2.074207366E-02  6.562000141E-03  4.443173035E+00 
       160  2.081407234E-02 -2.081407234E-02  6.562000141E-03  4.408387756E+00 
       161  2.088592015E-02 -2.088592015E-02  6.562000141E-03  4.365903134E+00 
       162  2.093681321E-02 -2.093681321E-02  6.562000606E-03  4.332916101E+00 
       163  2.101956122E-02 -2.101956122E-02  6.562000606E-03  4.356966886E+00 
       164  2.107902244E-02 -2.107902244E-02  6.562000606E-03  4.401422819E+00 
       165  2.110386454E-02 -2.110386454E-02  6.562000606E-03  4.386259557E+00 
       166  2.112595551E-02 -2.112595551E-02  6.562000606E-03  4.208953206E+00 
       167  2.114437334E-02 -2.114437334E-02  6.562000606E-03  3.825449052E+00 
       168  2.115972713E-02 -2.115972713E-02  6.562000606E-03  3.293397331E+00 
       169  2.117252536E-02 -2.117252536E-02  6.562000141E-03  2.688347351E+00 
       170  2.118319459E-02 -2.118319459E-02  6.562000141E-03  2.078932001E+00 
       171  2.119208500E-02 -2.119208500E-02  6.562000141E-03  1.507998568E+00 
       172  2.119949646E-02 -2.119949646E-02  6.562000141E-03  9.992434035E-01 
       173  2.120567486E-02 -2.120567486E-02  6.562000141E-03  5.595884876E-01 
       174  2.121082321E-02 -2.121082321E-02  6.562000141E-03  1.864120378E-01 
       175  1.899245940E-02 -1.899245940E-02  6.562000606E-03  5.146007432E+00 
       176  1.905349456E-02 -1.905349456E-02  6.562000606E-03  5.044407770E+00 
       177  1.914011873E-02 -1.914011873E-02  6.562000141E-03  5.072972644E+00 
       178  1.923859492E-02 -1.923859492E-02  6.562000141E-03  5.113948213E+00 
       179  1.930207387E-02 -1.930207387E-02  6.562000141E-03  5.185513825E+00 
       180  2.031007409E-02 -2.031007409E-02  6.562000141E-03  4.591655846E+00 
