cellnumber     x-coordinate     y-coordinate     z-coordinate velocity-magnitude 
         1  5.937501788E-03 -5.937505979E-03  6.562000141E-03  7.225287543E-01 
         2  5.437501706E-03 -5.437505897E-03  6.562000141E-03  6.186510948E-01 
         3  5.312501919E-03 -5.312505644E-03  6.562000141E-03  6.151889206E-01 
         4  5.187501665E-03 -5.187505856E-03  6.562000141E-03  6.181715257E-01 
         5  5.062501878E-03 -5.062505603E-03  6.562000141E-03  6.391752194E-01 
         6  4.937502090E-03 -4.937505815E-03  6.562000141E-03  6.941104118E-01 
         7  4.812501837E-03 -4.812505562E-03  6.562000141E-03  7.675358268E-01 
         8  4.687502049E-03 -4.687505774E-03  6.562000141E-03  8.163611502E-01 
         9  4.562501796E-03 -4.562505521E-03  6.562000141E-03  8.322527326E-01 
        10  4.437502008E-03 -4.437505733E-03  6.562000141E-03  8.091680764E-01 
        11  4.312501755E-03 -4.312505946E-03  6.562000141E-03  7.300817761E-01 
        12  4.187501967E-03 -4.187505692E-03  6.562000141E-03  5.964942393E-01 
        13  4.062502179E-03 -4.062505905E-03  6.562000141E-03  4.214545517E-01 
        14  3.937501926E-03 -3.937505651E-03  6.562000141E-03  2.724005374E-01 
        15  3.812501905E-03 -3.812505631E-03  6.562000141E-03  2.108449860E-01 
        16  3.687501885E-03 -3.687505610E-03  6.562000141E-03  2.655309592E-01 
        17  3.562501865E-03 -3.562505590E-03  6.562000141E-03  3.445380100E-01 
        18  3.437501844E-03 -3.437505569E-03  6.562000141E-03  4.516054724E-01 
        19  3.312501824E-03 -3.312505549E-03  6.562000141E-03  6.262439833E-01 
        20  3.195532598E-03 -3.195534227E-03  6.562000606E-03  7.861480539E-01 
        21  3.099788679E-03 -3.099788679E-03  6.562000141E-03  8.963499953E-01 
        22  3.022594145E-03 -3.022594145E-03  6.562000141E-03  9.802007568E-01 
        23  2.967901761E-03 -2.967901761E-03  6.562000141E-03  9.790742256E-01 
        24  2.937011421E-03 -2.937011421E-03  6.562000141E-03  9.888035108E-01 
        25  2.914825454E-03 -2.914825454E-03  6.562000141E-03  9.943696561E-01 
        26  2.896386897E-03 -2.896386897E-03  6.562000606E-03  9.984259404E-01 
        27  2.881055698E-03 -2.881055698E-03  6.562000141E-03  1.003139392E+00 
        28  2.868303098E-03 -2.868303098E-03  6.562000141E-03  1.008360386E+00 
        29  2.857688349E-03 -2.857688349E-03  6.562000141E-03  1.014377609E+00 
        30  2.848849166E-03 -2.848849166E-03  6.562000141E-03  1.021005168E+00 
        31  2.841493115E-03 -2.841493115E-03  6.562000606E-03  1.028016803E+00 
        32  2.835373627E-03 -2.835373627E-03  6.562000606E-03  1.035137358E+00 
        33  2.830280224E-03 -2.830280224E-03  6.562000606E-03  1.042116782E+00 
        34  1.068750117E-02 -1.068750583E-02  6.562000141E-03  3.116807653E+00 
        35  1.056250185E-02 -1.056250650E-02  6.562000141E-03  3.056606257E+00 
        36  1.043750159E-02 -1.043750625E-02  6.562000141E-03  3.042114819E+00 
        37  1.031250134E-02 -1.031250600E-02  6.562000141E-03  3.094646074E+00 
        38  1.018750109E-02 -1.018750574E-02  6.562000141E-03  3.145939964E+00 
        39  1.006250177E-02 -1.006250642E-02  6.562000141E-03  3.082638119E+00 
        40  9.937501512E-03 -9.937506169E-03  6.562000141E-03  2.907945828E+00 
        41  9.812501259E-03 -9.812505916E-03  6.562000141E-03  2.658399269E+00 
        42  1.318750158E-02 -1.318750624E-02  6.562000141E-03  4.345372272E+00 
        43  1.331250090E-02 -1.331250649E-02  6.562000141E-03  4.397085385E+00 
        44  1.343750115E-02 -1.343750674E-02  6.562000141E-03  4.450850767E+00 
        45  1.356250141E-02 -1.356250606E-02  6.562000141E-03  4.501859742E+00 
        46  1.368750166E-02 -1.368750632E-02  6.562000141E-03  4.547724719E+00 
        47  1.381250098E-02 -1.381250657E-02  6.562000141E-03  4.591686303E+00 
        48  1.393750124E-02 -1.393750682E-02  6.562000141E-03  4.636225647E+00 
        49  1.406250149E-02 -1.406250615E-02  6.562000141E-03  4.682972824E+00 
        50  1.418750081E-02 -1.418750640E-02  6.562000141E-03  4.731969995E+00 
        51  1.431250107E-02 -1.431250665E-02  6.562000141E-03  4.781994779E+00 
        52  1.443750132E-02 -1.443750691E-02  6.562000141E-03  4.830671439E+00 
        53  1.456250157E-02 -1.456250623E-02  6.562000141E-03  4.876827050E+00 
        54  1.468750089E-02 -1.468750648E-02  6.562000141E-03  4.920811664E+00 
        55  1.481250115E-02 -1.481250674E-02  6.562000141E-03  4.964241842E+00 
        56  1.493750140E-02 -1.493750699E-02  6.562000141E-03  5.005171171E+00 
        57  1.506250072E-02 -1.506250631E-02  6.562000141E-03  5.037257376E+00 
        58  1.518750098E-02 -1.518750656E-02  6.562000141E-03  5.056075787E+00 
        59  1.531250123E-02 -1.531250682E-02  6.562000141E-03  5.069469683E+00 
        60  1.081250142E-02 -1.081250608E-02  6.562000141E-03  3.202157722E+00 
        61  1.093750168E-02 -1.093750633E-02  6.562000141E-03  3.291119502E+00 
        62  1.106250100E-02 -1.106250659E-02  6.562000141E-03  3.371109638E+00 
        63  1.118750125E-02 -1.118750591E-02  6.562000141E-03  3.409277277E+00 
        64  1.131250151E-02 -1.131250616E-02  6.562000141E-03  3.440144698E+00 
        65  1.143750176E-02 -1.143750641E-02  6.562000141E-03  3.436372251E+00 
        66  1.156250108E-02 -1.156250667E-02  6.562000141E-03  3.452790449E+00 
        67  1.168750133E-02 -1.168750599E-02  6.562000141E-03  3.498532834E+00 
        68  1.181250159E-02 -1.181250624E-02  6.562000141E-03  3.554354993E+00 
        69  1.193750184E-02 -1.193750650E-02  6.562000141E-03  3.627062828E+00 
        70  1.206250116E-02 -1.206250675E-02  6.562000141E-03  3.709825134E+00 
        71  1.218750142E-02 -1.218750607E-02  6.562000141E-03  3.793387891E+00 
        72  1.231250167E-02 -1.231250633E-02  6.562000141E-03  3.870832554E+00 
        73  1.243750099E-02 -1.243750658E-02  6.562000141E-03  3.948694898E+00 
        74  1.256250124E-02 -1.256250590E-02  6.562000141E-03  4.027726092E+00 
        75  1.268750150E-02 -1.268750615E-02  6.562000141E-03  4.105846194E+00 
        76  1.281250175E-02 -1.281250641E-02  6.562000141E-03  4.179234380E+00 
        77  1.293750107E-02 -1.293750666E-02  6.562000141E-03  4.242354272E+00 
        78  1.306250133E-02 -1.306250598E-02  6.562000141E-03  4.295917796E+00 
        79  9.687501937E-03 -9.687506594E-03  6.562000141E-03  2.559555626E+00 
        80  9.562501684E-03 -9.562506340E-03  6.562000141E-03  2.632876772E+00 
        81  9.437501431E-03 -9.437506087E-03  6.562000141E-03  2.631118580E+00 
        82  9.312501177E-03 -9.312505834E-03  6.562000141E-03  2.627072144E+00 
        83  9.187501855E-03 -9.187506512E-03  6.562000141E-03  2.858603559E+00 
        84  9.062501602E-03 -9.062506258E-03  6.562000141E-03  3.074826663E+00 
        85  8.937501349E-03 -8.937506005E-03  6.562000141E-03  2.842704228E+00 
        86  8.812502027E-03 -8.812505752E-03  6.562000141E-03  2.404908382E+00 
        87  8.687501773E-03 -8.687506430E-03  6.562000141E-03  2.213956880E+00 
        88  8.562501520E-03 -8.562506177E-03  6.562000141E-03  2.117415434E+00 
        89  8.437501267E-03 -8.437505923E-03  6.562000141E-03  2.130423131E+00 
        90  8.312501945E-03 -8.312505670E-03  6.562000141E-03  2.176330270E+00 
        91  8.187501691E-03 -8.187506348E-03  6.562000141E-03  2.198851106E+00 
        92  8.062501438E-03 -8.062506095E-03  6.562000141E-03  2.193367979E+00 
        93  7.937502116E-03 -7.937505841E-03  6.562000141E-03  2.169474402E+00 
        94  7.812501863E-03 -7.812505588E-03  6.562000141E-03  2.123350958E+00 
        95  7.687501609E-03 -7.687505800E-03  6.562000141E-03  2.036763830E+00 
        96  7.562501822E-03 -7.562506013E-03  6.562000141E-03  1.886586324E+00 
        97  7.437501568E-03 -7.437505759E-03  6.562000141E-03  1.663468555E+00 
        98  7.312501781E-03 -7.312505972E-03  6.562000141E-03  1.384025094E+00 
        99  7.187501527E-03 -7.187505718E-03  6.562000141E-03  1.029932113E+00 
       100  7.062501740E-03 -7.062505931E-03  6.562000141E-03  8.119227914E-01 
       101  6.937501952E-03 -6.937506143E-03  6.562000141E-03  7.704208149E-01 
       102  6.812501699E-03 -6.812505890E-03  6.562000141E-03  8.165210583E-01 
       103  6.687501911E-03 -6.687506102E-03  6.562000141E-03  7.816200725E-01 
       104  6.562501658E-03 -6.562505849E-03  6.562000141E-03  7.769224260E-01 
       105  6.437501870E-03 -6.437506061E-03  6.562000141E-03  8.775387078E-01 
       106  6.312501617E-03 -6.312505808E-03  6.562000141E-03  9.141612697E-01 
       107  6.187501829E-03 -6.187506020E-03  6.562000141E-03  8.802244698E-01 
       108  6.062502041E-03 -6.062505767E-03  6.562000141E-03  8.137822412E-01 
       109  5.562501960E-03 -5.562505685E-03  6.562000141E-03  6.173792793E-01 
       110  5.687501747E-03 -5.687505938E-03  6.562000141E-03  6.130333578E-01 
       111  5.812502000E-03 -5.812505726E-03  6.562000141E-03  6.473025149E-01 
       112  1.818750054E-02 -1.818750612E-02  6.562000141E-03  5.999115324E+00 
       113  1.806250028E-02 -1.806250587E-02  6.562000141E-03  5.767606510E+00 
       114  1.793750003E-02 -1.793750562E-02  6.562000141E-03  5.561925719E+00 
       115  1.781249978E-02 -1.781250723E-02  6.562000141E-03  5.540832166E+00 
       116  1.768750139E-02 -1.768750697E-02  6.562000141E-03  5.683944574E+00 
       117  1.756250113E-02 -1.756250672E-02  6.562000141E-03  5.733257927E+00 
       118  1.743750088E-02 -1.743750647E-02  6.562000141E-03  5.546137491E+00 
       119  1.731250063E-02 -1.731250621E-02  6.562000141E-03  5.258489107E+00 
       120  1.718750037E-02 -1.718750596E-02  6.562000141E-03  5.136571608E+00 
       121  1.706250012E-02 -1.706250571E-02  6.562000141E-03  5.210250431E+00 
       122  1.693749987E-02 -1.693750732E-02  6.562000141E-03  5.438763567E+00 
       123  1.681250148E-02 -1.681250706E-02  6.562000141E-03  5.695184145E+00 
       124  1.668750122E-02 -1.668750681E-02  6.562000141E-03  5.747612905E+00 
       125  1.656250097E-02 -1.656250656E-02  6.562000141E-03  5.557176946E+00 
       126  1.643750072E-02 -1.643750630E-02  6.562000141E-03  5.431610497E+00 
       127  1.631250046E-02 -1.631250605E-02  6.562000141E-03  5.336292801E+00 
       128  1.618750021E-02 -1.618750580E-02  6.562000141E-03  5.264519430E+00 
       129  1.606249996E-02 -1.606250554E-02  6.562000141E-03  5.225304020E+00 
       130  1.593750156E-02 -1.593750715E-02  6.562000141E-03  5.209166891E+00 
       131  1.581250131E-02 -1.581250690E-02  6.562000141E-03  5.196450329E+00 
       132  1.568750106E-02 -1.568750665E-02  6.562000141E-03  5.167701085E+00 
       133  1.556250080E-02 -1.556250639E-02  6.562000141E-03  5.128113483E+00 
       134  1.543750148E-02 -1.543750614E-02  6.562000141E-03  5.091587089E+00 
       135  1.899245940E-02 -1.899245940E-02  6.562000606E-03  5.253724449E+00 
       136  1.905349456E-02 -1.905349456E-02  6.562000606E-03  5.516094483E+00 
       137  1.914011873E-02 -1.914011873E-02  6.562000141E-03  5.405263693E+00 
       138  1.923859492E-02 -1.923859492E-02  6.562000141E-03  5.212535821E+00 
       139  1.930207387E-02 -1.930207387E-02  6.562000141E-03  5.090413824E+00 
       140  1.895662583E-02 -1.895662583E-02  6.561999675E-03  4.827834831E+00 
       141  1.890108548E-02 -1.890108548E-02  6.562000141E-03  4.859816948E+00 
       142  1.880351081E-02 -1.880351454E-02  6.562000141E-03  4.958404456E+00 
       143  1.868750155E-02 -1.868750714E-02  6.562000141E-03  5.147363496E+00 
       144  1.856250130E-02 -1.856250688E-02  6.562000141E-03  5.249960983E+00 
       145  1.843750104E-02 -1.843750663E-02  6.562000141E-03  5.607013808E+00 
       146  1.831250079E-02 -1.831250638E-02  6.562000141E-03  5.944662361E+00 
       147  1.937407255E-02 -1.937407255E-02  6.562000141E-03  4.929465976E+00 
       148  1.944607310E-02 -1.944607310E-02  6.562000141E-03  4.951461103E+00 
       149  1.951807365E-02 -1.951807365E-02  6.562000141E-03  4.936269067E+00 
       150  1.959007420E-02 -1.959007420E-02  6.562000141E-03  4.990014061E+00 
       151  1.966207288E-02 -1.966207288E-02  6.562000141E-03  4.991689796E+00 
       152  1.973407343E-02 -1.973407343E-02  6.562000141E-03  5.059064549E+00 
       153  1.980607398E-02 -1.980607398E-02  6.562000141E-03  5.133208104E+00 
       154  1.987807266E-02 -1.987807266E-02  6.562000141E-03  5.245329341E+00 
       155  1.995007321E-02 -1.995007321E-02  6.562000141E-03  5.308033007E+00 
       156  2.002207376E-02 -2.002207376E-02  6.562000141E-03  5.333829261E+00 
       157  2.009407431E-02 -2.009407431E-02  6.562000141E-03  5.310404759E+00 
       158  2.016607299E-02 -2.016607299E-02  6.562000141E-03  5.091209913E+00 
       159  2.023807354E-02 -2.023807354E-02  6.562000141E-03  5.044605531E+00 
       160  2.038207278E-02 -2.038207278E-02  6.562000141E-03  4.970122200E+00 
       161  2.045407332E-02 -2.045407332E-02  6.562000141E-03  4.954242953E+00 
       162  2.052607387E-02 -2.052607387E-02  6.562000141E-03  4.937818128E+00 
       163  2.059807442E-02 -2.059807442E-02  6.562000141E-03  4.879427921E+00 
       164  2.067007311E-02 -2.067007311E-02  6.562000141E-03  4.777678175E+00 
       165  2.074207366E-02 -2.074207366E-02  6.562000141E-03  4.704496271E+00 
       166  2.081407234E-02 -2.081407234E-02  6.562000141E-03  4.602681460E+00 
       167  2.088592015E-02 -2.088592015E-02  6.562000141E-03  4.535996159E+00 
       168  2.093681321E-02 -2.093681321E-02  6.562000606E-03  4.503543859E+00 
       169  2.101956122E-02 -2.101956122E-02  6.562000606E-03  4.412114869E+00 
       170  2.107902244E-02 -2.107902244E-02  6.562000606E-03  4.323729032E+00 
       171  2.110386454E-02 -2.110386454E-02  6.562000606E-03  4.300976434E+00 
       172  2.112595551E-02 -2.112595551E-02  6.562000606E-03  4.176065443E+00 
       173  2.114437334E-02 -2.114437334E-02  6.562000606E-03  3.889538536E+00 
       174  2.115972713E-02 -2.115972713E-02  6.562000606E-03  3.436480441E+00 
       175  2.117252536E-02 -2.117252536E-02  6.562000141E-03  2.866809275E+00 
       176  2.118319459E-02 -2.118319459E-02  6.562000141E-03  2.249125028E+00 
       177  2.119208500E-02 -2.119208500E-02  6.562000141E-03  1.643928081E+00 
       178  2.119949646E-02 -2.119949646E-02  6.562000141E-03  1.092053320E+00 
       179  2.120567486E-02 -2.120567486E-02  6.562000141E-03  6.113896547E-01 
       180  2.121082321E-02 -2.121082321E-02  6.562000141E-03  2.033754304E-01 
       181  2.031007409E-02 -2.031007409E-02  6.562000141E-03  4.923688424E+00 
