cellnumber     x-coordinate     y-coordinate     z-coordinate velocity-magnitude 
         1  7.812497206E-03 -7.812495343E-03  6.562000141E-03  7.784916144E-01 
         2  7.937497459E-03 -7.937495597E-03  6.562000141E-03  1.120013300E+00 
         3  8.062496781E-03 -8.062495850E-03  6.562000141E-03  1.797616049E+00 
         4  8.187497035E-03 -8.187495172E-03  6.562000141E-03  2.435081032E+00 
         5  8.312497288E-03 -8.312495425E-03  6.562000141E-03  2.706575416E+00 
         6  8.437497541E-03 -8.437495679E-03  6.562000141E-03  2.678936493E+00 
         7  8.562496863E-03 -8.562495932E-03  6.562000141E-03  2.562182191E+00 
         8  8.687497117E-03 -8.687495254E-03  6.562000141E-03  2.510401205E+00 
         9  8.812497370E-03 -8.812495507E-03  6.562000141E-03  2.347173644E+00 
        10  8.937496692E-03 -8.937495761E-03  6.562000141E-03  2.329505779E+00 
        11  9.062496945E-03 -9.062496014E-03  6.562000141E-03  2.443436030E+00 
        12  9.187497199E-03 -9.187495336E-03  6.562000141E-03  2.511174111E+00 
        13  9.312497452E-03 -9.312495589E-03  6.562000141E-03  2.600814979E+00 
        14  9.437496774E-03 -9.437495843E-03  6.562000141E-03  2.703204647E+00 
        15  9.562497027E-03 -9.562496096E-03  6.562000141E-03  2.732105598E+00 
        16  9.687497281E-03 -9.687495418E-03  6.562000141E-03  2.747484220E+00 
        17  9.812496603E-03 -9.812495671E-03  6.562000141E-03  2.782114929E+00 
        18  9.937496856E-03 -9.937495925E-03  6.562000141E-03  2.811399724E+00 
        19  1.006249711E-02 -1.006249618E-02  6.562000141E-03  2.820644919E+00 
        20  1.018749736E-02 -1.018749550E-02  6.562000141E-03  2.856658920E+00 
        21  1.031249668E-02 -1.031249575E-02  6.562000141E-03  2.958179442E+00 
        22  1.043749694E-02 -1.043749601E-02  6.562000141E-03  3.099865900E+00 
        23  1.056249719E-02 -1.056249626E-02  6.562000141E-03  3.253851152E+00 
        24  1.068749651E-02 -1.068749558E-02  6.562000141E-03  3.355748725E+00 
        25  1.081249677E-02 -1.081249584E-02  6.562000141E-03  3.384041339E+00 
        26  1.093749702E-02 -1.093749609E-02  6.562000141E-03  3.382251680E+00 
        27  1.106249727E-02 -1.106249541E-02  6.562000141E-03  3.415276911E+00 
        28  7.062497083E-03 -7.062495686E-03  6.562000141E-03  1.907181036E+00 
        29  6.937497295E-03 -6.937495433E-03  6.562000141E-03  1.956935181E+00 
        30  6.812497508E-03 -6.812495645E-03  6.562000141E-03  2.059908907E+00 
        31  6.687497254E-03 -6.687495392E-03  6.562000141E-03  1.913361540E+00 
        32  6.562497467E-03 -6.562495604E-03  6.562000141E-03  1.207867836E+00 
        33  6.437497213E-03 -6.437495351E-03  6.562000141E-03  1.036160036E+00 
        34  6.312497426E-03 -6.312495563E-03  6.562000141E-03  9.803551065E-01 
        35  6.187497173E-03 -6.187495310E-03  6.562000141E-03  9.511429674E-01 
        36  6.062497385E-03 -6.062495522E-03  6.562000141E-03  9.506595292E-01 
        37  5.937497597E-03 -5.937495269E-03  6.562000141E-03  9.672284437E-01 
        38  5.812497344E-03 -5.812495481E-03  6.562000141E-03  9.712301926E-01 
        39  5.687497556E-03 -5.687495228E-03  6.562000141E-03  9.250010899E-01 
        40  5.562497303E-03 -5.562495440E-03  6.562000141E-03  8.401785135E-01 
        41  5.437497515E-03 -5.437495187E-03  6.562000141E-03  7.404602657E-01 
        42  5.312497262E-03 -5.312495399E-03  6.562000141E-03  6.534986869E-01 
        43  5.187497474E-03 -5.187495146E-03  6.562000141E-03  5.795554961E-01 
        44  5.062497687E-03 -5.062495358E-03  6.562000141E-03  5.125313552E-01 
        45  4.937497433E-03 -4.937495105E-03  6.562000141E-03  4.546646774E-01 
        46  4.812497646E-03 -4.812495317E-03  6.562000141E-03  4.109147500E-01 
        47  4.687497392E-03 -4.687495064E-03  6.562000141E-03  3.870643530E-01 
        48  4.562497605E-03 -4.562495276E-03  6.562000141E-03  3.870481741E-01 
        49  4.437497351E-03 -4.437495023E-03  6.562000141E-03  4.082875739E-01 
        50  4.312497564E-03 -4.312495235E-03  6.562000141E-03  4.382505417E-01 
        51  4.187497776E-03 -4.187495448E-03  6.562000141E-03  4.726769136E-01 
        52  4.062497523E-03 -4.062495194E-03  6.562000141E-03  5.014641773E-01 
        53  3.937497269E-03 -3.937494941E-03  6.562000141E-03  5.267799909E-01 
        54  3.812497482E-03 -3.812495153E-03  6.562000141E-03  5.555673804E-01 
        55  3.687497461E-03 -3.687495133E-03  6.562000141E-03  6.052465735E-01 
        56  3.562497441E-03 -3.562495112E-03  6.562000141E-03  6.677947410E-01 
        57  3.437497420E-03 -3.437495092E-03  6.562000141E-03  7.173874938E-01 
        58  3.312497400E-03 -3.312495071E-03  6.562000141E-03  7.599687497E-01 
        59  3.187497612E-03 -3.187495051E-03  6.562000141E-03  8.494014635E-01 
        60  3.061023075E-03 -3.061021678E-03  6.562000606E-03  9.105699537E-01 
        61  2.973292954E-03 -2.973292954E-03  6.562000141E-03  9.526487104E-01 
        62  2.937367884E-03 -2.937367884E-03  6.561999675E-03  9.888052358E-01 
        63  2.915092744E-03 -2.915092744E-03  6.562000141E-03  1.011810731E+00 
        64  2.896590624E-03 -2.896590624E-03  6.562000141E-03  1.028005133E+00 
        65  2.881214023E-03 -2.881214023E-03  6.562000606E-03  1.038155972E+00 
        66  2.868429059E-03 -2.868429059E-03  6.562000606E-03  1.043737357E+00 
        67  2.857794985E-03 -2.857794985E-03  6.562000606E-03  1.046365571E+00 
        68  2.848947188E-03 -2.848947188E-03  6.562000606E-03  1.047265163E+00 
        69  2.841583686E-03 -2.841583686E-03  6.562000606E-03  1.047265204E+00 
        70  2.835454186E-03 -2.835454186E-03  6.562000141E-03  1.046858160E+00 
        71  2.830350772E-03 -2.830350772E-03  6.562000141E-03  1.046331904E+00 
        72  7.687497418E-03 -7.687495556E-03  6.562000141E-03  9.083299583E-01 
        73  7.562497165E-03 -7.562495768E-03  6.562000141E-03  1.334119873E+00 
        74  7.437497377E-03 -7.437495515E-03  6.562000141E-03  1.651736939E+00 
        75  7.312497124E-03 -7.312495727E-03  6.562000141E-03  1.789101144E+00 
        76  7.187497336E-03 -7.187495474E-03  6.562000141E-03  1.885235909E+00 
        77  1.556249615E-02 -1.556249615E-02  6.562000141E-03  5.064395839E+00 
        78  1.543749683E-02 -1.543749589E-02  6.562000141E-03  5.077856448E+00 
        79  1.531249657E-02 -1.531249657E-02  6.562000141E-03  5.122919731E+00 
        80  1.518749632E-02 -1.518749632E-02  6.562000141E-03  5.230239892E+00 
        81  1.506249700E-02 -1.506249607E-02  6.562000141E-03  5.402910609E+00 
        82  1.493749674E-02 -1.493749581E-02  6.562000141E-03  5.584590306E+00 
        83  1.481249649E-02 -1.481249649E-02  6.562000141E-03  5.623288264E+00 
        84  1.468749624E-02 -1.468749624E-02  6.562000141E-03  5.399724906E+00 
        85  1.456249692E-02 -1.456249598E-02  6.562000141E-03  5.118761293E+00 
        86  1.443749666E-02 -1.443749573E-02  6.562000141E-03  4.964322600E+00 
        87  1.431249641E-02 -1.431249641E-02  6.562000141E-03  4.905883454E+00 
        88  1.418749709E-02 -1.418749616E-02  6.562000141E-03  4.865799341E+00 
        89  1.406249683E-02 -1.406249590E-02  6.562000141E-03  4.828074315E+00 
        90  1.393749658E-02 -1.393749658E-02  6.562000141E-03  4.782312755E+00 
        91  1.381249633E-02 -1.381249633E-02  6.562000141E-03  4.720768289E+00 
        92  1.368749700E-02 -1.368749607E-02  6.562000141E-03  4.654322262E+00 
        93  1.356249675E-02 -1.356249582E-02  6.562000141E-03  4.587556556E+00 
        94  1.343749650E-02 -1.343749650E-02  6.562000141E-03  4.526377361E+00 
        95  1.331249718E-02 -1.331249624E-02  6.562000141E-03  4.468447702E+00 
        96  1.318749692E-02 -1.318749599E-02  6.562000141E-03  4.410954409E+00 
        97  1.306249667E-02 -1.306249574E-02  6.562000141E-03  4.351930878E+00 
        98  1.293749642E-02 -1.293749642E-02  6.562000141E-03  4.294237610E+00 
        99  1.281249709E-02 -1.281249616E-02  6.562000141E-03  4.247550212E+00 
       100  1.268749684E-02 -1.268749591E-02  6.562000141E-03  4.223862991E+00 
       101  1.256249659E-02 -1.256249566E-02  6.562000141E-03  4.215286100E+00 
       102  1.243749727E-02 -1.243749633E-02  6.562000141E-03  4.195132108E+00 
       103  1.231249701E-02 -1.231249608E-02  6.562000141E-03  4.126065422E+00 
       104  1.218749676E-02 -1.218749583E-02  6.562000141E-03  3.989908828E+00 
       105  1.206249651E-02 -1.206249557E-02  6.562000141E-03  3.830010870E+00 
       106  1.193749718E-02 -1.193749625E-02  6.562000141E-03  3.740114159E+00 
       107  1.181249693E-02 -1.181249600E-02  6.562000141E-03  3.704022502E+00 
       108  1.168749668E-02 -1.168749575E-02  6.562000141E-03  3.598506222E+00 
       109  1.156249642E-02 -1.156249549E-02  6.562000141E-03  3.522456266E+00 
       110  1.143749710E-02 -1.143749617E-02  6.562000141E-03  3.541654683E+00 
       111  1.131249685E-02 -1.131249592E-02  6.562000141E-03  3.533003534E+00 
       112  1.118749660E-02 -1.118749566E-02  6.562000141E-03  3.479687677E+00 
       113  1.937407255E-02 -1.937407255E-02  6.562000141E-03  5.159826453E+00 
       114  1.944607310E-02 -1.944607310E-02  6.562000141E-03  5.249896715E+00 
       115  1.951807365E-02 -1.951807365E-02  6.562000141E-03  5.328804594E+00 
       116  1.959007420E-02 -1.959007420E-02  6.562000141E-03  5.417731066E+00 
       117  1.966207288E-02 -1.966207288E-02  6.562000141E-03  5.475149828E+00 
       118  1.973407343E-02 -1.973407343E-02  6.562000141E-03  5.510586176E+00 
       119  1.980607398E-02 -1.980607398E-02  6.562000141E-03  5.498840308E+00 
       120  1.987807266E-02 -1.987807266E-02  6.562000141E-03  5.444194403E+00 
       121  1.995007321E-02 -1.995007321E-02  6.562000141E-03  5.380007987E+00 
       122  2.002207376E-02 -2.002207376E-02  6.562000141E-03  5.279395896E+00 
       123  2.009407431E-02 -2.009407431E-02  6.562000141E-03  5.224112201E+00 
       124  2.016607299E-02 -2.016607299E-02  6.562000141E-03  5.137796494E+00 
       125  2.023807354E-02 -2.023807354E-02  6.562000141E-03  5.077719549E+00 
       126  2.038207278E-02 -2.038207278E-02  6.562000141E-03  4.914345470E+00 
       127  2.045407332E-02 -2.045407332E-02  6.562000141E-03  4.884243234E+00 
       128  2.052607387E-02 -2.052607387E-02  6.562000141E-03  4.820822517E+00 
       129  2.059807442E-02 -2.059807442E-02  6.562000141E-03  4.912241380E+00 
       130  2.067007311E-02 -2.067007311E-02  6.562000141E-03  4.835457079E+00 
       131  2.074207366E-02 -2.074207366E-02  6.562000141E-03  4.795048073E+00 
       132  2.081407234E-02 -2.081407234E-02  6.562000141E-03  4.668199954E+00 
       133  2.088592015E-02 -2.088592015E-02  6.562000141E-03  4.633974612E+00 
       134  2.093681321E-02 -2.093681321E-02  6.562000606E-03  4.624451578E+00 
       135  2.101956122E-02 -2.101956122E-02  6.562000606E-03  4.537532678E+00 
       136  2.107902244E-02 -2.107902244E-02  6.562000606E-03  4.418551102E+00 
       137  2.110386454E-02 -2.110386454E-02  6.562000606E-03  4.125704096E+00 
       138  2.112595551E-02 -2.112595551E-02  6.562000606E-03  3.675318262E+00 
       139  2.114437334E-02 -2.114437334E-02  6.562000606E-03  3.109982684E+00 
       140  2.115972713E-02 -2.115972713E-02  6.562000606E-03  2.516810962E+00 
       141  2.117252536E-02 -2.117252536E-02  6.562000141E-03  1.949386934E+00 
       142  2.118319459E-02 -2.118319459E-02  6.562000141E-03  1.443758143E+00 
       143  2.119208500E-02 -2.119208500E-02  6.562000141E-03  1.014931189E+00 
       144  2.119949646E-02 -2.119949646E-02  6.562000141E-03  6.588553370E-01 
       145  2.120567486E-02 -2.120567486E-02  6.562000141E-03  3.643936301E-01 
       146  2.121082321E-02 -2.121082321E-02  6.562000141E-03  1.205097266E-01 
       147  2.031007409E-02 -2.031007409E-02  6.562000141E-03  5.021245999E+00 
       148  1.568749547E-02 -1.568749547E-02  6.562000141E-03  5.089528916E+00 
       149  1.581249572E-02 -1.581249572E-02  6.562000141E-03  5.141956492E+00 
       150  1.593749598E-02 -1.593749598E-02  6.562000141E-03  5.185213252E+00 
       151  1.606249623E-02 -1.606249623E-02  6.562000141E-03  5.214185475E+00 
       152  1.618749648E-02 -1.618749648E-02  6.562000141E-03  5.217698927E+00 
       153  1.631249674E-02 -1.631249674E-02  6.562000141E-03  5.201527209E+00 
       154  1.643749699E-02 -1.643749699E-02  6.562000141E-03  5.159998293E+00 
       155  1.656249538E-02 -1.656249538E-02  6.562000141E-03  5.133548235E+00 
       156  1.668749563E-02 -1.668749563E-02  6.562000141E-03  5.151072296E+00 
       157  1.681249589E-02 -1.681249589E-02  6.562000141E-03  5.216222046E+00 
       158  1.693749614E-02 -1.693749614E-02  6.562000141E-03  5.304899747E+00 
       159  1.706249639E-02 -1.706249639E-02  6.562000141E-03  5.355913690E+00 
       160  1.718749665E-02 -1.718749665E-02  6.562000141E-03  5.367371528E+00 
       161  1.731249690E-02 -1.731249690E-02  6.562000141E-03  5.361043128E+00 
       162  1.743749529E-02 -1.743749715E-02  6.562000141E-03  5.366301036E+00 
       163  1.756249554E-02 -1.756249554E-02  6.562000141E-03  5.480764449E+00 
       164  1.768749580E-02 -1.768749580E-02  6.562000141E-03  5.562983676E+00 
       165  1.781249605E-02 -1.781249605E-02  6.562000141E-03  5.488059634E+00 
       166  1.793749630E-02 -1.793749630E-02  6.562000141E-03  5.335382923E+00 
       167  1.806249656E-02 -1.806249656E-02  6.562000141E-03  5.238324516E+00 
       168  1.818749681E-02 -1.818749681E-02  6.562000141E-03  5.237654202E+00 
       169  1.831249520E-02 -1.831249706E-02  6.562000141E-03  5.314423198E+00 
       170  1.843749546E-02 -1.843749546E-02  6.562000141E-03  5.373291144E+00 
       171  1.856249571E-02 -1.856249571E-02  6.562000141E-03  5.414060579E+00 
       172  1.868749596E-02 -1.868749596E-02  6.562000141E-03  5.370385067E+00 
       173  1.880909875E-02 -1.880909875E-02  6.562000606E-03  5.378647069E+00 
       174  1.890101843E-02 -1.890101843E-02  6.562000141E-03  5.435017216E+00 
       175  1.895096339E-02 -1.895096339E-02  6.562000141E-03  5.480620563E+00 
       176  1.899245940E-02 -1.899245940E-02  6.562000606E-03  5.329480529E+00 
       177  1.905349456E-02 -1.905349456E-02  6.562000606E-03  5.188776190E+00 
       178  1.914011873E-02 -1.914011873E-02  6.562000141E-03  5.154946964E+00 
       179  1.923859492E-02 -1.923859492E-02  6.562000141E-03  5.103960771E+00 
       180  1.930207387E-02 -1.930207387E-02  6.562000141E-03  5.099541943E+00 
